 -10.0000000   -5.8463866
  -9.9800000   -6.2947741
  -9.9600000   -6.6394177
  -9.9400000   -6.8611248
  -9.9200000   -6.9474178
  -9.9000000   -6.8937196
  -9.8800000   -6.7037741
  -9.8600000   -6.3892515
  -9.8400000   -5.9685896
  -9.8200000   -5.4652332
  -9.8000000   -4.9055011
  -9.7800000   -4.3163447
  -9.7600000   -3.7232661
  -9.7400000   -3.1486026
  -9.7200000   -2.6103320
  -9.7000000   -2.1214475
  -9.6800000   -1.6898903
  -9.6600000   -1.3189461
  -9.6400000   -1.0079816
  -9.6200000   -0.7533696
  -9.6000000   -0.5494695
  -9.5800000   -0.3895440
  -9.5600000   -0.2665348
  -9.5400000   -0.1736529
  -9.5200000   -0.1047723
  -9.5000000   -0.0546439
  -9.4800000   -0.0189604
  -9.4600000    0.0056875
  -9.4400000    0.0219236
  -9.4200000    0.0317313
  -9.4000000    0.0366034
  -9.3800000    0.0376764
  -9.3600000    0.0358389
  -9.3400000    0.0318080
  -9.3200000    0.0261756
  -9.3000000    0.0194271
  -9.2800000    0.0119379
  -9.2600000    0.0039531
  -9.2400000   -0.0044457
  -9.2200000   -0.0133834
  -9.2000000   -0.0232429
  -9.1800000   -0.0347224
  -9.1600000   -0.0488964
  -9.1400000   -0.0672766
  -9.1200000   -0.0918648
  -9.1000000   -0.1251853
  -9.0800000   -0.1702819
  -9.0600000   -0.2306615
  -9.0400000   -0.3101632
  -9.0200000   -0.4127393
  -9.0000000   -0.5421390
  -8.9800000   -0.7014998
  -8.9600000   -0.8928687
  -8.9400000   -1.1166944
  -8.9200000   -1.3713476
  -8.9000000   -1.6527425
  -8.8800000   -1.9541346
  -8.8600000   -2.2661606
  -8.8400000   -2.5771656
  -8.8200000   -2.8738293
  -8.8000000   -3.1420582
  -8.7800000   -3.3680695
  -8.7600000   -3.5395552
  -8.7400000   -3.6467880
  -8.7200000   -3.6835367
  -8.7000000   -3.6476638
  -8.6800000   -3.5413343
  -8.6600000   -3.3707964
  -8.6400000   -3.1457763
  -8.6200000   -2.8785574
  -8.6000000   -2.5828738
  -8.5800000   -2.2727503
  -8.5600000   -1.9614266
  -8.5400000   -1.6604757
  -8.5200000   -1.3791905
  -8.5000000   -1.1242686
  -8.4800000   -0.8997826
  -8.4600000   -0.7073901
  -8.4400000   -0.5467157
  -8.4200000   -0.4158301
  -8.4000000   -0.3117531
  -8.3800000   -0.2309246
  -8.3600000   -0.1696009
  -8.3400000   -0.1241566
  -8.3200000   -0.0912881
  -8.3000000   -0.0681256
  -8.2800000   -0.0522727
  -8.2600000   -0.0417924
  -8.2400000   -0.0351599
  -8.2200000   -0.0311993
  -8.2000000   -0.0290180
  -8.1800000   -0.0279458
  -8.1600000   -0.0274848
  -8.1400000   -0.0272710
  -8.1200000   -0.0270457
  -8.1000000   -0.0266359
  -8.0800000   -0.0259396
  -8.0600000   -0.0249152
  -8.0400000   -0.0235712
  -8.0200000   -0.0219558
  -8.0000000   -0.0201466
  -7.9800000   -0.0182390
  -7.9600000   -0.0163354
  -7.9400000   -0.0145348
  -7.9200000   -0.0129242
  -7.9000000   -0.0115720
  -7.8800000   -0.0105244
  -7.8600000   -0.0098040
  -7.8400000   -0.0094107
  -7.8200000   -0.0093248
  -7.8000000   -0.0095112
  -7.7800000   -0.0099244
  -7.7600000   -0.0105137
  -7.7400000   -0.0112278
  -7.7200000   -0.0120190
  -7.7000000   -0.0128461
  -7.6800000   -0.0136767
  -7.6600000   -0.0144881
  -7.6400000   -0.0152678
  -7.6200000   -0.0160128
  -7.6000000   -0.0167283
  -7.5800000   -0.0174259
  -7.5600000   -0.0181212
  -7.5400000   -0.0188313
  -7.5200000   -0.0195713
  -7.5000000   -0.0203519
  -7.4800000   -0.0211759
  -7.4600000   -0.0220361
  -7.4400000   -0.0229134
  -7.4200000   -0.0237761
  -7.4000000   -0.0245800
  -7.3800000   -0.0252698
  -7.3600000   -0.0257817
  -7.3400000   -0.0260464
  -7.3200000   -0.0259936
  -7.3000000   -0.0255561
  -7.2800000   -0.0246746
  -7.2600000   -0.0233025
  -7.2400000   -0.0214097
  -7.2200000   -0.0189861
  -7.2000000   -0.0160441
  -7.1800000   -0.0126193
  -7.1600000   -0.0087706
  -7.1400000   -0.0045777
  -7.1200000   -0.0001382
  -7.1000000    0.0044369
  -7.0800000    0.0090290
  -7.0600000    0.0135171
  -7.0400000    0.0177829
  -7.0200000    0.0217158
  -7.0000000    0.0252159
  -6.9800000    0.0281964
  -6.9600000    0.0305851
  -6.9400000    0.0323243
  -6.9200000    0.0333711
  -6.9000000    0.0336977
  -6.8800000    0.0332912
  -6.8600000    0.0321541
  -6.8400000    0.0303055
  -6.8200000    0.0277813
  -6.8000000    0.0246345
  -6.7800000    0.0209346
  -6.7600000    0.0167660
  -6.7400000    0.0122254
  -6.7200000    0.0074186
  -6.7000000    0.0024573
  -6.6800000   -0.0025444
  -6.6600000   -0.0074725
  -6.6400000   -0.0122143
  -6.6200000   -0.0166587
  -6.6000000   -0.0206960
  -6.5800000   -0.0242162
  -6.5600000   -0.0271091
  -6.5400000   -0.0292638
  -6.5200000   -0.0305715
  -6.5000000   -0.0309286
  -6.4800000   -0.0302438
  -6.4600000   -0.0284454
  -6.4400000   -0.0254904
  -6.4200000   -0.0213728
  -6.4000000   -0.0161306
  -6.3800000   -0.0098490
  -6.3600000   -0.0026594
  -6.3400000    0.0052669
  -6.3200000    0.0137308
  -6.3000000    0.0225214
  -6.2800000    0.0314361
  -6.2600000    0.0402998
  -6.2400000    0.0489836
  -6.2200000    0.0574175
  -6.2000000    0.0655950
  -6.1800000    0.0735701
  -6.1600000    0.0814426
  -6.1400000    0.0893362
  -6.1200000    0.0973696
  -6.1000000    0.1056248
  -6.0800000    0.1141175
  -6.0600000    0.1227737
  -6.0400000    0.1314161
  -6.0200000    0.1397648
  -6.0000000    0.1474515
  -5.9800000    0.1540477
  -5.9600000    0.1591040
  -5.9400000    0.1621948
  -5.9200000    0.1629645
  -5.9000000    0.1611682
  -5.8800000    0.1567015
  -5.8600000    0.1496164
  -5.8400000    0.1401214
  -5.8200000    0.1285646
  -5.8000000    0.1154046
  -5.7800000    0.1011715
  -5.7600000    0.0864242
  -5.7400000    0.0717077
  -5.7200000    0.0575172
  -5.7000000    0.0442706
  -5.6800000    0.0322913
  -5.6600000    0.0218034
  -5.6400000    0.0129348
  -5.6200000    0.0057298
  -5.6000000    0.0001643
  -5.5800000   -0.0038361
  -5.5600000   -0.0063795
  -5.5400000   -0.0075947
  -5.5200000   -0.0076214
  -5.5000000   -0.0066050
  -5.4800000   -0.0046952
  -5.4600000   -0.0020459
  -5.4400000    0.0011834
  -5.4200000    0.0048281
  -5.4000000    0.0087204
  -5.3800000    0.0126946
  -5.3600000    0.0165943
  -5.3400000    0.0202819
  -5.3200000    0.0236479
  -5.3000000    0.0266196
  -5.2800000    0.0291660
  -5.2600000    0.0312995
  -5.2400000    0.0330725
  -5.2200000    0.0345696
  -5.2000000    0.0358963
  -5.1800000    0.0371648
  -5.1600000    0.0384798
  -5.1400000    0.0399245
  -5.1200000    0.0415491
  -5.1000000    0.0433630
  -5.0800000    0.0453300
  -5.0600000    0.0473688
  -5.0400000    0.0493566
  -5.0200000    0.0511372
  -5.0000000    0.0525314
  -4.9800000    0.0533505
  -4.9600000    0.0534117
  -4.9400000    0.0525535
  -4.9200000    0.0506515
  -4.9000000    0.0476329
  -4.8800000    0.0434874
  -4.8600000    0.0382747
  -4.8400000    0.0321261
  -4.8200000    0.0252408
  -4.8000000    0.0178754
  -4.7800000    0.0103288
  -4.7600000    0.0029221
  -4.7400000   -0.0040230
  -4.7200000   -0.0102066
  -4.7000000   -0.0153706
  -4.6800000   -0.0193144
  -4.6600000   -0.0219064
  -4.6400000   -0.0230885
  -4.6200000   -0.0228757
  -4.6000000   -0.0213505
  -4.5800000   -0.0186533
  -4.5600000   -0.0149706
  -4.5400000   -0.0105214
  -4.5200000   -0.0055435
  -4.5000000   -0.0002798
  -4.4800000    0.0050347
  -4.4600000    0.0101845
  -4.4400000    0.0149847
  -4.4200000    0.0192892
  -4.4000000    0.0229971
  -4.3800000    0.0260563
  -4.3600000    0.0284622
  -4.3400000    0.0302539
  -4.3200000    0.0315054
  -4.3000000    0.0323143
  -4.2800000    0.0327886
  -4.2600000    0.0330325
  -4.2400000    0.0331346
  -4.2200000    0.0331587
  -4.2000000    0.0331389
  -4.1800000    0.0330796
  -4.1600000    0.0329605
  -4.1400000    0.0327452
  -4.1200000    0.0323918
  -4.1000000    0.0318643
  -4.0800000    0.0311425
  -4.0600000    0.0302283
  -4.0400000    0.0291488
  -4.0200000    0.0279539
  -4.0000000    0.0267113
  -3.9800000    0.0254967
  -3.9600000    0.0243847
  -3.9400000    0.0234377
  -3.9200000    0.0226982
  -3.9000000    0.0221832
  -3.8800000    0.0218824
  -3.8600000    0.0217605
  -3.8400000    0.0217622
  -3.8200000    0.0218204
  -3.8000000    0.0218649
  -3.7800000    0.0218314
  -3.7600000    0.0216694
  -3.7400000    0.0213473
  -3.7200000    0.0208560
  -3.7000000    0.0202085
  -3.6800000    0.0194381
  -3.6600000    0.0185942
  -3.6400000    0.0177370
  -3.6200000    0.0169321
  -3.6000000    0.0162448
  -3.5800000    0.0157361
  -3.5600000    0.0154588
  -3.5400000    0.0154555
  -3.5200000    0.0157570
  -3.5000000    0.0163817
  -3.4800000    0.0173362
  -3.4600000    0.0186153
  -3.4400000    0.0202037
  -3.4200000    0.0220767
  -3.4000000    0.0242019
  -3.3800000    0.0265409
  -3.3600000    0.0290513
  -3.3400000    0.0316878
  -3.3200000    0.0344042
  -3.3000000    0.0371543
  -3.2800000    0.0398929
  -3.2600000    0.0425757
  -3.2400000    0.0451597
  -3.2200000    0.0476026
  -3.2000000    0.0498624
  -3.1800000    0.0518976
  -3.1600000    0.0536670
  -3.1400000    0.0551306
  -3.1200000    0.0562502
  -3.1000000    0.0569913
  -3.0800000    0.0573244
  -3.0600000    0.0572265
  -3.0400000    0.0566833
  -3.0200000    0.0556898
  -3.0000000    0.0542517
  -2.9800000    0.0523856
  -2.9600000    0.0501189
  -2.9400000    0.0474896
  -2.9200000    0.0445455
  -2.9000000    0.0413433
  -2.8800000    0.0379477
  -2.8600000    0.0344303
  -2.8400000    0.0308690
  -2.8200000    0.0273468
  -2.8000000    0.0239519
  -2.7800000    0.0207763
  -2.7600000    0.0179164
  -2.7400000    0.0154725
  -2.7200000    0.0135488
  -2.7000000    0.0122538
  -2.6800000    0.0117005
  -2.6600000    0.0120056
  -2.6400000    0.0132884
  -2.6200000    0.0156674
  -2.6000000    0.0192543
  -2.5800000    0.0241457
  -2.5600000    0.0304105
  -2.5400000    0.0380750
  -2.5200000    0.0471063
  -2.5000000    0.0573952
  -2.4800000    0.0687425
  -2.4600000    0.0808510
  -2.4400000    0.0933262
  -2.4200000    0.1056879
  -2.4000000    0.1173931
  -2.3800000    0.1278712
  -2.3600000    0.1365658
  -2.3400000    0.1429821
  -2.3200000    0.1467314
  -2.3000000    0.1475694
  -2.2800000    0.1454212
  -2.2600000    0.1403906
  -2.2400000    0.1327516
  -2.2200000    0.1229232
  -2.2000000    0.1114316
  -2.1800000    0.0988626
  -2.1600000    0.0858133
  -2.1400000    0.0728463
  -2.1200000    0.0604520
  -2.1000000    0.0490229
  -2.0800000    0.0388410
  -2.0600000    0.0300763
  -2.0400000    0.0227972
  -2.0200000    0.0169864
  -2.0000000    0.0125622
  -1.9800000    0.0093997
  -1.9600000    0.0073501
  -1.9400000    0.0062570
  -1.9200000    0.0059682
  -1.9000000    0.0063437
  -1.8800000    0.0072594
  -1.8600000    0.0086092
  -1.8400000    0.0103040
  -1.8200000    0.0122711
  -1.8000000    0.0144526
  -1.7800000    0.0168044
  -1.7600000    0.0192948
  -1.7400000    0.0219041
  -1.7200000    0.0246239
  -1.7000000    0.0274565
  -1.6800000    0.0304135
  -1.6600000    0.0335149
  -1.6400000    0.0367867
  -1.6200000    0.0402587
  -1.6000000    0.0439618
  -1.5800000    0.0479253
  -1.5600000    0.0521746
  -1.5400000    0.0567288
  -1.5200000    0.0615994
  -1.5000000    0.0667895
  -1.4800000    0.0722935
  -1.4600000    0.0780964
  -1.4400000    0.0841738
  -1.4200000    0.0904906
  -1.4000000    0.0969985
  -1.3800000    0.1036338
  -1.3600000    0.1103136
  -1.3400000    0.1169334
  -1.3200000    0.1233659
  -1.3000000    0.1294629
  -1.2800000    0.1350604
  -1.2600000    0.1399882
  -1.2400000    0.1440829
  -1.2200000    0.1472039
  -1.2000000    0.1492501
  -1.1800000    0.1501753
  -1.1600000    0.1500005
  -1.1400000    0.1488200
  -1.1200000    0.1468023
  -1.1000000    0.1441829
  -1.0800000    0.1412515
  -1.0600000    0.1383351
  -1.0400000    0.1357766
  -1.0200000    0.1339140
  -1.0000000    0.1330592
  -0.9800000    0.1334788
  -0.9600000    0.1353785
  -0.9400000    0.1388902
  -0.9200000    0.1440636
  -0.9000000    0.1508616
  -0.8800000    0.1591608
  -0.8600000    0.1687582
  -0.8400000    0.1793823
  -0.8200000    0.1907113
  -0.8000000    0.2023955
  -0.7800000    0.2140837
  -0.7600000    0.2254493
  -0.7400000    0.2362145
  -0.7200000    0.2461684
  -0.7000000    0.2551761
  -0.6800000    0.2631784
  -0.6600000    0.2701806
  -0.6400000    0.2762334
  -0.6200000    0.2814094
  -0.6000000    0.2857782
  -0.5800000    0.2893867
  -0.5600000    0.2922468
  -0.5400000    0.2943329
  -0.5200000    0.2955907
  -0.5000000    0.2959552
  -0.4800000    0.2953742
  -0.4600000    0.2938338
  -0.4400000    0.2913808
  -0.4200000    0.2881381
  -0.4000000    0.2843101
  -0.3800000    0.2801760
  -0.3600000    0.2760722
  -0.3400000    0.2723641
  -0.3200000    0.2694118
  -0.3000000    0.2675333
  -0.2800000    0.2669688
  -0.2600000    0.2678514
  -0.2400000    0.2701877
  -0.2200000    0.2738502
  -0.2000000    0.2785832
  -0.1800000    0.2840217
  -0.1600000    0.2897206
  -0.1400000    0.2951926
  -0.1200000    0.2999479
  -0.1000000    0.3035347
  -0.0800000    0.3055738
  -0.0600000    0.3057847
  -0.0400000    0.3040016
  -0.0200000    0.3001788
   0.0000000    0.2943848
   0.0200000    0.2867883
   0.0400000    0.2776378
   0.0600000    0.2672385
   0.0800000    0.2559276
   0.1000000    0.2440515
   0.1200000    0.2319463
   0.1400000    0.2199216
   0.1600000    0.2082492
   0.1800000    0.1971550
   0.2000000    0.1868149
   0.2200000    0.1773530
   0.2400000    0.1688426
   0.2600000    0.1613076
   0.2800000    0.1547265
   0.3000000    0.1490353
   0.3200000    0.1441322
   0.3400000    0.1398828
   0.3600000    0.1361257
   0.3800000    0.1326806
   0.4000000    0.1293577
   0.4200000    0.1259692
   0.4400000    0.1223437
   0.4600000    0.1183412
   0.4800000    0.1138677
   0.5000000    0.1088875
   0.5200000    0.1034315
   0.5400000    0.0975973
   0.5600000    0.0915423
   0.5800000    0.0854679
   0.6000000    0.0795964
   0.6200000    0.0741439
   0.6400000    0.0692926
   0.6600000    0.0651667
   0.6800000    0.0618159
   0.7000000    0.0592098
   0.7200000    0.0572438
   0.7400000    0.0557562
   0.7600000    0.0545536
   0.7800000    0.0534414
   0.8000000    0.0522542
   0.8200000    0.0508818
   0.8400000    0.0492878
   0.8600000    0.0475183
   0.8800000    0.0457008
   0.9000000    0.0440334
   0.9200000    0.0427670
   0.9400000    0.0421829
   0.9600000    0.0425680
   0.9800000    0.0441898
   1.0000000    0.0472730
   1.0200000    0.0519782
   1.0400000    0.0583832
   1.0600000    0.0664684
   1.0800000    0.0761062
   1.1000000    0.0870554
   1.1200000    0.0989630
   1.1400000    0.1113748
   1.1600000    0.1237544
   1.1800000    0.1355129
   1.2000000    0.1460459
   1.2200000    0.1547775
   1.2400000    0.1612047
   1.2600000    0.1649396
   1.2800000    0.1657436
   1.3000000    0.1635479
   1.3200000    0.1584600
   1.3400000    0.1507530
   1.3600000    0.1408394
   1.3800000    0.1292341
   1.4000000    0.1165092
   1.4200000    0.1032474
   1.4400000    0.0899988
   1.4600000    0.0772455
   1.4800000    0.0653767
   1.5000000    0.0546756
   1.5200000    0.0453172
   1.5400000    0.0373762
   1.5600000    0.0308408
   1.5800000    0.0256309
   1.6000000    0.0216179
   1.6200000    0.0186426
   1.6400000    0.0165321
   1.6600000    0.0151129
   1.6800000    0.0142207
   1.7000000    0.0137075
   1.7200000    0.0134469
   1.7400000    0.0133361
   1.7600000    0.0132979
   1.7800000    0.0132811
   1.8000000    0.0132601
   1.8200000    0.0132343
   1.8400000    0.0132269
   1.8600000    0.0132831
   1.8800000    0.0134683
   1.9000000    0.0138658
   1.9200000    0.0145732
   1.9400000    0.0156991
   1.9600000    0.0173575
   1.9800000    0.0196613
   2.0000000    0.0227137
   2.0200000    0.0265984
   2.0400000    0.0313677
   2.0600000    0.0370304
   2.0800000    0.0435411
   2.1000000    0.0507913
   2.1200000    0.0586053
   2.1400000    0.0667429
   2.1600000    0.0749089
   2.1800000    0.0827715
   2.2000000    0.0899872
   2.2200000    0.0962312
   2.2400000    0.1012307
   2.2600000    0.1047954
   2.2800000    0.1068437
   2.3000000    0.1074182
   2.3200000    0.1066902
   2.3400000    0.1049496
   2.3600000    0.1025823
   2.3800000    0.1000352
   2.4000000    0.0977734
   2.4200000    0.0962338
   2.4400000    0.0957797
   2.4600000    0.0966607
   2.4800000    0.0989843
   2.5000000    0.1027006
   2.5200000    0.1076028
   2.5400000    0.1133447
   2.5600000    0.1194725
   2.5800000    0.1254689
   2.6000000    0.1308052
   2.6200000    0.1349950
   2.6400000    0.1376446
   2.6600000    0.1384940
   2.6800000    0.1374443
   2.7000000    0.1345672
   2.7200000    0.1300979
   2.7400000    0.1244086
   2.7600000    0.1179704
   2.7800000    0.1113034
   2.8000000    0.1049239
   2.8200000    0.0992931
   2.8400000    0.0947731
   2.8600000    0.0915936
   2.8800000    0.0898344
   2.9000000    0.0894224
   2.9200000    0.0901446
   2.9400000    0.0916749
   2.9600000    0.0936104
   2.9800000    0.0955145
   3.0000000    0.0969605
   3.0200000    0.0975728
   3.0400000    0.0970600
   3.0600000    0.0952379
   3.0800000    0.0920403
   3.1000000    0.0875166
   3.1200000    0.0818185
   3.1400000    0.0751779
   3.1600000    0.0678791
   3.1800000    0.0602288
   3.2000000    0.0525276
   3.2200000    0.0450467
   3.2400000    0.0380093
   3.2600000    0.0315804
   3.2800000    0.0258624
   3.3000000    0.0208973
   3.3200000    0.0166734
   3.3400000    0.0131345
   3.3600000    0.0101913
   3.3800000    0.0077323
   3.4000000    0.0056348
   3.4200000    0.0037743
   3.4400000    0.0020326
   3.4600000    0.0003046
   3.4800000   -0.0014962
   3.5000000   -0.0034338
   3.5200000   -0.0055464
   3.5400000   -0.0078456
   3.5600000   -0.0103154
   3.5800000   -0.0129142
   3.6000000   -0.0155772
   3.6200000   -0.0182212
   3.6400000   -0.0207501
   3.6600000   -0.0230616
   3.6800000   -0.0250546
   3.7000000   -0.0266362
   3.7200000   -0.0277284
   3.7400000   -0.0282735
   3.7600000   -0.0282379
   3.7800000   -0.0276140
   3.8000000   -0.0264203
   3.8200000   -0.0246994
   3.8400000   -0.0225150
   3.8600000   -0.0199474
   3.8800000   -0.0170888
   3.9000000   -0.0140374
   3.9200000   -0.0108923
   3.9400000   -0.0077482
   3.9600000   -0.0046897
   3.9800000   -0.0017867
   4.0000000    0.0009111
   4.0200000    0.0033789
   4.0400000    0.0056208
   4.0600000    0.0076732
   4.0800000    0.0096059
   4.1000000    0.0115214
   4.1200000    0.0135497
   4.1400000    0.0158406
   4.1600000    0.0185508
   4.1800000    0.0218289
   4.2000000    0.0257967
   4.2200000    0.0305311
   4.2400000    0.0360469
   4.2600000    0.0422841
   4.2800000    0.0491012
   4.3000000    0.0562770
   4.3200000    0.0635209
   4.3400000    0.0704917
   4.3600000    0.0768233
   4.3800000    0.0821551
   4.4000000    0.0861628
   4.4200000    0.0885874
   4.4400000    0.0892575
   4.4600000    0.0881041
   4.4800000    0.0851648
   4.5000000    0.0805788
   4.5200000    0.0745729
   4.5400000    0.0674405
   4.5600000    0.0595172
   4.5800000    0.0511550
   4.6000000    0.0426979
   4.6200000    0.0344620
   4.6400000    0.0267196
   4.6600000    0.0196902
   4.6800000    0.0135363
   4.7000000    0.0083652
   4.7200000    0.0042351
   4.7400000    0.0011629
   4.7600000   -0.0008644
   4.7800000   -0.0018801
   4.8000000   -0.0019279
   4.8200000   -0.0010553
   4.8400000    0.0006910
   4.8600000    0.0032656
   4.8800000    0.0066219
   4.9000000    0.0107072
   4.9200000    0.0154567
   4.9400000    0.0207869
   4.9600000    0.0265919
   4.9800000    0.0327413
   5.0000000    0.0390835
   5.0200000    0.0454521
   5.0400000    0.0516760
   5.0600000    0.0575918
   5.0800000    0.0630563
   5.1000000    0.0679571
   5.1200000    0.0722197
   5.1400000    0.0758090
   5.1600000    0.0787265
   5.1800000    0.0810020
   5.2000000    0.0826830
   5.2200000    0.0838222
   5.2400000    0.0844676
   5.2600000    0.0846549
   5.2800000    0.0844049
   5.3000000    0.0837260
   5.3200000    0.0826200
   5.3400000    0.0810917
   5.3600000    0.0791575
   5.3800000    0.0768534
   5.4000000    0.0742390
   5.4200000    0.0713967
   5.4400000    0.0684271
   5.4600000    0.0654389
   5.4800000    0.0625373
   5.5000000    0.0598120
   5.5200000    0.0573250
   5.5400000    0.0551039
   5.5600000    0.0531373
   5.5800000    0.0513777
   5.6000000    0.0497469
   5.6200000    0.0481473
   5.6400000    0.0464739
   5.6600000    0.0446286
   5.6800000    0.0425317
   5.7000000    0.0401318
   5.7200000    0.0374112
   5.7400000    0.0343873
   5.7600000    0.0311090
   5.7800000    0.0276503
   5.8000000    0.0241009
   5.8200000    0.0205560
   5.8400000    0.0171062
   5.8600000    0.0138289
   5.8800000    0.0107831
   5.9000000    0.0080053
   5.9200000    0.0055107
   5.9400000    0.0032948
   5.9600000    0.0013386
   5.9800000   -0.0003860
   6.0000000   -0.0019104
   6.0200000   -0.0032639
   6.0400000   -0.0044694
   6.0600000   -0.0055414
   6.0800000   -0.0064849
   6.1000000   -0.0072960
   6.1200000   -0.0079646
   6.1400000   -0.0084769
   6.1600000   -0.0088196
   6.1800000   -0.0089827
   6.2000000   -0.0089628
   6.2200000   -0.0087649
   6.2400000   -0.0084032
   6.2600000   -0.0079008
   6.2800000   -0.0072880
   6.3000000   -0.0066002
   6.3200000   -0.0058746
   6.3400000   -0.0051481
   6.3600000   -0.0044534
   6.3800000   -0.0038178
   6.4000000   -0.0032613
   6.4200000   -0.0027957
   6.4400000   -0.0024251
   6.4600000   -0.0021465
   6.4800000   -0.0019507
   6.5000000   -0.0018240
   6.5200000   -0.0017498
   6.5400000   -0.0017098
   6.5600000   -0.0016863
   6.5800000   -0.0016626
   6.6000000   -0.0016252
   6.6200000   -0.0015642
   6.6400000   -0.0014743
   6.6600000   -0.0013557
   6.6800000   -0.0012139
   6.7000000   -0.0010598
   6.7200000   -0.0009089
   6.7400000   -0.0007799
   6.7600000   -0.0006935
   6.7800000   -0.0006706
   6.8000000   -0.0007300
   6.8200000   -0.0008869
   6.8400000   -0.0011517
   6.8600000   -0.0015285
   6.8800000   -0.0020152
   6.9000000   -0.0026034
   6.9200000   -0.0032791
   6.9400000   -0.0040238
   6.9600000   -0.0048157
   6.9800000   -0.0056315
   7.0000000   -0.0064471
   7.0200000   -0.0072394
   7.0400000   -0.0079876
   7.0600000   -0.0086733
   7.0800000   -0.0092818
   7.1000000   -0.0098022
   7.1200000   -0.0102268
   7.1400000   -0.0105505
   7.1600000   -0.0107692
   7.1800000   -0.0108771
   7.2000000   -0.0108625
   7.2200000   -0.0107032
   7.2400000   -0.0103589
   7.2600000   -0.0097631
   7.2800000   -0.0088134
   7.3000000   -0.0073603
   7.3200000   -0.0051963
   7.3400000   -0.0020463
   7.3600000    0.0024392
   7.3800000    0.0086851
   7.4000000    0.0171846
   7.4200000    0.0284810
   7.4400000    0.0431361
   7.4600000    0.0616846
   7.4800000    0.0845741
   7.5000000    0.1120962
   7.5200000    0.1443112
   7.5400000    0.1809791
   7.5600000    0.2215032
   7.5800000    0.2649006
   7.6000000    0.3098075
   7.6200000    0.3545261
   7.6400000    0.3971157
   7.6600000    0.4355225
   7.6800000    0.4677375
   7.7000000    0.4919668
   7.7200000    0.5067937
   7.7400000    0.5113128
   7.7600000    0.5052187
   7.7800000    0.4888371
   7.8000000    0.4630948
   7.8200000    0.4294308
   7.8400000    0.3896634
   7.8600000    0.3458273
   7.8800000    0.3000035
   7.9000000    0.2541600
   7.9200000    0.2100204
   7.9400000    0.1689712
   7.9600000    0.1320123
   7.9800000    0.0997493
   8.0000000    0.0724214
   8.0200000    0.0499555
   8.0400000    0.0320355
   8.0600000    0.0181769
   8.0800000    0.0077977
   8.1000000    0.0002798
   8.1200000   -0.0049814
   8.1400000   -0.0085434
   8.1600000   -0.0108941
   8.1800000   -0.0124427
   8.2000000   -0.0135183
   8.2200000   -0.0143759
   8.2400000   -0.0152058
   8.2600000   -0.0161460
   8.2800000   -0.0172940
   8.3000000   -0.0187189
   8.3200000   -0.0204702
   8.3400000   -0.0225856
   8.3600000   -0.0250946
   8.3800000   -0.0280198
   8.4000000   -0.0313757
   8.4200000   -0.0351646
   8.4400000   -0.0393720
   8.4600000   -0.0439623
   8.4800000   -0.0488744
   8.5000000   -0.0540209
   8.5200000   -0.0592898
   8.5400000   -0.0645485
   8.5600000   -0.0696528
   8.5800000   -0.0744559
   8.6000000   -0.0788204
   8.6200000   -0.0826283
   8.6400000   -0.0857897
   8.6600000   -0.0882487
   8.6800000   -0.0899851
   8.7000000   -0.0910127
   8.7200000   -0.0913750
   8.7400000   -0.0911379
   8.7600000   -0.0903835
   8.7800000   -0.0892030
   8.8000000   -0.0876925
   8.8200000   -0.0859501
   8.8400000   -0.0840755
   8.8600000   -0.0821698
   8.8800000   -0.0803364
   8.9000000   -0.0786801
   8.9200000   -0.0773048
   8.9400000   -0.0763081
   8.9600000   -0.0757749
   8.9800000   -0.0757683
   9.0000000   -0.0763214
   9.0200000   -0.0774301
   9.0400000   -0.0790490
   9.0600000   -0.0810912
   9.0800000   -0.0834330
   9.1000000   -0.0859226
   9.1200000   -0.0883927
   9.1400000   -0.0906743
   9.1600000   -0.0926111
   9.1800000   -0.0940718
   9.2000000   -0.0949588
   9.2200000   -0.0952126
   9.2400000   -0.0948116
   9.2600000   -0.0937671
   9.2800000   -0.0921166
   9.3000000   -0.0899136
   9.3200000   -0.0872198
   9.3400000   -0.0840971
   9.3600000   -0.0806034
   9.3800000   -0.0767905
   9.4000000   -0.0727055
   9.4200000   -0.0683934
   9.4400000   -0.0639014
   9.4600000   -0.0592820
   9.4800000   -0.0545960
   9.5000000   -0.0499119
   9.5200000   -0.0453048
   9.5400000   -0.0408526
   9.5600000   -0.0366308
   9.5800000   -0.0327072
   9.6000000   -0.0291370
   9.6200000   -0.0259590
   9.6400000   -0.0231934
   9.6600000   -0.0208417
   9.6800000   -0.0188878
   9.7000000   -0.0173009
   9.7200000   -0.0160392
   9.7400000   -0.0150541
   9.7600000   -0.0142935
   9.7800000   -0.0137061
   9.8000000   -0.0132438
   9.8200000   -0.0128642
   9.8400000   -0.0125316
   9.8600000   -0.0122183
   9.8800000   -0.0119044
   9.9000000   -0.0115775
   9.9200000   -0.0112322
   9.9400000   -0.0108688
   9.9600000   -0.0104919
   9.9800000   -0.0101090
  10.0000000   -0.0097285
  10.0200000   -0.0093588
  10.0400000   -0.0090063
  10.0600000   -0.0086751
  10.0800000   -0.0083659
  10.1000000   -0.0080764
  10.1200000   -0.0078019
  10.1400000   -0.0075359
  10.1600000   -0.0072724
  10.1800000   -0.0070069
  10.2000000   -0.0067392
  10.2200000   -0.0064753
  10.2400000   -0.0062306
  10.2600000   -0.0060323
  10.2800000   -0.0059232
  10.3000000   -0.0059653
  10.3200000   -0.0062440
  10.3400000   -0.0068720
  10.3600000   -0.0079935
  10.3800000   -0.0097862
  10.4000000   -0.0124618
  10.4200000   -0.0162622
  10.4400000   -0.0214516
  10.4600000   -0.0283014
  10.4800000   -0.0370691
  10.5000000   -0.0479706
  10.5200000   -0.0611473
  10.5400000   -0.0766313
  10.5600000   -0.0943121
  10.5800000   -0.1139107
  10.6000000   -0.1349646
  10.6200000   -0.1568313
  10.6400000   -0.1787108
  10.6600000   -0.1996898
  10.6800000   -0.2188052
  10.7000000   -0.2351224
  10.7200000   -0.2478212
  10.7400000   -0.2562791
  10.7600000   -0.2601456
  10.7800000   -0.2593965
  10.8000000   -0.2543649
  10.8200000   -0.2457439
  10.8400000   -0.2345654
  10.8600000   -0.2221535
  10.8800000   -0.2100618
  10.9000000   -0.1999973
  10.9200000   -0.1937354
  10.9400000   -0.1930292
  10.9600000   -0.1995140
  10.9800000   -0.2146056
  11.0000000   -0.2393946
  11.0200000   -0.2745375
  11.0400000   -0.3201517
  11.0600000   -0.3757232
  11.0800000   -0.4400409
  11.1000000   -0.5111735
  11.1200000   -0.5865031
  11.1400000   -0.6628252
  11.1600000   -0.7365199
  11.1800000   -0.8037855
  11.2000000   -0.8609177
  11.2200000   -0.9046066
  11.2400000   -0.9322199
  11.2600000   -0.9420358
  11.2800000   -0.9333977
  11.3000000   -0.9067679
  11.3200000   -0.8636750
  11.3400000   -0.8065607
  11.3600000   -0.7385456
  11.3800000   -0.6631461
  11.4000000   -0.5839749
  11.4200000   -0.5044620
  11.4400000   -0.4276227
  11.4600000   -0.3558932
  11.4800000   -0.2910423
  11.5000000   -0.2341560
  11.5200000   -0.1856855
  11.5400000   -0.1455413
  11.5600000   -0.1132143
  11.5800000   -0.0879069
  11.6000000   -0.0686577
  11.6200000   -0.0544498
  11.6400000   -0.0442962
  11.6600000   -0.0373002
  11.6800000   -0.0326934
  11.7000000   -0.0298521
  11.7200000   -0.0283005
  11.7400000   -0.0277026
  11.7600000   -0.0278491
  11.7800000   -0.0286421
  11.8000000   -0.0300811
  11.8200000   -0.0322503
  11.8400000   -0.0353097
  11.8600000   -0.0394861
  11.8800000   -0.0450658
  11.9000000   -0.0523835
  11.9200000   -0.0618068
  11.9400000   -0.0737132
  11.9600000   -0.0884577
  11.9800000   -0.1063316
  12.0000000   -0.1275135
  12.0200000   -0.1520169
  12.0400000   -0.1796399
  12.0600000   -0.2099252
  12.0800000   -0.2421377
  12.1000000   -0.2752680
  12.1200000   -0.3080665
  12.1400000   -0.3391092
  12.1600000   -0.3668931
  12.1800000   -0.3899523
  12.2000000   -0.4069842
  12.2200000   -0.4169688
  12.2400000   -0.4192691
  12.2600000   -0.4136971
  12.2800000   -0.4005373
  12.3000000   -0.3805255
  12.3200000   -0.3547843
  12.3400000   -0.3247272
  12.3600000   -0.2919408
  12.3800000   -0.2580643
  12.4000000   -0.2246777
  12.4200000   -0.1932129
  12.4400000   -0.1648926
  12.4600000   -0.1407016
  12.4800000   -0.1213860
  12.5000000   -0.1074736
  12.5200000   -0.0993060
  12.5400000   -0.0970739
  12.5600000   -0.1008432
  12.5800000   -0.1105691
  12.6000000   -0.1260928
  12.6200000   -0.1471222
  12.6400000   -0.1732016
  12.6600000   -0.2036772
  12.6800000   -0.2376694
  12.7000000   -0.2740594
  12.7200000   -0.3115011
  12.7400000   -0.3484621
  12.7600000   -0.3832956
  12.7800000   -0.4143393
  12.8000000   -0.4400324
  12.8200000   -0.4590385
  12.8400000   -0.4703574
  12.8600000   -0.4734134
  12.8800000   -0.4681059
  12.9000000   -0.4548154
  12.9200000   -0.4343624
  12.9400000   -0.4079264
  12.9600000   -0.3769331
  12.9800000   -0.3429259
  13.0000000   -0.3074381
  13.0200000   -0.2718791
  13.0400000   -0.2374478
  13.0600000   -0.2050789
  13.0800000   -0.1754238
  13.1000000   -0.1488623
  13.1200000   -0.1255384
  13.1400000   -0.1054109
  13.1600000   -0.0883088
  13.1800000   -0.0739847
  13.2000000   -0.0621585
  13.2200000   -0.0525505
  13.2400000   -0.0448998
  13.2600000   -0.0389735
  13.2800000   -0.0345651
  13.3000000   -0.0314891
  13.3200000   -0.0295722
  13.3400000   -0.0286464
  13.3600000   -0.0285442
  13.3800000   -0.0290985
  13.4000000   -0.0301467
  13.4200000   -0.0315392
  13.4400000   -0.0331513
  13.4600000   -0.0348958
  13.4800000   -0.0367368
  13.5000000   -0.0386999
  13.5200000   -0.0408789
  13.5400000   -0.0434361
  13.5600000   -0.0465951
  13.5800000   -0.0506255
  13.6000000   -0.0558191
  13.6200000   -0.0624592
  13.6400000   -0.0707845
  13.6600000   -0.0809515
  13.6800000   -0.0929981
  13.7000000   -0.1068142
  13.7200000   -0.1221232
  13.7400000   -0.1384780
  13.7600000   -0.1552749
  13.7800000   -0.1717861
  13.8000000   -0.1872082
  13.8200000   -0.2007242
  13.8400000   -0.2115727
  13.8600000   -0.2191150
  13.8800000   -0.2228944
  13.9000000   -0.2226789
  13.9200000   -0.2184818
  13.9400000   -0.2105583
  13.9600000   -0.1993787
  13.9800000   -0.1855804
  14.0000000   -0.1699077
  14.0200000   -0.1531451
  14.0400000   -0.1360529
  14.0600000   -0.1193136
  14.0800000   -0.1034918
  14.1000000   -0.0890136
  14.1200000   -0.0761631
  14.1400000   -0.0650948
  14.1600000   -0.0558585
  14.1800000   -0.0484309
  14.2000000   -0.0427494
  14.2200000   -0.0387431
  14.2400000   -0.0363584
  14.2600000   -0.0355759
  14.2800000   -0.0364175
  14.3000000   -0.0389450
  14.3200000   -0.0432490
  14.3400000   -0.0494320
  14.3600000   -0.0575851
  14.3800000   -0.0677626
  14.4000000   -0.0799554
  14.4200000   -0.0940672
  14.4400000   -0.1098937
  14.4600000   -0.1271099
  14.4800000   -0.1452665
  14.5000000   -0.1637972
  14.5200000   -0.1820383
  14.5400000   -0.1992607
  14.5600000   -0.2147125
  14.5800000   -0.2276699
  14.6000000   -0.2374906
  14.6200000   -0.2436663
  14.6400000   -0.2458668
  14.6600000   -0.2439716
  14.6800000   -0.2380830
  14.7000000   -0.2285205
  14.7200000   -0.2157953
  14.7400000   -0.2005677
  14.7600000   -0.1835928
  14.7800000   -0.1656598
  14.8000000   -0.1475335
  14.8200000   -0.1299026
  14.8400000   -0.1133412
  14.8600000   -0.0982865
  14.8800000   -0.0850325
  14.9000000   -0.0737399
  14.9200000   -0.0644576
  14.9400000   -0.0571511
  14.9600000   -0.0517340
  14.9800000   -0.0480965
  15.0000000   -0.0461283
  15.0200000   -0.0457310
  15.0400000   -0.0468219
  15.0600000   -0.0493274
  15.0800000   -0.0531692
  15.1000000   -0.0582461
  15.1200000   -0.0644149
  15.1400000   -0.0714755
  15.1600000   -0.0791625
  15.1800000   -0.0871461
  15.2000000   -0.0950454
  15.2200000   -0.1024505
  15.2400000   -0.1089544
  15.2600000   -0.1141902
  15.2800000   -0.1178681
  15.3000000   -0.1198098
  15.3200000   -0.1199740
  15.3400000   -0.1184699
  15.3600000   -0.1155579
  15.3800000   -0.1116349
  15.4000000   -0.1072074
  15.4200000   -0.1028531
  15.4400000   -0.0991757
  15.4600000   -0.0967553
  15.4800000   -0.0960996
  15.5000000   -0.0975982
  15.5200000   -0.1014851
  15.5400000   -0.1078099
  15.5600000   -0.1164239
  15.5800000   -0.1269794
  15.6000000   -0.1389469
  15.6200000   -0.1516476
  15.6400000   -0.1643027
  15.6600000   -0.1760937
  15.6800000   -0.1862321
  15.7000000   -0.1940296
  15.7200000   -0.1989647
  15.7400000   -0.2007357
  15.7600000   -0.1992974
  15.7800000   -0.1948747
  15.8000000   -0.1879530
  15.8200000   -0.1792449
  15.8400000   -0.1696374
  15.8600000   -0.1601235
  15.8800000   -0.1517244
  15.9000000   -0.1454093
  15.9200000   -0.1420170
  15.9400000   -0.1421868
  15.9600000   -0.1463014
  15.9800000   -0.1544468
  16.0000000   -0.1663923
  16.0200000   -0.1815929
  16.0400000   -0.1992161
  16.0600000   -0.2181926
  16.0800000   -0.2372889
  16.1000000   -0.2551984
  16.1200000   -0.2706422
  16.1400000   -0.2824718
  16.1600000   -0.2897636
  16.1800000   -0.2918930
  16.2000000   -0.2885824
  16.2200000   -0.2799146
  16.2400000   -0.2663127
  16.2600000   -0.2484881
  16.2800000   -0.2273642
  16.3000000   -0.2039855
  16.3200000   -0.1794231
  16.3400000   -0.1546892
  16.3600000   -0.1306670
  16.3800000   -0.1080647
  16.4000000   -0.0873945
  16.4200000   -0.0689768
  16.4400000   -0.0529658
  16.4600000   -0.0393918
  16.4800000   -0.0282117
  16.5000000   -0.0193651
  16.5200000   -0.0128260
  16.5400000   -0.0086479
  16.5600000   -0.0069961
  16.5800000   -0.0081648
  16.6000000   -0.0125755
  16.6200000   -0.0207553
  16.6400000   -0.0332942
  16.6600000   -0.0507825
  16.6800000   -0.0737315
  16.7000000   -0.1024826
  16.7200000   -0.1371138
  16.7400000   -0.1773544
  16.7600000   -0.2225190
  16.7800000   -0.2714747
  16.8000000   -0.3226498
  16.8200000   -0.3740919
  16.8400000   -0.4235748
  16.8600000   -0.4687490
  16.8800000   -0.5073218
  16.9000000   -0.5372485
  16.9200000   -0.5569132
  16.9400000   -0.5652764
  16.9600000   -0.5619706
  16.9800000   -0.5473318
  17.0000000   -0.5223626
  17.0200000   -0.4886322
  17.0400000   -0.4481267
  17.0600000   -0.4030688
  17.0800000   -0.3557297
  17.1000000   -0.3082541
  17.1200000   -0.2625159
  17.1400000   -0.2200172
  17.1600000   -0.1818349
  17.1800000   -0.1486126
  17.2000000   -0.1205933
  17.2200000   -0.0976792
  17.2400000   -0.0795109
  17.2600000   -0.0655516
  17.2800000   -0.0551696
  17.3000000   -0.0477107
  17.3200000   -0.0425584
  17.3400000   -0.0391786
  17.3600000   -0.0371497
  17.3800000   -0.0361786
  17.4000000   -0.0361046
  17.4200000   -0.0368924
  17.4400000   -0.0386149
  17.4600000   -0.0414270
  17.4800000   -0.0455326
  17.5000000   -0.0511434
  17.5200000   -0.0584348
  17.5400000   -0.0674995
  17.5600000   -0.0783036
  17.5800000   -0.0906511
  17.6000000   -0.1041604
  17.6200000   -0.1182608
  17.6400000   -0.1322114
  17.6600000   -0.1451449
  17.6800000   -0.1561363
  17.7000000   -0.1642907
  17.7200000   -0.1688421
  17.7400000   -0.1692522
  17.7600000   -0.1652947
  17.7800000   -0.1571131
  17.8000000   -0.1452407
  17.8200000   -0.1305756
  17.8400000   -0.1143119
  17.8600000   -0.0978311
  17.8800000   -0.0825656
  17.9000000   -0.0698522
  17.9200000   -0.0607912
  17.9400000   -0.0561317
  17.9600000   -0.0561952
  17.9800000   -0.0608486
  18.0000000   -0.0695278
  18.0200000   -0.0813096
  18.0400000   -0.0950193
  18.0600000   -0.1093621
  18.0800000   -0.1230602
  18.1000000   -0.1349802
  18.1200000   -0.1442362
  18.1400000   -0.1502605
  18.1600000   -0.1528345
  18.1800000   -0.1520831
  18.2000000   -0.1484343
  18.2200000   -0.1425542
  18.2400000   -0.1352660
  18.2600000   -0.1274635
  18.2800000   -0.1200281
  18.3000000   -0.1137567
  18.3200000   -0.1093051
  18.3400000   -0.1071491
  18.3600000   -0.1075647
  18.3800000   -0.1106246
  18.4000000   -0.1162106
  18.4200000   -0.1240373
  18.4400000   -0.1336864
  18.4600000   -0.1446477
  18.4800000   -0.1563628
  18.5000000   -0.1682706
  18.5200000   -0.1798497
  18.5400000   -0.1906546
  18.5600000   -0.2003426
  18.5800000   -0.2086905
  18.6000000   -0.2155972
  18.6200000   -0.2210745
  18.6400000   -0.2252282
  18.6600000   -0.2282305
  18.6800000   -0.2302904
  18.7000000   -0.2316255
  18.7200000   -0.2324385
  18.7400000   -0.2329026
  18.7600000   -0.2331552
  18.7800000   -0.2333010
  18.8000000   -0.2334199
  18.8200000   -0.2335790
  18.8400000   -0.2338430
  18.8600000   -0.2342815
  18.8800000   -0.2349703
  18.9000000   -0.2359869
  18.9200000   -0.2374013
  18.9400000   -0.2392641
  18.9600000   -0.2415939
  18.9800000   -0.2443682
  19.0000000   -0.2475184
  19.0200000   -0.2509302
  19.0400000   -0.2544499
  19.0600000   -0.2578950
  19.0800000   -0.2610673
  19.1000000   -0.2637682
  19.1200000   -0.2658124
  19.1400000   -0.2670410
  19.1600000   -0.2673331
  19.1800000   -0.2666144
  19.2000000   -0.2648645
  19.2200000   -0.2621212
  19.2400000   -0.2584829
  19.2600000   -0.2541077
  19.2800000   -0.2492077
  19.3000000   -0.2440409
  19.3200000   -0.2388970
  19.3400000   -0.2340812
  19.3600000   -0.2298938
  19.3800000   -0.2266101
  19.4000000   -0.2244605
  19.4200000   -0.2236126
  19.4400000   -0.2241589
  19.4600000   -0.2261082
  19.4800000   -0.2293843
  19.5000000   -0.2338294
  19.5200000   -0.2392153
  19.5400000   -0.2452579
  19.5600000   -0.2516380
  19.5800000   -0.2580233
  19.6000000   -0.2640928
  19.6200000   -0.2695608
  19.6400000   -0.2741971
  19.6600000   -0.2778440
  19.6800000   -0.2804266
  19.7000000   -0.2819562
  19.7200000   -0.2825262
  19.7400000   -0.2823014
  19.7600000   -0.2815018
  19.7800000   -0.2803825
  19.8000000   -0.2792115
  19.8200000   -0.2782481
  19.8400000   -0.2777225
  19.8600000   -0.2778187
  19.8800000   -0.2786611
  19.9000000   -0.2803056
  19.9200000   -0.2827351
  19.9400000   -0.2858593
  19.9600000   -0.2895195
  19.9800000   -0.2934972
  20.0000000   -0.2975275
  20.0200000   -0.3013161
  20.0400000   -0.3045598
  20.0600000   -0.3069681
  20.0800000   -0.3082866
  20.1000000   -0.3083175
  20.1200000   -0.3069376
  20.1400000   -0.3041095
  20.1600000   -0.2998857
  20.1800000   -0.2944044
  20.2000000   -0.2878757
  20.2200000   -0.2805612
  20.2400000   -0.2727469
  20.2600000   -0.2647143
  20.2800000   -0.2567106
  20.3000000   -0.2489242
  20.3200000   -0.2414659
  20.3400000   -0.2343596
  20.3600000   -0.2275430
  20.3800000   -0.2208780
  20.4000000   -0.2141701
  20.4200000   -0.2071937
  20.4400000   -0.1997208
  20.4600000   -0.1915494
  20.4800000   -0.1825295
  20.5000000   -0.1725819
  20.5200000   -0.1617105
  20.5400000   -0.1500050
  20.5600000   -0.1376352
  20.5800000   -0.1248376
  20.6000000   -0.1118962
  20.6200000   -0.0991202
  20.6400000   -0.0868197
  20.6600000   -0.0752838
  20.6800000   -0.0647615
  20.7000000   -0.0554471
  20.7200000   -0.0474714
  20.7400000   -0.0408978
  20.7600000   -0.0357237
  20.7800000   -0.0318854
  20.8000000   -0.0292667
  20.8200000   -0.0277090
  20.8400000   -0.0270232
  20.8600000   -0.0270015
  20.8800000   -0.0274304
  20.9000000   -0.0281021
  20.9200000   -0.0288265
  20.9400000   -0.0294416
  20.9600000   -0.0298231
  20.9800000   -0.0298926
  21.0000000   -0.0296243
  21.0200000   -0.0290511
  21.0400000   -0.0282705
  21.0600000   -0.0274515
  21.0800000   -0.0268435
  21.1000000   -0.0267897
  21.1200000   -0.0277440
  21.1400000   -0.0302935
  21.1600000   -0.0351832
  21.1800000   -0.0433404
  21.2000000   -0.0558931
  21.2200000   -0.0741745
  21.2400000   -0.0997044
  21.2600000   -0.1341392
  21.2800000   -0.1791807
  21.3000000   -0.2364416
  21.3200000   -0.3072679
  21.3400000   -0.3925284
  21.3600000   -0.4923888
  21.3800000   -0.6060971
  21.4000000   -0.7318122
  21.4200000   -0.8665106
  21.4400000   -1.0059998
  21.4600000   -1.1450624
  21.4800000   -1.2777323
  21.5000000   -1.3976928
  21.5200000   -1.4987617
  21.5400000   -1.5754130
  21.5600000   -1.6232752
  21.5800000   -1.6395441
  21.6000000   -1.6232551
  21.6200000   -1.5753788
  21.6400000   -1.4987274
  21.6600000   -1.3976842
  21.6800000   -1.2777930
  21.7000000   -1.1452609
  21.7200000   -1.0064368
  21.7400000   -0.8673270
  21.7600000   -0.7331951
  21.7800000   -0.6082829
  21.8000000   -0.4956629
  21.8200000   -0.3972186
  21.8400000   -0.3137318
  21.8600000   -0.2450477
  21.8800000   -0.1902839
  21.9000000   -0.1480524
  21.9200000   -0.1166701
  21.9400000   -0.0943385
  21.9600000   -0.0792862
  21.9800000   -0.0698695
  22.0000000   -0.0646357
  22.0200000   -0.0623563
  22.0400000   -0.0620349
  22.0600000   -0.0629000
  22.0800000   -0.0643874
  22.1000000   -0.0661172
  22.1200000   -0.0678685
  22.1400000   -0.0695549
  22.1600000   -0.0712014
  22.1800000   -0.0729223
  22.2000000   -0.0749017
  22.2200000   -0.0773743
  22.2400000   -0.0806068
  22.2600000   -0.0848782
  22.2800000   -0.0904590
  22.3000000   -0.0975883
  22.3200000   -0.1064512
  22.3400000   -0.1171554
  22.3600000   -0.1297117
  22.3800000   -0.1440195
  22.4000000   -0.1598601
  22.4200000   -0.1768995
  22.4400000   -0.1947022
  22.4600000   -0.2127540
  22.4800000   -0.2304927
  22.5000000   -0.2473438
  22.5200000   -0.2627545
  22.5400000   -0.2762261
  22.5600000   -0.2873370
  22.5800000   -0.2957577
  22.6000000   -0.3012551
  22.6200000   -0.3036889
  22.6400000   -0.3030020
  22.6600000   -0.2992102
  22.6800000   -0.2923934
  22.7000000   -0.2826934
  22.7200000   -0.2703184
  22.7400000   -0.2555553
  22.7600000   -0.2387858
  22.7800000   -0.2205021
  22.8000000   -0.2013168
  22.8200000   -0.1819607
  22.8400000   -0.1632640
  22.8600000   -0.1461199
  22.8800000   -0.1314300
  22.9000000   -0.1200388
  22.9200000   -0.1126626
  22.9400000   -0.1098249
  22.9600000   -0.1118052
  22.9800000   -0.1186121
  23.0000000   -0.1299825
  23.0200000   -0.1454096
  23.0400000   -0.1641937
  23.0600000   -0.1855092
  23.0800000   -0.2084762
  23.1000000   -0.2322283
  23.1200000   -0.2559649
  23.1400000   -0.2789854
  23.1600000   -0.3007006
  23.1800000   -0.3206263
  23.2000000   -0.3383625
  23.2200000   -0.3535679
  23.2400000   -0.3659357
  23.2600000   -0.3751788
  23.2800000   -0.3810264
  23.3000000   -0.3832342
  23.3200000   -0.3816061
  23.3400000   -0.3760212
  23.3600000   -0.3664622
  23.3800000   -0.3530381
  23.4000000   -0.3359973
  23.4200000   -0.3157269
  23.4400000   -0.2927385
  23.4600000   -0.2676406
  23.4800000   -0.2411020
  23.5000000   -0.2138077
  23.5200000   -0.1864155
  23.5400000   -0.1595137
  23.5600000   -0.1335879
  23.5800000   -0.1089962
  23.6000000   -0.0859584
  23.6200000   -0.0645572
  23.6400000   -0.0447528
  23.6600000   -0.0264087
  23.6800000   -0.0093258
  23.7000000    0.0067190
  23.7200000    0.0219325
  23.7400000    0.0364705
  23.7600000    0.0504098
  23.7800000    0.0637325
  23.8000000    0.0763223
  23.8200000    0.0879745
  23.8400000    0.0984169
  23.8600000    0.1073387
  23.8800000    0.1144227
  23.9000000    0.1193759
  23.9200000    0.1219530
  23.9400000    0.1219694
  23.9600000    0.1193001
  23.9800000    0.1138647
  24.0000000    0.1055985
  24.0200000    0.0944146
  24.0400000    0.0801612
  24.0600000    0.0625821
  24.0800000    0.0412870
  24.1000000    0.0157412
  24.1200000   -0.0147201
  24.1400000   -0.0508467
  24.1600000   -0.0933958
  24.1800000   -0.1430245
  24.2000000   -0.2001588
  24.2200000   -0.2648524
  24.2400000   -0.3366505
  24.2600000   -0.4144794
  24.2800000   -0.4965814
  24.3000000   -0.5805139
  24.3200000   -0.6632236
  24.3400000   -0.7411999
  24.3600000   -0.8107002
  24.3800000   -0.8680275
  24.4000000   -0.9098346
  24.4200000   -0.9334173
  24.4400000   -0.9369658
  24.4600000   -0.9197385
  24.4800000   -0.8821403
  24.5000000   -0.8256946
  24.5200000   -0.7529125
  24.5400000   -0.6670797
  24.5600000   -0.5719861
  24.5800000   -0.4716324
  24.6000000   -0.3699461
  24.6200000   -0.2705347
  24.6400000   -0.1764979
  24.6600000   -0.0903079
  24.6800000   -0.0137604
  24.7000000    0.0520117
  24.7200000    0.1064751
  24.7400000    0.1495992
  24.7600000    0.1817441
  24.7800000    0.2035466
  24.8000000    0.2158198
  24.8200000    0.2194710
  24.8400000    0.2154437
  24.8600000    0.2046831
  24.8800000    0.1881195
  24.9000000    0.1666657
  24.9200000    0.1412203
  24.9400000    0.1126704
  24.9600000    0.0818907
  24.9800000    0.0497344
  25.0000000    0.0170188
  25.0200000   -0.0154944
  25.0400000   -0.0471185
  25.0600000   -0.0772579
  25.0800000   -0.1054181
  25.1000000   -0.1312068
  25.1200000   -0.1543267
  25.1400000   -0.1745635
  25.1600000   -0.1917694
  25.1800000   -0.2058492
  25.2000000   -0.2167502
  25.2200000   -0.2244598
  25.2400000   -0.2290122
  25.2600000   -0.2305024
  25.2800000   -0.2291058
  25.3000000   -0.2250996
  25.3200000   -0.2188800
  25.3400000   -0.2109706
  25.3600000   -0.2020162
  25.3800000   -0.1927595
  25.4000000   -0.1839989
  25.4200000   -0.1765296
  25.4400000   -0.1710737
  25.4600000   -0.1682065
  25.4800000   -0.1682898
  25.5000000   -0.1714225
  25.5200000   -0.1774175
  25.5400000   -0.1858113
  25.5600000   -0.1959081
  25.5800000   -0.2068547
  25.6000000   -0.2177371
  25.6200000   -0.2276859
  25.6400000   -0.2359763
  25.6600000   -0.2421066
  25.6800000   -0.2458446
  25.7000000   -0.2472341
  25.7200000   -0.2465616
  25.7400000   -0.2442890
  25.7600000   -0.2409643
  25.7800000   -0.2371258
  25.8000000   -0.2332160
  25.8200000   -0.2295204
  25.8400000   -0.2261412
  25.8600000   -0.2230096
  25.8800000   -0.2199355
  25.9000000   -0.2166842
  25.9200000   -0.2130673
  25.9400000   -0.2090324
  25.9600000   -0.2047345
  25.9800000   -0.2005769
  26.0000000   -0.1972130
  26.0200000   -0.1955053
  26.0400000   -0.1964446
  26.0600000   -0.2010378
  26.0800000   -0.2101776
  26.1000000   -0.2245084
  26.1200000   -0.2443051
  26.1400000   -0.2693822
  26.1600000   -0.2990438
  26.1800000   -0.3320862
  26.2000000   -0.3668547
  26.2200000   -0.4013531
  26.2400000   -0.4333971
  26.2600000   -0.4607955
  26.2800000   -0.4815406
  26.3000000   -0.4939873
  26.3200000   -0.4969992
  26.3400000   -0.4900467
  26.3600000   -0.4732450
  26.3800000   -0.4473313
  26.4000000   -0.4135851
  26.4200000   -0.3737046
  26.4400000   -0.3296564
  26.4600000   -0.2835173
  26.4800000   -0.2373256
  26.5000000   -0.1929567
  26.5200000   -0.1520308
  26.5400000   -0.1158553
  26.5600000   -0.0854007
  26.5800000   -0.0613020
  26.6000000   -0.0438784
  26.6200000   -0.0331635
  26.6400000   -0.0289388
  26.6600000   -0.0307665
  26.6800000   -0.0380201
  26.7000000   -0.0499135
  26.7200000   -0.0655294
  26.7400000   -0.0838508
  26.7600000   -0.1037950
  26.7800000   -0.1242539
  26.8000000   -0.1441372
  26.8200000   -0.1624194
  26.8400000   -0.1781861
  26.8600000   -0.1906780
  26.8800000   -0.1993279
  26.9000000   -0.2037880
  26.9200000   -0.2039457
  26.9400000   -0.1999238
  26.9600000   -0.1920669
  26.9800000   -0.1809133
  27.0000000   -0.1671548
  27.0200000   -0.1515870
  27.0400000   -0.1350561
  27.0600000   -0.1184042
  27.0800000   -0.1024195
  27.1000000   -0.0877942
  27.1200000   -0.0750933
  27.1400000   -0.0647351
  27.1600000   -0.0569839
  27.1800000   -0.0519541
  27.2000000   -0.0496227
  27.2200000   -0.0498497
  27.2400000   -0.0524020
  27.2600000   -0.0569794
  27.2800000   -0.0632411
  27.3000000   -0.0708289
  27.3200000   -0.0793869
  27.3400000   -0.0885765
  27.3600000   -0.0980854
  27.3800000   -0.1076304
  27.4000000   -0.1169559
  27.4200000   -0.1258292
  27.4400000   -0.1340337
  27.4600000   -0.1413644
  27.4800000   -0.1476264
  27.5000000   -0.1526386
  27.5200000   -0.1562428
  27.5400000   -0.1583178
  27.5600000   -0.1587958
  27.5800000   -0.1576786
  27.6000000   -0.1550491
  27.6200000   -0.1510764
  27.6400000   -0.1460107
  27.6600000   -0.1401679
  27.6800000   -0.1339054
  27.7000000   -0.1275899
  27.7200000   -0.1215634
  27.7400000   -0.1161103
  27.7600000   -0.1114303
  27.7800000   -0.1076222
  27.8000000   -0.1046788
  27.8200000   -0.1024951
  27.8400000   -0.1008877
  27.8600000   -0.0996225
  27.8800000   -0.0984471
  27.9000000   -0.0971229
  27.9200000   -0.0954529
  27.9400000   -0.0933021
  27.9600000   -0.0906076
  27.9800000   -0.0873789
  28.0000000   -0.0836888
  28.0200000   -0.0796578
  28.0400000   -0.0754335
  28.0600000   -0.0711698
  28.0800000   -0.0670081
  28.1000000   -0.0630626
  28.1200000   -0.0594107
  28.1400000   -0.0560899
  28.1600000   -0.0530994
  28.1800000   -0.0504059
  28.2000000   -0.0479515
  28.2200000   -0.0456632
  28.2400000   -0.0434617
  28.2600000   -0.0412681
  28.2800000   -0.0390098
  28.3000000   -0.0366234
  28.3200000   -0.0340566
  28.3400000   -0.0312678
  28.3600000   -0.0282258
  28.3800000   -0.0249089
  28.4000000   -0.0213042
  28.4200000   -0.0174078
  28.4400000   -0.0132251
  28.4600000   -0.0087722
  28.4800000   -0.0040773
  28.5000000    0.0008179
  28.5200000    0.0058569
  28.5400000    0.0109682
  28.5600000    0.0160653
  28.5800000    0.0210490
  28.6000000    0.0258103
  28.6200000    0.0302343
  28.6400000    0.0342058
  28.6600000    0.0376155
  28.6800000    0.0403666
  28.7000000    0.0423808
  28.7200000    0.0436044
  28.7400000    0.0440124
  28.7600000    0.0436117
  28.7800000    0.0424410
  28.8000000    0.0405699
  28.8200000    0.0380945
  28.8400000    0.0351318
  28.8600000    0.0318132
  28.8800000    0.0282758
  28.9000000    0.0246557
  28.9200000    0.0210808
  28.9400000    0.0176652
  28.9600000    0.0145061
  28.9800000    0.0116816
  29.0000000    0.0092516
  29.0200000    0.0072587
  29.0400000    0.0057312
  29.0600000    0.0046865
  29.0800000    0.0041334
  29.1000000    0.0040748
  29.1200000    0.0045089
  29.1400000    0.0054294
  29.1600000    0.0068249
  29.1800000    0.0086771
  29.2000000    0.0109591
  29.2200000    0.0136334
  29.2400000    0.0166510
  29.2600000    0.0199511
  29.2800000    0.0234623
  29.3000000    0.0271052
  29.3200000    0.0307967
  29.3400000    0.0344550
  29.3600000    0.0380055
  29.3800000    0.0413865
  29.4000000    0.0445539
  29.4200000    0.0474845
  29.4400000    0.0501760
  29.4600000    0.0526437
  29.4800000    0.0549115
  29.5000000    0.0569968
  29.5200000    0.0588870
  29.5400000    0.0605053
  29.5600000    0.0616633
  29.5800000    0.0619971
  29.6000000    0.0608848
  29.6200000    0.0573427
  29.6400000    0.0499013
  29.6600000    0.0364655
  29.6800000    0.0141693
  29.7000000   -0.0207579
  29.7200000   -0.0730874
  29.7400000   -0.1486159
  29.7600000   -0.2540802
  29.7800000   -0.3969236
  29.8000000   -0.5848806
  29.8200000   -0.8253660
  29.8400000   -1.1246755
  29.8600000   -1.4870440
  29.8800000   -1.9136392
  29.9000000   -2.4016106
  29.9200000   -2.9433284
  29.9400000   -3.5259683
  29.9600000   -4.1315660
  29.9800000   -4.7376372
  30.0000000   -5.3183769
