 -10.0000000   -0.0235325
  -9.9800000   -0.0363275
  -9.9600000   -0.0486097
  -9.9400000   -0.0600500
  -9.9200000   -0.0703600
  -9.9000000   -0.0793114
  -9.8800000   -0.0867507
  -9.8600000   -0.0926065
  -9.8400000   -0.0968899
  -9.8200000   -0.0996889
  -9.8000000   -0.1011556
  -9.7800000   -0.1014901
  -9.7600000   -0.1009219
  -9.7400000   -0.0996915
  -9.7200000   -0.0980332
  -9.7000000   -0.0961613
  -9.6800000   -0.0942601
  -9.6600000   -0.0924772
  -9.6400000   -0.0909210
  -9.6200000   -0.0896605
  -9.6000000   -0.0887276
  -9.5800000   -0.0881208
  -9.5600000   -0.0878103
  -9.5400000   -0.0877428
  -9.5200000   -0.0878484
  -9.5000000   -0.0880468
  -9.4800000   -0.0882538
  -9.4600000   -0.0883888
  -9.4400000   -0.0883805
  -9.4200000   -0.0881731
  -9.4000000   -0.0877295
  -9.3800000   -0.0870340
  -9.3600000   -0.0860915
  -9.3400000   -0.0849253
  -9.3200000   -0.0835725
  -9.3000000   -0.0820782
  -9.2800000   -0.0804882
  -9.2600000   -0.0788428
  -9.2400000   -0.0771703
  -9.2200000   -0.0754818
  -9.2000000   -0.0737680
  -9.1800000   -0.0719975
  -9.1600000   -0.0701171
  -9.1400000   -0.0680537
  -9.1200000   -0.0657190
  -9.1000000   -0.0630148
  -9.0800000   -0.0598409
  -9.0600000   -0.0561047
  -9.0400000   -0.0517307
  -9.0200000   -0.0466717
  -9.0000000   -0.0409189
  -8.9800000   -0.0345099
  -8.9600000   -0.0275343
  -8.9400000   -0.0201348
  -8.9200000   -0.0125028
  -8.9000000   -0.0048695
  -8.8800000    0.0025094
  -8.8600000    0.0093716
  -8.8400000    0.0154688
  -8.8200000    0.0205872
  -8.8000000    0.0245649
  -8.7800000    0.0273043
  -8.7600000    0.0287789
  -8.7400000    0.0290314
  -8.7200000    0.0281668
  -8.7000000    0.0263379
  -8.6800000    0.0237294
  -8.6600000    0.0205392
  -8.6400000    0.0169617
  -8.6200000    0.0131753
  -8.6000000    0.0093332
  -8.5800000    0.0055602
  -8.5600000    0.0019549
  -8.5400000   -0.0014057
  -8.5200000   -0.0044581
  -8.5000000   -0.0071444
  -8.4800000   -0.0094057
  -8.4600000   -0.0111781
  -8.4400000   -0.0123917
  -8.4200000   -0.0129737
  -8.4000000   -0.0128546
  -8.3800000   -0.0119765
  -8.3600000   -0.0103031
  -8.3400000   -0.0078289
  -8.3200000   -0.0045869
  -8.3000000   -0.0006536
  -8.2800000    0.0038506
  -8.2600000    0.0087651
  -8.2400000    0.0138970
  -8.2200000    0.0190334
  -8.2000000    0.0239569
  -8.1800000    0.0284617
  -8.1600000    0.0323704
  -8.1400000    0.0355478
  -8.1200000    0.0379114
  -8.1000000    0.0394374
  -8.0800000    0.0401598
  -8.0600000    0.0401657
  -8.0400000    0.0395839
  -8.0200000    0.0385719
  -8.0000000    0.0372996
  -7.9800000    0.0359342
  -7.9600000    0.0346262
  -7.9400000    0.0334991
  -7.9200000    0.0326426
  -7.9000000    0.0321106
  -7.8800000    0.0319226
  -7.8600000    0.0320689
  -7.8400000    0.0325173
  -7.8200000    0.0332215
  -7.8000000    0.0341283
  -7.7800000    0.0351847
  -7.7600000    0.0363424
  -7.7400000    0.0375612
  -7.7200000    0.0388100
  -7.7000000    0.0400657
  -7.6800000    0.0413121
  -7.6600000    0.0425377
  -7.6400000    0.0437331
  -7.6200000    0.0448901
  -7.6000000    0.0460003
  -7.5800000    0.0470552
  -7.5600000    0.0480466
  -7.5400000    0.0489679
  -7.5200000    0.0498145
  -7.5000000    0.0505850
  -7.4800000    0.0512805
  -7.4600000    0.0519046
  -7.4400000    0.0524613
  -7.4200000    0.0529534
  -7.4000000    0.0533800
  -7.3800000    0.0537340
  -7.3600000    0.0539996
  -7.3400000    0.0541503
  -7.3200000    0.0541476
  -7.3000000    0.0539400
  -7.2800000    0.0534628
  -7.2600000    0.0526389
  -7.2400000    0.0513807
  -7.2200000    0.0495939
  -7.2000000    0.0471825
  -7.1800000    0.0440571
  -7.1600000    0.0401444
  -7.1400000    0.0353992
  -7.1200000    0.0298173
  -7.1000000    0.0234481
  -7.0800000    0.0164045
  -7.0600000    0.0088689
  -7.0400000    0.0010925
  -7.0200000   -0.0066125
  -7.0000000   -0.0138901
  -6.9800000   -0.0203636
  -6.9600000   -0.0256652
  -6.9400000   -0.0294677
  -6.9200000   -0.0315140
  -6.9000000   -0.0316422
  -6.8800000   -0.0298012
  -6.8600000   -0.0260559
  -6.8400000   -0.0205803
  -6.8200000   -0.0136406
  -6.8000000   -0.0055694
  -6.7800000    0.0032641
  -6.7600000    0.0124855
  -6.7400000    0.0217428
  -6.7200000    0.0307296
  -6.7000000    0.0391996
  -6.6800000    0.0469738
  -6.6600000    0.0539404
  -6.6400000    0.0600480
  -6.6200000    0.0652962
  -6.6000000    0.0697236
  -6.5800000    0.0733955
  -6.5600000    0.0763940
  -6.5400000    0.0788085
  -6.5200000    0.0807300
  -6.5000000    0.0822463
  -6.4800000    0.0834393
  -6.4600000    0.0843827
  -6.4400000    0.0851407
  -6.4200000    0.0857664
  -6.4000000    0.0863005
  -6.3800000    0.0867698
  -6.3600000    0.0871865
  -6.3400000    0.0875473
  -6.3200000    0.0878344
  -6.3000000    0.0880171
  -6.2800000    0.0880545
  -6.2600000    0.0878992
  -6.2400000    0.0875023
  -6.2200000    0.0868177
  -6.2000000    0.0858072
  -6.1800000    0.0844441
  -6.1600000    0.0827167
  -6.1400000    0.0806294
  -6.1200000    0.0782039
  -6.1000000    0.0754777
  -6.0800000    0.0725031
  -6.0600000    0.0693435
  -6.0400000    0.0660710
  -6.0200000    0.0627624
  -6.0000000    0.0594955
  -5.9800000    0.0563459
  -5.9600000    0.0533828
  -5.9400000    0.0506668
  -5.9200000    0.0482469
  -5.9000000    0.0461591
  -5.8800000    0.0444246
  -5.8600000    0.0430500
  -5.8400000    0.0420277
  -5.8200000    0.0413371
  -5.8000000    0.0409462
  -5.7800000    0.0408145
  -5.7600000    0.0408947
  -5.7400000    0.0411358
  -5.7200000    0.0414854
  -5.7000000    0.0418916
  -5.6800000    0.0423050
  -5.6600000    0.0426800
  -5.6400000    0.0429764
  -5.6200000    0.0431604
  -5.6000000    0.0432055
  -5.5800000    0.0430933
  -5.5600000    0.0428139
  -5.5400000    0.0423663
  -5.5200000    0.0417581
  -5.5000000    0.0410048
  -5.4800000    0.0401283
  -5.4600000    0.0391559
  -5.4400000    0.0381182
  -5.4200000    0.0370472
  -5.4000000    0.0359752
  -5.3800000    0.0349327
  -5.3600000    0.0339484
  -5.3400000    0.0330486
  -5.3200000    0.0322575
  -5.3000000    0.0315982
  -5.2800000    0.0310942
  -5.2600000    0.0307721
  -5.2400000    0.0306640
  -5.2200000    0.0308124
  -5.2000000    0.0312752
  -5.1800000    0.0321324
  -5.1600000    0.0334937
  -5.1400000    0.0355073
  -5.1200000    0.0383677
  -5.1000000    0.0423219
  -5.0800000    0.0476723
  -5.0600000    0.0547734
  -5.0400000    0.0640200
  -5.0200000    0.0758254
  -5.0000000    0.0905882
  -4.9800000    0.1086476
  -4.9600000    0.1302302
  -4.9400000    0.1553924
  -4.9200000    0.1839653
  -4.9000000    0.2155094
  -4.8800000    0.2492889
  -4.8600000    0.2842733
  -4.8400000    0.3191705
  -4.8200000    0.3524955
  -4.8000000    0.3826688
  -4.7800000    0.4081378
  -4.7600000    0.4275088
  -4.7400000    0.4396728
  -4.7200000    0.4439101
  -4.7000000    0.4399602
  -4.6800000    0.4280470
  -4.6600000    0.4088552
  -4.6400000    0.3834631
  -4.6200000    0.3532388
  -4.6000000    0.3197162
  -4.5800000    0.2844637
  -4.5600000    0.2489635
  -4.5400000    0.2145133
  -4.5200000    0.1821580
  -4.5000000    0.1526556
  -4.4800000    0.1264755
  -4.4600000    0.1038225
  -4.4400000    0.0846801
  -4.4200000    0.0688636
  -4.4000000    0.0560743
  -4.3800000    0.0459498
  -4.3600000    0.0381046
  -4.3400000    0.0321609
  -4.3200000    0.0277674
  -4.3000000    0.0246103
  -4.2800000    0.0224164
  -4.2600000    0.0209522
  -4.2400000    0.0200211
  -4.2200000    0.0194592
  -4.2000000    0.0191326
  -4.1800000    0.0189350
  -4.1600000    0.0187858
  -4.1400000    0.0186295
  -4.1200000    0.0184341
  -4.1000000    0.0181892
  -4.0800000    0.0179037
  -4.0600000    0.0176015
  -4.0400000    0.0173183
  -4.0200000    0.0170960
  -4.0000000    0.0169782
  -3.9800000    0.0170061
  -3.9600000    0.0172141
  -3.9400000    0.0176274
  -3.9200000    0.0182601
  -3.9000000    0.0191138
  -3.8800000    0.0201788
  -3.8600000    0.0214344
  -3.8400000    0.0228510
  -3.8200000    0.0243923
  -3.8000000    0.0260181
  -3.7800000    0.0276868
  -3.7600000    0.0293582
  -3.7400000    0.0309962
  -3.7200000    0.0325708
  -3.7000000    0.0340605
  -3.6800000    0.0354537
  -3.6600000    0.0367497
  -3.6400000    0.0379593
  -3.6200000    0.0391050
  -3.6000000    0.0402193
  -3.5800000    0.0413434
  -3.5600000    0.0425244
  -3.5400000    0.0438113
  -3.5200000    0.0452506
  -3.5000000    0.0468822
  -3.4800000    0.0487347
  -3.4600000    0.0508216
  -3.4400000    0.0531401
  -3.4200000    0.0556700
  -3.4000000    0.0583767
  -3.3800000    0.0612152
  -3.3600000    0.0641362
  -3.3400000    0.0670933
  -3.3200000    0.0700506
  -3.3000000    0.0729884
  -3.2800000    0.0759078
  -3.2600000    0.0788317
  -3.2400000    0.0818022
  -3.2200000    0.0848755
  -3.2000000    0.0881130
  -3.1800000    0.0915707
  -3.1600000    0.0952881
  -3.1400000    0.0992775
  -3.1200000    0.1035166
  -3.1000000    0.1079438
  -3.0800000    0.1124582
  -3.0600000    0.1169252
  -3.0400000    0.1211860
  -3.0200000    0.1250705
  -3.0000000    0.1284135
  -2.9800000    0.1310697
  -2.9600000    0.1329281
  -2.9400000    0.1339224
  -2.9200000    0.1340369
  -2.9000000    0.1333072
  -2.8800000    0.1318151
  -2.8600000    0.1296796
  -2.8400000    0.1270444
  -2.8200000    0.1240648
  -2.8000000    0.1208944
  -2.7800000    0.1176739
  -2.7600000    0.1145233
  -2.7400000    0.1115370
  -2.7200000    0.1087827
  -2.7000000    0.1063031
  -2.6800000    0.1041197
  -2.6600000    0.1022377
  -2.6400000    0.1006515
  -2.6200000    0.0993503
  -2.6000000    0.0983230
  -2.5800000    0.0975635
  -2.5600000    0.0970771
  -2.5400000    0.0968869
  -2.5200000    0.0970433
  -2.5000000    0.0976350
  -2.4800000    0.0988039
  -2.4600000    0.1007614
  -2.4400000    0.1038059
  -2.4200000    0.1083406
  -2.4000000    0.1148856
  -2.3800000    0.1240835
  -2.3600000    0.1366914
  -2.3400000    0.1535556
  -2.3200000    0.1755649
  -2.3000000    0.2035805
  -2.2800000    0.2383427
  -2.2600000    0.2803607
  -2.2400000    0.3297940
  -2.2200000    0.3863383
  -2.2000000    0.4491353
  -2.1800000    0.5167213
  -2.1600000    0.5870334
  -2.1400000    0.6574827
  -2.1200000    0.7250992
  -2.1000000    0.7867426
  -2.0800000    0.8393605
  -2.0600000    0.8802713
  -2.0400000    0.9074388
  -2.0200000    0.9197067
  -2.0000000    0.9169619
  -1.9800000    0.9002072
  -1.9600000    0.8715297
  -1.9400000    0.8339692
  -1.9200000    0.7912966
  -1.9000000    0.7477267
  -1.8800000    0.7075908
  -1.8600000    0.6749996
  -1.8400000    0.6535232
  -1.8200000    0.6459114
  -1.8000000    0.6538744
  -1.7800000    0.6779370
  -1.7600000    0.7173766
  -1.7400000    0.7702501
  -1.7200000    0.8335116
  -1.7000000    0.9032149
  -1.6800000    0.9747924
  -1.6600000    1.0433894
  -1.6400000    1.1042299
  -1.6200000    1.1529803
  -1.6000000    1.1860780
  -1.5800000    1.2009903
  -1.5600000    1.1963767
  -1.5400000    1.1721410
  -1.5200000    1.1293672
  -1.5000000    1.0701551
  -1.4800000    0.9973775
  -1.4600000    0.9143936
  -1.4400000    0.8247532
  -1.4200000    0.7319263
  -1.4000000    0.6390816
  -1.3800000    0.5489330
  -1.3600000    0.4636536
  -1.3400000    0.3848560
  -1.3200000    0.3136218
  -1.3000000    0.2505661
  -1.2800000    0.1959185
  -1.2600000    0.1496057
  -1.2400000    0.1113268
  -1.2200000    0.0806142
  -1.2000000    0.0568809
  -1.1800000    0.0394549
  -1.1600000    0.0276058
  -1.1400000    0.0205680
  -1.1200000    0.0175644
  -1.1000000    0.0178318
  -1.0800000    0.0206498
  -1.0600000    0.0253712
  -1.0400000    0.0314503
  -1.0200000    0.0384672
  -1.0000000    0.0461418
  -0.9800000    0.0543367
  -0.9600000    0.0630451
  -0.9400000    0.0723636
  -0.9200000    0.0824524
  -0.9000000    0.0934858
  -0.8800000    0.1055989
  -0.8600000    0.1188371
  -0.8400000    0.1331142
  -0.8200000    0.1481871
  -0.8000000    0.1636490
  -0.7800000    0.1789435
  -0.7600000    0.1933995
  -0.7400000    0.2062814
  -0.7200000    0.2168493
  -0.7000000    0.2244233
  -0.6800000    0.2284423
  -0.6600000    0.2285144
  -0.6400000    0.2244505
  -0.6200000    0.2162829
  -0.6000000    0.2042647
  -0.5800000    0.1888550
  -0.5600000    0.1706900
  -0.5400000    0.1505463
  -0.5200000    0.1292977
  -0.5000000    0.1078713
  -0.4800000    0.0872052
  -0.4600000    0.0682104
  -0.4400000    0.0517400
  -0.4200000    0.0385671
  -0.4000000    0.0293722
  -0.3800000    0.0247387
  -0.3600000    0.0251568
  -0.3400000    0.0310301
  -0.3200000    0.0426814
  -0.3000000    0.0603522
  -0.2800000    0.0841903
  -0.2600000    0.1142225
  -0.2400000    0.1503127
  -0.2200000    0.1921072
  -0.2000000    0.2389765
  -0.1800000    0.2899642
  -0.1600000    0.3437561
  -0.1400000    0.3986829
  -0.1200000    0.4527653
  -0.1000000    0.5038067
  -0.0800000    0.5495306
  -0.0600000    0.5877500
  -0.0400000    0.6165528
  -0.0200000    0.6344788
   0.0000000    0.6406656
   0.0200000    0.6349419
   0.0400000    0.6178543
   0.0600000    0.5906215
   0.0800000    0.5550215
   0.1000000    0.5132251
   0.1200000    0.4675973
   0.1400000    0.4204913
   0.1600000    0.3740589
   0.1800000    0.3300971
   0.2000000    0.2899461
   0.2200000    0.2544428
   0.2400000    0.2239290
   0.2600000    0.1983046
   0.2800000    0.1771142
   0.3000000    0.1596514
   0.3200000    0.1450674
   0.3400000    0.1324713
   0.3600000    0.1210146
   0.3800000    0.1099555
   0.4000000    0.0987021
   0.4200000    0.0868362
   0.4400000    0.0741220
   0.4600000    0.0605017
   0.4800000    0.0460832
   0.5000000    0.0311194
   0.5200000    0.0159827
   0.5400000    0.0011321
   0.5600000   -0.0129248
   0.5800000   -0.0256748
   0.6000000   -0.0366452
   0.6200000   -0.0454480
   0.6400000   -0.0518200
   0.6600000   -0.0556503
   0.6800000   -0.0569940
   0.7000000   -0.0560679
   0.7200000   -0.0532281
   0.7400000   -0.0489325
   0.7600000   -0.0436929
   0.7800000   -0.0380236
   0.8000000   -0.0323923
   0.8200000   -0.0271819
   0.8400000   -0.0226643
   0.8600000   -0.0189910
   0.8800000   -0.0161975
   0.9000000   -0.0142208
   0.9200000   -0.0129234
   0.9400000   -0.0121211
   0.9600000   -0.0116090
   0.9800000   -0.0111843
   1.0000000   -0.0106610
   1.0200000   -0.0098804
   1.0400000   -0.0087137
   1.0600000   -0.0070625
   1.0800000   -0.0048549
   1.1000000   -0.0020428
   1.1200000    0.0014013
   1.1400000    0.0054853
   1.1600000    0.0101966
   1.1800000    0.0154996
   1.2000000    0.0213316
   1.2200000    0.0275984
   1.2400000    0.0341719
   1.2600000    0.0408882
   1.2800000    0.0475512
   1.3000000    0.0539388
   1.3200000    0.0598145
   1.3400000    0.0649431
   1.3600000    0.0691086
   1.3800000    0.0721331
   1.4000000    0.0738939
   1.4200000    0.0743358
   1.4400000    0.0734777
   1.4600000    0.0714111
   1.4800000    0.0682905
   1.5000000    0.0643176
   1.5200000    0.0597210
   1.5400000    0.0547332
   1.5600000    0.0495698
   1.5800000    0.0444123
   1.6000000    0.0393968
   1.6200000    0.0346094
   1.6400000    0.0300889
   1.6600000    0.0258343
   1.6800000    0.0218167
   1.7000000    0.0179923
   1.7200000    0.0143156
   1.7400000    0.0107493
   1.7600000    0.0072725
   1.7800000    0.0038829
   1.8000000    0.0005974
   1.8200000   -0.0025525
   1.8400000   -0.0055268
   1.8600000   -0.0082849
   1.8800000   -0.0107938
   1.9000000   -0.0130359
   1.9200000   -0.0150156
   1.9400000   -0.0167629
   1.9600000   -0.0183336
   1.9800000   -0.0198051
   2.0000000   -0.0212666
   2.0200000   -0.0228038
   2.0400000   -0.0244765
   2.0600000   -0.0262932
   2.0800000   -0.0281815
   2.1000000   -0.0299605
   2.1200000   -0.0313190
   2.1400000   -0.0318057
   2.1600000   -0.0308364
   2.1800000   -0.0277234
   2.2000000   -0.0217282
   2.2200000   -0.0121375
   2.2400000    0.0016452
   2.2600000    0.0200005
   2.2800000    0.0430007
   2.3000000    0.0703374
   2.3200000    0.1012858
   2.3400000    0.1347117
   2.3600000    0.1691310
   2.3800000    0.2028140
   2.4000000    0.2339295
   2.4200000    0.2607082
   2.4400000    0.2816074
   2.4600000    0.2954549
   2.4800000    0.3015543
   2.5000000    0.2997379
   2.5200000    0.2903625
   2.5400000    0.2742514
   2.5600000    0.2525925
   2.5800000    0.2268081
   2.6000000    0.1984143
   2.6200000    0.1688879
   2.6400000    0.1395544
   2.6600000    0.1115076
   2.6800000    0.0855641
   2.7000000    0.0622530
   2.7200000    0.0418339
   2.7400000    0.0243378
   2.7600000    0.0096201
   2.7800000   -0.0025815
   2.8000000   -0.0125920
   2.8200000   -0.0207517
   2.8400000   -0.0273805
   2.8600000   -0.0327539
   2.8800000   -0.0370911
   2.9000000   -0.0405526
   2.9200000   -0.0432457
   2.9400000   -0.0452346
   2.9600000   -0.0465522
   2.9800000   -0.0472115
   3.0000000   -0.0472149
   3.0200000   -0.0465603
   3.0400000   -0.0452438
   3.0600000   -0.0432597
   3.0800000   -0.0405990
   3.1000000   -0.0372478
   3.1200000   -0.0331873
   3.1400000   -0.0283956
   3.1600000   -0.0228541
   3.1800000   -0.0165554
   3.2000000   -0.0095138
   3.2200000   -0.0017765
   3.2400000    0.0065684
   3.2600000    0.0153863
   3.2800000    0.0244967
   3.3000000    0.0336807
   3.3200000    0.0426929
   3.3400000    0.0512793
   3.3600000    0.0591961
   3.3800000    0.0662287
   3.4000000    0.0722066
   3.4200000    0.0770137
   3.4400000    0.0805920
   3.4600000    0.0829389
   3.4800000    0.0841013
   3.5000000    0.0841661
   3.5200000    0.0832512
   3.5400000    0.0814991
   3.5600000    0.0790728
   3.5800000    0.0761554
   3.6000000    0.0729516
   3.6200000    0.0696889
   3.6400000    0.0666174
   3.6600000    0.0640053
   3.6800000    0.0621288
   3.7000000    0.0612579
   3.7200000    0.0616371
   3.7400000    0.0634652
   3.7600000    0.0668764
   3.7800000    0.0719258
   3.8000000    0.0785828
   3.8200000    0.0867329
   3.8400000    0.0961898
   3.8600000    0.1067158
   3.8800000    0.1180477
   3.9000000    0.1299241
   3.9200000    0.1421104
   3.9400000    0.1544167
   3.9600000    0.1667045
   3.9800000    0.1788820
   4.0000000    0.1908876
   4.0200000    0.2026646
   4.0400000    0.2141324
   4.0600000    0.2251591
   4.0800000    0.2355433
   4.1000000    0.2450086
   4.1200000    0.2532147
   4.1400000    0.2597855
   4.1600000    0.2643510
   4.1800000    0.2665964
   4.2000000    0.2663136
   4.2200000    0.2634435
   4.2400000    0.2581042
   4.2600000    0.2505976
   4.2800000    0.2413937
   4.3000000    0.2310911
   4.3200000    0.2203592
   4.3400000    0.2098688
   4.3600000    0.2002182
   4.3800000    0.1918668
   4.4000000    0.1850823
   4.4200000    0.1799099
   4.4400000    0.1761678
   4.4600000    0.1734699
   4.4800000    0.1712729
   4.5000000    0.1689439
   4.5200000    0.1658376
   4.5400000    0.1613768
   4.5600000    0.1551238
   4.5800000    0.1468354
   4.6000000    0.1364949
   4.6200000    0.1243179
   4.6400000    0.1107316
   4.6600000    0.0963325
   4.6800000    0.0818273
   4.7000000    0.0679648
   4.7200000    0.0554672
   4.7400000    0.0449667
   4.7600000    0.0369546
   4.7800000    0.0317442
   4.8000000    0.0294510
   4.8200000    0.0299883
   4.8400000    0.0330787
   4.8600000    0.0382782
   4.8800000    0.0450099
   4.9000000    0.0526074
   4.9200000    0.0603620
   4.9400000    0.0675728
   4.9600000    0.0735955
   4.9800000    0.0778871
   5.0000000    0.0800427
   5.0200000    0.0798195
   5.0400000    0.0771490
   5.0600000    0.0721329
   5.0800000    0.0650244
   5.1000000    0.0561972
   5.1200000    0.0461057
   5.1400000    0.0352401
   5.1600000    0.0240825
   5.1800000    0.0130683
   5.2000000    0.0025565
   5.2200000   -0.0071893
   5.2400000   -0.0160071
   5.2600000   -0.0238327
   5.2800000   -0.0306869
   5.3000000   -0.0366565
   5.3200000   -0.0418729
   5.3400000   -0.0464905
   5.3600000   -0.0506674
   5.3800000   -0.0545501
   5.4000000   -0.0582619
   5.4200000   -0.0618972
   5.4400000   -0.0655186
   5.4600000   -0.0691584
   5.4800000   -0.0728220
   5.5000000   -0.0764938
   5.5200000   -0.0801428
   5.5400000   -0.0837288
   5.5600000   -0.0872083
   5.5800000   -0.0905379
   5.6000000   -0.0936771
   5.6200000   -0.0965888
   5.6400000   -0.0992389
   5.6600000   -0.1015945
   5.6800000   -0.1036220
   5.7000000   -0.1052855
   5.7200000   -0.1065464
   5.7400000   -0.1073648
   5.7600000   -0.1077018
   5.7800000   -0.1075242
   5.8000000   -0.1068088
   5.8200000   -0.1055479
   5.8400000   -0.1037535
   5.8600000   -0.1014593
   5.8800000   -0.0987222
   5.9000000   -0.0956194
   5.9200000   -0.0922445
   5.9400000   -0.0887016
   5.9600000   -0.0850977
   5.9800000   -0.0815351
   6.0000000   -0.0781045
   6.0200000   -0.0748793
   6.0400000   -0.0719117
   6.0600000   -0.0692319
   6.0800000   -0.0668487
   6.1000000   -0.0647534
   6.1200000   -0.0629241
   6.1400000   -0.0613324
   6.1600000   -0.0599500
   6.1800000   -0.0587548
   6.2000000   -0.0577366
   6.2200000   -0.0569014
   6.2400000   -0.0562732
   6.2600000   -0.0558955
   6.2800000   -0.0558297
   6.3000000   -0.0561525
   6.3200000   -0.0569523
   6.3400000   -0.0583236
   6.3600000   -0.0603619
   6.3800000   -0.0631571
   6.4000000   -0.0667862
   6.4200000   -0.0713068
   6.4400000   -0.0767485
   6.4600000   -0.0831054
   6.4800000   -0.0903282
   6.5000000   -0.0983177
   6.5200000   -0.1069204
   6.5400000   -0.1159273
   6.5600000   -0.1250778
   6.5800000   -0.1340686
   6.6000000   -0.1425690
   6.6200000   -0.1502410
   6.6400000   -0.1567638
   6.6600000   -0.1618591
   6.6800000   -0.1653156
   6.7000000   -0.1670080
   6.7200000   -0.1669102
   6.7400000   -0.1650975
   6.7600000   -0.1617407
   6.7800000   -0.1570896
   6.8000000   -0.1514501
   6.8200000   -0.1451562
   6.8400000   -0.1385411
   6.8600000   -0.1319101
   6.8800000   -0.1255186
   6.9000000   -0.1195567
   6.9200000   -0.1141421
   6.9400000   -0.1093204
   6.9600000   -0.1050726
   6.9800000   -0.1013278
   7.0000000   -0.0979798
   7.0200000   -0.0949039
   7.0400000   -0.0919749
   7.0600000   -0.0890805
   7.0800000   -0.0861334
   7.1000000   -0.0830769
   7.1200000   -0.0798875
   7.1400000   -0.0765723
   7.1600000   -0.0731637
   7.1800000   -0.0697107
   7.2000000   -0.0662708
   7.2200000   -0.0629006
   7.2400000   -0.0596489
   7.2600000   -0.0565518
   7.2800000   -0.0536303
   7.3000000   -0.0508906
   7.3200000   -0.0483261
   7.3400000   -0.0459220
   7.3600000   -0.0436596
   7.3800000   -0.0415208
   7.4000000   -0.0394925
   7.4200000   -0.0375693
   7.4400000   -0.0357549
   7.4600000   -0.0340627
   7.4800000   -0.0325142
   7.5000000   -0.0311367
   7.5200000   -0.0299605
   7.5400000   -0.0290144
   7.5600000   -0.0283222
   7.5800000   -0.0278985
   7.6000000   -0.0277455
   7.6200000   -0.0278507
   7.6400000   -0.0281860
   7.6600000   -0.0287084
   7.6800000   -0.0293627
   7.7000000   -0.0300849
   7.7200000   -0.0308083
   7.7400000   -0.0314687
   7.7600000   -0.0320110
   7.7800000   -0.0323941
   7.8000000   -0.0325953
   7.8200000   -0.0326127
   7.8400000   -0.0324657
   7.8600000   -0.0321933
   7.8800000   -0.0318519
   7.9000000   -0.0315102
   7.9200000   -0.0312442
   7.9400000   -0.0311319
   7.9600000   -0.0312472
   7.9800000   -0.0316546
   8.0000000   -0.0324044
   8.0200000   -0.0335284
   8.0400000   -0.0350369
   8.0600000   -0.0369168
   8.0800000   -0.0391314
   8.1000000   -0.0416220
   8.1200000   -0.0443113
   8.1400000   -0.0471086
   8.1600000   -0.0499164
   8.1800000   -0.0526380
   8.2000000   -0.0551835
   8.2200000   -0.0574767
   8.2400000   -0.0594571
   8.2600000   -0.0610810
   8.2800000   -0.0623185
   8.3000000   -0.0631474
   8.3200000   -0.0635456
   8.3400000   -0.0634831
   8.3600000   -0.0629139
   8.3800000   -0.0617711
   8.4000000   -0.0599658
   8.4200000   -0.0573904
   8.4400000   -0.0539259
   8.4600000   -0.0494548
   8.4800000   -0.0438767
   8.5000000   -0.0371253
   8.5200000   -0.0291868
   8.5400000   -0.0201154
   8.5600000   -0.0100464
   8.5800000    0.0007968
   8.6000000    0.0121023
   8.6200000    0.0234768
   8.6400000    0.0344617
   8.6600000    0.0445566
   8.6800000    0.0532504
   8.7000000    0.0600575
   8.7200000    0.0645547
   8.7400000    0.0664184
   8.7600000    0.0654549
   8.7800000    0.0616224
   8.8000000    0.0550414
   8.8200000    0.0459914
   8.8400000    0.0348935
   8.8600000    0.0222815
   8.8800000    0.0087620
   8.9000000   -0.0050309
   8.9200000   -0.0184824
   8.9400000   -0.0310415
   8.9600000   -0.0422578
   8.9800000   -0.0518078
   9.0000000   -0.0595087
   9.0200000   -0.0653185
   9.0400000   -0.0693226
   9.0600000   -0.0717099
   9.0800000   -0.0727415
   9.1000000   -0.0727147
   9.1200000   -0.0719281
   9.1400000   -0.0706506
   9.1600000   -0.0690983
   9.1800000   -0.0674206
   9.2000000   -0.0656968
   9.2200000   -0.0639419
   9.2400000   -0.0621207
   9.2600000   -0.0601657
   9.2800000   -0.0579975
   9.3000000   -0.0555435
   9.3200000   -0.0527527
   9.3400000   -0.0496054
   9.3600000   -0.0461163
   9.3800000   -0.0423326
   9.4000000   -0.0383272
   9.4200000   -0.0341894
   9.4400000   -0.0300145
   9.4600000   -0.0258940
   9.4800000   -0.0219079
   9.5000000   -0.0181193
   9.5200000   -0.0145726
   9.5400000   -0.0112937
   9.5600000   -0.0082923
   9.5800000   -0.0055660
   9.6000000   -0.0031043
   9.6200000   -0.0008936
   9.6400000    0.0010799
   9.6600000    0.0028265
   9.6800000    0.0043519
   9.7000000    0.0056559
   9.7200000    0.0067332
   9.7400000    0.0075740
   9.7600000    0.0081666
   9.7800000    0.0084991
   9.8000000    0.0085625
   9.8200000    0.0083530
   9.8400000    0.0078744
   9.8600000    0.0071399
   9.8800000    0.0061728
   9.9000000    0.0050064
   9.9200000    0.0036830
   9.9400000    0.0022519
   9.9600000    0.0007663
   9.9800000   -0.0007194
  10.0000000   -0.0021534
  10.0200000   -0.0034892
  10.0400000   -0.0046885
  10.0600000   -0.0057226
  10.0800000   -0.0065741
  10.1000000   -0.0072368
  10.1200000   -0.0077156
  10.1400000   -0.0080258
  10.1600000   -0.0081923
  10.1800000   -0.0082487
  10.2000000   -0.0082363
  10.2200000   -0.0082034
  10.2400000   -0.0082045
  10.2600000   -0.0082995
  10.2800000   -0.0085520
  10.3000000   -0.0090272
  10.3200000   -0.0097895
  10.3400000   -0.0108978
  10.3600000   -0.0124009
  10.3800000   -0.0143314
  10.4000000   -0.0167001
  10.4200000   -0.0194894
  10.4400000   -0.0226500
  10.4600000   -0.0260976
  10.4800000   -0.0297140
  10.5000000   -0.0333515
  10.5200000   -0.0368404
  10.5400000   -0.0400003
  10.5600000   -0.0426541
  10.5800000   -0.0446424
  10.6000000   -0.0458378
  10.6200000   -0.0461570
  10.6400000   -0.0455690
  10.6600000   -0.0440984
  10.6800000   -0.0418236
  10.7000000   -0.0388694
  10.7200000   -0.0353962
  10.7400000   -0.0315857
  10.7600000   -0.0276255
  10.7800000   -0.0236947
  10.8000000   -0.0199508
  10.8200000   -0.0165205
  10.8400000   -0.0134938
  10.8600000   -0.0109220
  10.8800000   -0.0088201
  10.9000000   -0.0071710
  10.9200000   -0.0059327
  10.9400000   -0.0050465
  10.9600000   -0.0044453
  10.9800000   -0.0040608
  11.0000000   -0.0038306
  11.0200000   -0.0037027
  11.0400000   -0.0036381
  11.0600000   -0.0036119
  11.0800000   -0.0036122
  11.1000000   -0.0036381
  11.1200000   -0.0036965
  11.1400000   -0.0037984
  11.1600000   -0.0039555
  11.1800000   -0.0041773
  11.2000000   -0.0044686
  11.2200000   -0.0048288
  11.2400000   -0.0052509
  11.2600000   -0.0057226
  11.2800000   -0.0062271
  11.3000000   -0.0067444
  11.3200000   -0.0072537
  11.3400000   -0.0077339
  11.3600000   -0.0081658
  11.3800000   -0.0085325
  11.4000000   -0.0088204
  11.4200000   -0.0090196
  11.4400000   -0.0091242
  11.4600000   -0.0091322
  11.4800000   -0.0090457
  11.5000000   -0.0088709
  11.5200000   -0.0086176
  11.5400000   -0.0082995
  11.5600000   -0.0079330
  11.5800000   -0.0075371
  11.6000000   -0.0071320
  11.6200000   -0.0067382
  11.6400000   -0.0063752
  11.6600000   -0.0060599
  11.6800000   -0.0058056
  11.7000000   -0.0056208
  11.7200000   -0.0055087
  11.7400000   -0.0054668
  11.7600000   -0.0054874
  11.7800000   -0.0055579
  11.8000000   -0.0056621
  11.8200000   -0.0057818
  11.8400000   -0.0058983
  11.8600000   -0.0059938
  11.8800000   -0.0060528
  11.9000000   -0.0060638
  11.9200000   -0.0060194
  11.9400000   -0.0059166
  11.9600000   -0.0057575
  11.9800000   -0.0055480
  12.0000000   -0.0052973
  12.0200000   -0.0050173
  12.0400000   -0.0047214
  12.0600000   -0.0044240
  12.0800000   -0.0041395
  12.1000000   -0.0038821
  12.1200000   -0.0036657
  12.1400000   -0.0035036
  12.1600000   -0.0034084
  12.1800000   -0.0033921
  12.2000000   -0.0034656
  12.2200000   -0.0036381
  12.2400000   -0.0039162
  12.2600000   -0.0043029
  12.2800000   -0.0047958
  12.3000000   -0.0053865
  12.3200000   -0.0060587
  12.3400000   -0.0067885
  12.3600000   -0.0075441
  12.3800000   -0.0082872
  12.4000000   -0.0089749
  12.4200000   -0.0095633
  12.4400000   -0.0100104
  12.4600000   -0.0102808
  12.4800000   -0.0103490
  12.5000000   -0.0102028
  12.5200000   -0.0098449
  12.5400000   -0.0092936
  12.5600000   -0.0085822
  12.5800000   -0.0077559
  12.6000000   -0.0068692
  12.6200000   -0.0059808
  12.6400000   -0.0051500
  12.6600000   -0.0044322
  12.6800000   -0.0038755
  12.7000000   -0.0035184
  12.7200000   -0.0033877
  12.7400000   -0.0034986
  12.7600000   -0.0038542
  12.7800000   -0.0044464
  12.8000000   -0.0052574
  12.8200000   -0.0062611
  12.8400000   -0.0074253
  12.8600000   -0.0087143
  12.8800000   -0.0100916
  12.9000000   -0.0115236
  12.9200000   -0.0129826
  12.9400000   -0.0144509
  12.9600000   -0.0159223
  12.9800000   -0.0174044
  13.0000000   -0.0189173
  13.0200000   -0.0204915
  13.0400000   -0.0221626
  13.0600000   -0.0239651
  13.0800000   -0.0259239
  13.1000000   -0.0280470
  13.1200000   -0.0303182
  13.1400000   -0.0326928
  13.1600000   -0.0350962
  13.1800000   -0.0374275
  13.2000000   -0.0395655
  13.2200000   -0.0413795
  13.2400000   -0.0427417
  13.2600000   -0.0435407
  13.2800000   -0.0436933
  13.3000000   -0.0431541
  13.3200000   -0.0419213
  13.3400000   -0.0400370
  13.3600000   -0.0375838
  13.3800000   -0.0346767
  13.4000000   -0.0314518
  13.4200000   -0.0280546
  13.4400000   -0.0246274
  13.4600000   -0.0212984
  13.4800000   -0.0181740
  13.5000000   -0.0153332
  13.5200000   -0.0128263
  13.5400000   -0.0106759
  13.5600000   -0.0088802
  13.5800000   -0.0074188
  13.6000000   -0.0062581
  13.6200000   -0.0053571
  13.6400000   -0.0046731
  13.6600000   -0.0041658
  13.6800000   -0.0038006
  13.7000000   -0.0035509
  13.7200000   -0.0033984
  13.7400000   -0.0033338
  13.7600000   -0.0033560
  13.7800000   -0.0034706
  13.8000000   -0.0036890
  13.8200000   -0.0040265
  13.8400000   -0.0045015
  13.8600000   -0.0051348
  13.8800000   -0.0059505
  13.9000000   -0.0069777
  13.9200000   -0.0082553
  13.9400000   -0.0098393
  13.9600000   -0.0118134
  13.9800000   -0.0143046
  14.0000000   -0.0175018
  14.0200000   -0.0216794
  14.0400000   -0.0272234
  14.0600000   -0.0346582
  14.0800000   -0.0446711
  14.1000000   -0.0581291
  14.1200000   -0.0760825
  14.1400000   -0.0997486
  14.1600000   -0.1304678
  14.1800000   -0.1696279
  14.2000000   -0.2185525
  14.2200000   -0.2783560
  14.2400000   -0.3497729
  14.2600000   -0.4329756
  14.2800000   -0.5274011
  14.3000000   -0.6316125
  14.3200000   -0.7432230
  14.3400000   -0.8589039
  14.3600000   -0.9744973
  14.3800000   -1.0852331
  14.4000000   -1.1860450
  14.4200000   -1.2719547
  14.4400000   -1.3384879
  14.4600000   -1.3820726
  14.4800000   -1.4003706
  14.5000000   -1.3924997
  14.5200000   -1.3591160
  14.5400000   -1.3023474
  14.5600000   -1.2255856
  14.5800000   -1.1331674
  14.6000000   -1.0299844
  14.6200000   -0.9210726
  14.6400000   -0.8112265
  14.6600000   -0.7046789
  14.6800000   -0.6048722
  14.7000000   -0.5143326
  14.7200000   -0.4346452
  14.7400000   -0.3665139
  14.7600000   -0.3098844
  14.7800000   -0.2641063
  14.8000000   -0.2281074
  14.8200000   -0.2005623
  14.8400000   -0.1800388
  14.8600000   -0.1651154
  14.8800000   -0.1544642
  14.9000000   -0.1469041
  14.9200000   -0.1414250
  14.9400000   -0.1371928
  14.9600000   -0.1335389
  14.9800000   -0.1299419
  15.0000000   -0.1260059
  15.0200000   -0.1214398
  15.0400000   -0.1160388
  15.0600000   -0.1096700
  15.0800000   -0.1022616
  15.1000000   -0.0937953
  15.1200000   -0.0843006
  15.1400000   -0.0738502
  15.1600000   -0.0625565
  15.1800000   -0.0505676
  15.2000000   -0.0380640
  15.2200000   -0.0252550
  15.2400000   -0.0123754
  15.2600000    0.0003186
  15.2800000    0.0125543
  15.3000000    0.0240495
  15.3200000    0.0345216
  15.3400000    0.0436993
  15.3600000    0.0513364
  15.3800000    0.0572265
  15.4000000    0.0612168
  15.4200000    0.0632181
  15.4400000    0.0632102
  15.4600000    0.0612393
  15.4800000    0.0574079
  15.5000000    0.0518565
  15.5200000    0.0447402
  15.5400000    0.0362007
  15.5600000    0.0263399
  15.5800000    0.0151975
  15.6000000    0.0027371
  15.6200000   -0.0111555
  15.6400000   -0.0266600
  15.6600000   -0.0439951
  15.6800000   -0.0633775
  15.7000000   -0.0849717
  15.7200000   -0.1088343
  15.7400000   -0.1348601
  15.7600000   -0.1627380
  15.7800000   -0.1919236
  15.8000000   -0.2216365
  15.8200000   -0.2508847
  15.8400000   -0.2785191
  15.8600000   -0.3033130
  15.8800000   -0.3240605
  15.9000000   -0.3396831
  15.9200000   -0.3493316
  15.9400000   -0.3524700
  15.9600000   -0.3489313
  15.9800000   -0.3389361
  16.0000000   -0.3230737
  16.0200000   -0.3022458
  16.0400000   -0.2775827
  16.0600000   -0.2503424
  16.0800000   -0.2218039
  16.1000000   -0.1931698
  16.1200000   -0.1654867
  16.1400000   -0.1395897
  16.1600000   -0.1160754
  16.1800000   -0.0953007
  16.2000000   -0.0774032
  16.2200000   -0.0623380
  16.2400000   -0.0499226
  16.2600000   -0.0398831
  16.2800000   -0.0318985
  16.3000000   -0.0256360
  16.3200000   -0.0207785
  16.3400000   -0.0170420
  16.3600000   -0.0141850
  16.3800000   -0.0120104
  16.4000000   -0.0103629
  16.4200000   -0.0091232
  16.4400000   -0.0082005
  16.4600000   -0.0075258
  16.4800000   -0.0070442
  16.5000000   -0.0067104
  16.5200000   -0.0064841
  16.5400000   -0.0063279
  16.5600000   -0.0062061
  16.5800000   -0.0060848
  16.6000000   -0.0059338
  16.6200000   -0.0057287
  16.6400000   -0.0054534
  16.6600000   -0.0051029
  16.6800000   -0.0046856
  16.7000000   -0.0042243
  16.7200000   -0.0037559
  16.7400000   -0.0033299
  16.7600000   -0.0030041
  16.7800000   -0.0028401
  16.8000000   -0.0028973
  16.8200000   -0.0032262
  16.8400000   -0.0038634
  16.8600000   -0.0048268
  16.8800000   -0.0061137
  16.9000000   -0.0077003
  16.9200000   -0.0095440
  16.9400000   -0.0115878
  16.9600000   -0.0137650
  16.9800000   -0.0160060
  17.0000000   -0.0182434
  17.0200000   -0.0204173
  17.0400000   -0.0224783
  17.0600000   -0.0243896
  17.0800000   -0.0261270
  17.1000000   -0.0276772
  17.1200000   -0.0290352
  17.1400000   -0.0302015
  17.1600000   -0.0311782
  17.1800000   -0.0319659
  17.2000000   -0.0325613
  17.2200000   -0.0329559
  17.2400000   -0.0331353
  17.2600000   -0.0330804
  17.2800000   -0.0327697
  17.3000000   -0.0321828
  17.3200000   -0.0313042
  17.3400000   -0.0301278
  17.3600000   -0.0286611
  17.3800000   -0.0269284
  17.4000000   -0.0249720
  17.4200000   -0.0228525
  17.4400000   -0.0206458
  17.4600000   -0.0184386
  17.4800000   -0.0163219
  17.5000000   -0.0143841
  17.5200000   -0.0127032
  17.5400000   -0.0113407
  17.5600000   -0.0103368
  17.5800000   -0.0097075
  17.6000000   -0.0094455
  17.6200000   -0.0095213
  17.6400000   -0.0098885
  17.6600000   -0.0104880
  17.6800000   -0.0112540
  17.7000000   -0.0121187
  17.7200000   -0.0130163
  17.7400000   -0.0138859
  17.7600000   -0.0146726
  17.7800000   -0.0153286
  17.8000000   -0.0158127
  17.8200000   -0.0160905
  17.8400000   -0.0161343
  17.8600000   -0.0159233
  17.8800000   -0.0154448
  17.9000000   -0.0146953
  17.9200000   -0.0136809
  17.9400000   -0.0124187
  17.9600000   -0.0109365
  17.9800000   -0.0092715
  18.0000000   -0.0074693
  18.0200000   -0.0055804
  18.0400000   -0.0036577
  18.0600000   -0.0017528
  18.0800000    0.0000867
  18.1000000    0.0018196
  18.1200000    0.0034122
  18.1400000    0.0048387
  18.1600000    0.0060804
  18.1800000    0.0071240
  18.2000000    0.0079595
  18.2200000    0.0085788
  18.2400000    0.0089739
  18.2600000    0.0091362
  18.2800000    0.0090568
  18.3000000    0.0087277
  18.3200000    0.0081436
  18.3400000    0.0073043
  18.3600000    0.0062173
  18.3800000    0.0049001
  18.4000000    0.0033819
  18.4200000    0.0017043
  18.4400000   -0.0000790
  18.4600000   -0.0019037
  18.4800000   -0.0036977
  18.5000000   -0.0053845
  18.5200000   -0.0068880
  18.5400000   -0.0081369
  18.5600000   -0.0090701
  18.5800000   -0.0096401
  18.6000000   -0.0098177
  18.6200000   -0.0095935
  18.6400000   -0.0089799
  18.6600000   -0.0080103
  18.6800000   -0.0067384
  18.7000000   -0.0052351
  18.7200000   -0.0035856
  18.7400000   -0.0018857
  18.7600000   -0.0002379
  18.7800000    0.0012518
  18.8000000    0.0024760
  18.8200000    0.0033279
  18.8400000    0.0037006
  18.8600000    0.0034868
  18.8800000    0.0025771
  18.9000000    0.0008590
  18.9200000   -0.0017829
  18.9400000   -0.0054639
  18.9600000   -0.0102933
  18.9800000   -0.0163636
  19.0000000   -0.0237370
  19.0200000   -0.0324286
  19.0400000   -0.0423899
  19.0600000   -0.0534952
  19.0800000   -0.0655332
  19.1000000   -0.0782082
  19.1200000   -0.0911516
  19.1400000   -0.1039445
  19.1600000   -0.1161494
  19.1800000   -0.1273471
  19.2000000   -0.1371743
  19.2200000   -0.1453564
  19.2400000   -0.1517287
  19.2600000   -0.1562450
  19.2800000   -0.1589694
  19.3000000   -0.1600544
  19.3200000   -0.1597086
  19.3400000   -0.1581594
  19.3600000   -0.1556164
  19.3800000   -0.1522427
  19.4000000   -0.1481375
  19.4200000   -0.1433322
  19.4400000   -0.1378006
  19.4600000   -0.1314790
  19.4800000   -0.1242930
  19.5000000   -0.1161856
  19.5200000   -0.1071416
  19.5400000   -0.0972036
  19.5600000   -0.0864797
  19.5800000   -0.0751392
  19.6000000   -0.0634009
  19.6200000   -0.0515149
  19.6400000   -0.0397408
  19.6600000   -0.0283272
  19.6800000   -0.0174940
  19.7000000   -0.0074199
  19.7200000    0.0017643
  19.7400000    0.0099769
  19.7600000    0.0171809
  19.7800000    0.0233764
  19.8000000    0.0285917
  19.8200000    0.0328724
  19.8400000    0.0362728
  19.8600000    0.0388481
  19.8800000    0.0406496
  19.9000000    0.0417231
  19.9200000    0.0421097
  19.9400000    0.0418511
  19.9600000    0.0409953
  19.9800000    0.0396057
  20.0000000    0.0377691
  20.0200000    0.0356027
  20.0400000    0.0332573
  20.0600000    0.0309164
  20.0800000    0.0287884
  20.1000000    0.0270935
  20.1200000    0.0260439
  20.1400000    0.0258213
  20.1600000    0.0265523
  20.1800000    0.0282856
  20.2000000    0.0309759
  20.2200000    0.0344748
  20.2400000    0.0385341
  20.2600000    0.0428199
  20.2800000    0.0469377
  20.3000000    0.0504667
  20.3200000    0.0529985
  20.3400000    0.0541760
  20.3600000    0.0537278
  20.3800000    0.0514945
  20.4000000    0.0474424
  20.4200000    0.0416648
  20.4400000    0.0343700
  20.4600000    0.0258594
  20.4800000    0.0164967
  20.5000000    0.0066750
  20.5200000   -0.0032169
  20.5400000   -0.0128241
  20.5600000   -0.0218487
  20.5800000   -0.0300649
  20.6000000   -0.0373263
  20.6200000   -0.0435641
  20.6400000   -0.0487805
  20.6600000   -0.0530354
  20.6800000   -0.0564314
  20.7000000   -0.0590976
  20.7200000   -0.0611730
  20.7400000   -0.0627931
  20.7600000   -0.0640788
  20.7800000   -0.0651280
  20.8000000   -0.0660119
  20.8200000   -0.0667738
  20.8400000   -0.0674314
  20.8600000   -0.0679804
  20.8800000   -0.0684008
  20.9000000   -0.0686631
  20.9200000   -0.0687350
  20.9400000   -0.0685873
  20.9600000   -0.0681985
  20.9800000   -0.0675587
  21.0000000   -0.0666713
  21.0200000   -0.0655538
  21.0400000   -0.0642369
  21.0600000   -0.0627628
  21.0800000   -0.0611834
  21.1000000   -0.0595578
  21.1200000   -0.0579498
  21.1400000   -0.0564261
  21.1600000   -0.0550549
  21.1800000   -0.0539050
  21.2000000   -0.0530448
  21.2200000   -0.0525422
  21.2400000   -0.0524643
  21.2600000   -0.0528765
  21.2800000   -0.0538427
  21.3000000   -0.0554233
  21.3200000   -0.0576743
  21.3400000   -0.0606453
  21.3600000   -0.0643765
  21.3800000   -0.0688956
  21.4000000   -0.0742132
  21.4200000   -0.0803180
  21.4400000   -0.0871715
  21.4600000   -0.0947029
  21.4800000   -0.1028043
  21.5000000   -0.1113284
  21.5200000   -0.1200889
  21.5400000   -0.1288643
  21.5600000   -0.1374053
  21.5800000   -0.1454467
  21.6000000   -0.1527213
  21.6200000   -0.1589754
  21.6400000   -0.1639835
  21.6600000   -0.1675605
  21.6800000   -0.1695693
  21.7000000   -0.1699235
  21.7200000   -0.1685847
  21.7400000   -0.1655562
  21.7600000   -0.1608742
  21.7800000   -0.1545988
  21.8000000   -0.1468074
  21.8200000   -0.1375912
  21.8400000   -0.1270565
  21.8600000   -0.1153283
  21.8800000   -0.1025573
  21.9000000   -0.0889264
  21.9200000   -0.0746553
  21.9400000   -0.0600017
  21.9600000   -0.0452572
  21.9800000   -0.0307385
  22.0000000   -0.0167744
  22.0200000   -0.0036899
  22.0400000    0.0082113
  22.0600000    0.0186632
  22.0800000    0.0274509
  22.1000000    0.0344213
  22.1200000    0.0394886
  22.1400000    0.0426348
  22.1600000    0.0439061
  22.1800000    0.0434060
  22.2000000    0.0412847
  22.2200000    0.0377275
  22.2400000    0.0329427
  22.2600000    0.0271498
  22.2800000    0.0205694
  22.3000000    0.0134146
  22.3200000    0.0058848
  22.3400000   -0.0018388
  22.3600000   -0.0095952
  22.3800000   -0.0172453
  22.4000000   -0.0246715
  22.4200000   -0.0317776
  22.4400000   -0.0384878
  22.4600000   -0.0447462
  22.4800000   -0.0505159
  22.5000000   -0.0557774
  22.5200000   -0.0605269
  22.5400000   -0.0647747
  22.5600000   -0.0685416
  22.5800000   -0.0718558
  22.6000000   -0.0747494
  22.6200000   -0.0772540
  22.6400000   -0.0793978
  22.6600000   -0.0812022
  22.6800000   -0.0826800
  22.7000000   -0.0838336
  22.7200000   -0.0846552
  22.7400000   -0.0851262
  22.7600000   -0.0852185
  22.7800000   -0.0848959
  22.8000000   -0.0841159
  22.8200000   -0.0828328
  22.8400000   -0.0810016
  22.8600000   -0.0785829
  22.8800000   -0.0755483
  22.9000000   -0.0718866
  22.9200000   -0.0676088
  22.9400000   -0.0627524
  22.9600000   -0.0573826
  22.9800000   -0.0515914
  23.0000000   -0.0454930
  23.0200000   -0.0392171
  23.0400000   -0.0328995
  23.0600000   -0.0266730
  23.0800000   -0.0206582
  23.1000000   -0.0149565
  23.1200000   -0.0096456
  23.1400000   -0.0047779
  23.1600000   -0.0003810
  23.1800000    0.0035390
  23.2000000    0.0069954
  23.2200000    0.0100171
  23.2400000    0.0126480
  23.2600000    0.0149464
  23.2800000    0.0169870
  23.3000000    0.0188629
  23.3200000    0.0206870
  23.3400000    0.0225924
  23.3600000    0.0247295
  23.3800000    0.0272593
  23.4000000    0.0303434
  23.4200000    0.0341310
  23.4400000    0.0387435
  23.4600000    0.0442601
  23.4800000    0.0507043
  23.5000000    0.0580358
  23.5200000    0.0661475
  23.5400000    0.0748697
  23.5600000    0.0839809
  23.5800000    0.0932243
  23.6000000    0.1023280
  23.6200000    0.1110268
  23.6400000    0.1190815
  23.6600000    0.1262948
  23.6800000    0.1325208
  23.7000000    0.1376676
  23.7200000    0.1416936
  23.7400000    0.1446002
  23.7600000    0.1464211
  23.7800000    0.1472134
  23.8000000    0.1470515
  23.8200000    0.1460254
  23.8400000    0.1442441
  23.8600000    0.1418423
  23.8800000    0.1389881
  23.9000000    0.1358888
  23.9200000    0.1327913
  23.9400000    0.1299748
  23.9600000    0.1277343
  23.9800000    0.1263565
  24.0000000    0.1260886
  24.0200000    0.1271054
  24.0400000    0.1294782
  24.0600000    0.1331510
  24.0800000    0.1379285
  24.1000000    0.1434783
  24.1200000    0.1493491
  24.1400000    0.1550040
  24.1600000    0.1598661
  24.1800000    0.1633713
  24.2000000    0.1650224
  24.2200000    0.1644385
  24.2400000    0.1613936
  24.2600000    0.1558396
  24.2800000    0.1479109
  24.3000000    0.1379115
  24.3200000    0.1262843
  24.3400000    0.1135687
  24.3600000    0.1003506
  24.3800000    0.0872120
  24.4000000    0.0746842
  24.4200000    0.0632114
  24.4400000    0.0531255
  24.4600000    0.0446361
  24.4800000    0.0378327
  24.5000000    0.0326981
  24.5200000    0.0291303
  24.5400000    0.0269685
  24.5600000    0.0260195
  24.5800000    0.0260824
  24.6000000    0.0269678
  24.6200000    0.0285115
  24.6400000    0.0305816
  24.6600000    0.0330791
  24.6800000    0.0359343
  24.7000000    0.0390993
  24.7200000    0.0425388
  24.7400000    0.0462212
  24.7600000    0.0501114
  24.7800000    0.0541657
  24.8000000    0.0583295
  24.8200000    0.0625393
  24.8400000    0.0667255
  24.8600000    0.0708185
  24.8800000    0.0747540
  24.9000000    0.0784789
  24.9200000    0.0819539
  24.9400000    0.0851550
  24.9600000    0.0880716
  24.9800000    0.0907020
  25.0000000    0.0930471
  25.0200000    0.0951033
  25.0400000    0.0968565
  25.0600000    0.0982770
  25.0800000    0.0993187
  25.1000000    0.0999205
  25.1200000    0.1000123
  25.1400000    0.0995242
  25.1600000    0.0983968
  25.1800000    0.0965924
  25.2000000    0.0941053
  25.2200000    0.0909687
  25.2400000    0.0872577
  25.2600000    0.0830875
  25.2800000    0.0786063
  25.3000000    0.0739849
  25.3200000    0.0694026
  25.3400000    0.0650319
  25.3600000    0.0610242
  25.3800000    0.0574980
  25.4000000    0.0545308
  25.4200000    0.0521566
  25.4400000    0.0503680
  25.4600000    0.0491238
  25.4800000    0.0483598
  25.5000000    0.0480019
  25.5200000    0.0479793
  25.5400000    0.0482359
  25.5600000    0.0487378
  25.5800000    0.0494773
  25.6000000    0.0504705
  25.6200000    0.0517517
  25.6400000    0.0533626
  25.6600000    0.0553404
  25.6800000    0.0577039
  25.7000000    0.0604428
  25.7200000    0.0635084
  25.7400000    0.0668092
  25.7600000    0.0702126
  25.7800000    0.0735504
  25.8000000    0.0766305
  25.8200000    0.0792517
  25.8400000    0.0812216
  25.8600000    0.0823740
  25.8800000    0.0825849
  25.9000000    0.0817854
  25.9200000    0.0799690
  25.9400000    0.0771928
  25.9600000    0.0735729
  25.9800000    0.0692737
  26.0000000    0.0644928
  26.0200000    0.0594439
  26.0400000    0.0543386
  26.0600000    0.0493700
  26.0800000    0.0446996
  26.1000000    0.0404487
  26.1200000    0.0366948
  26.1400000    0.0334721
  26.1600000    0.0307770
  26.1800000    0.0285751
  26.2000000    0.0268108
  26.2200000    0.0254163
  26.2400000    0.0243202
  26.2600000    0.0234541
  26.2800000    0.0227583
  26.3000000    0.0221842
  26.3200000    0.0216961
  26.3400000    0.0212718
  26.3600000    0.0209013
  26.3800000    0.0205864
  26.4000000    0.0203386
  26.4200000    0.0201783
  26.4400000    0.0201330
  26.4600000    0.0202359
  26.4800000    0.0205240
  26.5000000    0.0210361
  26.5200000    0.0218103
  26.5400000    0.0228810
  26.5600000    0.0242755
  26.5800000    0.0260108
  26.6000000    0.0280904
  26.6200000    0.0305017
  26.6400000    0.0332142
  26.6600000    0.0361800
  26.6800000    0.0393345
  26.7000000    0.0426001
  26.7200000    0.0458903
  26.7400000    0.0491158
  26.7600000    0.0521905
  26.7800000    0.0550371
  26.8000000    0.0575925
  26.8200000    0.0598105
  26.8400000    0.0616633
  26.8600000    0.0631406
  26.8800000    0.0642468
  26.9000000    0.0649967
  26.9200000    0.0654110
  26.9400000    0.0655118
  26.9600000    0.0653192
  26.9800000    0.0648498
  27.0000000    0.0641167
  27.0200000    0.0631313
  27.0400000    0.0619069
  27.0600000    0.0604614
  27.0800000    0.0588213
  27.1000000    0.0570232
  27.1200000    0.0551147
  27.1400000    0.0531530
  27.1600000    0.0512025
  27.1800000    0.0493307
  27.2000000    0.0476045
  27.2200000    0.0460865
  27.2400000    0.0448320
  27.2600000    0.0438874
  27.2800000    0.0432895
  27.3000000    0.0430656
  27.3200000    0.0432339
  27.3400000    0.0438038
  27.3600000    0.0447753
  27.3800000    0.0461381
  27.4000000    0.0478695
  27.4200000    0.0499323
  27.4400000    0.0522728
  27.4600000    0.0548195
  27.4800000    0.0574836
  27.5000000    0.0601613
  27.5200000    0.0627383
  27.5400000    0.0650963
  27.5600000    0.0671213
  27.5800000    0.0687121
  27.6000000    0.0697897
  27.6200000    0.0703047
  27.6400000    0.0702427
  27.6600000    0.0696270
  27.6800000    0.0685176
  27.7000000    0.0670070
  27.7200000    0.0652123
  27.7400000    0.0632648
  27.7600000    0.0612985
  27.7800000    0.0594377
  27.8000000    0.0577858
  27.8200000    0.0564160
  27.8400000    0.0553658
  27.8600000    0.0546347
  27.8800000    0.0541864
  27.9000000    0.0539549
  27.9200000    0.0538534
  27.9400000    0.0537861
  27.9600000    0.0536601
  27.9800000    0.0533972
  28.0000000    0.0529429
  28.0200000    0.0522731
  28.0400000    0.0513965
  28.0600000    0.0503522
  28.0800000    0.0492052
  28.1000000    0.0480372
  28.1200000    0.0469367
  28.1400000    0.0459890
  28.1600000    0.0452668
  28.1800000    0.0448230
  28.2000000    0.0446872
  28.2200000    0.0448647
  28.2400000    0.0453391
  28.2600000    0.0460765
  28.2800000    0.0470316
  28.3000000    0.0481530
  28.3200000    0.0493890
  28.3400000    0.0506902
  28.3600000    0.0520112
  28.3800000    0.0533103
  28.4000000    0.0545478
  28.4200000    0.0556836
  28.4400000    0.0566756
  28.4600000    0.0574780
  28.4800000    0.0580426
  28.5000000    0.0583209
  28.5200000    0.0582674
  28.5400000    0.0578449
  28.5600000    0.0570292
  28.5800000    0.0558139
  28.6000000    0.0542133
  28.6200000    0.0522642
  28.6400000    0.0500251
  28.6600000    0.0475737
  28.6800000    0.0450021
  28.7000000    0.0424112
  28.7200000    0.0399038
  28.7400000    0.0375779
  28.7600000    0.0355205
  28.7800000    0.0338019
  28.8000000    0.0324719
  28.8200000    0.0315578
  28.8400000    0.0310633
  28.8600000    0.0309702
  28.8800000    0.0312409
  28.9000000    0.0318224
  28.9200000    0.0326516
  28.9400000    0.0336602
  28.9600000    0.0347801
  28.9800000    0.0359485
  29.0000000    0.0371111
  29.0200000    0.0382255
  29.0400000    0.0392628
  29.0600000    0.0402073
  29.0800000    0.0410568
  29.1000000    0.0418200
  29.1200000    0.0425155
  29.1400000    0.0431683
  29.1600000    0.0438078
  29.1800000    0.0444646
  29.2000000    0.0451682
  29.2200000    0.0459447
  29.2400000    0.0468148
  29.2600000    0.0477922
  29.2800000    0.0488834
  29.3000000    0.0500875
  29.3200000    0.0513971
  29.3400000    0.0527996
  29.3600000    0.0542796
  29.3800000    0.0558205
  29.4000000    0.0574070
  29.4200000    0.0590259
  29.4400000    0.0606673
  29.4600000    0.0623247
  29.4800000    0.0639935
  29.5000000    0.0656702
  29.5200000    0.0673502
  29.5400000    0.0690264
  29.5600000    0.0706868
  29.5800000    0.0723141
  29.6000000    0.0738837
  29.6200000    0.0753634
  29.6400000    0.0767126
  29.6600000    0.0778814
  29.6800000    0.0788094
  29.7000000    0.0794251
  29.7200000    0.0796451
  29.7400000    0.0793733
  29.7600000    0.0785016
  29.7800000    0.0769122
  29.8000000    0.0744815
  29.8200000    0.0710862
  29.8400000    0.0666116
  29.8600000    0.0609623
  29.8800000    0.0540733
  29.9000000    0.0459215
  29.9200000    0.0365369
  29.9400000    0.0260096
  29.9600000    0.0144943
  29.9800000    0.0022089
  30.0000000   -0.0105726
