 -10.0000000   -0.0902475
  -9.9800000   -0.0868856
  -9.9600000   -0.0837087
  -9.9400000   -0.0808699
  -9.9200000   -0.0784287
  -9.9000000   -0.0763450
  -9.8800000   -0.0744892
  -9.8600000   -0.0726639
  -9.8400000   -0.0706350
  -9.8200000   -0.0681669
  -9.8000000   -0.0650574
  -9.7800000   -0.0611652
  -9.7600000   -0.0564296
  -9.7400000   -0.0508769
  -9.7200000   -0.0446160
  -9.7000000   -0.0378233
  -9.6800000   -0.0307206
  -9.6600000   -0.0235491
  -9.6400000   -0.0165444
  -9.6200000   -0.0099136
  -9.6000000   -0.0038192
  -9.5800000    0.0016307
  -9.5600000    0.0063850
  -9.5400000    0.0104459
  -9.5200000    0.0138604
  -9.5000000    0.0167090
  -9.4800000    0.0190919
  -9.4600000    0.0211166
  -9.4400000    0.0228849
  -9.4200000    0.0244831
  -9.4000000    0.0259744
  -9.3800000    0.0273937
  -9.3600000    0.0287464
  -9.3400000    0.0300100
  -9.3200000    0.0311391
  -9.3000000    0.0320732
  -9.2800000    0.0327466
  -9.2600000    0.0331000
  -9.2400000    0.0330912
  -9.2200000    0.0327046
  -9.2000000    0.0319573
  -9.1800000    0.0309007
  -9.1600000    0.0296179
  -9.1400000    0.0282158
  -9.1200000    0.0268133
  -9.1000000    0.0255283
  -9.0800000    0.0244632
  -9.0600000    0.0236931
  -9.0400000    0.0232561
  -9.0200000    0.0231495
  -9.0000000    0.0233290
  -8.9800000    0.0237139
  -8.9600000    0.0241939
  -8.9400000    0.0246401
  -8.9200000    0.0249155
  -8.9000000    0.0248865
  -8.8800000    0.0244334
  -8.8600000    0.0234595
  -8.8400000    0.0218997
  -8.8200000    0.0197274
  -8.8000000    0.0169592
  -8.7800000    0.0136593
  -8.7600000    0.0099399
  -8.7400000    0.0059595
  -8.7200000    0.0019176
  -8.7000000   -0.0019556
  -8.6800000   -0.0054114
  -8.6600000   -0.0082004
  -8.6400000   -0.0100898
  -8.6200000   -0.0108826
  -8.6000000   -0.0104334
  -8.5800000   -0.0086614
  -8.5600000   -0.0055573
  -8.5400000   -0.0011835
  -8.5200000    0.0043313
  -8.5000000    0.0108039
  -8.4800000    0.0180113
  -8.4600000    0.0257076
  -8.4400000    0.0336401
  -8.4200000    0.0415632
  -8.4000000    0.0492479
  -8.3800000    0.0564885
  -8.3600000    0.0631054
  -8.3400000    0.0689462
  -8.3200000    0.0738861
  -8.3000000    0.0778300
  -8.2800000    0.0807155
  -8.2600000    0.0825186
  -8.2400000    0.0832592
  -8.2200000    0.0830059
  -8.2000000    0.0818787
  -8.1800000    0.0800458
  -8.1600000    0.0777147
  -8.1400000    0.0751185
  -8.1200000    0.0724956
  -8.1000000    0.0700686
  -8.0800000    0.0680222
  -8.0600000    0.0664857
  -8.0400000    0.0655210
  -8.0200000    0.0651194
  -8.0000000    0.0652072
  -7.9800000    0.0656590
  -7.9600000    0.0663175
  -7.9400000    0.0670165
  -7.9200000    0.0676040
  -7.9000000    0.0679621
  -7.8800000    0.0680214
  -7.8600000    0.0677679
  -7.8400000    0.0672425
  -7.8200000    0.0665326
  -7.8000000    0.0657577
  -7.7800000    0.0650513
  -7.7600000    0.0645403
  -7.7400000    0.0643249
  -7.7200000    0.0644613
  -7.7000000    0.0649492
  -7.6800000    0.0657245
  -7.6600000    0.0666593
  -7.6400000    0.0675692
  -7.6200000    0.0682268
  -7.6000000    0.0683810
  -7.5800000    0.0677803
  -7.5600000    0.0661976
  -7.5400000    0.0634542
  -7.5200000    0.0594402
  -7.5000000    0.0541297
  -7.4800000    0.0475882
  -7.4600000    0.0399720
  -7.4400000    0.0315196
  -7.4200000    0.0225346
  -7.4000000    0.0133632
  -7.3800000    0.0043674
  -7.3600000   -0.0041039
  -7.3400000   -0.0117429
  -7.3200000   -0.0183085
  -7.3000000   -0.0236462
  -7.2800000   -0.0277014
  -7.2600000   -0.0305240
  -7.2400000   -0.0322641
  -7.2200000   -0.0331578
  -7.2000000   -0.0335048
  -7.1800000   -0.0336392
  -7.1600000   -0.0338964
  -7.1400000   -0.0345800
  -7.1200000   -0.0359316
  -7.1000000   -0.0381094
  -7.0800000   -0.0411768
  -7.0600000   -0.0451037
  -7.0400000   -0.0497814
  -7.0200000   -0.0550484
  -7.0000000   -0.0607242
  -6.9800000   -0.0666463
  -6.9600000   -0.0727039
  -6.9400000   -0.0788641
  -6.9200000   -0.0851838
  -6.9000000   -0.0918062
  -6.8800000   -0.0989398
  -6.8600000   -0.1068215
  -6.8400000   -0.1156694
  -6.8200000   -0.1256303
  -6.8000000   -0.1367301
  -6.7800000   -0.1488356
  -6.7600000   -0.1616336
  -6.7400000   -0.1746332
  -6.7200000   -0.1871929
  -6.7000000   -0.1985705
  -6.6800000   -0.2079911
  -6.6600000   -0.2147248
  -6.6400000   -0.2181643
  -6.6200000   -0.2178922
  -6.6000000   -0.2137277
  -6.5800000   -0.2057493
  -6.5600000   -0.1942867
  -6.5400000   -0.1798874
  -6.5200000   -0.1632603
  -6.5000000   -0.1452060
  -6.4800000   -0.1265421
  -6.4600000   -0.1080342
  -6.4400000   -0.0903387
  -6.4200000   -0.0739636
  -6.4000000   -0.0592497
  -6.3800000   -0.0463703
  -6.3600000   -0.0353478
  -6.3400000   -0.0260801
  -6.3200000   -0.0183746
  -6.3000000   -0.0119817
  -6.2800000   -0.0066253
  -6.2600000   -0.0020280
  -6.2400000    0.0020723
  -6.2200000    0.0059117
  -6.2000000    0.0096971
  -6.1800000    0.0136056
  -6.1600000    0.0177871
  -6.1400000    0.0223661
  -6.1200000    0.0274414
  -6.1000000    0.0330834
  -6.0800000    0.0393283
  -6.0600000    0.0461695
  -6.0400000    0.0535493
  -6.0200000    0.0613508
  -6.0000000    0.0693938
  -5.9800000    0.0774361
  -5.9600000    0.0851807
  -5.9400000    0.0922902
  -5.9200000    0.0984084
  -5.9000000    0.1031850
  -5.8800000    0.1063045
  -5.8600000    0.1075135
  -5.8400000    0.1066452
  -5.8200000    0.1036376
  -5.8000000    0.0985436
  -5.7800000    0.0915318
  -5.7600000    0.0828772
  -5.7400000    0.0729441
  -5.7200000    0.0621614
  -5.7000000    0.0509938
  -5.6800000    0.0399107
  -5.6600000    0.0293574
  -5.6400000    0.0197291
  -5.6200000    0.0113505
  -5.6000000    0.0044634
  -5.5800000   -0.0007808
  -5.5600000   -0.0043195
  -5.5400000   -0.0061741
  -5.5200000   -0.0064391
  -5.5000000   -0.0052695
  -5.4800000   -0.0028667
  -5.4600000    0.0005364
  -5.4400000    0.0046892
  -5.4200000    0.0093366
  -5.4000000    0.0142304
  -5.3800000    0.0191395
  -5.3600000    0.0238576
  -5.3400000    0.0282092
  -5.3200000    0.0320535
  -5.3000000    0.0352853
  -5.2800000    0.0378349
  -5.2600000    0.0396653
  -5.2400000    0.0407691
  -5.2200000    0.0411642
  -5.2000000    0.0408896
  -5.1800000    0.0400026
  -5.1600000    0.0385757
  -5.1400000    0.0366951
  -5.1200000    0.0344600
  -5.1000000    0.0319806
  -5.0800000    0.0293778
  -5.0600000    0.0267794
  -5.0400000    0.0243166
  -5.0200000    0.0221171
  -5.0000000    0.0202974
  -4.9800000    0.0189523
  -4.9600000    0.0181449
  -4.9400000    0.0178959
  -4.9200000    0.0181748
  -4.9000000    0.0188939
  -4.8800000    0.0199065
  -4.8600000    0.0210097
  -4.8400000    0.0219535
  -4.8200000    0.0224537
  -4.8000000    0.0222108
  -4.7800000    0.0209302
  -4.7600000    0.0183446
  -4.7400000    0.0142355
  -4.7200000    0.0084513
  -4.7000000    0.0009222
  -4.6800000   -0.0083310
  -4.6600000   -0.0191931
  -4.6400000   -0.0314575
  -4.6200000   -0.0448344
  -4.6000000   -0.0589640
  -4.5800000   -0.0734346
  -4.5600000   -0.0878047
  -4.5400000   -0.1016275
  -4.5200000   -0.1144778
  -4.5000000   -0.1259796
  -4.4800000   -0.1358323
  -4.4600000   -0.1438337
  -4.4400000   -0.1498978
  -4.4200000   -0.1540646
  -4.4000000   -0.1564999
  -4.3800000   -0.1574836
  -4.3600000   -0.1573867
  -4.3400000   -0.1566365
  -4.3200000   -0.1556740
  -4.3000000   -0.1549059
  -4.2800000   -0.1546565
  -4.2600000   -0.1551255
  -4.2400000   -0.1563562
  -4.2200000   -0.1582195
  -4.2000000   -0.1604165
  -4.1800000   -0.1625004
  -4.1600000   -0.1639167
  -4.1400000   -0.1640576
  -4.1200000   -0.1623246
  -4.1000000   -0.1581915
  -4.0800000   -0.1512624
  -4.0600000   -0.1413161
  -4.0400000   -0.1283335
  -4.0200000   -0.1125049
  -4.0000000   -0.0942184
  -3.9800000   -0.0740307
  -3.9600000   -0.0526260
  -3.9400000   -0.0307671
  -3.9200000   -0.0092455
  -3.9000000    0.0111675
  -3.8800000    0.0297622
  -3.8600000    0.0459258
  -3.8400000    0.0591680
  -3.8200000    0.0691400
  -3.8000000    0.0756447
  -3.7800000    0.0786419
  -3.7600000    0.0782451
  -3.7400000    0.0747136
  -3.7200000    0.0684373
  -3.7000000    0.0599143
  -3.6800000    0.0497238
  -3.6600000    0.0384920
  -3.6400000    0.0268571
  -3.6200000    0.0154319
  -3.6000000    0.0047710
  -3.5800000   -0.0046577
  -3.5600000   -0.0124928
  -3.5400000   -0.0184891
  -3.5200000   -0.0225187
  -3.5000000   -0.0245612
  -3.4800000   -0.0246879
  -3.4600000   -0.0230409
  -3.4400000   -0.0198098
  -3.4200000   -0.0152096
  -3.4000000   -0.0094601
  -3.3800000   -0.0027701
  -3.3600000    0.0046749
  -3.3400000    0.0127200
  -3.3200000    0.0212449
  -3.3000000    0.0301642
  -3.2800000    0.0394237
  -3.2600000    0.0489950
  -3.2400000    0.0588650
  -3.2200000    0.0690234
  -3.2000000    0.0794463
  -3.1800000    0.0900778
  -3.1600000    0.1008116
  -3.1400000    0.1114743
  -3.1200000    0.1218143
  -3.1000000    0.1314982
  -3.0800000    0.1401179
  -3.0600000    0.1472085
  -3.0400000    0.1522773
  -3.0200000    0.1548413
  -3.0000000    0.1544689
  -2.9800000    0.1508222
  -2.9600000    0.1436941
  -2.9400000    0.1330365
  -2.9200000    0.1189742
  -2.9000000    0.1018055
  -2.8800000    0.0819865
  -2.8600000    0.0601011
  -2.8400000    0.0368200
  -2.8200000    0.0128525
  -2.8000000   -0.0111051
  -2.7800000   -0.0344179
  -2.7600000   -0.0565540
  -2.7400000   -0.0771135
  -2.7200000   -0.0958427
  -2.7000000   -0.1126325
  -2.6800000   -0.1275005
  -2.6600000   -0.1405628
  -2.6400000   -0.1519980
  -2.6200000   -0.1620131
  -2.6000000   -0.1708151
  -2.5800000   -0.1785959
  -2.5600000   -0.1855317
  -2.5400000   -0.1917966
  -2.5200000   -0.1975864
  -2.5000000   -0.2031442
  -2.4800000   -0.2087800
  -2.4600000   -0.2148747
  -2.4400000   -0.2218627
  -2.4200000   -0.2301903
  -2.4000000   -0.2402520
  -2.3800000   -0.2523140
  -2.3600000   -0.2664346
  -2.3400000   -0.2823980
  -2.3200000   -0.2996737
  -2.3000000   -0.3174139
  -2.2800000   -0.3344952
  -2.2600000   -0.3496029
  -2.2400000   -0.3613517
  -2.2200000   -0.3684269
  -2.2000000   -0.3697301
  -2.1800000   -0.3645077
  -2.1600000   -0.3524449
  -2.1400000   -0.3337128
  -2.1200000   -0.3089601
  -2.1000000   -0.2792539
  -2.0800000   -0.2459750
  -2.0600000   -0.2106855
  -2.0400000   -0.1749849
  -2.0200000   -0.1403738
  -2.0000000   -0.1081407
  -1.9800000   -0.0792841
  -1.9600000   -0.0544736
  -1.9400000   -0.0340509
  -1.9200000   -0.0180642
  -1.9000000   -0.0063264
  -1.8800000    0.0015143
  -1.8600000    0.0059014
  -1.8400000    0.0073051
  -1.8200000    0.0061713
  -1.8000000    0.0028874
  -1.7800000   -0.0022337
  -1.7600000   -0.0089548
  -1.7400000   -0.0171037
  -1.7200000   -0.0265556
  -1.7000000   -0.0372124
  -1.6800000   -0.0489834
  -1.6600000   -0.0617698
  -1.6400000   -0.0754541
  -1.6200000   -0.0898963
  -1.6000000   -0.1049344
  -1.5800000   -0.1203897
  -1.5600000   -0.1360749
  -1.5400000   -0.1518030
  -1.5200000   -0.1673958
  -1.5000000   -0.1826904
  -1.4800000   -0.1975441
  -1.4600000   -0.2118354
  -1.4400000   -0.2254633
  -1.4200000   -0.2383441
  -1.4000000   -0.2504074
  -1.3800000   -0.2615913
  -1.3600000   -0.2718395
  -1.3400000   -0.2810984
  -1.3200000   -0.2893167
  -1.3000000   -0.2964469
  -1.2800000   -0.3024472
  -1.2600000   -0.3072843
  -1.2400000   -0.3109351
  -1.2200000   -0.3133863
  -1.2000000   -0.3146306
  -1.1800000   -0.3146585
  -1.1600000   -0.3134460
  -1.1400000   -0.3109366
  -1.1200000   -0.3070203
  -1.1000000   -0.3015110
  -1.0800000   -0.2941237
  -1.0600000   -0.2844574
  -1.0400000   -0.2719862
  -1.0200000   -0.2560641
  -1.0000000   -0.2359470
  -0.9800000   -0.2108358
  -0.9600000   -0.1799419
  -0.9400000   -0.1425727
  -0.9200000   -0.0982329
  -0.9000000   -0.0467322
  -0.8800000    0.0117128
  -0.8600000    0.0763971
  -0.8400000    0.1460821
  -0.8200000    0.2189992
  -0.8000000    0.2929121
  -0.7800000    0.3652383
  -0.7600000    0.4332247
  -0.7400000    0.4941599
  -0.7200000    0.5456026
  -0.7000000    0.5855955
  -0.6800000    0.6128410
  -0.6600000    0.6268109
  -0.6400000    0.6277785
  -0.6200000    0.6167662
  -0.6000000    0.5954182
  -0.5800000    0.5658162
  -0.5600000    0.5302641
  -0.5400000    0.4910715
  -0.5200000    0.4503626
  -0.5000000    0.4099322
  -0.4800000    0.3711607
  -0.4600000    0.3349909
  -0.4400000    0.3019592
  -0.4200000    0.2722673
  -0.4000000    0.2458769
  -0.3800000    0.2226098
  -0.3600000    0.2022373
  -0.3400000    0.1845473
  -0.3200000    0.1693840
  -0.3000000    0.1566581
  -0.2800000    0.1463312
  -0.2600000    0.1383816
  -0.2400000    0.1327577
  -0.2200000    0.1293285
  -0.2000000    0.1278401
  -0.1800000    0.1278837
  -0.1600000    0.1288813
  -0.1400000    0.1300926
  -0.1200000    0.1306443
  -0.1000000    0.1295794
  -0.0800000    0.1259237
  -0.0600000    0.1187633
  -0.0400000    0.1073245
  -0.0200000    0.0910484
   0.0000000    0.0696512
   0.0200000    0.0431642
   0.0400000    0.0119476
   0.0600000   -0.0233229
   0.0800000   -0.0616945
   0.1000000   -0.1019993
   0.1200000   -0.1429297
   0.1400000   -0.1831242
   0.1600000   -0.2212525
   0.1800000   -0.2560956
   0.2000000   -0.2866140
   0.2200000   -0.3120009
   0.2400000   -0.3317171
   0.2600000   -0.3455085
   0.2800000   -0.3534038
   0.3000000   -0.3556969
   0.3200000   -0.3529137
   0.3400000   -0.3457676
   0.3600000   -0.3351071
   0.3800000   -0.3218585
   0.4000000   -0.3069689
   0.4200000   -0.2913515
   0.4400000   -0.2758384
   0.4600000   -0.2611414
   0.4800000   -0.2478240
   0.5000000   -0.2362836
   0.5200000   -0.2267465
   0.5400000   -0.2192724
   0.5600000   -0.2137697
   0.5800000   -0.2100188
   0.6000000   -0.2077035
   0.6200000   -0.2064469
   0.6400000   -0.2058513
   0.6600000   -0.2055374
   0.6800000   -0.2051817
   0.7000000   -0.2045467
   0.7200000   -0.2035025
   0.7400000   -0.2020367
   0.7600000   -0.2002508
   0.7800000   -0.1983447
   0.8000000   -0.1965894
   0.8200000   -0.1952929
   0.8400000   -0.1947623
   0.8600000   -0.1952679
   0.8800000   -0.1970137
   0.9000000   -0.2001181
   0.9200000   -0.2046069
   0.9400000   -0.2104194
   0.9600000   -0.2174241
   0.9800000   -0.2254432
   1.0000000   -0.2342779
   1.0200000   -0.2437321
   1.0400000   -0.2536285
   1.0600000   -0.2638148
   1.0800000   -0.2741579
   1.1000000   -0.2845294
   1.1200000   -0.2947838
   1.1400000   -0.3047354
   1.1600000   -0.3141404
   1.1800000   -0.3226873
   1.2000000   -0.3300023
   1.2200000   -0.3356675
   1.2400000   -0.3392550
   1.2600000   -0.3403690
   1.2800000   -0.3386936
   1.3000000   -0.3340373
   1.3200000   -0.3263690
   1.3400000   -0.3158389
   1.3600000   -0.3027815
   1.3800000   -0.2876998
   1.4000000   -0.2712312
   1.4200000   -0.2541005
   1.4400000   -0.2370637
   1.4600000   -0.2208511
   1.4800000   -0.2061133
   1.5000000   -0.1933778
   1.5200000   -0.1830190
   1.5400000   -0.1752435
   1.5600000   -0.1700916
   1.5800000   -0.1674521
   1.6000000   -0.1670892
   1.6200000   -0.1686753
   1.6400000   -0.1718269
   1.6600000   -0.1761396
   1.6800000   -0.1812173
   1.7000000   -0.1866958
   1.7200000   -0.1922585
   1.7400000   -0.1976439
   1.7600000   -0.2026480
   1.7800000   -0.2071212
   1.8000000   -0.2109638
   1.8200000   -0.2141188
   1.8400000   -0.2165671
   1.8600000   -0.2183217
   1.8800000   -0.2194237
   1.9000000   -0.2199386
   1.9200000   -0.2199515
   1.9400000   -0.2195621
   1.9600000   -0.2188776
   1.9800000   -0.2180041
   2.0000000   -0.2170370
   2.0200000   -0.2160515
   2.0400000   -0.2150937
   2.0600000   -0.2141747
   2.0800000   -0.2132674
   2.1000000   -0.2123089
   2.1200000   -0.2112071
   2.1400000   -0.2098521
   2.1600000   -0.2081311
   2.1800000   -0.2059456
   2.2000000   -0.2032285
   2.2200000   -0.1999583
   2.2400000   -0.1961693
   2.2600000   -0.1919543
   2.2800000   -0.1874605
   2.3000000   -0.1828762
   2.3200000   -0.1784116
   2.3400000   -0.1742740
   2.3600000   -0.1706417
   2.3800000   -0.1676393
   2.4000000   -0.1653187
   2.4200000   -0.1636485
   2.4400000   -0.1625130
   2.4600000   -0.1617226
   2.4800000   -0.1610334
   2.5000000   -0.1601735
   2.5200000   -0.1588730
   2.5400000   -0.1568938
   2.5600000   -0.1540546
   2.5800000   -0.1502493
   2.6000000   -0.1454567
   2.6200000   -0.1397411
   2.6400000   -0.1332441
   2.6600000   -0.1261700
   2.6800000   -0.1187670
   2.7000000   -0.1113055
   2.7200000   -0.1040577
   2.7400000   -0.0972777
   2.7600000   -0.0911860
   2.7800000   -0.0859568
   2.8000000   -0.0817110
   2.8200000   -0.0785129
   2.8400000   -0.0763715
   2.8600000   -0.0752456
   2.8800000   -0.0750521
   2.9000000   -0.0756754
   2.9200000   -0.0769780
   2.9400000   -0.0788091
   2.9600000   -0.0810117
   2.9800000   -0.0834260
   3.0000000   -0.0858905
   3.0200000   -0.0882397
   3.0400000   -0.0903024
   3.0600000   -0.0918991
   3.0800000   -0.0928438
   3.1000000   -0.0929489
   3.1200000   -0.0920356
   3.1400000   -0.0899488
   3.1600000   -0.0865753
   3.1800000   -0.0818629
   3.2000000   -0.0758385
   3.2200000   -0.0686217
   3.2400000   -0.0604319
   3.2600000   -0.0515868
   3.2800000   -0.0424925
   3.3000000   -0.0336238
   3.3200000   -0.0254965
   3.3400000   -0.0186341
   3.3600000   -0.0135299
   3.3800000   -0.0106078
   3.4000000   -0.0101861
   3.4200000   -0.0124457
   3.4400000   -0.0174076
   3.4600000   -0.0249208
   3.4800000   -0.0346643
   3.5000000   -0.0461625
   3.5200000   -0.0588150
   3.5400000   -0.0719371
   3.5600000   -0.0848099
   3.5800000   -0.0967340
   3.6000000   -0.1070821
   3.6200000   -0.1153459
   3.6400000   -0.1211731
   3.6600000   -0.1243896
   3.6800000   -0.1250076
   3.7000000   -0.1232171
   3.7200000   -0.1193641
   3.7400000   -0.1139171
   3.7600000   -0.1074259
   3.7800000   -0.1004765
   3.8000000   -0.0936466
   3.8200000   -0.0874633
   3.8400000   -0.0823673
   3.8600000   -0.0786847
   3.8800000   -0.0766078
   3.9000000   -0.0761854
   3.9200000   -0.0773242
   3.9400000   -0.0797989
   3.9600000   -0.0832737
   3.9800000   -0.0873313
   4.0000000   -0.0915088
   4.0200000   -0.0953391
   4.0400000   -0.0983916
   4.0600000   -0.1003121
   4.0800000   -0.1008543
   4.1000000   -0.0999034
   4.1200000   -0.0974861
   4.1400000   -0.0937683
   4.1600000   -0.0890391
   4.1800000   -0.0836850
   4.2000000   -0.0781550
   4.2200000   -0.0729226
   4.2400000   -0.0684470
   4.2600000   -0.0651377
   4.2800000   -0.0633251
   4.3000000   -0.0632391
   4.3200000   -0.0649967
   4.3400000   -0.0685986
   4.3600000   -0.0739341
   4.3800000   -0.0807940
   4.4000000   -0.0888897
   4.4200000   -0.0978772
   4.4400000   -0.1073852
   4.4600000   -0.1170431
   4.4800000   -0.1265095
   4.5000000   -0.1354958
   4.5200000   -0.1437857
   4.5400000   -0.1512454
   4.5600000   -0.1578261
   4.5800000   -0.1635576
   4.6000000   -0.1685339
   4.6200000   -0.1728941
   4.6400000   -0.1768011
   4.6600000   -0.1804224
   4.6800000   -0.1839158
   4.7000000   -0.1874222
   4.7200000   -0.1910672
   4.7400000   -0.1949699
   4.7600000   -0.1992563
   4.7800000   -0.2040733
   4.8000000   -0.2095998
   4.8200000   -0.2160490
   4.8400000   -0.2236602
   4.8600000   -0.2326794
   4.8800000   -0.2433290
   4.9000000   -0.2557718
   4.9200000   -0.2700735
   4.9400000   -0.2861715
   4.9600000   -0.3038549
   4.9800000   -0.3227609
   5.0000000   -0.3423894
   5.0200000   -0.3621348
   5.0400000   -0.3813332
   5.0600000   -0.3993182
   5.0800000   -0.4154806
   5.1000000   -0.4293251
   5.1200000   -0.4405192
   5.1400000   -0.4489305
   5.1600000   -0.4546485
   5.1800000   -0.4579906
   5.2000000   -0.4594894
   5.2200000   -0.4598615
   5.2400000   -0.4599563
   5.2600000   -0.4606848
   5.2800000   -0.4629327
   5.3000000   -0.4674606
   5.3200000   -0.4748015
   5.3400000   -0.4851661
   5.3600000   -0.4983696
   5.3800000   -0.5137943
   5.4000000   -0.5303973
   5.4200000   -0.5467709
   5.4400000   -0.5612525
   5.4600000   -0.5720763
   5.4800000   -0.5775495
   5.5000000   -0.5762305
   5.5200000   -0.5670882
   5.5400000   -0.5496176
   5.5600000   -0.5238988
   5.5800000   -0.4905908
   5.6000000   -0.4508625
   5.6200000   -0.4062720
   5.6400000   -0.3586113
   5.6600000   -0.3097396
   5.6800000   -0.2614242
   5.7000000   -0.2152083
   5.7200000   -0.1723183
   5.7400000   -0.1336154
   5.7600000   -0.0995899
   5.7800000   -0.0703934
   5.8000000   -0.0458966
   5.8200000   -0.0257618
   5.8400000   -0.0095193
   5.8600000    0.0033623
   5.8800000    0.0134183
   5.9000000    0.0211446
   5.9200000    0.0269726
   5.9400000    0.0312571
   5.9600000    0.0342770
   5.9800000    0.0362439
   6.0000000    0.0373157
   6.0200000    0.0376110
   6.0400000    0.0372234
   6.0600000    0.0362327
   6.0800000    0.0347131
   6.1000000    0.0327377
   6.1200000    0.0303810
   6.1400000    0.0277184
   6.1600000    0.0248247
   6.1800000    0.0217732
   6.2000000    0.0186337
   6.2200000    0.0154723
   6.2400000    0.0123508
   6.2600000    0.0093271
   6.2800000    0.0064551
   6.3000000    0.0037843
   6.3200000    0.0013579
   6.3400000   -0.0007899
   6.3600000   -0.0026371
   6.3800000   -0.0041787
   6.4000000   -0.0054301
   6.4200000   -0.0064302
   6.4400000   -0.0072422
   6.4600000   -0.0079517
   6.4800000   -0.0086624
   6.5000000   -0.0094882
   6.5200000   -0.0105428
   6.5400000   -0.0119283
   6.5600000   -0.0137221
   6.5800000   -0.0159653
   6.6000000   -0.0186528
   6.6200000   -0.0217263
   6.6400000   -0.0250717
   6.6600000   -0.0285209
   6.6800000   -0.0318579
   6.7000000   -0.0348290
   6.7200000   -0.0371568
   6.7400000   -0.0385554
   6.7600000   -0.0387484
   6.7800000   -0.0374860
   6.8000000   -0.0345637
   6.8200000   -0.0298417
   6.8400000   -0.0232655
   6.8600000   -0.0148903
   6.8800000   -0.0049079
   6.9000000    0.0063230
   6.9200000    0.0182452
   6.9400000    0.0300743
   6.9600000    0.0407791
   6.9800000    0.0490787
   7.0000000    0.0534639
   7.0200000    0.0522519
   7.0400000    0.0436795
   7.0600000    0.0260334
   7.0800000   -0.0021840
   7.1000000   -0.0420685
   7.1200000   -0.0941239
   7.1400000   -0.1580921
   7.1600000   -0.2328295
   7.1800000   -0.3162536
   7.2000000   -0.4053794
   7.2200000   -0.4964555
   7.2400000   -0.5851959
   7.2600000   -0.6670914
   7.2800000   -0.7377714
   7.3000000   -0.7933757
   7.3200000   -0.8308942
   7.3400000   -0.8484322
   7.3600000   -0.8453686
   7.3800000   -0.8223879
   7.4000000   -0.7813838
   7.4200000   -0.7252479
   7.4400000   -0.6575758
   7.4600000   -0.5823252
   7.4800000   -0.5034720
   7.5000000   -0.4247012
   7.5200000   -0.3491630
   7.5400000   -0.2793137
   7.5600000   -0.2168449
   7.5800000   -0.1626960
   7.6000000   -0.1171322
   7.6200000   -0.0798684
   7.6400000   -0.0502154
   7.6600000   -0.0272284
   7.6800000   -0.0098417
   7.7000000    0.0030212
   7.7200000    0.0123663
   7.7400000    0.0190774
   7.7600000    0.0238902
   7.7800000    0.0273868
   7.8000000    0.0300050
   7.8200000    0.0320553
   7.8400000    0.0337424
   7.8600000    0.0351858
   7.8800000    0.0364380
   7.9000000    0.0374996
   7.9200000    0.0383287
   7.9400000    0.0388470
   7.9600000    0.0389411
   7.9800000    0.0384602
   8.0000000    0.0372092
   8.0200000    0.0349394
   8.0400000    0.0313347
   8.0600000    0.0259967
   8.0800000    0.0184291
   8.1000000    0.0080249
   8.1200000   -0.0059387
   8.1400000   -0.0242932
   8.1600000   -0.0479537
   8.1800000   -0.0778699
   8.2000000   -0.1149515
   8.2200000   -0.1599671
   8.2400000   -0.2134221
   8.2600000   -0.2754248
   8.2800000   -0.3455573
   8.3000000   -0.4227686
   8.3200000   -0.5053114
   8.3400000   -0.5907420
   8.3600000   -0.6759950
   8.3800000   -0.7575396
   8.4000000   -0.8316082
   8.4200000   -0.8944819
   8.4400000   -0.9428006
   8.4600000   -0.9738646
   8.4800000   -0.9858876
   8.5000000   -0.9781713
   8.5200000   -0.9511736
   8.5400000   -0.9064656
   8.5600000   -0.8465796
   8.5800000   -0.7747710
   8.6000000   -0.6947238
   8.6200000   -0.6102378
   8.6400000   -0.5249339
   8.6600000   -0.4420081
   8.6800000   -0.3640561
   8.7000000   -0.2929781
   8.7200000   -0.2299613
   8.7400000   -0.1755292
   8.7600000   -0.1296402
   8.7800000   -0.0918142
   8.8000000   -0.0612693
   8.8200000   -0.0370507
   8.8400000   -0.0181417
   8.8600000   -0.0035493
   8.8800000    0.0076359
   8.9000000    0.0162047
   8.9200000    0.0228145
   8.9400000    0.0279885
   8.9600000    0.0321255
   8.9800000    0.0355146
   9.0000000    0.0383514
   9.0200000    0.0407550
   9.0400000    0.0427833
   9.0600000    0.0444473
   9.0800000    0.0457241
   9.1000000    0.0465695
   9.1200000    0.0469294
   9.1400000    0.0467515
   9.1600000    0.0459947
   9.1800000    0.0446381
   9.2000000    0.0426869
   9.2200000    0.0401756
   9.2400000    0.0371680
   9.2600000    0.0337529
   9.2800000    0.0300375
   9.3000000    0.0261366
   9.3200000    0.0221604
   9.3400000    0.0182010
   9.3600000    0.0143175
   9.3800000    0.0105215
   9.4000000    0.0067639
   9.4200000    0.0029210
   9.4400000   -0.0012163
   9.4600000   -0.0059531
   9.4800000   -0.0116969
   9.5000000   -0.0189605
   9.5200000   -0.0283576
   9.5400000   -0.0405883
   9.5600000   -0.0564118
   9.5800000   -0.0766026
   9.6000000   -0.1018891
   9.6200000   -0.1328748
   9.6400000   -0.1699466
   9.6600000   -0.2131763
   9.6800000   -0.2622292
   9.7000000   -0.3162908
   9.7200000   -0.3740292
   9.7400000   -0.4336055
   9.7600000   -0.4927419
   9.7800000   -0.5488501
   9.8000000   -0.5992137
   9.8200000   -0.6412085
   9.8400000   -0.6725378
   9.8600000   -0.6914552
   9.8800000   -0.6969425
   9.9000000   -0.6888218
   9.9200000   -0.6677805
   9.9400000   -0.6353064
   9.9600000   -0.5935400
   9.9800000   -0.5450612
  10.0000000   -0.4926405
  10.0200000   -0.4389841
  10.0400000   -0.3865060
  10.0600000   -0.3371496
  10.0800000   -0.2922766
  10.1000000   -0.2526271
  10.1200000   -0.2183463
  10.1400000   -0.1890627
  10.1600000   -0.1640006
  10.1800000   -0.1421046
  10.2000000   -0.1221601
  10.2200000   -0.1028935
  10.2400000   -0.0830480
  10.2600000   -0.0614322
  10.2800000   -0.0369475
  10.3000000   -0.0086037
  10.3200000    0.0244668
  10.3400000    0.0629870
  10.3600000    0.1074979
  10.3800000    0.1583047
  10.4000000    0.2154093
  10.4200000    0.2784387
  10.4400000    0.3465822
  10.4600000    0.4185525
  10.4800000    0.4925859
  10.5000000    0.5664914
  10.5200000    0.6377554
  10.5400000    0.7036975
  10.5600000    0.7616659
  10.5800000    0.8092532
  10.6000000    0.8445060
  10.6200000    0.8661037
  10.6400000    0.8734807
  10.6600000    0.8668754
  10.6800000    0.8472996
  10.7000000    0.8164305
  10.7200000    0.7764422
  10.7400000    0.7297987
  10.7600000    0.6790360
  10.7800000    0.6265608
  10.8000000    0.5744873
  10.8200000    0.5245276
  10.8400000    0.4779393
  10.8600000    0.4355280
  10.8800000    0.3976921
  10.9000000    0.3644953
  10.9200000    0.3357515
  10.9400000    0.3111065
  10.9600000    0.2901089
  10.9800000    0.2722632
  11.0000000    0.2570672
  11.0200000    0.2440336
  11.0400000    0.2327032
  11.0600000    0.2226523
  11.0800000    0.2134981
  11.1000000    0.2049049
  11.1200000    0.1965898
  11.1400000    0.1883283
  11.1600000    0.1799585
  11.1800000    0.1713825
  11.2000000    0.1625655
  11.2200000    0.1535329
  11.2400000    0.1443659
  11.2600000    0.1351973
  11.2800000    0.1262063
  11.3000000    0.1176134
  11.3200000    0.1096737
  11.3400000    0.1026665
  11.3600000    0.0968807
  11.3800000    0.0925944
  11.4000000    0.0900503
  11.4200000    0.0894268
  11.4400000    0.0908102
  11.4600000    0.0941691
  11.4800000    0.0993389
  11.5000000    0.1060165
  11.5200000    0.1137706
  11.5400000    0.1220668
  11.5600000    0.1303068
  11.5800000    0.1378776
  11.6000000    0.1442055
  11.6200000    0.1488088
  11.6400000    0.1513420
  11.6600000    0.1516279
  11.6800000    0.1496710
  11.7000000    0.1456538
  11.7200000    0.1399150
  11.7400000    0.1329143
  11.7600000    0.1251872
  11.7800000    0.1172969
  11.8000000    0.1097872
  11.8200000    0.1031423
  11.8400000    0.0977555
  11.8600000    0.0939085
  11.8800000    0.0917618
  11.9000000    0.0913546
  11.9200000    0.0926125
  11.9400000    0.0953608
  11.9600000    0.0993422
  11.9800000    0.1042367
  12.0000000    0.1096833
  12.0200000    0.1153022
  12.0400000    0.1207190
  12.0600000    0.1255888
  12.0800000    0.1296214
  12.1000000    0.1326060
  12.1200000    0.1344360
  12.1400000    0.1351297
  12.1600000    0.1348485
  12.1800000    0.1339063
  12.2000000    0.1327715
  12.2200000    0.1320565
  12.2400000    0.1324949
  12.2600000    0.1349044
  12.2800000    0.1401369
  12.3000000    0.1490167
  12.3200000    0.1622715
  12.3400000    0.1804600
  12.3600000    0.2039033
  12.3800000    0.2326261
  12.4000000    0.2663144
  12.4200000    0.3042953
  12.4400000    0.3455423
  12.4600000    0.3887058
  12.4800000    0.4321691
  12.5000000    0.4741214
  12.5200000    0.5126461
  12.5400000    0.5458131
  12.5600000    0.5717710
  12.5800000    0.5888342
  12.6000000    0.5955617
  12.6200000    0.5908285
  12.6400000    0.5738881
  12.6600000    0.5444305
  12.6800000    0.5026309
  12.7000000    0.4491888
  12.7200000    0.3853507
  12.7400000    0.3129073
  12.7600000    0.2341583
  12.7800000    0.1518357
  12.8000000    0.0689847
  12.8200000   -0.0111961
  12.8400000   -0.0855455
  12.8600000   -0.1511456
  12.8800000   -0.2055219
  12.9000000   -0.2468168
  12.9200000   -0.2739159
  12.9400000   -0.2865105
  12.9600000   -0.2850912
  12.9800000   -0.2708704
  13.0000000   -0.2456463
  13.0200000   -0.2116229
  13.0400000   -0.1712084
  13.0600000   -0.1268151
  13.0800000   -0.0806809
  13.1000000   -0.0347306
  13.1200000    0.0095138
  13.1400000    0.0509685
  13.1600000    0.0889737
  13.1800000    0.1232371
  13.2000000    0.1537489
  13.2200000    0.1806816
  13.2400000    0.2042916
  13.2600000    0.2248327
  13.2800000    0.2424936
  13.3000000    0.2573640
  13.3200000    0.2694316
  13.3400000    0.2786066
  13.3600000    0.2847686
  13.3800000    0.2878286
  13.4000000    0.2877960
  13.4200000    0.2848439
  13.4400000    0.2793653
  13.4600000    0.2720148
  13.4800000    0.2637342
  13.5000000    0.2557597
  13.5200000    0.2496107
  13.5400000    0.2470592
  13.5600000    0.2500794
  13.5800000    0.2607725
  13.6000000    0.2812666
  13.6200000    0.3135866
  13.6400000    0.3594948
  13.6600000    0.4203068
  13.6800000    0.4966931
  13.7000000    0.5884826
  13.7200000    0.6944940
  13.7400000    0.8124217
  13.7600000    0.9388053
  13.7800000    1.0691056
  13.8000000    1.1979015
  13.8200000    1.3192044
  13.8400000    1.4268733
  13.8600000    1.5150920
  13.8800000    1.5788615
  13.9000000    1.6144496
  13.9200000    1.6197435
  13.9400000    1.5944604
  13.9600000    1.5401896
  13.9800000    1.4602597
  14.0000000    1.3594513
  14.0200000    1.2435891
  14.0400000    1.1190649
  14.0600000    0.9923473
  14.0800000    0.8695264
  14.1000000    0.7559348
  14.1200000    0.6558697
  14.1400000    0.5724251
  14.1600000    0.5074281
  14.1800000    0.4614658
  14.2000000    0.4339815
  14.2200000    0.4234215
  14.2400000    0.4274149
  14.2600000    0.4429746
  14.2800000    0.4667101
  14.3000000    0.4950477
  14.3200000    0.5244504
  14.3400000    0.5516315
  14.3600000    0.5737485
  14.3800000    0.5885672
  14.4000000    0.5945791
  14.4200000    0.5910637
  14.4400000    0.5780850
  14.4600000    0.5564267
  14.4800000    0.5274702
  14.5000000    0.4930329
  14.5200000    0.4551854
  14.5400000    0.4160706
  14.5600000    0.3777426
  14.5800000    0.3420425
  14.6000000    0.3105163
  14.6200000    0.2843767
  14.6400000    0.2644998
  14.6600000    0.2514470
  14.6800000    0.2454962
  14.7000000    0.2466711
  14.7200000    0.2547592
  14.7400000    0.2693156
  14.7600000    0.2896545
  14.7800000    0.3148367
  14.8000000    0.3436628
  14.8200000    0.3746842
  14.8400000    0.4062405
  14.8600000    0.4365283
  14.8800000    0.4637002
  14.9000000    0.4859867
  14.9200000    0.5018284
  14.9400000    0.5100023
  14.9600000    0.5097254
  14.9800000    0.5007222
  15.0000000    0.4832450
  15.0200000    0.4580439
  15.0400000    0.4262923
  15.0600000    0.3894746
  15.0800000    0.3492537
  15.1000000    0.3073334
  15.1200000    0.2653308
  15.1400000    0.2246742
  15.1600000    0.1865317
  15.1800000    0.1517754
  15.2000000    0.1209794
  15.2200000    0.0944447
  15.2400000    0.0722443
  15.2600000    0.0542784
  15.2800000    0.0403339
  15.3000000    0.0301400
  15.3200000    0.0234160
  15.3400000    0.0199101
  15.3600000    0.0194265
  15.3800000    0.0218413
  15.4000000    0.0271069
  15.4200000    0.0352452
  15.4400000    0.0463290
  15.4600000    0.0604529
  15.4800000    0.0776932
  15.5000000    0.0980622
  15.5200000    0.1214576
  15.5400000    0.1476160
  15.5600000    0.1760759
  15.5800000    0.2061566
  15.6000000    0.2369613
  15.6200000    0.2674064
  15.6400000    0.2962777
  15.6600000    0.3223112
  15.6800000    0.3442896
  15.7000000    0.3611448
  15.7200000    0.3720545
  15.7400000    0.3765200
  15.7600000    0.3744165
  15.7800000    0.3660093
  15.8000000    0.3519359
  15.8200000    0.3331556
  15.8400000    0.3108768
  15.8600000    0.2864694
  15.8800000    0.2613746
  15.9000000    0.2370197
  15.9200000    0.2147451
  15.9400000    0.1957449
  15.9600000    0.1810218
  15.9800000    0.1713528
  16.0000000    0.1672606
  16.0200000    0.1689903
  16.0400000    0.1764874
  16.0600000    0.1893807
  16.0800000    0.2069735
  16.1000000    0.2282509
  16.1200000    0.2519072
  16.1400000    0.2764021
  16.1600000    0.3000446
  16.1800000    0.3211028
  16.2000000    0.3379328
  16.2200000    0.3491115
  16.2400000    0.3535615
  16.2600000    0.3506478
  16.2800000    0.3402377
  16.3000000    0.3227100
  16.3200000    0.2989145
  16.3400000    0.2700852
  16.3600000    0.2377171
  16.3800000    0.2034244
  16.4000000    0.1687965
  16.4200000    0.1352688
  16.4400000    0.1040228
  16.4600000    0.0759239
  16.4800000    0.0514988
  16.5000000    0.0309511
  16.5200000    0.0142062
  16.5400000    0.0009765
  16.5600000   -0.0091650
  16.5800000   -0.0167123
  16.6000000   -0.0221634
  16.6200000   -0.0259722
  16.6400000   -0.0285167
  16.6600000   -0.0300841
  16.6800000   -0.0308696
  16.7000000   -0.0309859
  16.7200000   -0.0304798
  16.7400000   -0.0293516
  16.7600000   -0.0275752
  16.7800000   -0.0251159
  16.8000000   -0.0219460
  16.8200000   -0.0180565
  16.8400000   -0.0134651
  16.8600000   -0.0082216
  16.8800000   -0.0024102
  16.9000000    0.0038507
  16.9200000    0.0104108
  16.9400000    0.0170932
  16.9600000    0.0237016
  16.9800000    0.0300307
  17.0000000    0.0358786
  17.0200000    0.0410611
  17.0400000    0.0454277
  17.0600000    0.0488762
  17.0800000    0.0513656
  17.1000000    0.0529254
  17.1200000    0.0536584
  17.1400000    0.0537378
  17.1600000    0.0533965
  17.1800000    0.0529098
  17.2000000    0.0525738
  17.2200000    0.0526789
  17.2400000    0.0534851
  17.2600000    0.0551977
  17.2800000    0.0579490
  17.3000000    0.0617862
  17.3200000    0.0666662
  17.3400000    0.0724584
  17.3600000    0.0789546
  17.3800000    0.0858832
  17.4000000    0.0929279
  17.4200000    0.0997479
  17.4400000    0.1059991
  17.4600000    0.1113538
  17.4800000    0.1155190
  17.5000000    0.1182527
  17.5200000    0.1193760
  17.5400000    0.1187822
  17.5600000    0.1164417
  17.5800000    0.1124014
  17.6000000    0.1067801
  17.6200000    0.0997583
  17.6400000    0.0915643
  17.6600000    0.0824578
  17.6800000    0.0727107
  17.7000000    0.0625906
  17.7200000    0.0523448
  17.7400000    0.0421892
  17.7600000    0.0323022
  17.7800000    0.0228230
  17.8000000    0.0138556
  17.8200000    0.0054762
  17.8400000   -0.0022571
  17.8600000   -0.0092938
  17.8800000   -0.0155805
  17.9000000   -0.0210528
  17.9200000   -0.0256289
  17.9400000   -0.0292059
  17.9600000   -0.0316584
  17.9800000   -0.0328393
  18.0000000   -0.0325819
  18.0200000   -0.0307050
  18.0400000   -0.0270186
  18.0600000   -0.0213340
  18.0800000   -0.0134761
  18.1000000   -0.0032996
  18.1200000    0.0092901
  18.1400000    0.0243145
  18.1600000    0.0416975
  18.1800000    0.0612430
  18.2000000    0.0826175
  18.2200000    0.1053422
  18.2400000    0.1287971
  18.2600000    0.1522405
  18.2800000    0.1748439
  18.3000000    0.1957413
  18.3200000    0.2140877
  18.3400000    0.2291239
  18.3600000    0.2402363
  18.3800000    0.2470087
  18.4000000    0.2492556
  18.4200000    0.2470362
  18.4400000    0.2406439
  18.4600000    0.2305754
  18.4800000    0.2174821
  18.5000000    0.2021102
  18.5200000    0.1852380
  18.5400000    0.1676159
  18.5600000    0.1499174
  18.5800000    0.1327042
  18.6000000    0.1164067
  18.6200000    0.1013214
  18.6400000    0.0876200
  18.6600000    0.0753694
  18.6800000    0.0645563
  18.7000000    0.0551127
  18.7200000    0.0469401
  18.7400000    0.0399292
  18.7600000    0.0339734
  18.7800000    0.0289780
  18.8000000    0.0248632
  18.8200000    0.0215642
  18.8400000    0.0190284
  18.8600000    0.0172104
  18.8800000    0.0160680
  18.9000000    0.0155572
  18.9200000    0.0156285
  18.9400000    0.0162239
  18.9600000    0.0172750
  18.9800000    0.0187025
  19.0000000    0.0204166
  19.0200000    0.0223182
  19.0400000    0.0243019
  19.0600000    0.0262592
  19.0800000    0.0280828
  19.1000000    0.0296711
  19.1200000    0.0309334
  19.1400000    0.0317944
  19.1600000    0.0321990
  19.1800000    0.0321153
  19.2000000    0.0315376
  19.2200000    0.0304875
  19.2400000    0.0290137
  19.2600000    0.0271902
  19.2800000    0.0251126
  19.3000000    0.0228928
  19.3200000    0.0206521
  19.3400000    0.0185130
  19.3600000    0.0165902
  19.3800000    0.0149812
  19.4000000    0.0137585
  19.4200000    0.0129619
  19.4400000    0.0125948
  19.4600000    0.0126224
  19.4800000    0.0129739
  19.5000000    0.0135484
  19.5200000    0.0142230
  19.5400000    0.0148637
  19.5600000    0.0153378
  19.5800000    0.0155254
  19.6000000    0.0153307
  19.6200000    0.0146904
  19.6400000    0.0135798
  19.6600000    0.0120151
  19.6800000    0.0100525
  19.7000000    0.0077839
  19.7200000    0.0053298
  19.7400000    0.0028303
  19.7600000    0.0004350
  19.7800000   -0.0017079
  19.8000000   -0.0034617
  19.8200000   -0.0047100
  19.8400000   -0.0053636
  19.8600000   -0.0053657
  19.8800000   -0.0046938
  19.9000000   -0.0033603
  19.9200000   -0.0014109
  19.9400000    0.0010785
  19.9600000    0.0040062
  19.9800000    0.0072495
  20.0000000    0.0106706
  20.0200000    0.0141228
  20.0400000    0.0174583
  20.0600000    0.0205366
  20.0800000    0.0232339
  20.1000000    0.0254542
  20.1200000    0.0271391
  20.1400000    0.0282776
  20.1600000    0.0289126
  20.1800000    0.0291438
  20.2000000    0.0291247
  20.2200000    0.0290539
  20.2400000    0.0291593
  20.2600000    0.0296774
  20.2800000    0.0308291
  20.3000000    0.0327936
  20.3200000    0.0356852
  20.3400000    0.0395339
  20.3600000    0.0442746
  20.3800000    0.0497450
  20.4000000    0.0556941
  20.4200000    0.0618002
  20.4400000    0.0676974
  20.4600000    0.0730070
  20.4800000    0.0773710
  20.5000000    0.0804843
  20.5200000    0.0821215
  20.5400000    0.0821545
  20.5600000    0.0805621
  20.5800000    0.0774270
  20.6000000    0.0729246
  20.6200000    0.0673022
  20.6400000    0.0608545
  20.6600000    0.0538956
  20.6800000    0.0467327
  20.7000000    0.0396431
  20.7200000    0.0328559
  20.7400000    0.0265414
  20.7600000    0.0208048
  20.7800000    0.0156877
  20.8000000    0.0111716
  20.8200000    0.0071870
  20.8400000    0.0036227
  20.8600000    0.0003371
  20.8800000   -0.0028304
  20.9000000   -0.0060471
  20.9200000   -0.0094748
  20.9400000   -0.0132566
  20.9600000   -0.0175043
  20.9800000   -0.0222853
  21.0000000   -0.0276113
  21.0200000   -0.0334290
  21.0400000   -0.0396153
  21.0600000   -0.0459777
  21.0800000   -0.0522610
  21.1000000   -0.0581612
  21.1200000   -0.0633459
  21.1400000   -0.0674790
  21.1600000   -0.0702483
  21.1800000   -0.0713934
  21.2000000   -0.0707291
  21.2200000   -0.0681630
  21.2400000   -0.0637046
  21.2600000   -0.0574645
  21.2800000   -0.0496439
  21.3000000   -0.0405154
  21.3200000   -0.0303975
  21.3400000   -0.0196249
  21.3600000   -0.0085191
  21.3800000    0.0026401
  21.4000000    0.0136370
  21.4200000    0.0243354
  21.4400000    0.0346855
  21.4600000    0.0447212
  21.4800000    0.0545469
  21.5000000    0.0643170
  21.5200000    0.0742068
  21.5400000    0.0843797
  21.5600000    0.0949535
  21.5800000    0.1059694
  21.6000000    0.1173685
  21.6200000    0.1289790
  21.6400000    0.1405181
  21.6600000    0.1516073
  21.6800000    0.1618037
  21.7000000    0.1706404
  21.7200000    0.1776746
  21.7400000    0.1825343
  21.7600000    0.1849595
  21.7800000    0.1848303
  21.8000000    0.1821789
  21.8200000    0.1771840
  21.8400000    0.1701474
  21.8600000    0.1614593
  21.8800000    0.1515545
  21.9000000    0.1408683
  21.9200000    0.1297976
  21.9400000    0.1186715
  21.9600000    0.1077347
  21.9800000    0.0971451
  22.0000000    0.0869821
  22.0200000    0.0772639
  22.0400000    0.0679702
  22.0600000    0.0590641
  22.0800000    0.0505122
  22.1000000    0.0422984
  22.1200000    0.0344319
  22.1400000    0.0269489
  22.1600000    0.0199091
  22.1800000    0.0133883
  22.2000000    0.0074703
  22.2200000    0.0022377
  22.2400000   -0.0022357
  22.2600000   -0.0058901
  22.2800000   -0.0086835
  22.3000000   -0.0105929
  22.3200000   -0.0116132
  22.3400000   -0.0117553
  22.3600000   -0.0110422
  22.3800000   -0.0095058
  22.4000000   -0.0071819
  22.4200000   -0.0041070
  22.4400000   -0.0003149
  22.4600000    0.0041642
  22.4800000    0.0093036
  22.5000000    0.0150772
  22.5200000    0.0214537
  22.5400000    0.0283897
  22.5600000    0.0358204
  22.5800000    0.0436507
  22.6000000    0.0517474
  22.6200000    0.0599350
  22.6400000    0.0679958
  22.6600000    0.0756768
  22.6800000    0.0827027
  22.7000000    0.0887948
  22.7200000    0.0936945
  22.7400000    0.0971876
  22.7600000    0.0991273
  22.7800000    0.0994519
  22.8000000    0.0981942
  22.8200000    0.0954811
  22.8400000    0.0915228
  22.8600000    0.0865929
  22.8800000    0.0810021
  22.9000000    0.0750690
  22.9200000    0.0690921
  22.9400000    0.0633259
  22.9600000    0.0579652
  22.9800000    0.0531367
  23.0000000    0.0489000
  23.0200000    0.0452548
  23.0400000    0.0421533
  23.0600000    0.0395141
  23.0800000    0.0372364
  23.1000000    0.0352118
  23.1200000    0.0333335
  23.1400000    0.0315021
  23.1600000    0.0296299
  23.1800000    0.0276428
  23.2000000    0.0254824
  23.2200000    0.0231088
  23.2400000    0.0205038
  23.2600000    0.0176753
  23.2800000    0.0146624
  23.3000000    0.0115406
  23.3200000    0.0084258
  23.3400000    0.0054787
  23.3600000    0.0029057
  23.3800000    0.0009601
  23.4000000   -0.0000598
  23.4200000    0.0001855
  23.4400000    0.0020709
  23.4600000    0.0059966
  23.4800000    0.0123747
  23.5000000    0.0216089
  23.5200000    0.0340696
  23.5400000    0.0500602
  23.5600000    0.0697793
  23.5800000    0.0932774
  23.6000000    0.1204145
  23.6200000    0.1508231
  23.6400000    0.1838818
  23.6600000    0.2187080
  23.6800000    0.2541740
  23.7000000    0.2889503
  23.7200000    0.3215756
  23.7400000    0.3505513
  23.7600000    0.3744513
  23.7800000    0.3920364
  23.8000000    0.4023614
  23.8200000    0.4048597
  23.8400000    0.3993976
  23.8600000    0.3862879
  23.8800000    0.3662628
  23.9000000    0.3404090
  23.9200000    0.3100715
  23.9400000    0.2767411
  23.9600000    0.2419361
  23.9800000    0.2070925
  24.0000000    0.1734738
  24.0200000    0.1421075
  24.0400000    0.1137511
  24.0600000    0.0888879
  24.0800000    0.0677468
  24.1000000    0.0503410
  24.1200000    0.0365175
  24.1400000    0.0260108
  24.1600000    0.0184930
  24.1800000    0.0136179
  24.2000000    0.0110551
  24.2200000    0.0105121
  24.2400000    0.0117464
  24.2600000    0.0145677
  24.2800000    0.0188311
  24.3000000    0.0244251
  24.3200000    0.0312543
  24.3400000    0.0392203
  24.3600000    0.0482029
  24.3800000    0.0580418
  24.4000000    0.0685242
  24.4200000    0.0793771
  24.4400000    0.0902685
  24.4600000    0.1008170
  24.4800000    0.1106106
  24.5000000    0.1192333
  24.5200000    0.1262970
  24.5400000    0.1314756
  24.5600000    0.1345356
  24.5800000    0.1353609
  24.6000000    0.1339660
  24.6200000    0.1304963
  24.6400000    0.1252146
  24.6600000    0.1184744
  24.6800000    0.1106844
  24.7000000    0.1022682
  24.7200000    0.0936241
  24.7400000    0.0850909
  24.7600000    0.0769238
  24.7800000    0.0692809
  24.8000000    0.0622242
  24.8200000    0.0557307
  24.8400000    0.0497122
  24.8600000    0.0440393
  24.8800000    0.0385666
  24.9000000    0.0331539
  24.9200000    0.0276825
  24.9400000    0.0220637
  24.9600000    0.0162410
  24.9800000    0.0101863
  25.0000000    0.0038919
  25.0200000   -0.0026383
  25.0400000   -0.0093971
  25.0600000   -0.0163795
  25.0800000   -0.0235851
  25.1000000   -0.0310164
  25.1200000   -0.0386737
  25.1400000   -0.0465482
  25.1600000   -0.0546147
  25.1800000   -0.0628248
  25.2000000   -0.0711024
  25.2200000   -0.0793432
  25.2400000   -0.0874170
  25.2600000   -0.0951749
  25.2800000   -0.1024588
  25.3000000   -0.1091149
  25.3200000   -0.1150071
  25.3400000   -0.1200329
  25.3600000   -0.1241372
  25.3800000   -0.1273259
  25.4000000   -0.1296770
  25.4200000   -0.1313492
  25.4400000   -0.1325871
  25.4600000   -0.1337226
  25.4800000   -0.1351712
  25.5000000   -0.1374218
  25.5200000   -0.1410205
  25.5400000   -0.1465444
  25.5600000   -0.1545678
  25.5800000   -0.1656186
  25.6000000   -0.1801283
  25.6200000   -0.1983769
  25.6400000   -0.2204399
  25.6600000   -0.2461399
  25.6800000   -0.2750142
  25.7000000   -0.3063015
  25.7200000   -0.3389557
  25.7400000   -0.3716892
  25.7600000   -0.4030457
  25.7800000   -0.4314980
  25.8000000   -0.4555628
  25.8200000   -0.4739208
  25.8400000   -0.4855293
  25.8600000   -0.4897138
  25.8800000   -0.4862274
  25.9000000   -0.4752719
  25.9200000   -0.4574781
  25.9400000   -0.4338487
  25.9600000   -0.4056720
  25.9800000   -0.3744175
  26.0000000   -0.3416262
  26.0200000   -0.3088069
  26.0400000   -0.2773484
  26.0600000   -0.2484521
  26.0800000   -0.2230874
  26.1000000   -0.2019684
  26.1200000   -0.1855468
  26.1400000   -0.1740174
  26.1600000   -0.1673305
  26.1800000   -0.1652097
  26.2000000   -0.1671728
  26.2200000   -0.1725572
  26.2400000   -0.1805515
  26.2600000   -0.1902357
  26.2800000   -0.2006298
  26.3000000   -0.2107506
  26.3200000   -0.2196743
  26.3400000   -0.2265984
  26.3600000   -0.2308979
  26.3800000   -0.2321692
  26.4000000   -0.2302573
  26.4200000   -0.2252607
  26.4400000   -0.2175168
  26.4600000   -0.2075668
  26.4800000   -0.1961056
  26.5000000   -0.1839225
  26.5200000   -0.1718378
  26.5400000   -0.1606416
  26.5600000   -0.1510389
  26.5800000   -0.1436044
  26.6000000   -0.1387495
  26.6200000   -0.1367007
  26.6400000   -0.1374923
  26.6600000   -0.1409703
  26.6800000   -0.1468099
  26.7000000   -0.1545435
  26.7200000   -0.1635991
  26.7400000   -0.1733461
  26.7600000   -0.1831448
  26.7800000   -0.1923965
  26.8000000   -0.2005866
  26.8200000   -0.2073189
  26.8400000   -0.2123347
  26.8600000   -0.2155164
  26.8800000   -0.2168744
  26.9000000   -0.2165218
  26.9200000   -0.2146406
  26.9400000   -0.2114470
  26.9600000   -0.2071634
  26.9800000   -0.2020011
  27.0000000   -0.1961604
  27.0200000   -0.1898466
  27.0400000   -0.1832998
  27.0600000   -0.1768323
  27.0800000   -0.1708643
  27.1000000   -0.1659497
  27.1200000   -0.1627803
  27.1400000   -0.1621655
  27.1600000   -0.1649816
  27.1800000   -0.1720955
  27.2000000   -0.1842684
  27.2200000   -0.2020517
  27.2400000   -0.2256885
  27.2600000   -0.2550371
  27.2800000   -0.2895271
  27.3000000   -0.3281616
  27.3200000   -0.3695655
  27.3400000   -0.4120814
  27.3600000   -0.4539018
  27.3800000   -0.4932247
  27.4000000   -0.5284135
  27.4200000   -0.5581424
  27.4400000   -0.5815095
  27.4600000   -0.5981029
  27.4800000   -0.6080127
  27.5000000   -0.6117880
  27.5200000   -0.6103459
  27.5400000   -0.6048450
  27.5600000   -0.5965408
  27.5800000   -0.5866418
  27.6000000   -0.5761838
  27.6200000   -0.5659362
  27.6400000   -0.5563502
  27.6600000   -0.5475510
  27.6800000   -0.5393711
  27.7000000   -0.5314169
  27.7200000   -0.5231568
  27.7400000   -0.5140179
  27.7600000   -0.5034792
  27.7800000   -0.4911494
  27.8000000   -0.4768229
  27.8200000   -0.4605091
  27.8400000   -0.4424341
  27.8600000   -0.4230182
  27.8800000   -0.4028330
  27.9000000   -0.3825453
  27.9200000   -0.3628540
  27.9400000   -0.3444275
  27.9600000   -0.3278467
  27.9800000   -0.3135598
  28.0000000   -0.3018508
  28.0200000   -0.2928244
  28.0400000   -0.2864071
  28.0600000   -0.2823626
  28.0800000   -0.2803198
  28.1000000   -0.2798085
  28.1200000   -0.2802996
  28.1400000   -0.2812455
  28.1600000   -0.2821158
  28.1800000   -0.2824273
  28.2000000   -0.2817661
  28.2200000   -0.2798002
  28.2400000   -0.2762861
  28.2600000   -0.2710690
  28.2800000   -0.2640790
  28.3000000   -0.2553264
  28.3200000   -0.2448953
  28.3400000   -0.2329387
  28.3600000   -0.2196714
  28.3800000   -0.2053639
  28.4000000   -0.1903329
  28.4200000   -0.1749299
  28.4400000   -0.1595270
  28.4600000   -0.1444998
  28.4800000   -0.1302089
  28.5000000   -0.1169814
  28.5200000   -0.1050934
  28.5400000   -0.0947560
  28.5600000   -0.0861044
  28.5800000   -0.0791927
  28.6000000   -0.0739934
  28.6200000   -0.0704019
  28.6400000   -0.0682458
  28.6600000   -0.0672981
  28.6800000   -0.0672931
  28.7000000   -0.0679445
  28.7200000   -0.0689645
  28.7400000   -0.0700818
  28.7600000   -0.0710587
  28.7800000   -0.0717050
  28.8000000   -0.0718879
  28.8200000   -0.0715376
  28.8400000   -0.0706478
  28.8600000   -0.0692708
  28.8800000   -0.0675081
  28.9000000   -0.0654975
  28.9200000   -0.0633967
  28.9400000   -0.0613666
  28.9600000   -0.0595547
  28.9800000   -0.0580805
  29.0000000   -0.0570252
  29.0200000   -0.0564260
  29.0400000   -0.0562763
  29.0600000   -0.0565312
  29.0800000   -0.0571182
  29.1000000   -0.0579514
  29.1200000   -0.0589466
  29.1400000   -0.0600359
  29.1600000   -0.0611788
  29.1800000   -0.0623683
  29.2000000   -0.0636312
  29.2200000   -0.0650215
  29.2400000   -0.0666091
  29.2600000   -0.0684646
  29.2800000   -0.0706427
  29.3000000   -0.0731677
  29.3200000   -0.0760218
  29.3400000   -0.0791392
  29.3600000   -0.0824071
  29.3800000   -0.0856723
  29.4000000   -0.0887541
  29.4200000   -0.0914605
  29.4400000   -0.0936074
  29.4600000   -0.0950369
  29.4800000   -0.0956344
  29.5000000   -0.0953419
  29.5200000   -0.0941664
  29.5400000   -0.0921835
  29.5600000   -0.0895348
  29.5800000   -0.0864205
  29.6000000   -0.0830859
  29.6200000   -0.0798040
  29.6400000   -0.0768553
  29.6600000   -0.0745044
  29.6800000   -0.0729775
  29.7000000   -0.0724401
  29.7200000   -0.0729799
  29.7400000   -0.0745940
  29.7600000   -0.0771843
  29.7800000   -0.0805625
  29.8000000   -0.0844629
  29.8200000   -0.0885656
  29.8400000   -0.0925258
  29.8600000   -0.0960075
  29.8800000   -0.0987178
  29.9000000   -0.1004378
  29.9200000   -0.1010450
  29.9400000   -0.1005251
  29.9600000   -0.0989710
  29.9800000   -0.0965677
  30.0000000   -0.0935661
