 -10.0000000    0.0211837
  -9.9800000    0.0221131
  -9.9600000    0.0227700
  -9.9400000    0.0231690
  -9.9200000    0.0233391
  -9.9000000    0.0233213
  -9.8800000    0.0231643
  -9.8600000    0.0229204
  -9.8400000    0.0226411
  -9.8200000    0.0223736
  -9.8000000    0.0221580
  -9.7800000    0.0220259
  -9.7600000    0.0219988
  -9.7400000    0.0220893
  -9.7200000    0.0223005
  -9.7000000    0.0226276
  -9.6800000    0.0230582
  -9.6600000    0.0235729
  -9.6400000    0.0241451
  -9.6200000    0.0247405
  -9.6000000    0.0253160
  -9.5800000    0.0258179
  -9.5600000    0.0261795
  -9.5400000    0.0263186
  -9.5200000    0.0261346
  -9.5000000    0.0255057
  -9.4800000    0.0242872
  -9.4600000    0.0223098
  -9.4400000    0.0193803
  -9.4200000    0.0152843
  -9.4000000    0.0097907
  -9.3800000    0.0026600
  -9.3600000   -0.0063453
  -9.3400000   -0.0174475
  -9.3200000   -0.0308381
  -9.3000000   -0.0466611
  -9.2800000   -0.0649962
  -9.2600000   -0.0858427
  -9.2400000   -0.1091049
  -9.2200000   -0.1345807
  -9.2000000   -0.1619534
  -9.1800000   -0.1907871
  -9.1600000   -0.2205271
  -9.1400000   -0.2505045
  -9.1200000   -0.2799471
  -9.1000000   -0.3079974
  -9.0800000   -0.3337374
  -9.0600000   -0.3562245
  -9.0400000   -0.3745347
  -9.0200000   -0.3878156
  -9.0000000   -0.3953439
  -8.9800000   -0.3965853
  -8.9600000   -0.3912489
  -8.9400000   -0.3793309
  -8.9200000   -0.3611394
  -8.9000000   -0.3372968
  -8.8800000   -0.3087145
  -8.8600000   -0.2765416
  -8.8400000   -0.2420902
  -8.8200000   -0.2067444
  -8.8000000   -0.1718609
  -8.7800000   -0.1386724
  -8.7600000   -0.1082036
  -8.7400000   -0.0812077
  -8.7200000   -0.0581291
  -8.7000000   -0.0390959
  -8.6800000   -0.0239402
  -8.6600000   -0.0122425
  -8.6400000   -0.0033953
  -8.6200000    0.0033249
  -8.6000000    0.0086811
  -8.5800000    0.0134065
  -8.5600000    0.0181448
  -8.5400000    0.0234067
  -8.5200000    0.0295443
  -8.5000000    0.0367414
  -8.4800000    0.0450220
  -8.4600000    0.0542702
  -8.4400000    0.0642606
  -8.4200000    0.0746936
  -8.4000000    0.0852329
  -8.3800000    0.0955407
  -8.3600000    0.1053085
  -8.3400000    0.1142805
  -8.3200000    0.1222694
  -8.3000000    0.1291636
  -8.2800000    0.1349266
  -8.2600000    0.1395894
  -8.2400000    0.1432377
  -8.2200000    0.1459965
  -8.2000000    0.1480125
  -8.1800000    0.1494379
  -8.1600000    0.1504164
  -8.1400000    0.1510724
  -8.1200000    0.1515049
  -8.1000000    0.1517861
  -8.0800000    0.1519637
  -8.0600000    0.1520678
  -8.0400000    0.1521186
  -8.0200000    0.1521356
  -8.0000000    0.1521441
  -7.9800000    0.1521795
  -7.9600000    0.1522854
  -7.9400000    0.1525087
  -7.9200000    0.1528884
  -7.9000000    0.1534437
  -7.8800000    0.1541613
  -7.8600000    0.1549859
  -7.8400000    0.1558170
  -7.8200000    0.1565134
  -7.8000000    0.1569053
  -7.7800000    0.1568137
  -7.7600000    0.1560749
  -7.7400000    0.1545641
  -7.7200000    0.1522174
  -7.7000000    0.1490452
  -7.6800000    0.1451373
  -7.6600000    0.1406569
  -7.6400000    0.1358249
  -7.6200000    0.1308975
  -7.6000000    0.1261393
  -7.5800000    0.1217965
  -7.5600000    0.1180737
  -7.5400000    0.1151164
  -7.5200000    0.1130014
  -7.5000000    0.1117350
  -7.4800000    0.1112575
  -7.4600000    0.1114537
  -7.4400000    0.1121655
  -7.4200000    0.1132067
  -7.4000000    0.1143764
  -7.3800000    0.1154719
  -7.3600000    0.1162987
  -7.3400000    0.1166797
  -7.3200000    0.1164624
  -7.3000000    0.1155252
  -7.2800000    0.1137828
  -7.2600000    0.1111917
  -7.2400000    0.1077542
  -7.2200000    0.1035215
  -7.2000000    0.0985950
  -7.1800000    0.0931249
  -7.1600000    0.0873070
  -7.1400000    0.0813749
  -7.1200000    0.0755904
  -7.1000000    0.0702311
  -7.0800000    0.0655759
  -7.0600000    0.0618894
  -7.0400000    0.0594067
  -7.0200000    0.0583190
  -7.0000000    0.0587609
  -6.9800000    0.0608010
  -6.9600000    0.0644350
  -6.9400000    0.0695834
  -6.9200000    0.0760925
  -6.9000000    0.0837403
  -6.8800000    0.0922452
  -6.8600000    0.1012797
  -6.8400000    0.1104866
  -6.8200000    0.1194982
  -6.8000000    0.1279570
  -6.7800000    0.1355367
  -6.7600000    0.1419618
  -6.7400000    0.1470247
  -6.7200000    0.1505978
  -6.7000000    0.1526398
  -6.6800000    0.1531950
  -6.6600000    0.1523855
  -6.6400000    0.1503968
  -6.6200000    0.1474579
  -6.6000000    0.1438186
  -6.5800000    0.1397263
  -6.5600000    0.1354042
  -6.5400000    0.1310347
  -6.5200000    0.1267480
  -6.5000000    0.1226192
  -6.4800000    0.1186705
  -6.4600000    0.1148813
  -6.4400000    0.1112010
  -6.4200000    0.1075646
  -6.4000000    0.1039078
  -6.3800000    0.1001800
  -6.3600000    0.0963525
  -6.3400000    0.0924234
  -6.3200000    0.0884164
  -6.3000000    0.0843766
  -6.2800000    0.0803626
  -6.2600000    0.0764372
  -6.2400000    0.0726582
  -6.2200000    0.0690697
  -6.2000000    0.0656959
  -6.1800000    0.0625367
  -6.1600000    0.0595659
  -6.1400000    0.0567317
  -6.1200000    0.0539584
  -6.1000000    0.0511496
  -6.0800000    0.0481919
  -6.0600000    0.0449588
  -6.0400000    0.0413158
  -6.0200000    0.0371258
  -6.0000000    0.0322563
  -5.9800000    0.0265882
  -5.9600000    0.0200270
  -5.9400000    0.0125166
  -5.9200000    0.0040532
  -5.9000000   -0.0052993
  -5.8800000   -0.0153973
  -5.8600000   -0.0260095
  -5.8400000   -0.0368168
  -5.8200000   -0.0474207
  -5.8000000   -0.0573625
  -5.7800000   -0.0661523
  -5.7600000   -0.0733055
  -5.7400000   -0.0783836
  -5.7200000   -0.0810354
  -5.7000000   -0.0810309
  -5.6800000   -0.0782874
  -5.6600000   -0.0728800
  -5.6400000   -0.0650377
  -5.6200000   -0.0551248
  -5.6000000   -0.0436097
  -5.5800000   -0.0310255
  -5.5600000   -0.0179275
  -5.5400000   -0.0048528
  -5.5200000    0.0077153
  -5.5000000    0.0193725
  -5.4800000    0.0298100
  -5.4600000    0.0388204
  -5.4400000    0.0462952
  -5.4200000    0.0522167
  -5.4000000    0.0566454
  -5.3800000    0.0597055
  -5.3600000    0.0615708
  -5.3400000    0.0624508
  -5.3200000    0.0625778
  -5.3000000    0.0621957
  -5.2800000    0.0615494
  -5.2600000    0.0608753
  -5.2400000    0.0603927
  -5.2200000    0.0602958
  -5.2000000    0.0607467
  -5.1800000    0.0618692
  -5.1600000    0.0637441
  -5.1400000    0.0664054
  -5.1200000    0.0698377
  -5.1000000    0.0739764
  -5.0800000    0.0787085
  -5.0600000    0.0838782
  -5.0400000    0.0892934
  -5.0200000    0.0947372
  -5.0000000    0.0999814
  -4.9800000    0.1048027
  -4.9600000    0.1089997
  -4.9400000    0.1124097
  -4.9200000    0.1149222
  -4.9000000    0.1164895
  -4.8800000    0.1171305
  -4.8600000    0.1169302
  -4.8400000    0.1160315
  -4.8200000    0.1146225
  -4.8000000    0.1129209
  -4.7800000    0.1111548
  -4.7600000    0.1095446
  -4.7400000    0.1082856
  -4.7200000    0.1075342
  -4.7000000    0.1073972
  -4.6800000    0.1079254
  -4.6600000    0.1091124
  -4.6400000    0.1108960
  -4.6200000    0.1131655
  -4.6000000    0.1157704
  -4.5800000    0.1185329
  -4.5600000    0.1212622
  -4.5400000    0.1237686
  -4.5200000    0.1258790
  -4.5000000    0.1274489
  -4.4800000    0.1283738
  -4.4600000    0.1285949
  -4.4400000    0.1281021
  -4.4200000    0.1269313
  -4.4000000    0.1251584
  -4.3800000    0.1228891
  -4.3600000    0.1202473
  -4.3400000    0.1173626
  -4.3200000    0.1143582
  -4.3000000    0.1113412
  -4.2800000    0.1083957
  -4.2600000    0.1055793
  -4.2400000    0.1029222
  -4.2200000    0.1004300
  -4.2000000    0.0980875
  -4.1800000    0.0958642
  -4.1600000    0.0937205
  -4.1400000    0.0916120
  -4.1200000    0.0894948
  -4.1000000    0.0873283
  -4.0800000    0.0850772
  -4.0600000    0.0827129
  -4.0400000    0.0802135
  -4.0200000    0.0775641
  -4.0000000    0.0747560
  -3.9800000    0.0717870
  -3.9600000    0.0686606
  -3.9400000    0.0653862
  -3.9200000    0.0619788
  -3.9000000    0.0584593
  -3.8800000    0.0548539
  -3.8600000    0.0511936
  -3.8400000    0.0475137
  -3.8200000    0.0438525
  -3.8000000    0.0402502
  -3.7800000    0.0367472
  -3.7600000    0.0333827
  -3.7400000    0.0301933
  -3.7200000    0.0272113
  -3.7000000    0.0244640
  -3.6800000    0.0219726
  -3.6600000    0.0197517
  -3.6400000    0.0178093
  -3.6200000    0.0161467
  -3.6000000    0.0147587
  -3.5800000    0.0136344
  -3.5600000    0.0127572
  -3.5400000    0.0121063
  -3.5200000    0.0116569
  -3.5000000    0.0113818
  -3.4800000    0.0112521
  -3.4600000    0.0112384
  -3.4400000    0.0113124
  -3.4200000    0.0114475
  -3.4000000    0.0116203
  -3.3800000    0.0118111
  -3.3600000    0.0120044
  -3.3400000    0.0121888
  -3.3200000    0.0123571
  -3.3000000    0.0125054
  -3.2800000    0.0126326
  -3.2600000    0.0127394
  -3.2400000    0.0128275
  -3.2200000    0.0128993
  -3.2000000    0.0129570
  -3.1800000    0.0130025
  -3.1600000    0.0130375
  -3.1400000    0.0130637
  -3.1200000    0.0130825
  -3.1000000    0.0130956
  -3.0800000    0.0131047
  -3.0600000    0.0131118
  -3.0400000    0.0131191
  -3.0200000    0.0131285
  -3.0000000    0.0131417
  -2.9800000    0.0131601
  -2.9600000    0.0131841
  -2.9400000    0.0132138
  -2.9200000    0.0132486
  -2.9000000    0.0132872
  -2.8800000    0.0133283
  -2.8600000    0.0133703
  -2.8400000    0.0134119
  -2.8200000    0.0134521
  -2.8000000    0.0134904
  -2.7800000    0.0135267
  -2.7600000    0.0135615
  -2.7400000    0.0135955
  -2.7200000    0.0136295
  -2.7000000    0.0136641
  -2.6800000    0.0136997
  -2.6600000    0.0137358
  -2.6400000    0.0137717
  -2.6200000    0.0138056
  -2.6000000    0.0138355
  -2.5800000    0.0138594
  -2.5600000    0.0138759
  -2.5400000    0.0138850
  -2.5200000    0.0138894
  -2.5000000    0.0138956
  -2.4800000    0.0139150
  -2.4600000    0.0139652
  -2.4400000    0.0140710
  -2.4200000    0.0142642
  -2.4000000    0.0145844
  -2.3800000    0.0150771
  -2.3600000    0.0157930
  -2.3400000    0.0167857
  -2.3200000    0.0181104
  -2.3000000    0.0198226
  -2.2800000    0.0219801
  -2.2600000    0.0246478
  -2.2400000    0.0279075
  -2.2200000    0.0318752
  -2.2000000    0.0367251
  -2.1800000    0.0427223
  -2.1600000    0.0502614
  -2.1400000    0.0599096
  -2.1200000    0.0724485
  -2.1000000    0.0889072
  -2.0800000    0.1105774
  -2.0600000    0.1390009
  -2.0400000    0.1759182
  -2.0200000    0.2231703
  -2.0000000    0.2825507
  -1.9800000    0.3556088
  -1.9600000    0.4434175
  -1.9400000    0.5463230
  -1.9200000    0.6637085
  -1.9000000    0.7938042
  -1.8800000    0.9335810
  -1.8600000    1.0787593
  -1.8400000    1.2239553
  -1.8200000    1.3629686
  -1.8000000    1.4891977
  -1.7800000    1.5961450
  -1.7600000    1.6779633
  -1.7400000    1.7299748
  -1.7200000    1.7491026
  -1.7000000    1.7341555
  -1.6800000    1.6859323
  -1.6600000    1.6071298
  -1.6400000    1.5020726
  -1.6200000    1.3762985
  -1.6000000    1.2360618
  -1.5800000    1.0878105
  -1.5600000    0.9377059
  -1.5400000    0.7912277
  -1.5200000    0.6529002
  -1.5000000    0.5261475
  -1.4800000    0.4132729
  -1.4600000    0.3155359
  -1.4400000    0.2332990
  -1.4200000    0.1662087
  -1.4000000    0.1133831
  -1.3800000    0.0735818
  -1.3600000    0.0453478
  -1.3400000    0.0271146
  -1.3200000    0.0172833
  -1.3000000    0.0142749
  -1.2800000    0.0165667
  -1.2600000    0.0227198
  -1.2400000    0.0314038
  -1.2200000    0.0414196
  -1.2000000    0.0517223
  -1.1800000    0.0614413
  -1.1600000    0.0698977
  -1.1400000    0.0766160
  -1.1200000    0.0813300
  -1.1000000    0.0839841
  -1.0800000    0.0847286
  -1.0600000    0.0839121
  -1.0400000    0.0820681
  -1.0200000    0.0798967
  -1.0000000    0.0782390
  -0.9800000    0.0780410
  -0.9600000    0.0803067
  -0.9400000    0.0860389
  -0.9200000    0.0961702
  -0.9000000    0.1114868
  -0.8800000    0.1325539
  -0.8600000    0.1596473
  -0.8400000    0.1927022
  -0.8200000    0.2312850
  -0.8000000    0.2745928
  -0.7800000    0.3214845
  -0.7600000    0.3705393
  -0.7400000    0.4201407
  -0.7200000    0.4685752
  -0.7000000    0.5141399
  -0.6800000    0.5552461
  -0.6600000    0.5905132
  -0.6400000    0.6188434
  -0.6200000    0.6394739
  -0.6000000    0.6520040
  -0.5800000    0.6563965
  -0.5600000    0.6529571
  -0.5400000    0.6422933
  -0.5200000    0.6252598
  -0.5000000    0.6028934
  -0.4800000    0.5763445
  -0.4600000    0.5468097
  -0.4400000    0.5154709
  -0.4200000    0.4834443
  -0.4000000    0.4517431
  -0.3800000    0.4212544
  -0.3600000    0.3927294
  -0.3400000    0.3667859
  -0.3200000    0.3439164
  -0.3000000    0.3244987
  -0.2800000    0.3088019
  -0.2600000    0.2969850
  -0.2400000    0.2890852
  -0.2200000    0.2849971
  -0.2000000    0.2844472
  -0.1800000    0.2869709
  -0.1600000    0.2918996
  -0.1400000    0.2983682
  -0.1200000    0.3053470
  -0.1000000    0.3117034
  -0.0800000    0.3162893
  -0.0600000    0.3180492
  -0.0400000    0.3161355
  -0.0200000    0.3100189
   0.0000000    0.2995764
   0.0200000    0.2851458
   0.0400000    0.2675352
   0.0600000    0.2479830
   0.0800000    0.2280709
   0.1000000    0.2095951
   0.1200000    0.1944089
   0.1400000    0.1842515
   0.1600000    0.1805790
   0.1800000    0.1844149
   0.2000000    0.1962339
   0.2200000    0.2158910
   0.2400000    0.2426031
   0.2600000    0.2749853
   0.2800000    0.3111408
   0.3000000    0.3487971
   0.3200000    0.3854762
   0.3400000    0.4186851
   0.3600000    0.4461073
   0.3800000    0.4657788
   0.4000000    0.4762304
   0.4200000    0.4765826
   0.4400000    0.4665858
   0.4600000    0.4466037
   0.4800000    0.4175431
   0.5000000    0.3807426
   0.5200000    0.3378348
   0.5400000    0.2905978
   0.5600000    0.2408144
   0.5800000    0.1901511
   0.6000000    0.1400682
   0.6200000    0.0917641
   0.6400000    0.0461530
   0.6600000    0.0038733
   0.6800000   -0.0346832
   0.7000000   -0.0693274
   0.7200000   -0.1000249
   0.7400000   -0.1268474
   0.7600000   -0.1499318
   0.7800000   -0.1694477
   0.8000000   -0.1855743
   0.8200000   -0.1984868
   0.8400000   -0.2083516
   0.8600000   -0.2153260
   0.8800000   -0.2195627
   0.9000000   -0.2212162
   0.9200000   -0.2204489
   0.9400000   -0.2174362
   0.9600000   -0.2123693
   0.9800000   -0.2054560
   1.0000000   -0.1969185
   1.0200000   -0.1869890
   1.0400000   -0.1759048
   1.0600000   -0.1639024
   1.0800000   -0.1512116
   1.1000000   -0.1380510
   1.1200000   -0.1246243
   1.1400000   -0.1111177
   1.1600000   -0.0976984
   1.1800000   -0.0845142
   1.2000000   -0.0716931
   1.2200000   -0.0593448
   1.2400000   -0.0475619
   1.2600000   -0.0364224
   1.2800000   -0.0259939
   1.3000000   -0.0163370
   1.3200000   -0.0075107
   1.3400000    0.0004242
   1.3600000    0.0074015
   1.3800000    0.0133503
   1.4000000    0.0181965
   1.4200000    0.0218693
   1.4400000    0.0243095
   1.4600000    0.0254805
   1.4800000    0.0253787
   1.5000000    0.0240439
   1.5200000    0.0215658
   1.5400000    0.0180866
   1.5600000    0.0137993
   1.5800000    0.0089401
   1.6000000    0.0037783
   1.6200000   -0.0013968
   1.6400000   -0.0062901
   1.6600000   -0.0106129
   1.6800000   -0.0140939
   1.7000000   -0.0164876
   1.7200000   -0.0175799
   1.7400000   -0.0171923
   1.7600000   -0.0151852
   1.7800000   -0.0114616
   1.8000000   -0.0059712
   1.8200000    0.0012850
   1.8400000    0.0102499
   1.8600000    0.0208066
   1.8800000    0.0327770
   1.9000000    0.0459244
   1.9200000    0.0599593
   1.9400000    0.0745508
   1.9600000    0.0893398
   1.9800000    0.1039556
   2.0000000    0.1180320
   2.0200000    0.1312225
   2.0400000    0.1432127
   2.0600000    0.1537286
   2.0800000    0.1625423
   2.1000000    0.1694742
   2.1200000    0.1743930
   2.1400000    0.1772164
   2.1600000    0.1779111
   2.1800000    0.1764943
   2.2000000    0.1730358
   2.2200000    0.1676598
   2.2400000    0.1605454
   2.2600000    0.1519240
   2.2800000    0.1420730
   2.3000000    0.1313049
   2.3200000    0.1199522
   2.3400000    0.1083499
   2.3600000    0.0968175
   2.3800000    0.0856419
   2.4000000    0.0750637
   2.4200000    0.0652700
   2.4400000    0.0563911
   2.4600000    0.0485040
   2.4800000    0.0416404
   2.5000000    0.0357971
   2.5200000    0.0309476
   2.5400000    0.0270529
   2.5600000    0.0240694
   2.5800000    0.0219534
   2.6000000    0.0206624
   2.6200000    0.0201523
   2.6400000    0.0203729
   2.6600000    0.0212613
   2.6800000    0.0227370
   2.7000000    0.0246968
   2.7200000    0.0270140
   2.7400000    0.0295401
   2.7600000    0.0321102
   2.7800000    0.0345513
   2.8000000    0.0366936
   2.8200000    0.0383820
   2.8400000    0.0394877
   2.8600000    0.0399178
   2.8800000    0.0396220
   2.9000000    0.0385946
   2.9200000    0.0368736
   2.9400000    0.0345351
   2.9600000    0.0316848
   2.9800000    0.0284477
   3.0000000    0.0249570
   3.0200000    0.0213439
   3.0400000    0.0177284
   3.0600000    0.0142133
   3.0800000    0.0108792
   3.1000000    0.0077838
   3.1200000    0.0049612
   3.1400000    0.0024247
   3.1600000    0.0001686
   3.1800000   -0.0018277
   3.2000000   -0.0035972
   3.2200000   -0.0051813
   3.2400000   -0.0066275
   3.2600000   -0.0079864
   3.2800000   -0.0093094
   3.3000000   -0.0106464
   3.3200000   -0.0120439
   3.3400000   -0.0135434
   3.3600000   -0.0151799
   3.3800000   -0.0169811
   3.4000000   -0.0189673
   3.4200000   -0.0211514
   3.4400000   -0.0235401
   3.4600000   -0.0261352
   3.4800000   -0.0289346
   3.5000000   -0.0319335
   3.5200000   -0.0351248
   3.5400000   -0.0384987
   3.5600000   -0.0420410
   3.5800000   -0.0457306
   3.6000000   -0.0495379
   3.6200000   -0.0534222
   3.6400000   -0.0573316
   3.6600000   -0.0612056
   3.6800000   -0.0649789
   3.7000000   -0.0685893
   3.7200000   -0.0719867
   3.7400000   -0.0751423
   3.7600000   -0.0780561
   3.7800000   -0.0807613
   3.8000000   -0.0833229
   3.8200000   -0.0858301
   3.8400000   -0.0883827
   3.8600000   -0.0910727
   3.8800000   -0.0939642
   3.9000000   -0.0970737
   3.9200000   -0.1003557
   3.9400000   -0.1036958
   3.9600000   -0.1069140
   3.9800000   -0.1097775
   4.0000000   -0.1120238
   4.0200000   -0.1133892
   4.0400000   -0.1136400
   4.0600000   -0.1126019
   4.0800000   -0.1101827
   4.1000000   -0.1063859
   4.1200000   -0.1013131
   4.1400000   -0.0951548
   4.1600000   -0.0881720
   4.1800000   -0.0806709
   4.2000000   -0.0729747
   4.2200000   -0.0653960
   4.2400000   -0.0582126
   4.2600000   -0.0516509
   4.2800000   -0.0458748
   4.3000000   -0.0409831
   4.3200000   -0.0370135
   4.3400000   -0.0339504
   4.3600000   -0.0317364
   4.3800000   -0.0302853
   4.4000000   -0.0294935
   4.4200000   -0.0292518
   4.4400000   -0.0294536
   4.4600000   -0.0300019
   4.4800000   -0.0308136
   4.5000000   -0.0318229
   4.5200000   -0.0329821
   4.5400000   -0.0342613
   4.5600000   -0.0356476
   4.5800000   -0.0371423
   4.6000000   -0.0387568
   4.6200000   -0.0405082
   4.6400000   -0.0424135
   4.6600000   -0.0444831
   4.6800000   -0.0467147
   4.7000000   -0.0490883
   4.7200000   -0.0515620
   4.7400000   -0.0540711
   4.7600000   -0.0565291
   4.7800000   -0.0588325
   4.8000000   -0.0608682
   4.8200000   -0.0625231
   4.8400000   -0.0636950
   4.8600000   -0.0643032
   4.8800000   -0.0642978
   4.9000000   -0.0636661
   4.9200000   -0.0624352
   4.9400000   -0.0606708
   4.9600000   -0.0584709
   4.9800000   -0.0559574
   5.0000000   -0.0532646
   5.0200000   -0.0505271
   5.0400000   -0.0478686
   5.0600000   -0.0453926
   5.0800000   -0.0431759
   5.1000000   -0.0412657
   5.1200000   -0.0396802
   5.1400000   -0.0384121
   5.1600000   -0.0374341
   5.1800000   -0.0367061
   5.2000000   -0.0361822
   5.2200000   -0.0358182
   5.2400000   -0.0355770
   5.2600000   -0.0354333
   5.2800000   -0.0353768
   5.3000000   -0.0354127
   5.3200000   -0.0355618
   5.3400000   -0.0358581
   5.3600000   -0.0363455
   5.3800000   -0.0370727
   5.4000000   -0.0380880
   5.4200000   -0.0394331
   5.4400000   -0.0411372
   5.4600000   -0.0432121
   5.4800000   -0.0456482
   5.5000000   -0.0484125
   5.5200000   -0.0514492
   5.5400000   -0.0546824
   5.5600000   -0.0580201
   5.5800000   -0.0613610
   5.6000000   -0.0646009
   5.6200000   -0.0676400
   5.6400000   -0.0703891
   5.6600000   -0.0727752
   5.6800000   -0.0747458
   5.7000000   -0.0762717
   5.7200000   -0.0773486
   5.7400000   -0.0779990
   5.7600000   -0.0782716
   5.7800000   -0.0782414
   5.8000000   -0.0780080
   5.8200000   -0.0776922
   5.8400000   -0.0774309
   5.8600000   -0.0773700
   5.8800000   -0.0776543
   5.9000000   -0.0784168
   5.9200000   -0.0797668
   5.9400000   -0.0817793
   5.9600000   -0.0844870
   5.9800000   -0.0878764
   6.0000000   -0.0918891
   6.0200000   -0.0964287
   6.0400000   -0.1013724
   6.0600000   -0.1065862
   6.0800000   -0.1119412
   6.1000000   -0.1173289
   6.1200000   -0.1226725
   6.1400000   -0.1279334
   6.1600000   -0.1331112
   6.1800000   -0.1382381
   6.2000000   -0.1433681
   6.2200000   -0.1485647
   6.2400000   -0.1538872
   6.2600000   -0.1593795
   6.2800000   -0.1650629
   6.3000000   -0.1709323
   6.3200000   -0.1769571
   6.3400000   -0.1830845
   6.3600000   -0.1892444
   6.3800000   -0.1953539
   6.4000000   -0.2013207
   6.4200000   -0.2070437
   6.4400000   -0.2124130
   6.4600000   -0.2173084
   6.4800000   -0.2215989
   6.5000000   -0.2251449
   6.5200000   -0.2278020
   6.5400000   -0.2294298
   6.5600000   -0.2299017
   6.5800000   -0.2291166
   6.6000000   -0.2270100
   6.6200000   -0.2235622
   6.6400000   -0.2188027
   6.6600000   -0.2128097
   6.6800000   -0.2057053
   6.7000000   -0.1976465
   6.7200000   -0.1888143
   6.7400000   -0.1794024
   6.7600000   -0.1696067
   6.7800000   -0.1596173
   6.8000000   -0.1496125
   6.8200000   -0.1397565
   6.8400000   -0.1301984
   6.8600000   -0.1210715
   6.8800000   -0.1124941
   6.9000000   -0.1045683
   6.9200000   -0.0973781
   6.9400000   -0.0909867
   6.9600000   -0.0854325
   6.9800000   -0.0807255
   7.0000000   -0.0768448
   7.0200000   -0.0737370
   7.0400000   -0.0713179
   7.0600000   -0.0694756
   7.0800000   -0.0680769
   7.1000000   -0.0669756
   7.1200000   -0.0660223
   7.1400000   -0.0650745
   7.1600000   -0.0640067
   7.1800000   -0.0627186
   7.2000000   -0.0611422
   7.2200000   -0.0592453
   7.2400000   -0.0570326
   7.2600000   -0.0545441
   7.2800000   -0.0518506
   7.3000000   -0.0490485
   7.3200000   -0.0462521
   7.3400000   -0.0435870
   7.3600000   -0.0411826
   7.3800000   -0.0391668
   7.4000000   -0.0376607
   7.4200000   -0.0367747
   7.4400000   -0.0366062
   7.4600000   -0.0372366
   7.4800000   -0.0387293
   7.5000000   -0.0411266
   7.5200000   -0.0444473
   7.5400000   -0.0486824
   7.5600000   -0.0537925
   7.5800000   -0.0597039
   7.6000000   -0.0663077
   7.6200000   -0.0734591
   7.6400000   -0.0809801
   7.6600000   -0.0886647
   7.6800000   -0.0962864
   7.7000000   -0.1036089
   7.7200000   -0.1103974
   7.7400000   -0.1164318
   7.7600000   -0.1215192
   7.7800000   -0.1255051
   7.8000000   -0.1282832
   7.8200000   -0.1298018
   7.8400000   -0.1300673
   7.8600000   -0.1291443
   7.8800000   -0.1271519
   7.9000000   -0.1242571
   7.9200000   -0.1206643
   7.9400000   -0.1166024
   7.9600000   -0.1123102
   7.9800000   -0.1080197
   8.0000000   -0.1039394
   8.0200000   -0.1002399
   8.0400000   -0.0970402
   8.0600000   -0.0944005
   8.0800000   -0.0923180
   8.1000000   -0.0907309
   8.1200000   -0.0895261
   8.1400000   -0.0885535
   8.1600000   -0.0876435
   8.1800000   -0.0866251
   8.2000000   -0.0853444
   8.2200000   -0.0836796
   8.2400000   -0.0815518
   8.2600000   -0.0789302
   8.2800000   -0.0758319
   8.3000000   -0.0723162
   8.3200000   -0.0684755
   8.3400000   -0.0644236
   8.3600000   -0.0602832
   8.3800000   -0.0561740
   8.4000000   -0.0522027
   8.4200000   -0.0484560
   8.4400000   -0.0449957
   8.4600000   -0.0418583
   8.4800000   -0.0390554
   8.5000000   -0.0365781
   8.5200000   -0.0344014
   8.5400000   -0.0324899
   8.5600000   -0.0308033
   8.5800000   -0.0293015
   8.6000000   -0.0279479
   8.6200000   -0.0267120
   8.6400000   -0.0255700
   8.6600000   -0.0245044
   8.6800000   -0.0235027
   8.7000000   -0.0225553
   8.7200000   -0.0216540
   8.7400000   -0.0207902
   8.7600000   -0.0199544
   8.7800000   -0.0191358
   8.8000000   -0.0183237
   8.8200000   -0.0175081
   8.8400000   -0.0166816
   8.8600000   -0.0158403
   8.8800000   -0.0149845
   8.9000000   -0.0141195
   8.9200000   -0.0132541
   8.9400000   -0.0124004
   8.9600000   -0.0115718
   8.9800000   -0.0107815
   9.0000000   -0.0100411
   9.0200000   -0.0093596
   9.0400000   -0.0087424
   9.0600000   -0.0081917
   9.0800000   -0.0077061
   9.1000000   -0.0072819
   9.1200000   -0.0069134
   9.1400000   -0.0065939
   9.1600000   -0.0063162
   9.1800000   -0.0060733
   9.2000000   -0.0058586
   9.2200000   -0.0056661
   9.2400000   -0.0054903
   9.2600000   -0.0053267
   9.2800000   -0.0051713
   9.3000000   -0.0050212
   9.3200000   -0.0048746
   9.3400000   -0.0047307
   9.3600000   -0.0045901
   9.3800000   -0.0044545
   9.4000000   -0.0043268
   9.4200000   -0.0042107
   9.4400000   -0.0041100
   9.4600000   -0.0040288
   9.4800000   -0.0039702
   9.5000000   -0.0039366
   9.5200000   -0.0039287
   9.5400000   -0.0039457
   9.5600000   -0.0039845
   9.5800000   -0.0040397
   9.6000000   -0.0041029
   9.6200000   -0.0041619
   9.6400000   -0.0041987
   9.6600000   -0.0041876
   9.6800000   -0.0040912
   9.7000000   -0.0038555
   9.7200000   -0.0034035
   9.7400000   -0.0026275
   9.7600000   -0.0013799
   9.7800000    0.0005355
   9.8000000    0.0033725
   9.8200000    0.0074475
   9.8400000    0.0131410
   9.8600000    0.0208912
   9.8800000    0.0311783
   9.9000000    0.0444961
   9.9200000    0.0613122
   9.9400000    0.0820150
   9.9600000    0.1068513
   9.9800000    0.1358599
  10.0000000    0.1688079
  10.0200000    0.2051391
  10.0400000    0.2439437
  10.0600000    0.2839578
  10.0800000    0.3235990
  10.1000000    0.3610379
  10.1200000    0.3943043
  10.1400000    0.4214172
  10.1600000    0.4405260
  10.1800000    0.4500476
  10.2000000    0.4487834
  10.2200000    0.4360034
  10.2400000    0.4114893
  10.2600000    0.3755357
  10.2800000    0.3289134
  10.3000000    0.2728049
  10.3200000    0.2087251
  10.3400000    0.1384391
  10.3600000    0.0638870
  10.3800000   -0.0128798
  10.4000000   -0.0897507
  10.4200000   -0.1646022
  10.4400000   -0.2353452
  10.4600000   -0.2999819
  10.4800000   -0.3566749
  10.5000000   -0.4038308
  10.5200000   -0.4401902
  10.5400000   -0.4649154
  10.5600000   -0.4776611
  10.5800000   -0.4786155
  10.6000000   -0.4685021
  10.6200000   -0.4485356
  10.6400000   -0.4203353
  10.6600000   -0.3858033
  10.6800000   -0.3469819
  10.7000000   -0.3059059
  10.7200000   -0.2644665
  10.7400000   -0.2243003
  10.7600000   -0.1867140
  10.7800000   -0.1526466
  10.8000000   -0.1226697
  10.8200000   -0.0970184
  10.8400000   -0.0756447
  10.8600000   -0.0582844
  10.8800000   -0.0445257
  10.9000000   -0.0338743
  10.9200000   -0.0258081
  10.9400000   -0.0198191
  10.9600000   -0.0154408
  10.9800000   -0.0122635
  11.0000000   -0.0099387
  11.0200000   -0.0081750
  11.0400000   -0.0067288
  11.0600000   -0.0053920
  11.0800000   -0.0039782
  11.1000000   -0.0023110
  11.1200000   -0.0002136
  11.1400000    0.0024975
  11.1600000    0.0060138
  11.1800000    0.0105318
  11.2000000    0.0162428
  11.2200000    0.0233179
  11.2400000    0.0318882
  11.2600000    0.0420214
  11.2800000    0.0536982
  11.3000000    0.0667913
  11.3200000    0.0810500
  11.3400000    0.0960960
  11.3600000    0.1114308
  11.3800000    0.1264571
  11.4000000    0.1405155
  11.4200000    0.1529308
  11.4400000    0.1630671
  11.4600000    0.1703831
  11.4800000    0.1744825
  11.5000000    0.1751531
  11.5200000    0.1723889
  11.5400000    0.1663934
  11.5600000    0.1575632
  11.5800000    0.1464549
  11.6000000    0.1337394
  11.6200000    0.1201505
  11.6400000    0.1064332
  11.6600000    0.0932978
  11.6800000    0.0813847
  11.7000000    0.0712393
  11.7200000    0.0633009
  11.7400000    0.0578989
  11.7600000    0.0552570
  11.7800000    0.0554990
  11.8000000    0.0586545
  11.8200000    0.0646611
  11.8400000    0.0733634
  11.8600000    0.0845091
  11.8800000    0.0977440
  11.9000000    0.1126103
  11.9200000    0.1285504
  11.9400000    0.1449197
  11.9600000    0.1610099
  11.9800000    0.1760822
  12.0000000    0.1894097
  12.0200000    0.2003240
  12.0400000    0.2082626
  12.0600000    0.2128101
  12.0800000    0.2137296
  12.1000000    0.2109797
  12.1200000    0.2047141
  12.1400000    0.1952651
  12.1600000    0.1831113
  12.1800000    0.1688341
  12.2000000    0.1530673
  12.2200000    0.1364461
  12.2400000    0.1195587
  12.2600000    0.1029067
  12.2800000    0.0868763
  12.3000000    0.0717209
  12.3200000    0.0575572
  12.3400000    0.0443716
  12.3600000    0.0320361
  12.3800000    0.0203319
  12.4000000    0.0089766
  12.4200000   -0.0023446
  12.4400000   -0.0139483
  12.4600000   -0.0261226
  12.4800000   -0.0391007
  12.5000000   -0.0530397
  12.5200000   -0.0680056
  12.5400000   -0.0839677
  12.5600000   -0.1008022
  12.5800000   -0.1183048
  12.6000000   -0.1362115
  12.6200000   -0.1542253
  12.6400000   -0.1720431
  12.6600000   -0.1893802
  12.6800000   -0.2059877
  12.7000000   -0.2216579
  12.7200000   -0.2362201
  12.7400000   -0.2495239
  12.7600000   -0.2614174
  12.7800000   -0.2717238
  12.8000000   -0.2802237
  12.8200000   -0.2866484
  12.8400000   -0.2906888
  12.8600000   -0.2920201
  12.8800000   -0.2903394
  12.9000000   -0.2854111
  12.9200000   -0.2771126
  12.9400000   -0.2654702
  12.9600000   -0.2506803
  12.9800000   -0.2331091
  13.0000000   -0.2132707
  13.0200000   -0.1917856
  13.0400000   -0.1693245
  13.0600000   -0.1465462
  13.0800000   -0.1240357
  13.1000000   -0.1022524
  13.1200000   -0.0814931
  13.1400000   -0.0618732
  13.1600000   -0.0433284
  13.1800000   -0.0256352
  13.2000000   -0.0084480
  13.2200000    0.0086513
  13.2400000    0.0260956
  13.2600000    0.0442719
  13.2800000    0.0634631
  13.3000000    0.0837968
  13.3200000    0.1052071
  13.3400000    0.1274143
  13.3600000    0.1499252
  13.3800000    0.1720565
  13.4000000    0.1929811
  13.4200000    0.2117936
  13.4400000    0.2275903
  13.4600000    0.2395535
  13.4800000    0.2470327
  13.5000000    0.2496107
  13.5200000    0.2471491
  13.5400000    0.2398040
  13.5600000    0.2280132
  13.5800000    0.2124550
  13.6000000    0.1939854
  13.6200000    0.1735613
  13.6400000    0.1521600
  13.6600000    0.1307040
  13.6800000    0.1099997
  13.7000000    0.0906939
  13.7200000    0.0732517
  13.7400000    0.0579541
  13.7600000    0.0449123
  13.7800000    0.0340948
  13.8000000    0.0253603
  13.8200000    0.0184936
  13.8400000    0.0132384
  13.8600000    0.0093257
  13.8800000    0.0064951
  13.9000000    0.0045100
  13.9200000    0.0031651
  13.9400000    0.0022900
  13.9600000    0.0017482
  13.9800000    0.0014337
  14.0000000    0.0012661
  14.0200000    0.0011858
  14.0400000    0.0011488
  14.0600000    0.0011225
  14.0800000    0.0010822
  14.1000000    0.0010083
  14.1200000    0.0008845
  14.1400000    0.0006966
  14.1600000    0.0004320
  14.1800000    0.0000798
  14.2000000   -0.0003688
  14.2200000   -0.0009200
  14.2400000   -0.0015756
  14.2600000   -0.0023327
  14.2800000   -0.0031818
  14.3000000   -0.0041067
  14.3200000   -0.0050834
  14.3400000   -0.0060814
  14.3600000   -0.0070638
  14.3800000   -0.0079900
  14.4000000   -0.0088176
  14.4200000   -0.0095062
  14.4400000   -0.0100199
  14.4600000   -0.0103308
  14.4800000   -0.0104210
  14.5000000   -0.0102845
  14.5200000   -0.0099270
  14.5400000   -0.0093651
  14.5600000   -0.0086250
  14.5800000   -0.0077392
  14.6000000   -0.0067439
  14.6200000   -0.0056756
  14.6400000   -0.0045691
  14.6600000   -0.0034548
  14.6800000   -0.0023580
  14.7000000   -0.0012983
  14.7200000   -0.0002896
  14.7400000    0.0006587
  14.7600000    0.0015408
  14.7800000    0.0023536
  14.8000000    0.0030954
  14.8200000    0.0037650
  14.8400000    0.0043615
  14.8600000    0.0048835
  14.8800000    0.0053293
  14.9000000    0.0056968
  14.9200000    0.0059840
  14.9400000    0.0061887
  14.9600000    0.0063090
  14.9800000    0.0063432
  15.0000000    0.0062898
  15.0200000    0.0061471
  15.0400000    0.0059130
  15.0600000    0.0055844
  15.0800000    0.0051564
  15.1000000    0.0046227
  15.1200000    0.0039741
  15.1400000    0.0032000
  15.1600000    0.0022880
  15.1800000    0.0012260
  15.2000000    0.0000038
  15.2200000   -0.0013844
  15.2400000   -0.0029366
  15.2600000   -0.0046407
  15.2800000   -0.0064719
  15.3000000   -0.0083910
  15.3200000   -0.0103448
  15.3400000   -0.0122671
  15.3600000   -0.0140827
  15.3800000   -0.0157121
  15.4000000   -0.0170777
  15.4200000   -0.0181108
  15.4400000   -0.0187582
  15.4600000   -0.0189873
  15.4800000   -0.0187898
  15.5000000   -0.0181830
  15.5200000   -0.0172086
  15.5400000   -0.0159287
  15.5600000   -0.0144207
  15.5800000   -0.0127699
  15.6000000   -0.0110629
  15.6200000   -0.0093805
  15.6400000   -0.0077927
  15.6600000   -0.0063541
  15.6800000   -0.0051026
  15.7000000   -0.0040584
  15.7200000   -0.0032265
  15.7400000   -0.0025983
  15.7600000   -0.0021556
  15.7800000   -0.0018738
  15.8000000   -0.0017258
  15.8200000   -0.0016847
  15.8400000   -0.0017259
  15.8600000   -0.0018289
  15.8800000   -0.0019776
  15.9000000   -0.0021605
  15.9200000   -0.0023699
  15.9400000   -0.0026011
  15.9600000   -0.0028513
  15.9800000   -0.0031186
  16.0000000   -0.0034007
  16.0200000   -0.0036949
  16.0400000   -0.0039973
  16.0600000   -0.0043027
  16.0800000   -0.0046049
  16.1000000   -0.0048971
  16.1200000   -0.0051717
  16.1400000   -0.0054213
  16.1600000   -0.0056388
  16.1800000   -0.0058176
  16.2000000   -0.0059523
  16.2200000   -0.0060387
  16.2400000   -0.0060743
  16.2600000   -0.0060586
  16.2800000   -0.0059939
  16.3000000   -0.0058851
  16.3200000   -0.0057403
  16.3400000   -0.0055709
  16.3600000   -0.0053909
  16.3800000   -0.0052166
  16.4000000   -0.0050653
  16.4200000   -0.0049539
  16.4400000   -0.0048969
  16.4600000   -0.0049049
  16.4800000   -0.0049827
  16.5000000   -0.0051280
  16.5200000   -0.0053311
  16.5400000   -0.0055748
  16.5600000   -0.0058357
  16.5800000   -0.0060857
  16.6000000   -0.0062952
  16.6200000   -0.0064356
  16.6400000   -0.0064823
  16.6600000   -0.0064170
  16.6800000   -0.0062297
  16.7000000   -0.0059196
  16.7200000   -0.0054944
  16.7400000   -0.0049692
  16.7600000   -0.0043647
  16.7800000   -0.0037042
  16.8000000   -0.0030114
  16.8200000   -0.0023076
  16.8400000   -0.0016106
  16.8600000   -0.0009332
  16.8800000   -0.0002838
  16.9000000    0.0003331
  16.9200000    0.0009151
  16.9400000    0.0014599
  16.9600000    0.0019635
  16.9800000    0.0024181
  17.0000000    0.0028110
  17.0200000    0.0031241
  17.0400000    0.0033333
  17.0600000    0.0034102
  17.0800000    0.0033227
  17.1000000    0.0030377
  17.1200000    0.0025238
  17.1400000    0.0017544
  17.1600000    0.0007116
  17.1800000   -0.0006098
  17.2000000   -0.0021981
  17.2200000   -0.0040203
  17.2400000   -0.0060198
  17.2600000   -0.0081134
  17.2800000   -0.0101926
  17.3000000   -0.0121254
  17.3200000   -0.0137625
  17.3400000   -0.0149454
  17.3600000   -0.0155182
  17.3800000   -0.0153406
  17.4000000   -0.0143015
  17.4200000   -0.0123329
  17.4400000   -0.0094204
  17.4600000   -0.0056112
  17.4800000   -0.0010158
  17.5000000    0.0041951
  17.5200000    0.0098001
  17.5400000    0.0155423
  17.5600000    0.0211490
  17.5800000    0.0263537
  17.6000000    0.0309195
  17.6200000    0.0346601
  17.6400000    0.0374577
  17.6600000    0.0392751
  17.6800000    0.0401605
  17.7000000    0.0402463
  17.7200000    0.0397401
  17.7400000    0.0389099
  17.7600000    0.0380648
  17.7800000    0.0375326
  17.8000000    0.0376355
  17.8200000    0.0386660
  17.8400000    0.0408636
  17.8600000    0.0443947
  17.8800000    0.0493347
  17.9000000    0.0556560
  17.9200000    0.0632216
  17.9400000    0.0717863
  17.9600000    0.0810063
  17.9800000    0.0904589
  18.0000000    0.0996697
  18.0200000    0.1081491
  18.0400000    0.1154330
  18.0600000    0.1211255
  18.0800000    0.1249386
  18.1000000    0.1267254
  18.1200000    0.1265006
  18.1400000    0.1244483
  18.1600000    0.1209131
  18.1800000    0.1163765
  18.2000000    0.1114200
  18.2200000    0.1066782
  18.2400000    0.1027877
  18.2600000    0.1003353
  18.2800000    0.0998105
  18.3000000    0.1015673
  18.3200000    0.1057972
  18.3400000    0.1125161
  18.3600000    0.1215657
  18.3800000    0.1326286
  18.4000000    0.1452563
  18.4200000    0.1589059
  18.4400000    0.1729839
  18.4600000    0.1868913
  18.4800000    0.2000671
  18.5000000    0.2120252
  18.5200000    0.2223820
  18.5400000    0.2308726
  18.5600000    0.2373549
  18.5800000    0.2418013
  18.6000000    0.2442831
  18.6200000    0.2449467
  18.6400000    0.2439897
  18.6600000    0.2416373
  18.6800000    0.2381246
  18.7000000    0.2336857
  18.7200000    0.2285512
  18.7400000    0.2229528
  18.7600000    0.2171343
  18.7800000    0.2113643
  18.8000000    0.2059476
  18.8200000    0.2012310
  18.8400000    0.1976004
  18.8600000    0.1954652
  18.8800000    0.1952311
  18.9000000    0.1972606
  18.9200000    0.2018262
  18.9400000    0.2090594
  18.9600000    0.2189064
  18.9800000    0.2310932
  19.0000000    0.2451119
  19.0200000    0.2602307
  19.0400000    0.2755308
  19.0600000    0.2899700
  19.0800000    0.3024663
  19.1000000    0.3119943
  19.1200000    0.3176820
  19.1400000    0.3188964
  19.1600000    0.3153071
  19.1800000    0.3069189
  19.2000000    0.2940697
  19.2200000    0.2773938
  19.2400000    0.2577562
  19.2600000    0.2361662
  19.2800000    0.2136825
  19.3000000    0.1913202
  19.3200000    0.1699712
  19.3400000    0.1503447
  19.3600000    0.1329336
  19.3800000    0.1180056
  19.4000000    0.1056178
  19.4200000    0.0956495
  19.4400000    0.0878461
  19.4600000    0.0818686
  19.4800000    0.0773420
  19.5000000    0.0738976
  19.5200000    0.0712062
  19.5400000    0.0690002
  19.5600000    0.0670857
  19.5800000    0.0653424
  19.6000000    0.0637170
  19.6200000    0.0622091
  19.6400000    0.0608536
  19.6600000    0.0597017
  19.6800000    0.0588026
  19.7000000    0.0581884
  19.7200000    0.0578623
  19.7400000    0.0577931
  19.7600000    0.0579142
  19.7800000    0.0581286
  19.8000000    0.0583179
  19.8200000    0.0583540
  19.8400000    0.0581130
  19.8600000    0.0574878
  19.8800000    0.0563992
  19.9000000    0.0548033
  19.9200000    0.0526952
  19.9400000    0.0501080
  19.9600000    0.0471082
  19.9800000    0.0437874
  20.0000000    0.0402530
  20.0200000    0.0366178
  20.0400000    0.0329905
  20.0600000    0.0294675
  20.0800000    0.0261283
  20.1000000    0.0230327
  20.1200000    0.0202210
  20.1400000    0.0177164
  20.1600000    0.0155294
  20.1800000    0.0136624
  20.2000000    0.0121147
  20.2200000    0.0108865
  20.2400000    0.0099821
  20.2600000    0.0094108
  20.2800000    0.0091870
  20.3000000    0.0093283
  20.3200000    0.0098520
  20.3400000    0.0107717
  20.3600000    0.0120922
  20.3800000    0.0138063
  20.4000000    0.0158911
  20.4200000    0.0183066
  20.4400000    0.0209950
  20.4600000    0.0238835
  20.4800000    0.0268870
  20.5000000    0.0299140
  20.5200000    0.0328722
  20.5400000    0.0356751
  20.5600000    0.0382481
  20.5800000    0.0405321
  20.6000000    0.0424873
  20.6200000    0.0440938
  20.6400000    0.0453506
  20.6600000    0.0462736
  20.6800000    0.0468931
  20.7000000    0.0472507
  20.7200000    0.0473971
  20.7400000    0.0473918
  20.7600000    0.0473018
  20.7800000    0.0472037
  20.8000000    0.0471835
  20.8200000    0.0473378
  20.8400000    0.0477724
  20.8600000    0.0485996
  20.8800000    0.0499326
  20.9000000    0.0518773
  20.9200000    0.0545222
  20.9400000    0.0579258
  20.9600000    0.0621043
  20.9800000    0.0670197
  21.0000000    0.0725712
  21.0200000    0.0785903
  21.0400000    0.0848425
  21.0600000    0.0910357
  21.0800000    0.0968356
  21.1000000    0.1018879
  21.1200000    0.1058450
  21.1400000    0.1083944
  21.1600000    0.1092867
  21.1800000    0.1083581
  21.2000000    0.1055467
  21.2200000    0.1008984
  21.2400000    0.0945635
  21.2600000    0.0867833
  21.2800000    0.0778691
  21.3000000    0.0681765
  21.3200000    0.0580780
  21.3400000    0.0479365
  21.3600000    0.0380831
  21.3800000    0.0288004
  21.4000000    0.0203120
  21.4200000    0.0127781
  21.4400000    0.0062962
  21.4600000    0.0009061
  21.4800000   -0.0034029
  21.5000000   -0.0066826
  21.5200000   -0.0090171
  21.5400000   -0.0105132
  21.5600000   -0.0112920
  21.5800000   -0.0114813
  21.6000000   -0.0112083
  21.6200000   -0.0105948
  21.6400000   -0.0097517
  21.6600000   -0.0087769
  21.6800000   -0.0077522
  21.7000000   -0.0067434
  21.7200000   -0.0058003
  21.7400000   -0.0049578
  21.7600000   -0.0042376
  21.7800000   -0.0036501
  21.8000000   -0.0031961
  21.8200000   -0.0028686
  21.8400000   -0.0026543
  21.8600000   -0.0025349
  21.8800000   -0.0024879
  21.9000000   -0.0024883
  21.9200000   -0.0025098
  21.9400000   -0.0025267
  21.9600000   -0.0025152
  21.9800000   -0.0024554
  22.0000000   -0.0023330
  22.0200000   -0.0021405
  22.0400000   -0.0018774
  22.0600000   -0.0015504
  22.0800000   -0.0011724
  22.1000000   -0.0007608
  22.1200000   -0.0003355
  22.1400000    0.0000836
  22.1600000    0.0004786
  22.1800000    0.0008354
  22.2000000    0.0011454
  22.2200000    0.0014057
  22.2400000    0.0016192
  22.2600000    0.0017936
  22.2800000    0.0019400
  22.3000000    0.0020718
  22.3200000    0.0022024
  22.3400000    0.0023446
  22.3600000    0.0025093
  22.3800000    0.0027052
  22.4000000    0.0029397
  22.4200000    0.0032191
  22.4400000    0.0035510
  22.4600000    0.0039457
  22.4800000    0.0044184
  22.5000000    0.0049911
  22.5200000    0.0056942
  22.5400000    0.0065667
  22.5600000    0.0076560
  22.5800000    0.0090163
  22.6000000    0.0107051
  22.6200000    0.0127788
  22.6400000    0.0152864
  22.6600000    0.0182634
  22.6800000    0.0217234
  22.7000000    0.0256524
  22.7200000    0.0300023
  22.7400000    0.0346881
  22.7600000    0.0395875
  22.7800000    0.0445439
  22.8000000    0.0493750
  22.8200000    0.0538829
  22.8400000    0.0578697
  22.8600000    0.0611526
  22.8800000    0.0635808
  22.9000000    0.0650491
  22.9200000    0.0655085
  22.9400000    0.0649711
  22.9600000    0.0635094
  22.9800000    0.0612493
  23.0000000    0.0583578
  23.0200000    0.0550274
  23.0400000    0.0514581
  23.0600000    0.0478410
  23.0800000    0.0443430
  23.1000000    0.0410961
  23.1200000    0.0381911
  23.1400000    0.0356763
  23.1600000    0.0335596
  23.1800000    0.0318153
  23.2000000    0.0303913
  23.2200000    0.0292193
  23.2400000    0.0282228
  23.2600000    0.0273259
  23.2800000    0.0264602
  23.3000000    0.0255703
  23.3200000    0.0246173
  23.3400000    0.0235819
  23.3600000    0.0224653
  23.3800000    0.0212889
  23.4000000    0.0200928
  23.4200000    0.0189335
  23.4400000    0.0178800
  23.4600000    0.0170092
  23.4800000    0.0164006
  23.5000000    0.0161303
  23.5200000    0.0162653
  23.5400000    0.0168576
  23.5600000    0.0179391
  23.5800000    0.0195170
  23.6000000    0.0215713
  23.6200000    0.0240530
  23.6400000    0.0268844
  23.6600000    0.0299623
  23.6800000    0.0331623
  23.7000000    0.0363456
  23.7200000    0.0393679
  23.7400000    0.0420894
  23.7600000    0.0443842
  23.7800000    0.0461511
  23.8000000    0.0473203
  23.8200000    0.0478594
  23.8400000    0.0477753
  23.8600000    0.0471122
  23.8800000    0.0459465
  23.9000000    0.0443786
  23.9200000    0.0425230
  23.9400000    0.0404971
  23.9600000    0.0384113
  23.9800000    0.0363601
  24.0000000    0.0344161
  24.0200000    0.0326271
  24.0400000    0.0310157
  24.0600000    0.0295819
  24.0800000    0.0283077
  24.1000000    0.0271628
  24.1200000    0.0261115
  24.1400000    0.0251183
  24.1600000    0.0241541
  24.1800000    0.0232006
  24.2000000    0.0222537
  24.2200000    0.0213254
  24.2400000    0.0204441
  24.2600000    0.0196539
  24.2800000    0.0190121
  24.3000000    0.0185847
  24.3200000    0.0184420
  24.3400000    0.0186514
  24.3600000    0.0192709
  24.3800000    0.0203411
  24.4000000    0.0218788
  24.4200000    0.0238705
  24.4400000    0.0262694
  24.4600000    0.0289936
  24.4800000    0.0319287
  24.5000000    0.0349335
  24.5200000    0.0378488
  24.5400000    0.0405089
  24.5600000    0.0427545
  24.5800000    0.0444452
  24.6000000    0.0454711
  24.6200000    0.0457597
  24.6400000    0.0452805
  24.6600000    0.0440430
  24.6800000    0.0420907
  24.7000000    0.0394911
  24.7200000    0.0363217
  24.7400000    0.0326556
  24.7600000    0.0285467
  24.7800000    0.0240161
  24.8000000    0.0190425
  24.8200000    0.0135559
  24.8400000    0.0074365
  24.8600000    0.0005193
  24.8800000   -0.0073956
  24.9000000   -0.0165264
  24.9200000   -0.0270872
  24.9400000   -0.0392601
  24.9600000   -0.0531645
  24.9800000   -0.0688249
  25.0000000   -0.0861406
  25.0200000   -0.1048632
  25.0400000   -0.1245833
  25.0600000   -0.1447328
  25.0800000   -0.1646048
  25.1000000   -0.1833907
  25.1200000   -0.2002337
  25.1400000   -0.2142950
  25.1600000   -0.2248238
  25.1800000   -0.2312250
  25.2000000   -0.2331159
  25.2200000   -0.2303632
  25.2400000   -0.2230975
  25.2600000   -0.2117011
  25.2800000   -0.1967730
  25.3000000   -0.1790733
  25.3200000   -0.1594567
  25.3400000   -0.1388006
  25.3600000   -0.1179388
  25.3800000   -0.0976053
  25.4000000   -0.0783938
  25.4200000   -0.0607356
  25.4400000   -0.0448948
  25.4600000   -0.0309797
  25.4800000   -0.0189649
  25.5000000   -0.0087226
  25.5200000   -0.0000561
  25.5400000    0.0072666
  25.5600000    0.0134824
  25.5800000    0.0188090
  25.6000000    0.0234279
  25.6200000    0.0274745
  25.6400000    0.0310365
  25.6600000    0.0341590
  25.6800000    0.0368553
  25.7000000    0.0391212
  25.7200000    0.0409519
  25.7400000    0.0423570
  25.7600000    0.0433738
  25.7800000    0.0440751
  25.8000000    0.0445713
  25.8200000    0.0450058
  25.8400000    0.0455438
  25.8600000    0.0463562
  25.8800000    0.0476008
  25.9000000    0.0494023
  25.9200000    0.0518346
  25.9400000    0.0549082
  25.9600000    0.0585635
  25.9800000    0.0626721
  26.0000000    0.0670463
  26.0200000    0.0714554
  26.0400000    0.0756480
  26.0600000    0.0793770
  26.0800000    0.0824250
  26.1000000    0.0846273
  26.1200000    0.0858888
  26.1400000    0.0861943
  26.1600000    0.0856106
  26.1800000    0.0842788
  26.2000000    0.0824004
  26.2200000    0.0802162
  26.2400000    0.0779823
  26.2600000    0.0759452
  26.2800000    0.0743178
  26.3000000    0.0732605
  26.3200000    0.0728681
  26.3400000    0.0731631
  26.3600000    0.0740973
  26.3800000    0.0755592
  26.4000000    0.0773874
  26.4200000    0.0793882
  26.4400000    0.0813541
  26.4600000    0.0830825
  26.4800000    0.0843933
  26.5000000    0.0851420
  26.5200000    0.0852304
  26.5400000    0.0846128
  26.5600000    0.0832976
  26.5800000    0.0813472
  26.6000000    0.0788736
  26.6200000    0.0760329
  26.6400000    0.0730164
  26.6600000    0.0700413
  26.6800000    0.0673382
  26.7000000    0.0651380
  26.7200000    0.0636563
  26.7400000    0.0630786
  26.7600000    0.0635443
  26.7800000    0.0651338
  26.8000000    0.0678585
  26.8200000    0.0716557
  26.8400000    0.0763893
  26.8600000    0.0818571
  26.8800000    0.0878039
  26.9000000    0.0939401
  26.9200000    0.0999631
  26.9400000    0.1055796
  26.9600000    0.1105272
  26.9800000    0.1145918
  27.0000000    0.1176198
  27.0200000    0.1195239
  27.0400000    0.1202824
  27.0600000    0.1199329
  27.0800000    0.1185607
  27.1000000    0.1162841
  27.1200000    0.1132402
  27.1400000    0.1095700
  27.1600000    0.1054070
  27.1800000    0.1008703
  27.2000000    0.0960610
  27.2200000    0.0910638
  27.2400000    0.0859521
  27.2600000    0.0807953
  27.2800000    0.0756672
  27.3000000    0.0706526
  27.3200000    0.0658522
  27.3400000    0.0613832
  27.3600000    0.0573758
  27.3800000    0.0539654
  27.4000000    0.0512819
  27.4200000    0.0494358
  27.4400000    0.0485057
  27.4600000    0.0485254
  27.4800000    0.0494754
  27.5000000    0.0512785
  27.5200000    0.0538001
  27.5400000    0.0568543
  27.5600000    0.0602143
  27.5800000    0.0636275
  27.6000000    0.0668315
  27.6200000    0.0695714
  27.6400000    0.0716160
  27.6600000    0.0727710
  27.6800000    0.0728883
  27.7000000    0.0718712
  27.7200000    0.0696747
  27.7400000    0.0663024
  27.7600000    0.0617996
  27.7800000    0.0562458
  27.8000000    0.0497454
  27.8200000    0.0424203
  27.8400000    0.0344033
  27.8600000    0.0258342
  27.8800000    0.0168580
  27.9000000    0.0076247
  27.9200000   -0.0017087
  27.9400000   -0.0109763
  27.9600000   -0.0200015
  27.9800000   -0.0285962
  28.0000000   -0.0365619
  28.0200000   -0.0436935
  28.0400000   -0.0497854
  28.0600000   -0.0546400
  28.0800000   -0.0580795
  28.1000000   -0.0599578
  28.1200000   -0.0601740
  28.1400000   -0.0586845
  28.1600000   -0.0555127
  28.1800000   -0.0507546
  28.2000000   -0.0445795
  28.2200000   -0.0372239
  28.2400000   -0.0289801
  28.2600000   -0.0201779
  28.2800000   -0.0111633
  28.3000000   -0.0022753
  28.3200000    0.0061778
  28.3400000    0.0139378
  28.3600000    0.0208107
  28.3800000    0.0266744
  28.4000000    0.0314788
  28.4200000    0.0352389
  28.4400000    0.0380223
  28.4600000    0.0399336
  28.4800000    0.0410969
  28.5000000    0.0416405
  28.5200000    0.0416836
  28.5400000    0.0413279
  28.5600000    0.0406533
  28.5800000    0.0397189
  28.6000000    0.0385659
  28.6200000    0.0372241
  28.6400000    0.0357171
  28.6600000    0.0340683
  28.6800000    0.0323036
  28.7000000    0.0304529
  28.7200000    0.0285480
  28.7400000    0.0266197
  28.7600000    0.0246940
  28.7800000    0.0227869
  28.8000000    0.0209017
  28.8200000    0.0190268
  28.8400000    0.0171349
  28.8600000    0.0151846
  28.8800000    0.0131224
  28.9000000    0.0108859
  28.9200000    0.0084069
  28.9400000    0.0056149
  28.9600000    0.0024402
  28.9800000   -0.0011826
  29.0000000   -0.0053106
  29.0200000   -0.0099874
  29.0400000   -0.0152372
  29.0600000   -0.0210578
  29.0800000   -0.0274133
  29.1000000   -0.0342271
  29.1200000   -0.0413782
  29.1400000   -0.0486997
  29.1600000   -0.0559825
  29.1800000   -0.0629848
  29.2000000   -0.0694461
  29.2200000   -0.0751056
  29.2400000   -0.0797231
  29.2600000   -0.0830999
  29.2800000   -0.0850966
  29.3000000   -0.0856463
  29.3200000   -0.0847608
  29.3400000   -0.0825286
  29.3600000   -0.0791063
  29.3800000   -0.0747024
  29.4000000   -0.0695585
  29.4200000   -0.0639280
  29.4400000   -0.0580560
  29.4600000   -0.0521625
  29.4800000   -0.0464303
  29.5000000   -0.0409985
  29.5200000   -0.0359609
  29.5400000   -0.0313686
  29.5600000   -0.0272367
  29.5800000   -0.0235515
  29.6000000   -0.0202794
  29.6200000   -0.0173734
  29.6400000   -0.0147803
  29.6600000   -0.0124445
  29.6800000   -0.0103114
  29.7000000   -0.0083289
  29.7200000   -0.0064485
  29.7400000   -0.0046260
  29.7600000   -0.0028219
  29.7800000   -0.0010030
  29.8000000    0.0008566
  29.8200000    0.0027740
  29.8400000    0.0047554
  29.8600000    0.0067950
  29.8800000    0.0088748
  29.9000000    0.0109644
  29.9200000    0.0130236
  29.9400000    0.0150046
  29.9600000    0.0168567
  29.9800000    0.0185306
  30.0000000    0.0199836
