 -10.0000000   -0.0252244
  -9.9800000   -0.0206890
  -9.9600000   -0.0163886
  -9.9400000   -0.0124347
  -9.9200000   -0.0088942
  -9.9000000   -0.0057923
  -9.8800000   -0.0031178
  -9.8600000   -0.0008298
  -9.8400000    0.0011360
  -9.8200000    0.0028612
  -9.8000000    0.0044407
  -9.7800000    0.0059797
  -9.7600000    0.0075916
  -9.7400000    0.0093963
  -9.7200000    0.0115168
  -9.7000000    0.0140750
  -9.6800000    0.0171847
  -9.6600000    0.0209417
  -9.6400000    0.0254120
  -9.6200000    0.0306194
  -9.6000000    0.0365323
  -9.5800000    0.0430543
  -9.5600000    0.0500184
  -9.5400000    0.0571882
  -9.5200000    0.0642667
  -9.5000000    0.0709137
  -9.4800000    0.0767698
  -9.4600000    0.0814866
  -9.4400000    0.0847583
  -9.4200000    0.0863523
  -9.4000000    0.0861341
  -9.3800000    0.0840832
  -9.3600000    0.0802980
  -9.3400000    0.0749884
  -9.3200000    0.0684570
  -9.3000000    0.0610716
  -9.2800000    0.0532316
  -9.2600000    0.0453336
  -9.2400000    0.0377392
  -9.2200000    0.0307493
  -9.2000000    0.0245866
  -9.1800000    0.0193882
  -9.1600000    0.0152066
  -9.1400000    0.0120197
  -9.1200000    0.0097448
  -9.1000000    0.0082573
  -9.0800000    0.0074082
  -9.0600000    0.0070409
  -9.0400000    0.0070049
  -9.0200000    0.0071647
  -9.0000000    0.0074063
  -8.9800000    0.0076392
  -8.9600000    0.0077961
  -8.9400000    0.0078308
  -8.9200000    0.0077156
  -8.9000000    0.0074371
  -8.8800000    0.0069936
  -8.8600000    0.0063907
  -8.8400000    0.0056383
  -8.8200000    0.0047461
  -8.8000000    0.0037199
  -8.7800000    0.0025557
  -8.7600000    0.0012343
  -8.7400000   -0.0002852
  -8.7200000   -0.0020724
  -8.7000000   -0.0042318
  -8.6800000   -0.0069088
  -8.6600000   -0.0102923
  -8.6400000   -0.0146156
  -8.6200000   -0.0201512
  -8.6000000   -0.0271995
  -8.5800000   -0.0360711
  -8.5600000   -0.0470598
  -8.5400000   -0.0604097
  -8.5200000   -0.0762757
  -8.5000000   -0.0946828
  -8.4800000   -0.1154874
  -8.4600000   -0.1383470
  -8.4400000   -0.1627046
  -8.4200000   -0.1877930
  -8.4000000   -0.2126616
  -8.3800000   -0.2362287
  -8.3600000   -0.2573543
  -8.3400000   -0.2749286
  -8.3200000   -0.2879666
  -8.3000000   -0.2956981
  -8.2800000   -0.2976408
  -8.2600000   -0.2936480
  -8.2400000   -0.2839234
  -8.2200000   -0.2690016
  -8.2000000   -0.2496964
  -8.1800000   -0.2270238
  -8.1600000   -0.2021103
  -8.1400000   -0.1760973
  -8.1200000   -0.1500527
  -8.1000000   -0.1249003
  -8.0800000   -0.1013704
  -8.0600000   -0.0799764
  -8.0400000   -0.0610147
  -8.0200000   -0.0445846
  -8.0000000   -0.0306221
  -7.9800000   -0.0189420
  -7.9600000   -0.0092811
  -7.9400000   -0.0013386
  -7.9200000    0.0051903
  -7.9000000    0.0105894
  -7.8800000    0.0151048
  -7.8600000    0.0189374
  -7.8400000    0.0222414
  -7.8200000    0.0251286
  -7.8000000    0.0276755
  -7.7800000    0.0299325
  -7.7600000    0.0319323
  -7.7400000    0.0336980
  -7.7200000    0.0352488
  -7.7000000    0.0366031
  -7.6800000    0.0377800
  -7.6600000    0.0387972
  -7.6400000    0.0396688
  -7.6200000    0.0404011
  -7.6000000    0.0409893
  -7.5800000    0.0414141
  -7.5600000    0.0416412
  -7.5400000    0.0416221
  -7.5200000    0.0412970
  -7.5000000    0.0406004
  -7.4800000    0.0394671
  -7.4600000    0.0378394
  -7.4400000    0.0356731
  -7.4200000    0.0329419
  -7.4000000    0.0296399
  -7.3800000    0.0257802
  -7.3600000    0.0213915
  -7.3400000    0.0165119
  -7.3200000    0.0111814
  -7.3000000    0.0054342
  -7.2800000   -0.0007076
  -7.2600000   -0.0072378
  -7.2400000   -0.0141664
  -7.2200000   -0.0215158
  -7.2000000   -0.0293133
  -7.1800000   -0.0375812
  -7.1600000   -0.0463247
  -7.1400000   -0.0555201
  -7.1200000   -0.0651058
  -7.1000000   -0.0749761
  -7.0800000   -0.0849803
  -7.0600000   -0.0949274
  -7.0400000   -0.1045962
  -7.0200000   -0.1137497
  -7.0000000   -0.1221529
  -6.9800000   -0.1295910
  -6.9600000   -0.1358865
  -6.9400000   -0.1409129
  -6.9200000   -0.1446033
  -6.9000000   -0.1469520
  -6.8800000   -0.1480106
  -6.8600000   -0.1478782
  -6.8400000   -0.1466871
  -6.8200000   -0.1445873
  -6.8000000   -0.1417307
  -6.7800000   -0.1382587
  -6.7600000   -0.1342931
  -6.7400000   -0.1299323
  -6.7200000   -0.1252527
  -6.7000000   -0.1203133
  -6.6800000   -0.1151632
  -6.6600000   -0.1098501
  -6.6400000   -0.1044276
  -6.6200000   -0.0989606
  -6.6000000   -0.0935277
  -6.5800000   -0.0882211
  -6.5600000   -0.0831437
  -6.5400000   -0.0784048
  -6.5200000   -0.0741139
  -6.5000000   -0.0703754
  -6.4800000   -0.0672825
  -6.4600000   -0.0649125
  -6.4400000   -0.0633219
  -6.4200000   -0.0625428
  -6.4000000   -0.0625798
  -6.3800000   -0.0634074
  -6.3600000   -0.0649691
  -6.3400000   -0.0671777
  -6.3200000   -0.0699178
  -6.3000000   -0.0730509
  -6.2800000   -0.0764233
  -6.2600000   -0.0798756
  -6.2400000   -0.0832558
  -6.2200000   -0.0864312
  -6.2000000   -0.0893018
  -6.1800000   -0.0918106
  -6.1600000   -0.0939513
  -6.1400000   -0.0957712
  -6.1200000   -0.0973691
  -6.1000000   -0.0988874
  -6.0800000   -0.1004986
  -6.0600000   -0.1023876
  -6.0400000   -0.1047296
  -6.0200000   -0.1076666
  -6.0000000   -0.1112827
  -5.9800000   -0.1155802
  -5.9600000   -0.1204588
  -5.9400000   -0.1256959
  -5.9200000   -0.1309330
  -5.9000000   -0.1356636
  -5.8800000   -0.1392258
  -5.8600000   -0.1407995
  -5.8400000   -0.1394069
  -5.8200000   -0.1339214
  -5.8000000   -0.1230849
  -5.7800000   -0.1055407
  -5.7600000   -0.0798854
  -5.7400000   -0.0447454
  -5.7200000    0.0011187
  -5.7000000    0.0586805
  -5.6800000    0.1284935
  -5.6600000    0.2105276
  -5.6400000    0.3040137
  -5.6200000    0.4073202
  -5.6000000    0.5178874
  -5.5800000    0.6322445
  -5.5600000    0.7461252
  -5.5400000    0.8546885
  -5.5200000    0.9528358
  -5.5000000    1.0355972
  -5.4800000    1.0985498
  -5.4600000    1.1382178
  -5.4400000    1.1524043
  -5.4200000    1.1404090
  -5.4000000    1.1031027
  -5.3800000    1.0428452
  -5.3600000    0.9632575
  -5.3400000    0.8688784
  -5.3200000    0.7647503
  -5.3000000    0.6559859
  -5.2800000    0.5473682
  -5.2600000    0.4430257
  -5.2400000    0.3462114
  -5.2200000    0.2591971
  -5.2000000    0.1832785
  -5.1800000    0.1188743
  -5.1600000    0.0656910
  -5.1400000    0.0229263
  -5.1200000   -0.0105184
  -5.1000000   -0.0358382
  -5.0800000   -0.0541553
  -5.0600000   -0.0663867
  -5.0400000   -0.0731551
  -5.0200000   -0.0747388
  -5.0000000   -0.0710599
  -4.9800000   -0.0617043
  -4.9600000   -0.0459729
  -4.9400000   -0.0229597
  -4.9200000    0.0083428
  -4.9000000    0.0489154
  -4.8800000    0.0995616
  -4.8600000    0.1607451
  -4.8400000    0.2324264
  -4.8200000    0.3139142
  -4.8000000    0.4037527
  -4.7800000    0.4996663
  -4.7600000    0.5985799
  -4.7400000    0.6967283
  -4.7200000    0.7898569
  -4.7000000    0.8735037
  -4.6800000    0.9433401
  -4.6600000    0.9955337
  -4.6400000    1.0270930
  -4.6200000    1.0361501
  -4.6000000    1.0221429
  -4.5800000    0.9858745
  -4.5600000    0.9294364
  -4.5400000    0.8560106
  -4.5200000    0.7695720
  -4.5000000    0.6745332
  -4.4800000    0.5753732
  -4.4600000    0.4762952
  -4.4400000    0.3809478
  -4.4200000    0.2922336
  -4.4000000    0.2122136
  -4.3800000    0.1421036
  -4.3600000    0.0823481
  -4.3400000    0.0327468
  -4.3200000   -0.0073876
  -4.3000000   -0.0390659
  -4.2800000   -0.0634711
  -4.2600000   -0.0818316
  -4.2400000   -0.0953259
  -4.2200000   -0.1050190
  -4.2000000   -0.1118278
  -4.1800000   -0.1165084
  -4.1600000   -0.1196610
  -4.1400000   -0.1217433
  -4.1200000   -0.1230898
  -4.1000000   -0.1239321
  -4.0800000   -0.1244176
  -4.0600000   -0.1246280
  -4.0400000   -0.1245949
  -4.0200000   -0.1243143
  -4.0000000   -0.1237603
  -3.9800000   -0.1228971
  -3.9600000   -0.1216908
  -3.9400000   -0.1201183
  -3.9200000   -0.1181746
  -3.9000000   -0.1158769
  -3.8800000   -0.1132649
  -3.8600000   -0.1103976
  -3.8400000   -0.1073473
  -3.8200000   -0.1041914
  -3.8000000   -0.1010024
  -3.7800000   -0.0978391
  -3.7600000   -0.0947387
  -3.7400000   -0.0917127
  -3.7200000   -0.0887452
  -3.7000000   -0.0857948
  -3.6800000   -0.0828008
  -3.6600000   -0.0796906
  -3.6400000   -0.0763888
  -3.6200000   -0.0728269
  -3.6000000   -0.0689514
  -3.5800000   -0.0647308
  -3.5600000   -0.0601590
  -3.5400000   -0.0552577
  -3.5200000   -0.0500747
  -3.5000000   -0.0446811
  -3.4800000   -0.0391664
  -3.4600000   -0.0336323
  -3.4400000   -0.0281863
  -3.4200000   -0.0229353
  -3.4000000   -0.0179789
  -3.3800000   -0.0134041
  -3.3600000   -0.0092811
  -3.3400000   -0.0056599
  -3.3200000   -0.0025687
  -3.3000000   -0.0000139
  -3.2800000    0.0020186
  -3.2600000    0.0035607
  -3.2400000    0.0046580
  -3.2200000    0.0053658
  -3.2000000    0.0057445
  -3.1800000    0.0058550
  -3.1600000    0.0057555
  -3.1400000    0.0054986
  -3.1200000    0.0051299
  -3.1000000    0.0046876
  -3.0800000    0.0042025
  -3.0600000    0.0036991
  -3.0400000    0.0031968
  -3.0200000    0.0027114
  -3.0000000    0.0022559
  -2.9800000    0.0018414
  -2.9600000    0.0014777
  -2.9400000    0.0011729
  -2.9200000    0.0009337
  -2.9000000    0.0007650
  -2.8800000    0.0006693
  -2.8600000    0.0006470
  -2.8400000    0.0006963
  -2.8200000    0.0008137
  -2.8000000    0.0009948
  -2.7800000    0.0012357
  -2.7600000    0.0015347
  -2.7400000    0.0018937
  -2.7200000    0.0023204
  -2.7000000    0.0028304
  -2.6800000    0.0034489
  -2.6600000    0.0042118
  -2.6400000    0.0051669
  -2.6200000    0.0063730
  -2.6000000    0.0078991
  -2.5800000    0.0098211
  -2.5600000    0.0122186
  -2.5400000    0.0151690
  -2.5200000    0.0187424
  -2.5000000    0.0229951
  -2.4800000    0.0279644
  -2.4600000    0.0336643
  -2.4400000    0.0400837
  -2.4200000    0.0471869
  -2.4000000    0.0549175
  -2.3800000    0.0632050
  -2.3600000    0.0719742
  -2.3400000    0.0811553
  -2.3200000    0.0906947
  -2.3000000    0.1005635
  -2.2800000    0.1107634
  -2.2600000    0.1213273
  -2.2400000    0.1323161
  -2.2200000    0.1438087
  -2.2000000    0.1558889
  -2.1800000    0.1686285
  -2.1600000    0.1820708
  -2.1400000    0.1962150
  -2.1200000    0.2110053
  -2.1000000    0.2263262
  -2.0800000    0.2420048
  -2.0600000    0.2578202
  -2.0400000    0.2735198
  -2.0200000    0.2888390
  -2.0000000    0.3035223
  -1.9800000    0.3173421
  -1.9600000    0.3301136
  -1.9400000    0.3417023
  -1.9200000    0.3520240
  -1.9000000    0.3610374
  -1.8800000    0.3687313
  -1.8600000    0.3751085
  -1.8400000    0.3801700
  -1.8200000    0.3839013
  -1.8000000    0.3862650
  -1.7800000    0.3871992
  -1.7600000    0.3866224
  -1.7400000    0.3844438
  -1.7200000    0.3805777
  -1.7000000    0.3749579
  -1.6800000    0.3675509
  -1.6600000    0.3583659
  -1.6400000    0.3474592
  -1.6200000    0.3349342
  -1.6000000    0.3209360
  -1.5800000    0.3056431
  -1.5600000    0.2892574
  -1.5400000    0.2719938
  -1.5200000    0.2540718
  -1.5000000    0.2357086
  -1.4800000    0.2171160
  -1.4600000    0.1984981
  -1.4400000    0.1800524
  -1.4200000    0.1619695
  -1.4000000    0.1444344
  -1.3800000    0.1276249
  -1.3600000    0.1117103
  -1.3400000    0.0968472
  -1.3200000    0.0831757
  -1.3000000    0.0708148
  -1.2800000    0.0598582
  -1.2600000    0.0503718
  -1.2400000    0.0423919
  -1.2200000    0.0359256
  -1.2000000    0.0309516
  -1.1800000    0.0274221
  -1.1600000    0.0252652
  -1.1400000    0.0243868
  -1.1200000    0.0246724
  -1.1000000    0.0259888
  -1.0800000    0.0281865
  -1.0600000    0.0311024
  -1.0400000    0.0345647
  -1.0200000    0.0383994
  -1.0000000    0.0424396
  -0.9800000    0.0465356
  -0.9600000    0.0505677
  -0.9400000    0.0544579
  -0.9200000    0.0581807
  -0.9000000    0.0617716
  -0.8800000    0.0653308
  -0.8600000    0.0690227
  -0.8400000    0.0730690
  -0.8200000    0.0777373
  -0.8000000    0.0833247
  -0.7800000    0.0901376
  -0.7600000    0.0984700
  -0.7400000    0.1085807
  -0.7200000    0.1206720
  -0.7000000    0.1348707
  -0.6800000    0.1512121
  -0.6600000    0.1696284
  -0.6400000    0.1899431
  -0.6200000    0.2118694
  -0.6000000    0.2350162
  -0.5800000    0.2588996
  -0.5600000    0.2829617
  -0.5400000    0.3065953
  -0.5200000    0.3291744
  -0.5000000    0.3500896
  -0.4800000    0.3687852
  -0.4600000    0.3847978
  -0.4400000    0.3977920
  -0.4200000    0.4075911
  -0.4000000    0.4142016
  -0.3800000    0.4178263
  -0.3600000    0.4188674
  -0.3400000    0.4179143
  -0.3200000    0.4157181
  -0.3000000    0.4131495
  -0.2800000    0.4111420
  -0.2600000    0.4106212
  -0.2400000    0.4124246
  -0.2200000    0.4172161
  -0.2000000    0.4254042
  -0.1800000    0.4370716
  -0.1600000    0.4519284
  -0.1400000    0.4692947
  -0.1200000    0.4881224
  -0.1000000    0.5070568
  -0.0800000    0.5245360
  -0.0600000    0.5389206
  -0.0400000    0.5486404
  -0.0200000    0.5523412
   0.0000000    0.5490154
   0.0200000    0.5380998
   0.0400000    0.5195287
   0.0600000    0.4937366
   0.0800000    0.4616120
   0.1000000    0.4244082
   0.1200000    0.3836253
   0.1400000    0.3408779
   0.1600000    0.2977645
   0.1800000    0.2557527
   0.2000000    0.2160908
   0.2200000    0.1797505
   0.2400000    0.1474025
   0.2600000    0.1194209
   0.2800000    0.0959108
   0.3000000    0.0767520
   0.3200000    0.0616497
   0.3400000    0.0501867
   0.3600000    0.0418722
   0.3800000    0.0361826
   0.4000000    0.0325950
   0.4200000    0.0306110
   0.4400000    0.0297738
   0.4600000    0.0296789
   0.4800000    0.0299801
   0.5000000    0.0303922
   0.5200000    0.0306916
   0.5400000    0.0307140
   0.5600000    0.0303520
   0.5800000    0.0295500
   0.6000000    0.0282979
   0.6200000    0.0266245
   0.6400000    0.0245878
   0.6600000    0.0222672
   0.6800000    0.0197535
   0.7000000    0.0171409
   0.7200000    0.0145198
   0.7400000    0.0119709
   0.7600000    0.0095619
   0.7800000    0.0073453
   0.8000000    0.0053585
   0.8200000    0.0036250
   0.8400000    0.0021565
   0.8600000    0.0009559
   0.8800000    0.0000193
   0.9000000   -0.0006612
   0.9200000   -0.0010958
   0.9400000   -0.0012953
   0.9600000   -0.0012702
   0.9800000   -0.0010301
   1.0000000   -0.0005826
   1.0200000    0.0000672
   1.0400000    0.0009168
   1.0600000    0.0019671
   1.0800000    0.0032224
   1.1000000    0.0046894
   1.1200000    0.0063766
   1.1400000    0.0082922
   1.1600000    0.0104422
   1.1800000    0.0128288
   1.2000000    0.0154490
   1.2200000    0.0182951
   1.2400000    0.0213562
   1.2600000    0.0246222
   1.2800000    0.0280881
   1.3000000    0.0317595
   1.3200000    0.0356566
   1.3400000    0.0398156
   1.3600000    0.0442865
   1.3800000    0.0491259
   1.4000000    0.0543851
   1.4200000    0.0600945
   1.4400000    0.0662458
   1.4600000    0.0727763
   1.4800000    0.0795558
   1.5000000    0.0863828
   1.5200000    0.0929885
   1.5400000    0.0990519
   1.5600000    0.1042245
   1.5800000    0.1081616
   1.6000000    0.1105569
   1.6200000    0.1111753
   1.6400000    0.1098801
   1.6600000    0.1066500
   1.6800000    0.1015832
   1.7000000    0.0948894
   1.7200000    0.0868698
   1.7400000    0.0778884
   1.7600000    0.0683389
   1.7800000    0.0586112
   1.8000000    0.0490621
   1.8200000    0.0399924
   1.8400000    0.0316332
   1.8600000    0.0241415
   1.8800000    0.0176038
   1.9000000    0.0120470
   1.9200000    0.0074538
   1.9400000    0.0037798
   1.9600000    0.0009709
   1.9800000   -0.0010214
   2.0000000   -0.0022281
   2.0200000   -0.0026547
   2.0400000   -0.0022786
   2.0600000   -0.0010511
   2.0800000    0.0010959
   2.1000000    0.0042383
   2.1200000    0.0084450
   2.1400000    0.0137602
   2.1600000    0.0201852
   2.1800000    0.0276612
   2.2000000    0.0360558
   2.2200000    0.0451555
   2.2400000    0.0546657
   2.2600000    0.0642202
   2.2800000    0.0734008
   2.3000000    0.0817645
   2.3200000    0.0888774
   2.3400000    0.0943508
   2.3600000    0.0978764
   2.3800000    0.0992543
   2.4000000    0.0984123
   2.4200000    0.0954122
   2.4400000    0.0904434
   2.4600000    0.0838035
   2.4800000    0.0758694
   2.5000000    0.0670627
   2.5200000    0.0578125
   2.5400000    0.0485215
   2.5600000    0.0395379
   2.5800000    0.0311354
   2.6000000    0.0235025
   2.6200000    0.0167421
   2.6400000    0.0108767
   2.6600000    0.0058617
   2.6800000    0.0016001
   2.7000000   -0.0020402
   2.7200000   -0.0052101
   2.7400000   -0.0080646
   2.7600000   -0.0107506
   2.7800000   -0.0133973
   2.8000000   -0.0161091
   2.8200000   -0.0189615
   2.8400000   -0.0219982
   2.8600000   -0.0252315
   2.8800000   -0.0286433
   2.9000000   -0.0321887
   2.9200000   -0.0358003
   2.9400000   -0.0393947
   2.9600000   -0.0428792
   2.9800000   -0.0461589
   3.0000000   -0.0491438
   3.0200000   -0.0517548
   3.0400000   -0.0539282
   3.0600000   -0.0556187
   3.0800000   -0.0567999
   3.1000000   -0.0574640
   3.1200000   -0.0576187
   3.1400000   -0.0572847
   3.1600000   -0.0564917
   3.1800000   -0.0552750
   3.2000000   -0.0536731
   3.2200000   -0.0517253
   3.2400000   -0.0494705
   3.2600000   -0.0469465
   3.2800000   -0.0441898
   3.3000000   -0.0412352
   3.3200000   -0.0381156
   3.3400000   -0.0348619
   3.3600000   -0.0315026
   3.3800000   -0.0280645
   3.4000000   -0.0245737
   3.4200000   -0.0210571
   3.4400000   -0.0175452
   3.4600000   -0.0140754
   3.4800000   -0.0106957
   3.5000000   -0.0074672
   3.5200000   -0.0044664
   3.5400000   -0.0017845
   3.5600000    0.0004748
   3.5800000    0.0022003
   3.6000000    0.0032810
   3.6200000    0.0036146
   3.6400000    0.0031173
   3.6600000    0.0017328
   3.6800000   -0.0005610
   3.7000000   -0.0037472
   3.7200000   -0.0077693
   3.7400000   -0.0125338
   3.7600000   -0.0179158
   3.7800000   -0.0237684
   3.8000000   -0.0299323
   3.8200000   -0.0362471
   3.8400000   -0.0425617
   3.8600000   -0.0487437
   3.8800000   -0.0546862
   3.9000000   -0.0603130
   3.9200000   -0.0655796
   3.9400000   -0.0704729
   3.9600000   -0.0750070
   3.9800000   -0.0792166
   4.0000000   -0.0831490
   4.0200000   -0.0868542
   4.0400000   -0.0903744
   4.0600000   -0.0937352
   4.0800000   -0.0969377
   4.1000000   -0.0999543
   4.1200000   -0.1027286
   4.1400000   -0.1051792
   4.1600000   -0.1072081
   4.1800000   -0.1087122
   4.2000000   -0.1095967
   4.2200000   -0.1097888
   4.2400000   -0.1092489
   4.2600000   -0.1079787
   4.2800000   -0.1060235
   4.3000000   -0.1034693
   4.3200000   -0.1004348
   4.3400000   -0.0970590
   4.3600000   -0.0934864
   4.3800000   -0.0898520
   4.4000000   -0.0862689
   4.4200000   -0.0828184
   4.4400000   -0.0795465
   4.4600000   -0.0764642
   4.4800000   -0.0735531
   4.5000000   -0.0707753
   4.5200000   -0.0680833
   4.5400000   -0.0654319
   4.5600000   -0.0627871
   4.5800000   -0.0601324
   4.6000000   -0.0574716
   4.6200000   -0.0548277
   4.6400000   -0.0522381
   4.6600000   -0.0497484
   4.6800000   -0.0474040
   4.7000000   -0.0452423
   4.7200000   -0.0432871
   4.7400000   -0.0415434
   4.7600000   -0.0399974
   4.7800000   -0.0386174
   4.8000000   -0.0373590
   4.8200000   -0.0361726
   4.8400000   -0.0350126
   4.8600000   -0.0338486
   4.8800000   -0.0326782
   4.9000000   -0.0315421
   4.9200000   -0.0305416
   4.9400000   -0.0298626
   4.9600000   -0.0298057
   4.9800000   -0.0308289
   5.0000000   -0.0336035
   5.0200000   -0.0390866
   5.0400000   -0.0486106
   5.0600000   -0.0639867
   5.0800000   -0.0876146
   5.1000000   -0.1225848
   5.1200000   -0.1727519
   5.1400000   -0.2427540
   5.1600000   -0.3379447
   5.1800000   -0.4642073
   5.2000000   -0.6276243
   5.2200000   -0.8339890
   5.2400000   -1.0881661
   5.2600000   -1.3933357
   5.2800000   -1.7501839
   5.3000000   -2.1561359
   5.3200000   -2.6047434
   5.3400000   -3.0853500
   5.3600000   -3.5831380
   5.3800000   -4.0796369
   5.4000000   -4.5537053
   5.4200000   -4.9829427
   5.4400000   -5.3454098
   5.4600000   -5.6214827
   5.4800000   -5.7956187
   5.5000000   -5.8578205
   5.5200000   -5.8045974
   5.5400000   -5.6393064
   5.5600000   -5.3718139
   5.5800000   -5.0175321
   5.6000000   -4.5959643
   5.6200000   -4.1289407
   5.6400000   -3.6387762
   5.6600000   -3.1465581
   5.6800000   -2.6707461
   5.7000000   -2.2261984
   5.7200000   -1.8236713
   5.7400000   -1.4697724
   5.7600000   -1.1672910
   5.7800000   -0.9157993
   5.8000000   -0.7124017
   5.8200000   -0.5525198
   5.8400000   -0.4306230
   5.8600000   -0.3408401
   5.8800000   -0.2774240
   5.9000000   -0.2350634
   5.9200000   -0.2090589
   5.9400000   -0.1953907
   5.9600000   -0.1907097
   5.9800000   -0.1922833
   6.0000000   -0.1979204
   6.0200000   -0.2058922
   6.0400000   -0.2148612
   6.0600000   -0.2238206
   6.0800000   -0.2320449
   6.1000000   -0.2390492
   6.1200000   -0.2445535
   6.1400000   -0.2484478
   6.1600000   -0.2507574
   6.1800000   -0.2516058
   6.2000000   -0.2511759
   6.2200000   -0.2496724
   6.2400000   -0.2472839
   6.2600000   -0.2441507
   6.2800000   -0.2403378
   6.3000000   -0.2358147
   6.3200000   -0.2304442
   6.3400000   -0.2239790
   6.3600000   -0.2160650
   6.3800000   -0.2062525
   6.4000000   -0.1940105
   6.4200000   -0.1787475
   6.4400000   -0.1598348
   6.4600000   -0.1366359
   6.4800000   -0.1085427
   6.5000000   -0.0750195
   6.5200000   -0.0356589
   6.5400000    0.0097530
   6.5600000    0.0611632
   6.5800000    0.1181755
   6.6000000    0.1799822
   6.6200000    0.2453149
   6.6400000    0.3124283
   6.6600000    0.3791306
   6.6800000    0.4428667
   6.7000000    0.5008598
   6.7200000    0.5503009
   6.7400000    0.5885742
   6.7600000    0.6134927
   6.7800000    0.6235169
   6.8000000    0.6179265
   6.8200000    0.5969214
   6.8400000    0.5616338
   6.8600000    0.5140485
   6.8800000    0.4568373
   6.9000000    0.3931277
   6.9200000    0.3262351
   6.9400000    0.2593879
   6.9600000    0.1954798
   6.9800000    0.1368720
   7.0000000    0.0852641
   7.0200000    0.0416399
   7.0400000    0.0062827
   7.0600000   -0.0211480
   7.0800000   -0.0414995
   7.1000000   -0.0559830
   7.1200000   -0.0660263
   7.1400000   -0.0731344
   7.1600000   -0.0787679
   7.1800000   -0.0842467
   7.2000000   -0.0906776
   7.2200000   -0.0989067
   7.2400000   -0.1094936
   7.2600000   -0.1227028
   7.2800000   -0.1385125
   7.3000000   -0.1566377
   7.3200000   -0.1765665
   7.3400000   -0.1976103
   7.3600000   -0.2189650
   7.3800000   -0.2397811
   7.4000000   -0.2592387
   7.4200000   -0.2766202
   7.4400000   -0.2913754
   7.4600000   -0.3031706
   7.4800000   -0.3119157
   7.5000000   -0.3177660
   7.5200000   -0.3210963
   7.5400000   -0.3224505
   7.5600000   -0.3224726
   7.5800000   -0.3218265
   7.6000000   -0.3211159
   7.6200000   -0.3208139
   7.6400000   -0.3212126
   7.6600000   -0.3223982
   7.6800000   -0.3242560
   7.7000000   -0.3265039
   7.7200000   -0.3287502
   7.7400000   -0.3305694
   7.7600000   -0.3315838
   7.7800000   -0.3315430
   7.8000000   -0.3303910
   7.8200000   -0.3283112
   7.8400000   -0.3257455
   7.8600000   -0.3233829
   7.8800000   -0.3221195
   7.9000000   -0.3229904
   7.9200000   -0.3270816
   7.9400000   -0.3354271
   7.9600000   -0.3489015
   7.9800000   -0.3681173
   8.0000000   -0.3933382
   8.0200000   -0.4244165
   8.0400000   -0.4607650
   8.0600000   -0.5013674
   8.0800000   -0.5448297
   8.1000000   -0.5894718
   8.1200000   -0.6334505
   8.1400000   -0.6749039
   8.1600000   -0.7121029
   8.1800000   -0.7435932
   8.2000000   -0.7683127
   8.2200000   -0.7856723
   8.2400000   -0.7955901
   8.2600000   -0.7984784
   8.2800000   -0.7951857
   8.3000000   -0.7869008
   8.3200000   -0.7750333
   8.3400000   -0.7610801
   8.3600000   -0.7464940
   8.3800000   -0.7325634
   8.4000000   -0.7203133
   8.4200000   -0.7104315
   8.4400000   -0.7032257
   8.4600000   -0.6986118
   8.4800000   -0.6961329
   8.5000000   -0.6950090
   8.5200000   -0.6942140
   8.5400000   -0.6925746
   8.5600000   -0.6888860
   8.5800000   -0.6820334
   8.6000000   -0.6711103
   8.6200000   -0.6555199
   8.6400000   -0.6350509
   8.6600000   -0.6099159
   8.6800000   -0.5807500
   8.7000000   -0.5485665
   8.7200000   -0.5146753
   8.7400000   -0.4805724
   8.7600000   -0.4478120
   8.7800000   -0.4178753
   8.8000000   -0.3920490
   8.8200000   -0.3713251
   8.8400000   -0.3563296
   8.8600000   -0.3472858
   8.8800000   -0.3440109
   8.9000000   -0.3459453
   8.9200000   -0.3522068
   8.9400000   -0.3616651
   8.9600000   -0.3730273
   8.9800000   -0.3849286
   9.0000000   -0.3960210
   9.0200000   -0.4050554
   9.0400000   -0.4109524
   9.0600000   -0.4128586
   9.0800000   -0.4101866
   9.1000000   -0.4026368
   9.1200000   -0.3902005
   9.1400000   -0.3731441
   9.1600000   -0.3519777
   9.1800000   -0.3274080
   9.2000000   -0.3002819
   9.2200000   -0.2715239
   9.2400000   -0.2420732
   9.2600000   -0.2128249
   9.2800000   -0.1845810
   9.3000000   -0.1580121
   9.3200000   -0.1336340
   9.3400000   -0.1117983
   9.3600000   -0.0926952
   9.3800000   -0.0763672
   9.4000000   -0.0627310
   9.4200000   -0.0516031
   9.4400000   -0.0427278
   9.4600000   -0.0358040
   9.4800000   -0.0305098
   9.5000000   -0.0265235
   9.5200000   -0.0235407
   9.5400000   -0.0212865
   9.5600000   -0.0195241
   9.5800000   -0.0180599
   9.6000000   -0.0167450
   9.6200000   -0.0154737
   9.6400000   -0.0141806
   9.6600000   -0.0128347
   9.6800000   -0.0114336
   9.7000000   -0.0099956
   9.7200000   -0.0085528
   9.7400000   -0.0071443
   9.7600000   -0.0058097
   9.7800000   -0.0045843
   9.8000000   -0.0034958
   9.8200000   -0.0025621
   9.8400000   -0.0017908
   9.8600000   -0.0011797
   9.8800000   -0.0007184
   9.9000000   -0.0003903
   9.9200000   -0.0001753
   9.9400000   -0.0000520
   9.9600000   -0.0000001
   9.9800000   -0.0000020
  10.0000000   -0.0000442
  10.0200000   -0.0001184
  10.0400000   -0.0002212
  10.0600000   -0.0003545
  10.0800000   -0.0005248
  10.1000000   -0.0007426
  10.1200000   -0.0010213
  10.1400000   -0.0013763
  10.1600000   -0.0018244
  10.1800000   -0.0023839
  10.2000000   -0.0030745
  10.2200000   -0.0039194
  10.2400000   -0.0049476
  10.2600000   -0.0061991
  10.2800000   -0.0077302
  10.3000000   -0.0096209
  10.3200000   -0.0119838
  10.3400000   -0.0149717
  10.3600000   -0.0187843
  10.3800000   -0.0236716
  10.4000000   -0.0299320
  10.4200000   -0.0379022
  10.4400000   -0.0479389
  10.4600000   -0.0603900
  10.4800000   -0.0755558
  10.5000000   -0.0936440
  10.5200000   -0.1147198
  10.5400000   -0.1386599
  10.5600000   -0.1651146
  10.5800000   -0.1934870
  10.6000000   -0.2229347
  10.6200000   -0.2524000
  10.6400000   -0.2806662
  10.6600000   -0.3064410
  10.6800000   -0.3284562
  10.7000000   -0.3455757
  10.7200000   -0.3568973
  10.7400000   -0.3618362
  10.7600000   -0.3601794
  10.7800000   -0.3521027
  10.8000000   -0.3381499
  10.8200000   -0.3191758
  10.8400000   -0.2962618
  10.8600000   -0.2706154
  10.8800000   -0.2434665
  10.9000000   -0.2159726
  10.9200000   -0.1891422
  10.9400000   -0.1637836
  10.9600000   -0.1404797
  10.9800000   -0.1195887
  11.0000000   -0.1012645
  11.0200000   -0.0854917
  11.0400000   -0.0721285
  11.0600000   -0.0609499
  11.0800000   -0.0516891
  11.1000000   -0.0440708
  11.1200000   -0.0378373
  11.1400000   -0.0327664
  11.1600000   -0.0286803
  11.1800000   -0.0254493
  11.2000000   -0.0229893
  11.2200000   -0.0212559
  11.2400000   -0.0202354
  11.2600000   -0.0199340
  11.2800000   -0.0203664
  11.3000000   -0.0215444
  11.3200000   -0.0234657
  11.3400000   -0.0261048
  11.3600000   -0.0294067
  11.3800000   -0.0332830
  11.4000000   -0.0376120
  11.4200000   -0.0422431
  11.4400000   -0.0470042
  11.4600000   -0.0517123
  11.4800000   -0.0561855
  11.5000000   -0.0602557
  11.5200000   -0.0637794
  11.5400000   -0.0666464
  11.5600000   -0.0687847
  11.5800000   -0.0701608
  11.6000000   -0.0707768
  11.6200000   -0.0706644
  11.6400000   -0.0698767
  11.6600000   -0.0684800
  11.6800000   -0.0665465
  11.7000000   -0.0641483
  11.7200000   -0.0613543
  11.7400000   -0.0582288
  11.7600000   -0.0548319
  11.7800000   -0.0512211
  11.8000000   -0.0474527
  11.8200000   -0.0435833
  11.8400000   -0.0396695
  11.8600000   -0.0357679
  11.8800000   -0.0319335
  11.9000000   -0.0282183
  11.9200000   -0.0246702
  11.9400000   -0.0213317
  11.9600000   -0.0182403
  11.9800000   -0.0154287
  12.0000000   -0.0129264
  12.0200000   -0.0107604
  12.0400000   -0.0089563
  12.0600000   -0.0075381
  12.0800000   -0.0065269
  12.1000000   -0.0059386
  12.1200000   -0.0057801
  12.1400000   -0.0060454
  12.1600000   -0.0067107
  12.1800000   -0.0077311
  12.2000000   -0.0090382
  12.2200000   -0.0105405
  12.2400000   -0.0121259
  12.2600000   -0.0136674
  12.2800000   -0.0150309
  12.3000000   -0.0160853
  12.3200000   -0.0167130
  12.3400000   -0.0168198
  12.3600000   -0.0163438
  12.3800000   -0.0152599
  12.4000000   -0.0135827
  12.4200000   -0.0113642
  12.4400000   -0.0086886
  12.4600000   -0.0056646
  12.4800000   -0.0024155
  12.5000000    0.0009306
  12.5200000    0.0042500
  12.5400000    0.0074312
  12.5600000    0.0103802
  12.5800000    0.0130237
  12.6000000    0.0153096
  12.6200000    0.0172064
  12.6400000    0.0187014
  12.6600000    0.0197971
  12.6800000    0.0205090
  12.7000000    0.0208625
  12.7200000    0.0208895
  12.7400000    0.0206269
  12.7600000    0.0201132
  12.7800000    0.0193866
  12.8000000    0.0184831
  12.8200000    0.0174343
  12.8400000    0.0162662
  12.8600000    0.0149988
  12.8800000    0.0136459
  12.9000000    0.0122166
  12.9200000    0.0107171
  12.9400000    0.0091527
  12.9600000    0.0075307
  12.9800000    0.0058627
  13.0000000    0.0041658
  13.0200000    0.0024635
  13.0400000    0.0007847
  13.0600000   -0.0008380
  13.0800000   -0.0023711
  13.1000000   -0.0037835
  13.1200000   -0.0050501
  13.1400000   -0.0061542
  13.1600000   -0.0070897
  13.1800000   -0.0078617
  13.2000000   -0.0084851
  13.2200000   -0.0089827
  13.2400000   -0.0093822
  13.2600000   -0.0097119
  13.2800000   -0.0099975
  13.3000000   -0.0102585
  13.3200000   -0.0105069
  13.3400000   -0.0107452
  13.3600000   -0.0109679
  13.3800000   -0.0111623
  13.4000000   -0.0113112
  13.4200000   -0.0113956
  13.4400000   -0.0113973
  13.4600000   -0.0113015
  13.4800000   -0.0110981
  13.5000000   -0.0107830
  13.5200000   -0.0103576
  13.5400000   -0.0098284
  13.5600000   -0.0092062
  13.5800000   -0.0085039
  13.6000000   -0.0077360
  13.6200000   -0.0069164
  13.6400000   -0.0060581
  13.6600000   -0.0051722
  13.6800000   -0.0042675
  13.7000000   -0.0033510
  13.7200000   -0.0024277
  13.7400000   -0.0015017
  13.7600000   -0.0005765
  13.7800000    0.0003437
  13.8000000    0.0012535
  13.8200000    0.0021452
  13.8400000    0.0030090
  13.8600000    0.0038320
  13.8800000    0.0045988
  13.9000000    0.0052922
  13.9200000    0.0058942
  13.9400000    0.0063874
  13.9600000    0.0067571
  13.9800000    0.0069931
  14.0000000    0.0070919
  14.0200000    0.0070583
  14.0400000    0.0069065
  14.0600000    0.0066605
  14.0800000    0.0063533
  14.1000000    0.0060256
  14.1200000    0.0057231
  14.1400000    0.0054930
  14.1600000    0.0053811
  14.1800000    0.0054269
  14.2000000    0.0056609
  14.2200000    0.0061013
  14.2400000    0.0067520
  14.2600000    0.0076013
  14.2800000    0.0086222
  14.3000000    0.0097733
  14.3200000    0.0110009
  14.3400000    0.0122423
  14.3600000    0.0134290
  14.3800000    0.0144912
  14.4000000    0.0153615
  14.4200000    0.0159798
  14.4400000    0.0162962
  14.4600000    0.0162743
  14.4800000    0.0158935
  14.5000000    0.0151494
  14.5200000    0.0140542
  14.5400000    0.0126350
  14.5600000    0.0109322
  14.5800000    0.0089958
  14.6000000    0.0068831
  14.6200000    0.0046550
  14.6400000    0.0023728
  14.6600000    0.0000964
  14.6800000   -0.0021183
  14.7000000   -0.0042201
  14.7200000   -0.0061636
  14.7400000   -0.0079095
  14.7600000   -0.0094252
  14.7800000   -0.0106856
  14.8000000   -0.0116743
  14.8200000   -0.0123858
  14.8400000   -0.0128283
  14.8600000   -0.0130279
  14.8800000   -0.0130325
  14.9000000   -0.0129162
  14.9200000   -0.0127836
  14.9400000   -0.0127723
  14.9600000   -0.0130531
  14.9800000   -0.0138274
  15.0000000   -0.0153201
  15.0200000   -0.0177678
  15.0400000   -0.0214018
  15.0600000   -0.0264264
  15.0800000   -0.0329940
  15.1000000   -0.0411784
  15.1200000   -0.0509505
  15.1400000   -0.0621584
  15.1600000   -0.0745169
  15.1800000   -0.0876093
  15.2000000   -0.1009025
  15.2200000   -0.1137779
  15.2400000   -0.1255742
  15.2600000   -0.1356402
  15.2800000   -0.1433906
  15.3000000   -0.1483593
  15.3200000   -0.1502421
  15.3400000   -0.1489244
  15.3600000   -0.1444894
  15.3800000   -0.1372057
  15.4000000   -0.1274962
  15.4200000   -0.1158928
  15.4400000   -0.1029831
  15.4600000   -0.0893560
  15.4800000   -0.0755533
  15.5000000   -0.0620323
  15.5200000   -0.0491436
  15.5400000   -0.0371231
  15.5600000   -0.0261000
  15.5800000   -0.0161142
  15.6000000   -0.0071419
  15.6200000    0.0008780
  15.6400000    0.0080183
  15.6600000    0.0143439
  15.6800000    0.0198992
  15.7000000    0.0247033
  15.7200000    0.0287518
  15.7400000    0.0320250
  15.7600000    0.0344978
  15.7800000    0.0361520
  15.8000000    0.0369861
  15.8200000    0.0370228
  15.8400000    0.0363126
  15.8600000    0.0349337
  15.8800000    0.0329881
  15.9000000    0.0305955
  15.9200000    0.0278861
  15.9400000    0.0249922
  15.9600000    0.0220420
  15.9800000    0.0191533
  16.0000000    0.0164301
  16.0200000    0.0139602
  16.0400000    0.0118142
  16.0600000    0.0100452
  16.0800000    0.0086901
  16.1000000    0.0077701
  16.1200000    0.0072920
  16.1400000    0.0072495
  16.1600000    0.0076247
  16.1800000    0.0083901
  16.2000000    0.0095103
  16.2200000    0.0109442
  16.2400000    0.0126471
  16.2600000    0.0145722
  16.2800000    0.0166716
  16.3000000    0.0188969
  16.3200000    0.0211985
  16.3400000    0.0235247
  16.3600000    0.0258214
  16.3800000    0.0280308
  16.4000000    0.0300923
  16.4200000    0.0319432
  16.4400000    0.0335220
  16.4600000    0.0347713
  16.4800000    0.0356420
  16.5000000    0.0360979
  16.5200000    0.0361189
  16.5400000    0.0357037
  16.5600000    0.0348703
  16.5800000    0.0336557
  16.6000000    0.0321131
  16.6200000    0.0303089
  16.6400000    0.0283184
  16.6600000    0.0262219
  16.6800000    0.0241007
  16.7000000    0.0220353
  16.7200000    0.0201024
  16.7400000    0.0183753
  16.7600000    0.0169226
  16.7800000    0.0158091
  16.8000000    0.0150944
  16.8200000    0.0148327
  16.8400000    0.0150698
  16.8600000    0.0158402
  16.8800000    0.0171618
  16.9000000    0.0190317
  16.9200000    0.0214202
  16.9400000    0.0242675
  16.9600000    0.0274811
  16.9800000    0.0309367
  17.0000000    0.0344821
  17.0200000    0.0379447
  17.0400000    0.0411425
  17.0600000    0.0438972
  17.0800000    0.0460479
  17.1000000    0.0474650
  17.1200000    0.0480612
  17.1400000    0.0477988
  17.1600000    0.0466927
  17.1800000    0.0448081
  17.2000000    0.0422530
  17.2200000    0.0391677
  17.2400000    0.0357112
  17.2600000    0.0320478
  17.2800000    0.0283334
  17.3000000    0.0247053
  17.3200000    0.0212747
  17.3400000    0.0181226
  17.3600000    0.0152995
  17.3800000    0.0128282
  17.4000000    0.0107078
  17.4200000    0.0089199
  17.4400000    0.0074341
  17.4600000    0.0062138
  17.4800000    0.0052202
  17.5000000    0.0044158
  17.5200000    0.0037659
  17.5400000    0.0032397
  17.5600000    0.0028100
  17.5800000    0.0024524
  17.6000000    0.0021442
  17.6200000    0.0018634
  17.6400000    0.0015880
  17.6600000    0.0012951
  17.6800000    0.0009610
  17.7000000    0.0005613
  17.7200000    0.0000716
  17.7400000   -0.0005311
  17.7600000   -0.0012677
  17.7800000   -0.0021557
  17.8000000   -0.0032087
  17.8200000   -0.0044359
  17.8400000   -0.0058433
  17.8600000   -0.0074361
  17.8800000   -0.0092215
  17.9000000   -0.0112146
  17.9200000   -0.0134444
  17.9400000   -0.0159611
  17.9600000   -0.0188448
  17.9800000   -0.0222122
  18.0000000   -0.0262231
  18.0200000   -0.0310824
  18.0400000   -0.0370385
  18.0600000   -0.0443737
  18.0800000   -0.0533878
  18.1000000   -0.0643725
  18.1200000   -0.0775778
  18.1400000   -0.0931724
  18.1600000   -0.1112007
  18.1800000   -0.1315426
  18.2000000   -0.1538807
  18.2200000   -0.1776828
  18.2400000   -0.2022034
  18.2600000   -0.2265088
  18.2800000   -0.2495275
  18.3000000   -0.2701202
  18.3200000   -0.2871657
  18.3400000   -0.2996509
  18.3600000   -0.3067539
  18.3800000   -0.3079082
  18.4000000   -0.3028373
  18.4200000   -0.2915529
  18.4400000   -0.2743157
  18.4600000   -0.2515603
  18.4800000   -0.2237947
  18.5000000   -0.1914874
  18.5200000   -0.1549554
  18.5400000   -0.1142721
  18.5600000   -0.0692081
  18.5800000   -0.0192170
  18.6000000    0.0365271
  18.6200000    0.0990381
  18.6400000    0.1693789
  18.6600000    0.2484841
  18.6800000    0.3369632
  18.7000000    0.4349035
  18.7200000    0.5416986
  18.7400000    0.6559262
  18.7600000    0.7752986
  18.7800000    0.8967005
  18.8000000    1.0163242
  18.8200000    1.1298982
  18.8400000    1.2329915
  18.8600000    1.3213702
  18.8800000    1.3913661
  18.9000000    1.4402165
  18.9200000    1.4663330
  18.9400000    1.4694647
  18.9600000    1.4507297
  18.9800000    1.4125083
  19.0000000    1.3582079
  19.0200000    1.2919228
  19.0400000    1.2180351
  19.0600000    1.1407975
  19.0800000    1.0639540
  19.1000000    0.9904395
  19.1200000    0.9221901
  19.1400000    0.8600820
  19.1600000    0.8039967
  19.1800000    0.7529958
  19.2000000    0.7055734
  19.2200000    0.6599467
  19.2400000    0.6143473
  19.2600000    0.5672724
  19.2800000    0.5176717
  19.3000000    0.4650535
  19.3200000    0.4095056
  19.3400000    0.3516438
  19.3600000    0.2925004
  19.3800000    0.2333802
  19.4000000    0.1757043
  19.4200000    0.1208631
  19.4400000    0.0700948
  19.4600000    0.0243984
  19.4800000   -0.0155170
  19.5000000   -0.0492469
  19.5200000   -0.0766773
  19.5400000   -0.0979493
  19.5600000   -0.1134103
  19.5800000   -0.1235583
  19.6000000   -0.1289866
  19.6200000   -0.1303307
  19.6400000   -0.1282209
  19.6600000   -0.1232423
  19.6800000   -0.1159003
  19.7000000   -0.1065942
  19.7200000   -0.0955960
  19.7400000   -0.0830362
  19.7600000   -0.0688956
  19.7800000   -0.0530038
  19.8000000   -0.0350456
  19.8200000   -0.0145750
  19.8400000    0.0089598
  19.8600000    0.0361827
  19.8800000    0.0677442
  19.9000000    0.1042676
  19.9200000    0.1462863
  19.9400000    0.1941768
  19.9600000    0.2480918
  19.9800000    0.3078968
  20.0000000    0.3731171
  20.0200000    0.4429007
  20.0400000    0.5160009
  20.0600000    0.5907848
  20.0800000    0.6652702
  20.1000000    0.7371924
  20.1200000    0.8041011
  20.1400000    0.8634849
  20.1600000    0.9129168
  20.1800000    0.9502123
  20.2000000    0.9735877
  20.2200000    0.9818038
  20.2400000    0.9742807
  20.2600000    0.9511683
  20.2800000    0.9133636
  20.3000000    0.8624671
  20.3200000    0.8006814
  20.3400000    0.7306616
  20.3600000    0.6553297
  20.3800000    0.5776764
  20.4000000    0.5005670
  20.4200000    0.4265741
  20.4400000    0.3578499
  20.4600000    0.2960471
  20.4800000    0.2422892
  20.5000000    0.1971871
  20.5200000    0.1608889
  20.5400000    0.1331530
  20.5600000    0.1134307
  20.5800000    0.1009473
  20.6000000    0.0947735
  20.6200000    0.0938854
  20.6400000    0.0972100
  20.6600000    0.1036614
  20.6800000    0.1121699
  20.7000000    0.1217083
  20.7200000    0.1313198
  20.7400000    0.1401456
  20.7600000    0.1474546
  20.7800000    0.1526700
  20.8000000    0.1553910
  20.8200000    0.1554045
  20.8400000    0.1526858
  20.8600000    0.1473857
  20.8800000    0.1398047
  20.9000000    0.1303581
  20.9200000    0.1195344
  20.9400000    0.1078523
  20.9600000    0.0958204
  20.9800000    0.0839038
  21.0000000    0.0724994
  21.0200000    0.0619216
  21.0400000    0.0523983
  21.0600000    0.0440743
  21.0800000    0.0370215
  21.1000000    0.0312530
  21.1200000    0.0267381
  21.1400000    0.0234168
  21.1600000    0.0212122
  21.1800000    0.0200391
  21.2000000    0.0198100
  21.2200000    0.0204368
  21.2400000    0.0218298
  21.2600000    0.0238947
  21.2800000    0.0265283
  21.3000000    0.0296140
  21.3200000    0.0330193
  21.3400000    0.0365944
  21.3600000    0.0401746
  21.3800000    0.0435862
  21.4000000    0.0466548
  21.4200000    0.0492168
  21.4400000    0.0511328
  21.4600000    0.0523010
  21.4800000    0.0526695
  21.5000000    0.0522484
  21.5200000    0.0511175
  21.5400000    0.0494341
  21.5600000    0.0474378
  21.5800000    0.0454566
  21.6000000    0.0439132
  21.6200000    0.0433337
  21.6400000    0.0443585
  21.6600000    0.0477539
  21.6800000    0.0544200
  21.7000000    0.0653931
  21.7200000    0.0818329
  21.7400000    0.1049900
  21.7600000    0.1361465
  21.7800000    0.1765276
  21.8000000    0.2271812
  21.8200000    0.2888348
  21.8400000    0.3617383
  21.8600000    0.4455117
  21.8800000    0.5390188
  21.9000000    0.6402917
  21.9200000    0.7465265
  21.9400000    0.8541664
  21.9600000    0.9590775
  21.9800000    1.0568099
  22.0000000    1.1429239
  22.0200000    1.2133472
  22.0400000    1.2647231
  22.0600000    1.2947091
  22.0800000    1.3021837
  22.1000000    1.2873377
  22.1200000    1.2516363
  22.1400000    1.1976578
  22.1600000    1.1288312
  22.1800000    1.0491067
  22.2000000    0.9626015
  22.2200000    0.8732627
  22.2400000    0.7845848
  22.2600000    0.6994072
  22.2800000    0.6198044
  22.3000000    0.5470698
  22.3200000    0.4817793
  22.3400000    0.4239150
  22.3600000    0.3730241
  22.3800000    0.3283868
  22.4000000    0.2891737
  22.4200000    0.2545744
  22.4400000    0.2238896
  22.4600000    0.1965828
  22.4800000    0.1722967
  22.5000000    0.1508378
  22.5200000    0.1321420
  22.5400000    0.1162274
  22.5600000    0.1031451
  22.5800000    0.0929331
  22.6000000    0.0855792
  22.6200000    0.0809942
  22.6400000    0.0789991
  22.6600000    0.0793228
  22.6800000    0.0816124
  22.7000000    0.0854524
  22.7200000    0.0903915
  22.7400000    0.0959740
  22.7600000    0.1017718
  22.7800000    0.1074144
  22.8000000    0.1126127
  22.8200000    0.1171727
  22.8400000    0.1209984
  22.8600000    0.1240826
  22.8800000    0.1264857
  22.9000000    0.1283078
  22.9200000    0.1296559
  22.9400000    0.1306135
  22.9600000    0.1312155
  22.9800000    0.1314352
  23.0000000    0.1311822
  23.0200000    0.1303148
  23.0400000    0.1286619
  23.0600000    0.1260522
  23.0800000    0.1223454
  23.1000000    0.1174591
  23.1200000    0.1113894
  23.1400000    0.1042190
  23.1600000    0.0961153
  23.1800000    0.0873169
  23.2000000    0.0781117
  23.2200000    0.0688104
  23.2400000    0.0597200
  23.2600000    0.0511183
  23.2800000    0.0432347
  23.3000000    0.0362377
  23.3200000    0.0302294
  23.3400000    0.0252465
  23.3600000    0.0212664
  23.3800000    0.0182178
  23.4000000    0.0159925
  23.4200000    0.0144579
  23.4400000    0.0134695
  23.4600000    0.0128818
  23.4800000    0.0125571
  23.5000000    0.0123732
  23.5200000    0.0122287
  23.5400000    0.0120458
  23.5600000    0.0117726
  23.5800000    0.0113819
  23.6000000    0.0108703
  23.6200000    0.0102543
  23.6400000    0.0095670
  23.6600000    0.0088528
  23.6800000    0.0081627
  23.7000000    0.0075497
  23.7200000    0.0070641
  23.7400000    0.0067498
  23.7600000    0.0066417
  23.7800000    0.0067633
  23.8000000    0.0071260
  23.8200000    0.0077286
  23.8400000    0.0085580
  23.8600000    0.0095908
  23.8800000    0.0107952
  23.9000000    0.0121339
  23.9200000    0.0135667
  23.9400000    0.0150540
  23.9600000    0.0165598
  23.9800000    0.0180544
  24.0000000    0.0195165
  24.0200000    0.0209339
  24.0400000    0.0223038
  24.0600000    0.0236316
  24.0800000    0.0249285
  24.1000000    0.0262089
  24.1200000    0.0274870
  24.1400000    0.0287745
  24.1600000    0.0300780
  24.1800000    0.0313991
  24.2000000    0.0327348
  24.2200000    0.0340806
  24.2400000    0.0354347
  24.2600000    0.0368030
  24.2800000    0.0382050
  24.3000000    0.0396783
  24.3200000    0.0412824
  24.3400000    0.0430995
  24.3600000    0.0452334
  24.3800000    0.0478040
  24.4000000    0.0509398
  24.4200000    0.0547667
  24.4400000    0.0593959
  24.4600000    0.0649101
  24.4800000    0.0713499
  24.5000000    0.0787025
  24.5200000    0.0868929
  24.5400000    0.0957798
  24.5600000    0.1051561
  24.5800000    0.1147571
  24.6000000    0.1242728
  24.6200000    0.1333675
  24.6400000    0.1417027
  24.6600000    0.1489628
  24.6800000    0.1548797
  24.7000000    0.1592553
  24.7200000    0.1619779
  24.7400000    0.1630313
  24.7600000    0.1624949
  24.7800000    0.1605359
  24.8000000    0.1573943
  24.8200000    0.1533619
  24.8400000    0.1487592
  24.8600000    0.1439125
  24.8800000    0.1391329
  24.9000000    0.1346991
  24.9200000    0.1308454
  24.9400000    0.1277544
  24.9600000    0.1255542
  24.9800000    0.1243191
  25.0000000    0.1240744
  25.0200000    0.1248026
  25.0400000    0.1264529
  25.0600000    0.1289523
  25.0800000    0.1322184
  25.1000000    0.1361737
  25.1200000    0.1407600
  25.1400000    0.1459520
  25.1600000    0.1517687
  25.1800000    0.1582810
  25.2000000    0.1656143
  25.2200000    0.1739464
  25.2400000    0.1834989
  25.2600000    0.1945249
  25.2800000    0.2072923
  25.3000000    0.2220652
  25.3200000    0.2390835
  25.3400000    0.2585434
  25.3600000    0.2805778
  25.3800000    0.3052383
  25.4000000    0.3324783
  25.4200000    0.3621381
  25.4400000    0.3939314
  25.4600000    0.4274365
  25.4800000    0.4620925
  25.5000000    0.4972031
  25.5200000    0.5319514
  25.5400000    0.5654261
  25.5600000    0.5966611
  25.5800000    0.6246873
  25.6000000    0.6485936
  25.6200000    0.6675914
  25.6400000    0.6810774
  25.6600000    0.6886859
  25.6800000    0.6903242
  25.7000000    0.6861851
  25.7200000    0.6767341
  25.7400000    0.6626696
  25.7600000    0.6448616
  25.7800000    0.6242743
  25.8000000    0.6018805
  25.8200000    0.5785794
  25.8400000    0.5551249
  25.8600000    0.5320736
  25.8800000    0.5097573
  25.9000000    0.4882815
  25.9200000    0.4675491
  25.9400000    0.4473057
  25.9600000    0.4271983
  25.9800000    0.4068412
  26.0000000    0.3858795
  26.0200000    0.3640441
  26.0400000    0.3411908
  26.0600000    0.3173218
  26.0800000    0.2925869
  26.1000000    0.2672669
  26.1200000    0.2417430
  26.1400000    0.2164570
  26.1600000    0.1918675
  26.1800000    0.1684091
  26.2000000    0.1464578
  26.2200000    0.1263063
  26.2400000    0.1081503
  26.2600000    0.0920866
  26.2800000    0.0781196
  26.3000000    0.0661756
  26.3200000    0.0561207
  26.3400000    0.0477797
  26.3600000    0.0409547
  26.3800000    0.0354404
  26.4000000    0.0310364
  26.4200000    0.0275549
  26.4400000    0.0248267
  26.4600000    0.0227024
  26.4800000    0.0210539
  26.5000000    0.0197724
  26.5200000    0.0187678
  26.5400000    0.0179660
  26.5600000    0.0173077
  26.5800000    0.0167465
  26.6000000    0.0162470
  26.6200000    0.0157841
  26.6400000    0.0153419
  26.6600000    0.0149125
  26.6800000    0.0144957
  26.7000000    0.0140985
  26.7200000    0.0137346
  26.7400000    0.0134236
  26.7600000    0.0131906
  26.7800000    0.0130647
  26.8000000    0.0130774
  26.8200000    0.0132606
  26.8400000    0.0136437
  26.8600000    0.0142508
  26.8800000    0.0150968
  26.9000000    0.0161844
  26.9200000    0.0175010
  26.9400000    0.0190168
  26.9600000    0.0206838
  26.9800000    0.0224373
  27.0000000    0.0241981
  27.0200000    0.0258779
  27.0400000    0.0273851
  27.0600000    0.0286324
  27.0800000    0.0295446
  27.1000000    0.0300650
  27.1200000    0.0301613
  27.1400000    0.0298288
  27.1600000    0.0290908
  27.1800000    0.0279964
  27.2000000    0.0266163
  27.2200000    0.0250360
  27.2400000    0.0233488
  27.2600000    0.0216481
  27.2800000    0.0200205
  27.3000000    0.0185404
  27.3200000    0.0172657
  27.3400000    0.0162360
  27.3600000    0.0154715
  27.3800000    0.0149738
  27.4000000    0.0147281
  27.4200000    0.0147049
  27.4400000    0.0148636
  27.4600000    0.0151553
  27.4800000    0.0155266
  27.5000000    0.0159229
  27.5200000    0.0162917
  27.5400000    0.0165860
  27.5600000    0.0167670
  27.5800000    0.0168057
  27.6000000    0.0166845
  27.6200000    0.0163968
  27.6400000    0.0159467
  27.6600000    0.0153467
  27.6800000    0.0146162
  27.7000000    0.0137783
  27.7200000    0.0128580
  27.7400000    0.0118798
  27.7600000    0.0108667
  27.7800000    0.0098392
  27.8000000    0.0088151
  27.8200000    0.0078100
  27.8400000    0.0068376
  27.8600000    0.0059101
  27.8800000    0.0050388
  27.9000000    0.0042339
  27.9200000    0.0035043
  27.9400000    0.0028570
  27.9600000    0.0022968
  27.9800000    0.0018252
  28.0000000    0.0014405
  28.0200000    0.0011374
  28.0400000    0.0009074
  28.0600000    0.0007390
  28.0800000    0.0006190
  28.1000000    0.0005335
  28.1200000    0.0004690
  28.1400000    0.0004135
  28.1600000    0.0003575
  28.1800000    0.0002949
  28.2000000    0.0002227
  28.2200000    0.0001415
  28.2400000    0.0000547
  28.2600000   -0.0000321
  28.2800000   -0.0001122
  28.3000000   -0.0001785
  28.3200000   -0.0002247
  28.3400000   -0.0002457
  28.3600000   -0.0002386
  28.3800000   -0.0002019
  28.4000000   -0.0001364
  28.4200000   -0.0000440
  28.4400000    0.0000728
  28.4600000    0.0002118
  28.4800000    0.0003716
  28.5000000    0.0005532
  28.5200000    0.0007605
  28.5400000    0.0010019
  28.5600000    0.0012916
  28.5800000    0.0016522
  28.6000000    0.0021179
  28.6200000    0.0027395
  28.6400000    0.0035909
  28.6600000    0.0047781
  28.6800000    0.0064497
  28.7000000    0.0088096
  28.7200000    0.0121298
  28.7400000    0.0167624
  28.7600000    0.0231478
  28.7800000    0.0318165
  28.8000000    0.0433805
  28.8200000    0.0585111
  28.8400000    0.0778999
  28.8600000    0.1022021
  28.8800000    0.1319625
  28.9000000    0.1675289
  28.9200000    0.2089600
  28.9400000    0.2559384
  28.9600000    0.3077022
  28.9800000    0.3630085
  29.0000000    0.4201415
  29.0200000    0.4769725
  29.0400000    0.5310747
  29.0600000    0.5798859
  29.0800000    0.6209069
  29.1000000    0.6519133
  29.1200000    0.6711572
  29.1400000    0.6775330
  29.1600000    0.6706851
  29.1800000    0.6510435
  29.2000000    0.6197819
  29.2200000    0.5787037
  29.2400000    0.5300719
  29.2600000    0.4764042
  29.2800000    0.4202598
  29.3000000    0.3640424
  29.3200000    0.3098399
  29.3400000    0.2593133
  29.3600000    0.2136423
  29.3800000    0.1735218
  29.4000000    0.1392035
  29.4200000    0.1105675
  29.4400000    0.0872112
  29.4600000    0.0685413
  29.4800000    0.0538594
  29.5000000    0.0424330
  29.5200000    0.0335492
  29.5400000    0.0265516
  29.5600000    0.0208614
  29.5800000    0.0159876
  29.6000000    0.0115296
  29.6200000    0.0071762
  29.6400000    0.0027022
  29.6600000   -0.0020337
  29.6800000   -0.0070921
  29.7000000   -0.0124569
  29.7200000   -0.0180409
  29.7400000   -0.0236952
  29.7600000   -0.0292231
  29.7800000   -0.0343972
  29.8000000   -0.0389811
  29.8200000   -0.0427516
  29.8400000   -0.0455214
  29.8600000   -0.0471570
  29.8800000   -0.0475928
  29.9000000   -0.0468368
  29.9200000   -0.0449689
  29.9400000   -0.0421320
  29.9600000   -0.0385170
  29.9800000   -0.0343435
  30.0000000   -0.0298399
