 -10.0000000   -0.6459334
  -9.9800000   -0.5624283
  -9.9600000   -0.4820321
  -9.9400000   -0.4070719
  -9.9200000   -0.3392550
  -9.9000000   -0.2796423
  -9.8800000   -0.2286843
  -9.8600000   -0.1863056
  -9.8400000   -0.1520199
  -9.8200000   -0.1250576
  -9.8000000   -0.1044899
  -9.7800000   -0.0893371
  -9.7600000   -0.0786537
  -9.7400000   -0.0715873
  -9.7200000   -0.0674109
  -9.7000000   -0.0655348
  -9.6800000   -0.0655006
  -9.6600000   -0.0669640
  -9.6400000   -0.0696716
  -9.6200000   -0.0734361
  -9.6000000   -0.0781127
  -9.5800000   -0.0835795
  -9.5600000   -0.0897222
  -9.5400000   -0.0964245
  -9.5200000   -0.1035626
  -9.5000000   -0.1110041
  -9.4800000   -0.1186100
  -9.4600000   -0.1262381
  -9.4400000   -0.1337480
  -9.4200000   -0.1410053
  -9.4000000   -0.1478862
  -9.3800000   -0.1542801
  -9.3600000   -0.1600915
  -9.3400000   -0.1652408
  -9.3200000   -0.1696639
  -9.3000000   -0.1733112
  -9.2800000   -0.1761468
  -9.2600000   -0.1781474
  -9.2400000   -0.1793010
  -9.2200000   -0.1796070
  -9.2000000   -0.1790752
  -9.1800000   -0.1777255
  -9.1600000   -0.1755866
  -9.1400000   -0.1726952
  -9.1200000   -0.1690930
  -9.1000000   -0.1648249
  -9.0800000   -0.1599359
  -9.0600000   -0.1544690
  -9.0400000   -0.1484640
  -9.0200000   -0.1419580
  -9.0000000   -0.1349881
  -8.9800000   -0.1275963
  -8.9600000   -0.1198353
  -8.9400000   -0.1117762
  -8.9200000   -0.1035150
  -8.9000000   -0.0951768
  -8.8800000   -0.0869169
  -8.8600000   -0.0789163
  -8.8400000   -0.0713720
  -8.8200000   -0.0644818
  -8.8000000   -0.0584252
  -8.7800000   -0.0533415
  -8.7600000   -0.0493088
  -8.7400000   -0.0463258
  -8.7200000   -0.0443007
  -8.7000000   -0.0430467
  -8.6800000   -0.0422876
  -8.6600000   -0.0416729
  -8.6400000   -0.0407999
  -8.6200000   -0.0392423
  -8.6000000   -0.0365810
  -8.5800000   -0.0324358
  -8.5600000   -0.0264931
  -8.5400000   -0.0185292
  -8.5200000   -0.0084271
  -8.5000000    0.0038140
  -8.4800000    0.0180759
  -8.4600000    0.0341245
  -8.4400000    0.0516189
  -8.4200000    0.0701236
  -8.4000000    0.0891258
  -8.3800000    0.1080547
  -8.3600000    0.1263050
  -8.3400000    0.1432614
  -8.3200000    0.1583259
  -8.3000000    0.1709447
  -8.2800000    0.1806334
  -8.2600000    0.1869988
  -8.2400000    0.1897537
  -8.2200000    0.1887240
  -8.2000000    0.1838473
  -8.1800000    0.1751628
  -8.1600000    0.1627961
  -8.1400000    0.1469407
  -8.1200000    0.1278411
  -8.1000000    0.1057799
  -8.0800000    0.0810710
  -8.0600000    0.0540602
  -8.0400000    0.0251281
  -8.0200000   -0.0053065
  -8.0000000   -0.0367884
  -7.9800000   -0.0688383
  -7.9600000   -0.1009769
  -7.9400000   -0.1327614
  -7.9200000   -0.1638297
  -7.9000000   -0.1939445
  -7.8800000   -0.2230279
  -7.8600000   -0.2511764
  -7.8400000   -0.2786475
  -7.8200000   -0.3058157
  -7.8000000   -0.3330966
  -7.7800000   -0.3608507
  -7.7600000   -0.3892768
  -7.7400000   -0.4183153
  -7.7200000   -0.4475769
  -7.7000000   -0.4763135
  -7.6800000   -0.5034404
  -7.6600000   -0.5276127
  -7.6400000   -0.5473483
  -7.6200000   -0.5611835
  -7.6000000   -0.5678406
  -7.5800000   -0.5663843
  -7.5600000   -0.5563449
  -7.5400000   -0.5377913
  -7.5200000   -0.5113453
  -7.5000000   -0.4781351
  -7.4800000   -0.4396956
  -7.4600000   -0.3978327
  -7.4400000   -0.3544663
  -7.4200000   -0.3114746
  -7.4000000   -0.2705547
  -7.3800000   -0.2331126
  -7.3600000   -0.2001904
  -7.3400000   -0.1724313
  -7.3200000   -0.1500802
  -7.3000000   -0.1330127
  -7.2800000   -0.1207871
  -7.2600000   -0.1127096
  -7.2400000   -0.1079092
  -7.2200000   -0.1054146
  -7.2000000   -0.1042320
  -7.1800000   -0.1034178
  -7.1600000   -0.1021447
  -7.1400000   -0.0997566
  -7.1200000   -0.0958072
  -7.1000000   -0.0900804
  -7.0800000   -0.0825877
  -7.0600000   -0.0735429
  -7.0400000   -0.0633159
  -7.0200000   -0.0523717
  -7.0000000   -0.0412025
  -6.9800000   -0.0302625
  -6.9600000   -0.0199165
  -6.9400000   -0.0104099
  -6.9200000   -0.0018643
  -6.9000000    0.0057017
  -6.8800000    0.0123304
  -6.8600000    0.0180730
  -6.8400000    0.0229381
  -6.8200000    0.0268536
  -6.8000000    0.0296498
  -6.7800000    0.0310710
  -6.7600000    0.0308133
  -6.7400000    0.0285846
  -6.7200000    0.0241745
  -6.7000000    0.0175240
  -6.6800000    0.0087794
  -6.6600000   -0.0016774
  -6.6400000   -0.0132309
  -6.6200000   -0.0250662
  -6.6000000   -0.0362321
  -6.5800000   -0.0457244
  -6.5600000   -0.0525781
  -6.5400000   -0.0559565
  -6.5200000   -0.0552262
  -6.5000000   -0.0500078
  -6.4800000   -0.0402006
  -6.4600000   -0.0259766
  -6.4400000   -0.0077504
  -6.4200000    0.0138707
  -6.4000000    0.0381489
  -6.3800000    0.0642809
  -6.3600000    0.0914593
  -6.3400000    0.1189241
  -6.3200000    0.1460015
  -6.3000000    0.1721274
  -6.2800000    0.1968571
  -6.2600000    0.2198636
  -6.2400000    0.2409266
  -6.2200000    0.2599172
  -6.2000000    0.2767801
  -6.1800000    0.2915169
  -6.1600000    0.3041724
  -6.1400000    0.3148231
  -6.1200000    0.3235692
  -6.1000000    0.3305290
  -6.0800000    0.3358322
  -6.0600000    0.3396139
  -6.0400000    0.3420061
  -6.0200000    0.3431280
  -6.0000000    0.3430750
  -5.9800000    0.3419083
  -5.9600000    0.3396479
  -5.9400000    0.3362681
  -5.9200000    0.3317001
  -5.9000000    0.3258394
  -5.8800000    0.3185585
  -5.8600000    0.3097223
  -5.8400000    0.2992054
  -5.8200000    0.2869074
  -5.8000000    0.2727656
  -5.7800000    0.2567627
  -5.7600000    0.2389312
  -5.7400000    0.2193529
  -5.7200000    0.1981574
  -5.7000000    0.1755184
  -5.6800000    0.1516510
  -5.6600000    0.1268092
  -5.6400000    0.1012830
  -5.6200000    0.0753952
  -5.6000000    0.0494960
  -5.5800000    0.0239548
  -5.5600000   -0.0008517
  -5.5400000   -0.0245538
  -5.5200000   -0.0468048
  -5.5000000   -0.0672966
  -5.4800000   -0.0857744
  -5.4600000   -0.1020476
  -5.4400000   -0.1159973
  -5.4200000   -0.1275811
  -5.4000000   -0.1368347
  -5.3800000   -0.1438727
  -5.3600000   -0.1488884
  -5.3400000   -0.1521522
  -5.3200000   -0.1540075
  -5.3000000   -0.1548626
  -5.2800000   -0.1551747
  -5.2600000   -0.1554264
  -5.2400000   -0.1560922
  -5.2200000   -0.1575989
  -5.2000000   -0.1602811
  -5.1800000   -0.1643405
  -5.1600000   -0.1698125
  -5.1400000   -0.1765492
  -5.1200000   -0.1842215
  -5.1000000   -0.1923434
  -5.0800000   -0.2003171
  -5.0600000   -0.2074930
  -5.0400000   -0.2132389
  -5.0200000   -0.2170081
  -5.0000000   -0.2183977
  -4.9800000   -0.2171888
  -4.9600000   -0.2133655
  -4.9400000   -0.2071078
  -4.9200000   -0.1987644
  -4.9000000   -0.1888064
  -4.8800000   -0.1777721
  -4.8600000   -0.1662080
  -4.8400000   -0.1546154
  -4.8200000   -0.1434083
  -4.8000000   -0.1328853
  -4.7800000   -0.1232185
  -4.7600000   -0.1144579
  -4.7400000   -0.1065488
  -4.7200000   -0.0993586
  -4.7000000   -0.0927085
  -4.6800000   -0.0864056
  -4.6600000   -0.0802729
  -4.6400000   -0.0741725
  -4.6200000   -0.0680226
  -4.6000000   -0.0618054
  -4.5800000   -0.0555669
  -4.5600000   -0.0494091
  -4.5400000   -0.0434751
  -4.5200000   -0.0379292
  -4.5000000   -0.0329339
  -4.4800000   -0.0286260
  -4.4600000   -0.0250944
  -4.4400000   -0.0223630
  -4.4200000   -0.0203803
  -4.4000000   -0.0190180
  -4.3800000   -0.0180793
  -4.3600000   -0.0173159
  -4.3400000   -0.0164539
  -4.3200000   -0.0152225
  -4.3000000   -0.0133855
  -4.2800000   -0.0107693
  -4.2600000   -0.0072854
  -4.2400000   -0.0029449
  -4.2200000    0.0021375
  -4.2000000    0.0077497
  -4.1800000    0.0135971
  -4.1600000    0.0193261
  -4.1400000    0.0245525
  -4.1200000    0.0288929
  -4.1000000    0.0319958
  -4.0800000    0.0335700
  -4.0600000    0.0334077
  -4.0400000    0.0314005
  -4.0200000    0.0275468
  -4.0000000    0.0219514
  -3.9800000    0.0148163
  -3.9600000    0.0064253
  -3.9400000   -0.0028754
  -3.9200000   -0.0127001
  -3.9000000   -0.0226454
  -3.8800000   -0.0323113
  -3.8600000   -0.0413195
  -3.8400000   -0.0493288
  -3.8200000   -0.0560489
  -3.8000000   -0.0612511
  -3.7800000   -0.0647779
  -3.7600000   -0.0665516
  -3.7400000   -0.0665800
  -3.7200000   -0.0649595
  -3.7000000   -0.0618742
  -3.6800000   -0.0575891
  -3.6600000   -0.0524387
  -3.6400000   -0.0468079
  -3.6200000   -0.0411106
  -3.6000000   -0.0357628
  -3.5800000   -0.0311572
  -3.5600000   -0.0276374
  -3.5400000   -0.0254777
  -3.5200000   -0.0248679
  -3.5000000   -0.0259054
  -3.4800000   -0.0285948
  -3.4600000   -0.0328552
  -3.4400000   -0.0385337
  -3.4200000   -0.0454242
  -3.4000000   -0.0532893
  -3.3800000   -0.0618837
  -3.3600000   -0.0709750
  -3.3400000   -0.0803623
  -3.3200000   -0.0898876
  -3.3000000   -0.0994412
  -3.2800000   -0.1089589
  -3.2600000   -0.1184124
  -3.2400000   -0.1277936
  -3.2200000   -0.1370968
  -3.2000000   -0.1462996
  -3.1800000   -0.1553486
  -3.1600000   -0.1641492
  -3.1400000   -0.1725655
  -3.1200000   -0.1804282
  -3.1000000   -0.1875509
  -3.0800000   -0.1937543
  -3.0600000   -0.1988945
  -3.0400000   -0.2028923
  -3.0200000   -0.2057608
  -3.0000000   -0.2076292
  -2.9800000   -0.2087579
  -2.9600000   -0.2095471
  -2.9400000   -0.2105356
  -2.9200000   -0.2123895
  -2.9000000   -0.2158820
  -2.8800000   -0.2218626
  -2.8600000   -0.2312158
  -2.8400000   -0.2448083
  -2.8200000   -0.2634253
  -2.8000000   -0.2876966
  -2.7800000   -0.3180172
  -2.7600000   -0.3544659
  -2.7400000   -0.3967328
  -2.7200000   -0.4440652
  -2.7000000   -0.4952428
  -2.6800000   -0.5485935
  -2.6600000   -0.6020568
  -2.6400000   -0.6532951
  -2.6200000   -0.6998502
  -2.6000000   -0.7393303
  -2.5800000   -0.7696089
  -2.5600000   -0.7890148
  -2.5400000   -0.7964865
  -2.5200000   -0.7916730
  -2.5000000   -0.7749652
  -2.4800000   -0.7474547
  -2.4600000   -0.7108240
  -2.4400000   -0.6671836
  -2.4200000   -0.6188760
  -2.4000000   -0.5682731
  -2.3800000   -0.5175888
  -2.3600000   -0.4687285
  -2.3400000   -0.4231861
  -2.3200000   -0.3819965
  -2.3000000   -0.3457373
  -2.2800000   -0.3145743
  -2.2600000   -0.2883362
  -2.2400000   -0.2666050
  -2.2200000   -0.2488086
  -2.2000000   -0.2343058
  -2.1800000   -0.2224557
  -2.1600000   -0.2126681
  -2.1400000   -0.2044342
  -2.1200000   -0.1973406
  -2.1000000   -0.1910678
  -2.0800000   -0.1853804
  -2.0600000   -0.1801103
  -2.0400000   -0.1751381
  -2.0200000   -0.1703753
  -2.0000000   -0.1657494
  -1.9800000   -0.1611922
  -1.9600000   -0.1566335
  -1.9400000   -0.1519969
  -1.9200000   -0.1472003
  -1.9000000   -0.1421564
  -1.8800000   -0.1367754
  -1.8600000   -0.1309675
  -1.8400000   -0.1246459
  -1.8200000   -0.1177323
  -1.8000000   -0.1101663
  -1.7800000   -0.1019210
  -1.7600000   -0.0930266
  -1.7400000   -0.0836039
  -1.7200000   -0.0739037
  -1.7000000   -0.0643501
  -1.6800000   -0.0555789
  -1.6600000   -0.0484617
  -1.6400000   -0.0441039
  -1.6200000   -0.0438078
  -1.6000000   -0.0489923
  -1.5800000   -0.0610687
  -1.5600000   -0.0812793
  -1.5400000   -0.1105126
  -1.5200000   -0.1491191
  -1.5000000   -0.1967531
  -1.4800000   -0.2522710
  -1.4600000   -0.3137095
  -1.4400000   -0.3783581
  -1.4200000   -0.4429310
  -1.4000000   -0.5038219
  -1.3800000   -0.5574188
  -1.3600000   -0.6004380
  -1.3400000   -0.6302364
  -1.3200000   -0.6450603
  -1.3000000   -0.6442000
  -1.2800000   -0.6280287
  -1.2600000   -0.5979280
  -1.2400000   -0.5561117
  -1.2200000   -0.5053763
  -1.2000000   -0.4488151
  -1.1800000   -0.3895326
  -1.1600000   -0.3303921
  -1.1400000   -0.2738224
  -1.1200000   -0.2216969
  -1.1000000   -0.1752856
  -1.0800000   -0.1352743
  -1.0600000   -0.1018340
  -1.0400000   -0.0747240
  -1.0200000   -0.0534079
  -1.0000000   -0.0371696
  -0.9800000   -0.0252138
  -0.9600000   -0.0167476
  -0.9400000   -0.0110382
  -0.9200000   -0.0074472
  -0.9000000   -0.0054479
  -0.8800000   -0.0046254
  -0.8600000   -0.0046687
  -0.8400000   -0.0053553
  -0.8200000   -0.0065347
  -0.8000000   -0.0081103
  -0.7800000   -0.0100241
  -0.7600000   -0.0122426
  -0.7400000   -0.0147467
  -0.7200000   -0.0175231
  -0.7000000   -0.0205601
  -0.6800000   -0.0238458
  -0.6600000   -0.0273700
  -0.6400000   -0.0311316
  -0.6200000   -0.0351507
  -0.6000000   -0.0394910
  -0.5800000   -0.0442933
  -0.5600000   -0.0498266
  -0.5400000   -0.0565611
  -0.5200000   -0.0652688
  -0.5000000   -0.0771576
  -0.4800000   -0.0940397
  -0.4600000   -0.1185339
  -0.4400000   -0.1542921
  -0.4200000   -0.2062328
  -0.4000000   -0.2807504
  -0.3800000   -0.3858585
  -0.3600000   -0.5312133
  -0.3400000   -0.7279528
  -0.3200000   -0.9882921
  -0.3000000   -1.3248220
  -0.2800000   -1.7494876
  -0.2600000   -2.2722629
  -0.2400000   -2.8995935
  -0.2200000   -3.6327390
  -0.2000000   -4.4662069
  -0.1800000   -5.3865115
  -0.1600000   -6.3715007
  -0.1400000   -7.3904756
  -0.1200000   -8.4052456
  -0.1000000   -9.3721624
  -0.0800000  -10.2450310
  -0.0600000  -10.9786513
  -0.0400000  -11.5326349
  -0.0200000  -11.8750433
   0.0000000  -11.9854042
   0.0200000  -11.8566993
   0.0400000  -11.4960718
   0.0600000  -10.9241400
   0.0800000  -10.1730269
   0.1000000   -9.2833532
   0.1200000   -8.3006011
   0.1400000   -7.2712905
   0.1600000   -6.2394171
   0.1800000   -5.2435159
   0.2000000   -4.3145980
   0.2200000   -3.4750638
   0.2400000   -2.7385590
   0.2600000   -2.1106283
   0.2800000   -1.5899511
   0.3000000   -1.1699158
   0.3200000   -0.8402970
   0.3400000   -0.5888463
   0.3600000   -0.4026615
   0.3800000   -0.2692577
   0.4000000   -0.1773241
   0.4200000   -0.1171849
   0.4400000   -0.0810149
   0.4600000   -0.0628695
   0.4800000   -0.0585876
   0.5000000   -0.0656221
   0.5200000   -0.0828357
   0.5400000   -0.1102920
   0.5600000   -0.1490568
   0.5800000   -0.2010195
   0.6000000   -0.2687367
   0.6200000   -0.3552985
   0.6400000   -0.4642149
   0.6600000   -0.5993186
   0.6800000   -0.7646741
   0.7000000   -0.9644814
   0.7200000   -1.2029515
   0.7400000   -1.4841268
   0.7600000   -1.8116182
   0.7800000   -2.1882293
   0.8000000   -2.6154577
   0.8200000   -3.0928797
   0.8400000   -3.6174625
   0.8600000   -4.1828794
   0.8800000   -4.7789393
   0.9000000   -5.3912621
   0.9200000   -6.0013316
   0.9400000   -6.5870263
   0.9600000   -7.1236830
   0.9800000   -7.5856596
   1.0000000   -7.9482883
   1.0200000   -8.1900191
   1.0400000   -8.2945028
   1.0600000   -8.2523403
   1.0800000   -8.0622471
   1.1000000   -7.7314530
   1.1200000   -7.2752627
   1.1400000   -6.7158112
   1.1600000   -6.0801703
   1.1800000   -5.3980425
   1.2000000   -4.6993308
   1.2200000   -4.0118667
   1.2400000   -3.3595452
   1.2600000   -2.7610286
   1.2800000   -2.2290999
   1.3000000   -1.7706467
   1.3200000   -1.3871814
   1.3400000   -1.0757571
   1.3600000   -0.8301060
   1.3800000   -0.6418413
   1.4000000   -0.5015822
   1.4200000   -0.3999050
   1.4400000   -0.3280643
   1.4600000   -0.2784672
   1.4800000   -0.2449172
   1.5000000   -0.2226644
   1.5200000   -0.2083108
   1.5400000   -0.1996189
   1.5600000   -0.1952697
   1.5800000   -0.1946068
   1.6000000   -0.1973912
   1.6200000   -0.2035880
   1.6400000   -0.2131913
   1.6600000   -0.2260947
   1.6800000   -0.2420084
   1.7000000   -0.2604205
   1.7200000   -0.2806015
   1.7400000   -0.3016473
   1.7600000   -0.3225544
   1.7800000   -0.3423179
   1.8000000   -0.3600421
   1.8200000   -0.3750491
   1.8400000   -0.3869701
   1.8600000   -0.3958063
   1.8800000   -0.4019455
   1.9000000   -0.4061307
   1.9200000   -0.4093762
   1.9400000   -0.4128409
   1.9600000   -0.4176715
   1.9800000   -0.4248338
   2.0000000   -0.4349563
   2.0200000   -0.4482070
   2.0400000   -0.4642237
   2.0600000   -0.4821090
   2.0800000   -0.5004952
   2.1000000   -0.5176724
   2.1200000   -0.5317657
   2.1400000   -0.5409382
   2.1600000   -0.5435954
   2.1800000   -0.5385627
   2.2000000   -0.5252145
   2.2200000   -0.5035405
   2.2400000   -0.4741404
   2.2600000   -0.4381531
   2.2800000   -0.3971316
   2.3000000   -0.3528829
   2.3200000   -0.3072950
   2.3400000   -0.2621721
   2.3600000   -0.2190973
   2.3800000   -0.1793343
   2.4000000   -0.1437737
   2.4200000   -0.1129240
   2.4400000   -0.0869398
   2.4600000   -0.0656774
   2.4800000   -0.0487668
   2.5000000   -0.0356887
   2.5200000   -0.0258472
   2.5400000   -0.0186312
   2.5600000   -0.0134615
   2.5800000   -0.0098217
   2.6000000   -0.0072744
   2.6200000   -0.0054642
   2.6400000   -0.0041116
   2.6600000   -0.0029988
   2.6800000   -0.0019523
   2.7000000   -0.0008230
   2.7200000    0.0005343
   2.7400000    0.0022794
   2.7600000    0.0046020
   2.7800000    0.0077326
   2.8000000    0.0119451
   2.8200000    0.0175494
   2.8400000    0.0248706
   2.8600000    0.0342123
   2.8800000    0.0458013
   2.9000000    0.0597150
   2.9200000    0.0757932
   2.9400000    0.0935435
   2.9600000    0.1120482
   2.9800000    0.1298914
   3.0000000    0.1451220
   3.0200000    0.1552723
   3.0400000    0.1574487
   3.0600000    0.1485034
   3.0800000    0.1252866
   3.1000000    0.0849680
   3.1200000    0.0253962
   3.1400000   -0.0545392
   3.1600000   -0.1545961
   3.1800000   -0.2729660
   3.2000000   -0.4062052
   3.2200000   -0.5493398
   3.2400000   -0.6961538
   3.2600000   -0.8396413
   3.2800000   -0.9725827
   3.3000000   -1.0881772
   3.3200000   -1.1806572
   3.3400000   -1.2458080
   3.3600000   -1.2813235
   3.3800000   -1.2869582
   3.4000000   -1.2644576
   3.4200000   -1.2172845
   3.4400000   -1.1501838
   3.4600000   -1.0686499
   3.4800000   -0.9783693
   3.5000000   -0.8847064
   3.5200000   -0.7922922
   3.5400000   -0.7047495
   3.5600000   -0.6245712
   3.5800000   -0.5531399
   3.6000000   -0.4908640
   3.6200000   -0.4373903
   3.6400000   -0.3918520
   3.6600000   -0.3531132
   3.6800000   -0.3199777
   3.7000000   -0.2913450
   3.7200000   -0.2663047
   3.7400000   -0.2441733
   3.7600000   -0.2244849
   3.7800000   -0.2069516
   3.8000000   -0.1914090
   3.8200000   -0.1777633
   3.8400000   -0.1659481
   3.8600000   -0.1558978
   3.8800000   -0.1475396
   3.9000000   -0.1407979
   3.9200000   -0.1356103
   3.9400000   -0.1319448
   3.9600000   -0.1298152
   3.9800000   -0.1292886
   4.0000000   -0.1304820
   4.0200000   -0.1335479
   4.0400000   -0.1386486
   4.0600000   -0.1459223
   4.0800000   -0.1554447
   4.1000000   -0.1671897
   4.1200000   -0.1809954
   4.1400000   -0.1965395
   4.1600000   -0.2133293
   4.1800000   -0.2307097
   4.2000000   -0.2478907
   4.2200000   -0.2639947
   4.2400000   -0.2781211
   4.2600000   -0.2894210
   4.2800000   -0.2971762
   4.3000000   -0.3008709
   4.3200000   -0.3002497
   4.3400000   -0.2953516
   4.3600000   -0.2865152
   4.3800000   -0.2743542
   4.4000000   -0.2597052
   4.4200000   -0.2435537
   4.4400000   -0.2269469
   4.4600000   -0.2109047
   4.4800000   -0.1963377
   4.5000000   -0.1839823
   4.5200000   -0.1743568
   4.5400000   -0.1677429
   4.5600000   -0.1641905
   4.5800000   -0.1635430
   4.6000000   -0.1654783
   4.6200000   -0.1695579
   4.6400000   -0.1752789
   4.6600000   -0.1821236
   4.6800000   -0.1896012
   4.7000000   -0.1972811
   4.7200000   -0.2048139
   4.7400000   -0.2119425
   4.7600000   -0.2185028
   4.7800000   -0.2244169
   4.8000000   -0.2296794
   4.8200000   -0.2343402
   4.8400000   -0.2384863
   4.8600000   -0.2422230
   4.8800000   -0.2456577
   4.9000000   -0.2488870
   4.9200000   -0.2519871
   4.9400000   -0.2550091
   4.9600000   -0.2579778
   4.9800000   -0.2608940
   5.0000000   -0.2637394
   5.0200000   -0.2664827
   5.0400000   -0.2690859
   5.0600000   -0.2715113
   5.0800000   -0.2737256
   5.1000000   -0.2757040
   5.1200000   -0.2774307
   5.1400000   -0.2788997
   5.1600000   -0.2801118
   5.1800000   -0.2810716
   5.2000000   -0.2817835
   5.2200000   -0.2822470
   5.2400000   -0.2824519
   5.2600000   -0.2823745
   5.2800000   -0.2819746
   5.3000000   -0.2811940
   5.3200000   -0.2799573
   5.3400000   -0.2781745
   5.3600000   -0.2757469
   5.3800000   -0.2725745
   5.4000000   -0.2685662
   5.4200000   -0.2636510
   5.4400000   -0.2577900
   5.4600000   -0.2509872
   5.4800000   -0.2432985
   5.5000000   -0.2348373
   5.5200000   -0.2257754
   5.5400000   -0.2163395
   5.5600000   -0.2068016
   5.5800000   -0.1974642
   5.6000000   -0.1886425
   5.6200000   -0.1806421
   5.6400000   -0.1737370
   5.6600000   -0.1681480
   5.6800000   -0.1640239
   5.7000000   -0.1614285
   5.7200000   -0.1603336
   5.7400000   -0.1606193
   5.7600000   -0.1620829
   5.7800000   -0.1644540
   5.8000000   -0.1674166
   5.8200000   -0.1706341
   5.8400000   -0.1737763
   5.8600000   -0.1765453
   5.8800000   -0.1786976
   5.9000000   -0.1800601
   5.9200000   -0.1805399
   5.9400000   -0.1801250
   5.9600000   -0.1788789
   5.9800000   -0.1769279
   6.0000000   -0.1744450
   6.0200000   -0.1716298
   6.0400000   -0.1686893
   6.0600000   -0.1658197
   6.0800000   -0.1631906
   6.1000000   -0.1609345
   6.1200000   -0.1591389
   6.1400000   -0.1578438
   6.1600000   -0.1570428
   6.1800000   -0.1566875
   6.2000000   -0.1566953
   6.2200000   -0.1569589
   6.2400000   -0.1573589
   6.2600000   -0.1577761
   6.2800000   -0.1581058
   6.3000000   -0.1582702
   6.3200000   -0.1582293
   6.3400000   -0.1579882
   6.3600000   -0.1575991
   6.3800000   -0.1571572
   6.4000000   -0.1567907
   6.4200000   -0.1566439
   6.4400000   -0.1568563
   6.4600000   -0.1575400
   6.4800000   -0.1587580
   6.5000000   -0.1605065
   6.5200000   -0.1627050
   6.5400000   -0.1651959
   6.5600000   -0.1677540
   6.5800000   -0.1701045
   6.6000000   -0.1719497
   6.6200000   -0.1729974
   6.6400000   -0.1729911
   6.6600000   -0.1717351
   6.6800000   -0.1691135
   6.7000000   -0.1651006
   6.7200000   -0.1597618
   6.7400000   -0.1532463
   6.7600000   -0.1457733
   6.7800000   -0.1376133
   6.8000000   -0.1290676
   6.8200000   -0.1204480
   6.8400000   -0.1120574
   6.8600000   -0.1041746
   6.8800000   -0.0970406
   6.9000000   -0.0908495
   6.9200000   -0.0857416
   6.9400000   -0.0817995
   6.9600000   -0.0790471
   6.9800000   -0.0774507
   7.0000000   -0.0769230
   7.0200000   -0.0773286
   7.0400000   -0.0784931
   7.0600000   -0.0802136
   7.0800000   -0.0822715
   7.1000000   -0.0844469
   7.1200000   -0.0865347
   7.1400000   -0.0883620
   7.1600000   -0.0898047
   7.1800000   -0.0908065
   7.2000000   -0.0913962
   7.2200000   -0.0917040
   7.2400000   -0.0919770
   7.2600000   -0.0925903
   7.2800000   -0.0940525
   7.3000000   -0.0970038
   7.3200000   -0.1022024
   7.3400000   -0.1104973
   7.3600000   -0.1227833
   7.3800000   -0.1399393
   7.4000000   -0.1627478
   7.4200000   -0.1918022
   7.4400000   -0.2274060
   7.4600000   -0.2694765
   7.4800000   -0.3174642
   7.5000000   -0.3703024
   7.5200000   -0.4264005
   7.5400000   -0.4836895
   7.5600000   -0.5397246
   7.5800000   -0.5918403
   7.6000000   -0.6373467
   7.6200000   -0.6737478
   7.6400000   -0.6989569
   7.6600000   -0.7114841
   7.6800000   -0.7105713
   7.7000000   -0.6962570
   7.7200000   -0.6693637
   7.7400000   -0.6314091
   7.7600000   -0.5844536
   7.7800000   -0.5309063
   7.8000000   -0.4733121
   7.8200000   -0.4141497
   7.8400000   -0.3556600
   7.8600000   -0.2997233
   7.8800000   -0.2477947
   7.9000000   -0.2008951
   7.9200000   -0.1596538
   7.9400000   -0.1243880
   7.9600000   -0.0952049
   7.9800000   -0.0721096
   8.0000000   -0.0551047
   8.0200000   -0.0442699
   8.0400000   -0.0398121
   8.0600000   -0.0420822
   8.0800000   -0.0515570
   8.1000000   -0.0687852
   8.1200000   -0.0943034
   8.1400000   -0.1285276
   8.1600000   -0.1716292
   8.1800000   -0.2234066
   8.2000000   -0.2831701
   8.2200000   -0.3496528
   8.2400000   -0.4209677
   8.2600000   -0.4946232
   8.2800000   -0.5676082
   8.3000000   -0.6365464
   8.3200000   -0.6979148
   8.3400000   -0.7483058
   8.3600000   -0.7847065
   8.3800000   -0.8047661
   8.4000000   -0.8070137
   8.4200000   -0.7910029
   8.4400000   -0.7573597
   8.4600000   -0.7077305
   8.4800000   -0.6446349
   8.5000000   -0.5712429
   8.5200000   -0.4911062
   8.5400000   -0.4078737
   8.5600000   -0.3250251
   8.5800000   -0.2456467
   8.6000000   -0.1722671
   8.6200000   -0.1067611
   8.6400000   -0.0503175
   8.6600000   -0.0034636
   8.6800000    0.0338677
   8.7000000    0.0622432
   8.7200000    0.0826194
   8.7400000    0.0962289
   8.7600000    0.1044688
   8.7800000    0.1087967
   8.8000000    0.1106351
   8.8200000    0.1112866
   8.8400000    0.1118623
   8.8600000    0.1132238
   8.8800000    0.1159445
   8.9000000    0.1202922
   8.9200000    0.1262357
   8.9400000    0.1334762
   8.9600000    0.1415014
   8.9800000    0.1496578
   9.0000000    0.1572325
   9.0200000    0.1635365
   9.0400000    0.1679796
   9.0600000    0.1701272
   9.0800000    0.1697347
   9.1000000    0.1667554
   9.1200000    0.1613235
   9.1400000    0.1537180
   9.1600000    0.1443125
   9.1800000    0.1335223
   9.2000000    0.1217551
   9.2200000    0.1093733
   9.2400000    0.0966728
   9.2600000    0.0838783
   9.2800000    0.0711553
   9.3000000    0.0586335
   9.3200000    0.0464377
   9.3400000    0.0347181
   9.3600000    0.0236770
   9.3800000    0.0135860
   9.4000000    0.0047914
   9.4200000   -0.0022920
   9.4400000   -0.0071984
   9.4600000   -0.0094377
   9.4800000   -0.0085281
   9.5000000   -0.0040311
   9.5200000    0.0044123
   9.5400000    0.0170489
   9.5600000    0.0339839
   9.5800000    0.0551580
   9.6000000    0.0803303
   9.6200000    0.1090703
   9.6400000    0.1407583
   9.6600000    0.1745967
   9.6800000    0.2096325
   9.7000000    0.2447916
   9.7200000    0.2789246
   9.7400000    0.3108617
   9.7600000    0.3394742
   9.7800000    0.3637393
   9.8000000    0.3828008
   9.8200000    0.3960229
   9.8400000    0.4030304
   9.8600000    0.4037326
   9.8800000    0.3983275
   9.9000000    0.3872859
   9.9200000    0.3713167
   9.9400000    0.3513159
   9.9600000    0.3283038
   9.9800000    0.3033556
  10.0000000    0.2775309
  10.0200000    0.2518084
  10.0400000    0.2270302
  10.0600000    0.2038616
  10.0800000    0.1827669
  10.1000000    0.1640049
  10.1200000    0.1476410
  10.1400000    0.1335753
  10.1600000    0.1215810
  10.1800000    0.1113494
  10.2000000    0.1025349
  10.2200000    0.0947970
  10.2400000    0.0878328
  10.2600000    0.0814012
  10.2800000    0.0753343
  10.3000000    0.0695399
  10.3200000    0.0639952
  10.3400000    0.0587338
  10.3600000    0.0538298
  10.3800000    0.0493805
  10.4000000    0.0454886
  10.4200000    0.0422465
  10.4400000    0.0397233
  10.4600000    0.0379538
  10.4800000    0.0369321
  10.5000000    0.0366083
  10.5200000    0.0368909
  10.5400000    0.0376536
  10.5600000    0.0387479
  10.5800000    0.0400191
  10.6000000    0.0413263
  10.6200000    0.0425619
  10.6400000    0.0436686
  10.6600000    0.0446519
  10.6800000    0.0455827
  10.7000000    0.0465910
  10.7200000    0.0478490
  10.7400000    0.0495453
  10.7600000    0.0518536
  10.7800000    0.0548998
  10.8000000    0.0587331
  10.8200000    0.0633047
  10.8400000    0.0684596
  10.8600000    0.0739410
  10.8800000    0.0794092
  10.9000000    0.0844719
  10.9200000    0.0887210
  10.9400000    0.0917728
  10.9600000    0.0933032
  10.9800000    0.0930762
  11.0000000    0.0909601
  11.0200000    0.0869316
  11.0400000    0.0810676
  11.0600000    0.0735265
  11.0800000    0.0645252
  11.1000000    0.0543128
  11.1200000    0.0431475
  11.1400000    0.0312797
  11.1600000    0.0189408
  11.1800000    0.0063421
  11.2000000   -0.0063215
  11.2200000   -0.0188615
  11.2400000   -0.0310855
  11.2600000   -0.0427868
  11.2800000   -0.0537382
  11.3000000   -0.0636911
  11.3200000   -0.0723805
  11.3400000   -0.0795367
  11.3600000   -0.0849001
  11.3800000   -0.0882401
  11.4000000   -0.0893725
  11.4200000   -0.0881753
  11.4400000   -0.0845987
  11.4600000   -0.0786689
  11.4800000   -0.0704829
  11.5000000   -0.0601966
  11.5200000   -0.0480046
  11.5400000   -0.0341145
  11.5600000   -0.0187180
  11.5800000   -0.0019603
  11.6000000    0.0160885
  11.6200000    0.0354585
  11.6400000    0.0562983
  11.6600000    0.0788854
  11.6800000    0.1036244
  11.7000000    0.1310331
  11.7200000    0.1617125
  11.7400000    0.1963001
  11.7600000    0.2354056
  11.7800000    0.2795312
  11.8000000    0.3289794
  11.8200000    0.3837571
  11.8400000    0.4434847
  11.8600000    0.5073252
  11.8800000    0.5739443
  11.9000000    0.6415174
  11.9200000    0.7077898
  11.9400000    0.7701943
  11.9600000    0.8260212
  11.9800000    0.8726269
  12.0000000    0.9076600
  12.0200000    0.9292802
  12.0400000    0.9363410
  12.0600000    0.9285138
  12.0800000    0.9063337
  12.1000000    0.8711622
  12.1200000    0.8250678
  12.1400000    0.7706416
  12.1600000    0.7107698
  12.1800000    0.6483903
  12.2000000    0.5862636
  12.2200000    0.5267808
  12.2400000    0.4718266
  12.2600000    0.4227070
  12.2800000    0.3801404
  12.3000000    0.3443055
  12.3200000    0.3149303
  12.3400000    0.2914072
  12.3600000    0.2729154
  12.3800000    0.2585376
  12.4000000    0.2473573
  12.4200000    0.2385322
  12.4400000    0.2313402
  12.4600000    0.2252006
  12.4800000    0.2196757
  12.5000000    0.2144574
  12.5200000    0.2093475
  12.5400000    0.2042347
  12.5600000    0.1990751
  12.5800000    0.1938755
  12.6000000    0.1886823
  12.6200000    0.1835734
  12.6400000    0.1786534
  12.6600000    0.1740481
  12.6800000    0.1698993
  12.7000000    0.1663572
  12.7200000    0.1635711
  12.7400000    0.1616783
  12.7600000    0.1607924
  12.7800000    0.1609912
  12.8000000    0.1623071
  12.8200000    0.1647192
  12.8400000    0.1681503
  12.8600000    0.1724689
  12.8800000    0.1774968
  12.9000000    0.1830230
  12.9200000    0.1888229
  12.9400000    0.1946815
  12.9600000    0.2004187
  12.9800000    0.2059124
  13.0000000    0.2111194
  13.0200000    0.2160872
  13.0400000    0.2209591
  13.0600000    0.2259673
  13.0800000    0.2314184
  13.1000000    0.2376694
  13.1200000    0.2451003
  13.1400000    0.2540835
  13.1600000    0.2649554
  13.1800000    0.2779922
  13.2000000    0.2933915
  13.2200000    0.3112609
  13.2400000    0.3316120
  13.2600000    0.3543603
  13.2800000    0.3793270
  13.3000000    0.4062420
  13.3200000    0.4347460
  13.3400000    0.4643903
  13.3600000    0.4946351
  13.3800000    0.5248469
  13.4000000    0.5542980
  13.4200000    0.5821699
  13.4400000    0.6075669
  13.4600000    0.6295403
  13.4800000    0.6471266
  13.5000000    0.6594002
  13.5200000    0.6655369
  13.5400000    0.6648839
  13.5600000    0.6570284
  13.5800000    0.6418553
  13.6000000    0.6195861
  13.6200000    0.5907901
  13.6400000    0.5563655
  13.6600000    0.5174876
  13.6800000    0.4755311
  13.7000000    0.4319725
  13.7200000    0.3882846
  13.7400000    0.3458352
  13.7600000    0.3058011
  13.7800000    0.2691053
  13.8000000    0.2363838
  13.8200000    0.2079811
  13.8400000    0.1839736
  13.8600000    0.1642124
  13.8800000    0.1483802
  13.9000000    0.1360534
  13.9200000    0.1267619
  13.9400000    0.1200429
  13.9600000    0.1154832
  13.9800000    0.1127505
  14.0000000    0.1116118
  14.0200000    0.1119417
  14.0400000    0.1137204
  14.0600000    0.1170231
  14.0800000    0.1220024
  14.1000000    0.1288640
  14.1200000    0.1378380
  14.1400000    0.1491454
  14.1600000    0.1629644
  14.1800000    0.1793989
  14.2000000    0.1984520
  14.2200000    0.2200106
  14.2400000    0.2438423
  14.2600000    0.2696080
  14.2800000    0.2968897
  14.3000000    0.3252297
  14.3200000    0.3541778
  14.3400000    0.3833364
  14.3600000    0.4123993
  14.3800000    0.4411745
  14.4000000    0.4695884
  14.4200000    0.4976717
  14.4400000    0.5255297
  14.4600000    0.5533064
  14.4800000    0.5811510
  14.5000000    0.6091960
  14.5200000    0.6375547
  14.5400000    0.6663374
  14.5600000    0.6956833
  14.5800000    0.7257955
  14.6000000    0.7569659
  14.6200000    0.7895751
  14.6400000    0.8240543
  14.6600000    0.8608075
  14.6800000    0.9000959
  14.7000000    0.9419026
  14.7200000    0.9857984
  14.7400000    1.0308380
  14.7600000    1.0755112
  14.7800000    1.1177699
  14.8000000    1.1551396
  14.8200000    1.1849079
  14.8400000    1.2043728
  14.8600000    1.2111182
  14.8800000    1.2032804
  14.9000000    1.1797680
  14.9200000    1.1404055
  14.9400000    1.0859797
  14.9600000    1.0181854
  14.9800000    0.9394800
  15.0000000    0.8528668
  15.0200000    0.7616391
  15.0400000    0.6691164
  15.0600000    0.5784027
  15.0800000    0.4921911
  15.1000000    0.4126292
  15.1200000    0.3412501
  15.1400000    0.2789656
  15.1600000    0.2261111
  15.1800000    0.1825278
  15.2000000    0.1476668
  15.2200000    0.1207011
  15.2400000    0.1006334
  15.2600000    0.0863911
  15.2800000    0.0769047
  15.3000000    0.0711665
  15.3200000    0.0682706
  15.3400000    0.0674357
  15.3600000    0.0680138
  15.3800000    0.0694877
  15.4000000    0.0714597
  15.4200000    0.0736366
  15.4400000    0.0758115
  15.4600000    0.0778475
  15.4800000    0.0796641
  15.5000000    0.0812288
  15.5200000    0.0825540
  15.5400000    0.0837006
  15.5600000    0.0847853
  15.5800000    0.0859904
  15.6000000    0.0875735
  15.6200000    0.0898726
  15.6400000    0.0933046
  15.6600000    0.0983546
  15.6800000    0.1055545
  15.7000000    0.1154517
  15.7200000    0.1285695
  15.7400000    0.1453621
  15.7600000    0.1661688
  15.7800000    0.1911720
  15.8000000    0.2203619
  15.8200000    0.2535135
  15.8400000    0.2901763
  15.8600000    0.3296788
  15.8800000    0.3711482
  15.9000000    0.4135433
  15.9200000    0.4557013
  15.9400000    0.4963956
  15.9600000    0.5344043
  15.9800000    0.5685850
  16.0000000    0.5979549
  16.0200000    0.6217692
  16.0400000    0.6395904
  16.0600000    0.6513417
  16.0800000    0.6573334
  16.1000000    0.6582547
  16.1200000    0.6551257
  16.1400000    0.6492102
  16.1600000    0.6418930
  16.1800000    0.6345375
  16.2000000    0.6283388
  16.2200000    0.6241946
  16.2400000    0.6226151
  16.2600000    0.6236870
  16.2800000    0.6271012
  16.3000000    0.6322419
  16.3200000    0.6383259
  16.3400000    0.6445683
  16.3600000    0.6503484
  16.3800000    0.6553442
  16.4000000    0.6596119
  16.4200000    0.6635911
  16.4400000    0.6680320
  16.4600000    0.6738520
  16.4800000    0.6819444
  16.5000000    0.6929694
  16.5200000    0.7071626
  16.5400000    0.7241962
  16.5600000    0.7431182
  16.5800000    0.7623854
  16.6000000    0.7799892
  16.6200000    0.7936605
  16.6400000    0.8011254
  16.6600000    0.8003768
  16.6800000    0.7899257
  16.7000000    0.7689978
  16.7200000    0.7376541
  16.7400000    0.6968229
  16.7600000    0.6482473
  16.7800000    0.5943628
  16.8000000    0.5381294
  16.8200000    0.4828433
  16.8400000    0.4319546
  16.8600000    0.3889067
  16.8800000    0.3570076
  16.9000000    0.3393295
  16.9200000    0.3386245
  16.9400000    0.3572414
  16.9600000    0.3970256
  16.9800000    0.4591899
  17.0000000    0.5441545
  17.0200000    0.6513651
  17.0400000    0.7791150
  17.0600000    0.9244026
  17.0800000    1.0828652
  17.1000000    1.2488271
  17.1200000    1.4154874
  17.1400000    1.5752594
  17.1600000    1.7202451
  17.1800000    1.8428105
  17.2000000    1.9362007
  17.2200000    1.9951242
  17.2400000    2.0162314
  17.2600000    1.9984243
  17.2800000    1.9429522
  17.3000000    1.8532804
  17.3200000    1.7347476
  17.3400000    1.5940577
  17.3600000    1.4386720
  17.3800000    1.2761793
  17.4000000    1.1137151
  17.4200000    0.9574934
  17.4400000    0.8124870
  17.4600000    0.6822729
  17.4800000    0.5690341
  17.5000000    0.4736867
  17.5200000    0.3960964
  17.5400000    0.3353378
  17.5600000    0.2899570
  17.5800000    0.2582074
  17.6000000    0.2382367
  17.6200000    0.2282198
  17.6400000    0.2264408
  17.6600000    0.2313359
  17.6800000    0.2415134
  17.7000000    0.2557682
  17.7200000    0.2731029
  17.7400000    0.2927651
  17.7600000    0.3143011
  17.7800000    0.3376202
  17.8000000    0.3630571
  17.8200000    0.3914163
  17.8400000    0.4239801
  17.8600000    0.4624652
  17.8800000    0.5089164
  17.9000000    0.5655346
  17.9200000    0.6344460
  17.9400000    0.7174272
  17.9600000    0.8156131
  17.9800000    0.9292187
  18.0000000    1.0573088
  18.0200000    1.1976500
  18.0400000    1.3466736
  18.0600000    1.4995653
  18.0800000    1.6504875
  18.1000000    1.7929238
  18.1200000    1.9201193
  18.1400000    2.0255789
  18.1600000    2.1035748
  18.1800000    2.1496124
  18.2000000    2.1608058
  18.2200000    2.1361212
  18.2400000    2.0764633
  18.2600000    1.9845942
  18.2800000    1.8648967
  18.3000000    1.7230076
  18.3200000    1.5653646
  18.3400000    1.3987140
  18.3600000    1.2296319
  18.3800000    1.0641054
  18.4000000    0.9072074
  18.4200000    0.7628879
  18.4400000    0.6338873
  18.4600000    0.5217629
  18.4800000    0.4270071
  18.5000000    0.3492313
  18.5200000    0.2873836
  18.5400000    0.2399719
  18.5600000    0.2052677
  18.5800000    0.1814744
  18.6000000    0.1668496
  18.6200000    0.1597814
  18.6400000    0.1588215
  18.6600000    0.1626843
  18.6800000    0.1702250
  18.7000000    0.1804058
  18.7200000    0.1922636
  18.7400000    0.2048865
  18.7600000    0.2174044
  18.7800000    0.2289954
  18.8000000    0.2389071
  18.8200000    0.2464873
  18.8400000    0.2512184
  18.8600000    0.2527490
  18.8800000    0.2509147
  18.9000000    0.2457461
  18.9200000    0.2374594
  18.9400000    0.2264314
  18.9600000    0.2131614
  18.9800000    0.1982253
  19.0000000    0.1822266
  19.0200000    0.1657515
  19.0400000    0.1493307
  19.0600000    0.1334133
  19.0800000    0.1183516
  19.1000000    0.1043976
  19.1200000    0.0917088
  19.1400000    0.0803604
  19.1600000    0.0703609
  19.1800000    0.0616692
  19.2000000    0.0542093
  19.2200000    0.0478831
  19.2400000    0.0425810
  19.2600000    0.0381885
  19.2800000    0.0345909
  19.3000000    0.0316772
  19.3200000    0.0293418
  19.3400000    0.0274865
  19.3600000    0.0260217
  19.3800000    0.0248680
  19.4000000    0.0239568
  19.4200000    0.0232310
  19.4400000    0.0226448
  19.4600000    0.0221636
  19.4800000    0.0217627
  19.5000000    0.0214257
  19.5200000    0.0211435
  19.5400000    0.0209123
  19.5600000    0.0207321
  19.5800000    0.0206058
  19.6000000    0.0205380
  19.6200000    0.0205342
  19.6400000    0.0205994
  19.6600000    0.0207374
  19.6800000    0.0209486
  19.7000000    0.0212279
  19.7200000    0.0215619
  19.7400000    0.0219257
  19.7600000    0.0222802
  19.7800000    0.0225696
  19.8000000    0.0227210
  19.8200000    0.0226458
  19.8400000    0.0222442
  19.8600000    0.0214129
  19.8800000    0.0200558
  19.9000000    0.0180975
  19.9200000    0.0154973
  19.9400000    0.0122628
  19.9600000    0.0084599
  19.9800000    0.0042175
  20.0000000   -0.0002752
  20.0200000   -0.0047801
  20.0400000   -0.0090292
  20.0600000   -0.0127504
  20.0800000   -0.0156967
  20.1000000   -0.0176743
  20.1200000   -0.0185665
  20.1400000   -0.0183483
  20.1600000   -0.0170899
  20.1800000   -0.0149483
  20.2000000   -0.0121468
  20.2200000   -0.0089466
  20.2400000   -0.0056128
  20.2600000   -0.0023808
  20.2800000    0.0005741
  20.3000000    0.0031600
  20.3200000    0.0053829
  20.3400000    0.0073519
  20.3600000    0.0092759
  20.3800000    0.0114523
  20.4000000    0.0142515
  20.4200000    0.0180953
  20.4400000    0.0234335
  20.4600000    0.0307165
  20.4800000    0.0403652
  20.5000000    0.0527382
  20.5200000    0.0680977
  20.5400000    0.0865745
  20.5600000    0.1081374
  20.5800000    0.1325688
  20.6000000    0.1594528
  20.6200000    0.1881782
  20.6400000    0.2179606
  20.6600000    0.2478829
  20.6800000    0.2769523
  20.7000000    0.3041689
  20.7200000    0.3285976
  20.7400000    0.3494357
  20.7600000    0.3660678
  20.7800000    0.3780996
  20.8000000    0.3853700
  20.8200000    0.3879386
  20.8400000    0.3860541
  20.8600000    0.3801097
  20.8800000    0.3705931
  20.9000000    0.3580394
  20.9200000    0.3429939
  20.9400000    0.3259871
  20.9600000    0.3075240
  20.9800000    0.2880842
  21.0000000    0.2681297
  21.0200000    0.2481136
  21.0400000    0.2284873
  21.0600000    0.2097004
  21.0800000    0.1921946
  21.1000000    0.1763903
  21.1200000    0.1626695
  21.1400000    0.1513591
  21.1600000    0.1427159
  21.1800000    0.1369175
  21.2000000    0.1340591
  21.2200000    0.1341559
  21.2400000    0.1371483
  21.2600000    0.1429082
  21.2800000    0.1512423
  21.3000000    0.1618914
  21.3200000    0.1745248
  21.3400000    0.1887320
  21.3600000    0.2040136
  21.3800000    0.2197773
  21.4000000    0.2353426
  21.4200000    0.2499583
  21.4400000    0.2628345
  21.4600000    0.2731885
  21.4800000    0.2803013
  21.5000000    0.2835776
  21.5200000    0.2826032
  21.5400000    0.2771905
  21.5600000    0.2674060
  21.5800000    0.2535750
  21.6000000    0.2362621
  21.6200000    0.2162297
  21.6400000    0.1943794
  21.6600000    0.1716839
  21.6800000    0.1491168
  21.7000000    0.1275882
  21.7200000    0.1078913
  21.7400000    0.0906648
  21.7600000    0.0763697
  21.7800000    0.0652806
  21.8000000    0.0574881
  21.8200000    0.0529077
  21.8400000    0.0512925
  21.8600000    0.0522469
  21.8800000    0.0552397
  21.9000000    0.0596178
  21.9200000    0.0646216
  21.9400000    0.0694047
  21.9600000    0.0730600
  21.9800000    0.0746531
  22.0000000    0.0732648
  22.0200000    0.0680395
  22.0400000    0.0582377
  22.0600000    0.0432877
  22.0800000    0.0228324
  22.1000000   -0.0032352
  22.1200000   -0.0347511
  22.1400000   -0.0712776
  22.1600000   -0.1121200
  22.1800000   -0.1563610
  22.2000000   -0.2029117
  22.2200000   -0.2505710
  22.2400000   -0.2980909
  22.2600000   -0.3442388
  22.2800000   -0.3878520
  22.3000000   -0.4278811
  22.3200000   -0.4634177
  22.3400000   -0.4937092
  22.3600000   -0.5181625
  22.3800000   -0.5363396
  22.4000000   -0.5479513
  22.4200000   -0.5528521
  22.4400000   -0.5510403
  22.4600000   -0.5426633
  22.4800000   -0.5280269
  22.5000000   -0.5076056
  22.5200000   -0.4820500
  22.5400000   -0.4521856
  22.5600000   -0.4190006
  22.5800000   -0.3836204
  22.6000000   -0.3472694
  22.6200000   -0.3112222
  22.6400000   -0.2767487
  22.6600000   -0.2450570
  22.6800000   -0.2172415
  22.7000000   -0.1942373
  22.7200000   -0.1767867
  22.7400000   -0.1654171
  22.7600000   -0.1604314
  22.7800000   -0.1619079
  22.8000000   -0.1697076
  22.8200000   -0.1834861
  22.8400000   -0.2027069
  22.8600000   -0.2266551
  22.8800000   -0.2544498
  22.9000000   -0.2850580
  22.9200000   -0.3173096
  22.9400000   -0.3499204
  22.9600000   -0.3815236
  22.9800000   -0.4107153
  23.0000000   -0.4361140
  23.0200000   -0.4564333
  23.0400000   -0.4705650
  23.0600000   -0.4776637
  23.0800000   -0.4772254
  23.1000000   -0.4691484
  23.1200000   -0.4537692
  23.1400000   -0.4318637
  23.1600000   -0.4046137
  23.1800000   -0.3735368
  23.2000000   -0.3403877
  23.2200000   -0.3070395
  23.2400000   -0.2753562
  23.2600000   -0.2470690
  23.2800000   -0.2236668
  23.3000000   -0.2063111
  23.3200000   -0.1957791
  23.3400000   -0.1924408
  23.3600000   -0.1962676
  23.3800000   -0.2068716
  23.4000000   -0.2235711
  23.4200000   -0.2454741
  23.4400000   -0.2715739
  23.4600000   -0.3008445
  23.4800000   -0.3323273
  23.5000000   -0.3651982
  23.5200000   -0.3988054
  23.5400000   -0.4326733
  23.5600000   -0.4664712
  23.5800000   -0.4999510
  23.6000000   -0.5328655
  23.6200000   -0.5648801
  23.6400000   -0.5954972
  23.6600000   -0.6240089
  23.6800000   -0.6494904
  23.7000000   -0.6708417
  23.7200000   -0.6868736
  23.7400000   -0.6964286
  23.7600000   -0.6985192
  23.7800000   -0.6924615
  23.8000000   -0.6779834
  23.8200000   -0.6552898
  23.8400000   -0.6250738
  23.8600000   -0.5884723
  23.8800000   -0.5469729
  23.9000000   -0.5022856
  23.9200000   -0.4561992
  23.9400000   -0.4104397
  23.9600000   -0.3665508
  23.9800000   -0.3258072
  24.0000000   -0.2891673
  24.0200000   -0.2572680
  24.0400000   -0.2304518
  24.0600000   -0.2088212
  24.0800000   -0.1923051
  24.1000000   -0.1807274
  24.1200000   -0.1738668
  24.1400000   -0.1714994
  24.1600000   -0.1734203
  24.1800000   -0.1794420
  24.2000000   -0.1893726
  24.2200000   -0.2029786
  24.2400000   -0.2199389
  24.2600000   -0.2397997
  24.2800000   -0.2619384
  24.3000000   -0.2855452
  24.3200000   -0.3096281
  24.3400000   -0.3330452
  24.3600000   -0.3545635
  24.3800000   -0.3729394
  24.4000000   -0.3870131
  24.4200000   -0.3958058
  24.4400000   -0.3986081
  24.4600000   -0.3950469
  24.4800000   -0.3851225
  24.5000000   -0.3692103
  24.5200000   -0.3480270
  24.5400000   -0.3225654
  24.5600000   -0.2940057
  24.5800000   -0.2636162
  24.6000000   -0.2326536
  24.6200000   -0.2022749
  24.6400000   -0.1734697
  24.6600000   -0.1470175
  24.6800000   -0.1234708
  24.7000000   -0.1031634
  24.7200000   -0.0862370
  24.7400000   -0.0726813
  24.7600000   -0.0623806
  24.7800000   -0.0551595
  24.8000000   -0.0508243
  24.8200000   -0.0491951
  24.8400000   -0.0501270
  24.8600000   -0.0535192
  24.8800000   -0.0593120
  24.9000000   -0.0674728
  24.9200000   -0.0779722
  24.9400000   -0.0907538
  24.9600000   -0.1056991
  24.9800000   -0.1225949
  25.0000000   -0.1411042
  25.0200000   -0.1607486
  25.0400000   -0.1809056
  25.0600000   -0.2008241
  25.0800000   -0.2196584
  25.1000000   -0.2365206
  25.1200000   -0.2505462
  25.1400000   -0.2609650
  25.1600000   -0.2671706
  25.1800000   -0.2687778
  25.2000000   -0.2656617
  25.2200000   -0.2579712
  25.2400000   -0.2461171
  25.2600000   -0.2307349
  25.2800000   -0.2126277
  25.3000000   -0.1926988
  25.3200000   -0.1718805
  25.3400000   -0.1510706
  25.3600000   -0.1310819
  25.3800000   -0.1126124
  25.4000000   -0.0962357
  25.4200000   -0.0824128
  25.4400000   -0.0715211
  25.4600000   -0.0638952
  25.4800000   -0.0598723
  25.5000000   -0.0598356
  25.5200000   -0.0642463
  25.5400000   -0.0736593
  25.5600000   -0.0887147
  25.5800000   -0.1101018
  25.6000000   -0.1384943
  25.6200000   -0.1744584
  25.6400000   -0.2183410
  25.6600000   -0.2701478
  25.6800000   -0.3294272
  25.7000000   -0.3951771
  25.7200000   -0.4657940
  25.7400000   -0.5390798
  25.7600000   -0.6123168
  25.7800000   -0.6824151
  25.8000000   -0.7461222
  25.8200000   -0.8002788
  25.8400000   -0.8420924
  25.8600000   -0.8693950
  25.8800000   -0.8808536
  25.9000000   -0.8761022
  25.9200000   -0.8557775
  25.9400000   -0.8214512
  25.9600000   -0.7754679
  25.9800000   -0.7207083
  26.0000000   -0.6603112
  26.0200000   -0.5973881
  26.0400000   -0.5347659
  26.0600000   -0.4747872
  26.0800000   -0.4191844
  26.1000000   -0.3690373
  26.1200000   -0.3248071
  26.1400000   -0.2864327
  26.1600000   -0.2534685
  26.1800000   -0.2252416
  26.2000000   -0.2010045
  26.2200000   -0.1800678
  26.2400000   -0.1619002
  26.2600000   -0.1461907
  26.2800000   -0.1328741
  26.3000000   -0.1221238
  26.3200000   -0.1143201
  26.3400000   -0.1100020
  26.3600000   -0.1098091
  26.3800000   -0.1144221
  26.4000000   -0.1245025
  26.4200000   -0.1406371
  26.4400000   -0.1632858
  26.4600000   -0.1927354
  26.4800000   -0.2290577
  26.5000000   -0.2720748
  26.5200000   -0.3213319
  26.5400000   -0.3760815
  26.5600000   -0.4352822
  26.5800000   -0.4976151
  26.6000000   -0.5615232
  26.6200000   -0.6252742
  26.6400000   -0.6870503
  26.6600000   -0.7450602
  26.6800000   -0.7976699
  26.7000000   -0.8435422
  26.7200000   -0.8817692
  26.7400000   -0.9119856
  26.7600000   -0.9344401
  26.7800000   -0.9500131
  26.8000000   -0.9601681
  26.8200000   -0.9668323
  26.8400000   -0.9722136
  26.8600000   -0.9785685
  26.8800000   -0.9879473
  26.9000000   -1.0019462
  26.9200000   -1.0214991
  26.9400000   -1.0467383
  26.9600000   -1.0769446
  26.9800000   -1.1105961
  27.0000000   -1.1455096
  27.0200000   -1.1790587
  27.0400000   -1.2084369
  27.0600000   -1.2309345
  27.0800000   -1.2441922
  27.1000000   -1.2464035
  27.1200000   -1.2364447
  27.1400000   -1.2139239
  27.1600000   -1.1791548
  27.1800000   -1.1330656
  27.2000000   -1.0770662
  27.2200000   -1.0128959
  27.2400000   -0.9424712
  27.2600000   -0.8677513
  27.2800000   -0.7906305
  27.3000000   -0.7128614
  27.3200000   -0.6360046
  27.3400000   -0.5614029
  27.3600000   -0.4901698
  27.3800000   -0.4231897
  27.4000000   -0.3611229
  27.4200000   -0.3044162
  27.4400000   -0.2533162
  27.4600000   -0.2078878
  27.4800000   -0.1680370
  27.5000000   -0.1335380
  27.5200000   -0.1040644
  27.5400000   -0.0792203
  27.5600000   -0.0585708
  27.5800000   -0.0416688
  27.6000000   -0.0280758
  27.6200000   -0.0173770
  27.6400000   -0.0091900
  27.6600000   -0.0031692
  27.6800000    0.0009934
  27.7000000    0.0035690
  27.7200000    0.0047921
  27.7400000    0.0048591
  27.7600000    0.0039247
  27.7800000    0.0020955
  27.8000000   -0.0005802
  27.8200000   -0.0041243
  27.8400000   -0.0086444
  27.8600000   -0.0143521
  27.8800000   -0.0215821
  27.9000000   -0.0308137
  27.9200000   -0.0426898
  27.9400000   -0.0580334
  27.9600000   -0.0778553
  27.9800000   -0.1033469
  28.0000000   -0.1358542
  28.0200000   -0.1768223
  28.0400000   -0.2277080
  28.0600000   -0.2898556
  28.0800000   -0.3643379
  28.1000000   -0.4517716
  28.1200000   -0.5521218
  28.1400000   -0.6645194
  28.1600000   -0.7871179
  28.1800000   -0.9170217
  28.2000000   -1.0503114
  28.2200000   -1.1821845
  28.2400000   -1.3072152
  28.2600000   -1.4197223
  28.2800000   -1.5142113
  28.3000000   -1.5858443
  28.3200000   -1.6308848
  28.3400000   -1.6470552
  28.3600000   -1.6337613
  28.3800000   -1.5921515
  28.4000000   -1.5250008
  28.4200000   -1.4364342
  28.4400000   -1.3315306
  28.4600000   -1.2158548
  28.4800000   -1.0949811
  28.5000000   -0.9740643
  28.5200000   -0.8574995
  28.5400000   -0.7487019
  28.5600000   -0.6500114
  28.5800000   -0.5627133
  28.6000000   -0.4871512
  28.6200000   -0.4229011
  28.6400000   -0.3689751
  28.6600000   -0.3240260
  28.6800000   -0.2865311
  28.7000000   -0.2549428
  28.7200000   -0.2278018
  28.7400000   -0.2038119
  28.7600000   -0.1818838
  28.7800000   -0.1611532
  28.8000000   -0.1409806
  28.8200000   -0.1209381
  28.8400000   -0.1007885
  28.8600000   -0.0804589
  28.8800000   -0.0600118
  28.9000000   -0.0396155
  28.9200000   -0.0195148
  28.9400000   -0.0000037
  28.9600000    0.0185993
  28.9800000    0.0359718
  29.0000000    0.0518049
  29.0200000    0.0658164
  29.0400000    0.0777617
  29.0600000    0.0874410
  29.0800000    0.0947063
  29.1000000    0.0994666
  29.1200000    0.1016924
  29.1400000    0.1014199
  29.1600000    0.0987538
  29.1800000    0.0938667
  29.2000000    0.0869958
  29.2200000    0.0784341
  29.2400000    0.0685149
  29.2600000    0.0575904
  29.2800000    0.0460040
  29.3000000    0.0340577
  29.3200000    0.0219781
  29.3400000    0.0098841
  29.3600000   -0.0022404
  29.3800000   -0.0145635
  29.4000000   -0.0274105
  29.4200000   -0.0412556
  29.4400000   -0.0566994
  29.4600000   -0.0744342
  29.4800000   -0.0952014
  29.5000000   -0.1197434
  29.5200000   -0.1487564
  29.5400000   -0.1828446
  29.5600000   -0.2224802
  29.5800000   -0.2679680
  29.6000000   -0.3194132
  29.6200000   -0.3766903
  29.6400000   -0.4394117
  29.6600000   -0.5068941
  29.6800000   -0.5781254
  29.7000000   -0.6517392
  29.7200000   -0.7260025
  29.7400000   -0.7988301
  29.7600000   -0.8678347
  29.7800000   -0.9304189
  29.8000000   -0.9839134
  29.8200000   -1.0257535
  29.8400000   -1.0536797
  29.8600000   -1.0659426
  29.8800000   -1.0614851
  29.9000000   -1.0400762
  29.9200000   -1.0023753
  29.9400000   -0.9499138
  29.9600000   -0.8849920
  29.9800000   -0.8105016
  30.0000000   -0.7296958
