 -10.0000000   -0.2857112
  -9.9800000   -0.3020985
  -9.9600000   -0.3112972
  -9.9400000   -0.3144089
  -9.9200000   -0.3127616
  -9.9000000   -0.3078396
  -9.8800000   -0.3011929
  -9.8600000   -0.2943298
  -9.8400000   -0.2886053
  -9.8200000   -0.2851148
  -9.8000000   -0.2846066
  -9.7800000   -0.2874231
  -9.7600000   -0.2934809
  -9.7400000   -0.3022910
  -9.7200000   -0.3130202
  -9.7000000   -0.3245856
  -9.6800000   -0.3357717
  -9.6600000   -0.3453579
  -9.6400000   -0.3522384
  -9.6200000   -0.3555244
  -9.6000000   -0.3546147
  -9.5800000   -0.3492298
  -9.5600000   -0.3394059
  -9.5400000   -0.3254536
  -9.5200000   -0.3078841
  -9.5000000   -0.2873140
  -9.4800000   -0.2643562
  -9.4600000   -0.2395049
  -9.4400000   -0.2130213
  -9.4200000   -0.1848250
  -9.4000000   -0.1543952
  -9.3800000   -0.1206848
  -9.3600000   -0.0820548
  -9.3400000   -0.0362376
  -9.3200000    0.0196591
  -9.3000000    0.0890891
  -9.2800000    0.1759305
  -9.2600000    0.2842573
  -9.2400000    0.4180135
  -9.2200000    0.5805926
  -9.2000000    0.7743445
  -9.1800000    1.0000487
  -9.1600000    1.2564135
  -9.1400000    1.5396727
  -9.1200000    1.8433581
  -9.1000000    2.1583150
  -9.0800000    2.4730104
  -9.0600000    2.7741474
  -9.0400000    3.0475549
  -9.0200000    3.2792809
  -9.0000000    3.4567730
  -8.9800000    3.5700155
  -8.9600000    3.6124720
  -8.9400000    3.5817209
  -8.9200000    3.4796900
  -8.9000000    3.3124660
  -8.8800000    3.0896985
  -8.8600000    2.8236905
  -8.8400000    2.5282825
  -8.8200000    2.2176832
  -8.8000000    1.9053743
  -8.7800000    1.6032073
  -8.7600000    1.3207671
  -8.7400000    1.0650332
  -8.7200000    0.8403279
  -8.7000000    0.6485075
  -8.6800000    0.4893274
  -8.6600000    0.3609080
  -8.6400000    0.2602315
  -8.6200000    0.1836104
  -8.6000000    0.1270896
  -8.5800000    0.0867607
  -8.5600000    0.0589832
  -8.5400000    0.0405200
  -8.5200000    0.0285983
  -8.5000000    0.0209153
  -8.4800000    0.0156009
  -8.4600000    0.0111516
  -8.4400000    0.0063467
  -8.4200000    0.0001539
  -8.4000000   -0.0083671
  -8.3800000   -0.0201558
  -8.3600000   -0.0362271
  -8.3400000   -0.0577236
  -8.3200000   -0.0859323
  -8.3000000   -0.1222565
  -8.2800000   -0.1681364
  -8.2600000   -0.2249175
  -8.2400000   -0.2936715
  -8.2200000   -0.3749868
  -8.2000000   -0.4687490
  -8.1800000   -0.5739440
  -8.1600000   -0.6885153
  -8.1400000   -0.8093097
  -8.1200000   -0.9321358
  -8.1000000   -1.0519479
  -8.0800000   -1.1631548
  -8.0600000   -1.2600274
  -8.0400000   -1.3371711
  -8.0200000   -1.3900072
  -8.0000000   -1.4152073
  -7.9800000   -1.4110274
  -7.9600000   -1.3774947
  -7.9400000   -1.3164266
  -7.9200000   -1.2312790
  -7.9000000   -1.1268457
  -7.8800000   -1.0088526
  -7.8600000   -0.8835002
  -7.8400000   -0.7570170
  -7.8200000   -0.6352750
  -7.8000000   -0.5235137
  -7.7800000   -0.4261955
  -7.7600000   -0.3469957
  -7.7400000   -0.2889135
  -7.7200000   -0.2544680
  -7.7000000   -0.2459362
  -7.6800000   -0.2655785
  -7.6600000   -0.3158017
  -7.6400000   -0.3992098
  -7.6200000   -0.5185120
  -7.6000000   -0.6762670
  -7.5800000   -0.8744730
  -7.5600000   -1.1140329
  -7.5400000   -1.3941521
  -7.5200000   -1.7117514
  -7.5000000   -2.0609883
  -7.4800000   -2.4329888
  -7.4600000   -2.8158749
  -7.4400000   -3.1951476
  -7.4200000   -3.5544390
  -7.4000000   -3.8765988
  -7.3800000   -4.1450163
  -7.3600000   -4.3450431
  -7.3400000   -4.4653454
  -7.3200000   -4.4990112
  -7.3000000   -4.4442649
  -7.2800000   -4.3046838
  -7.2600000   -4.0888847
  -7.2400000   -3.8097144
  -7.2200000   -3.4830485
  -7.2000000   -3.1263537
  -7.1800000   -2.7571884
  -7.1600000   -2.3918209
  -7.1400000   -2.0441073
  -7.1200000   -1.7247301
  -7.1000000   -1.4408396
  -7.0800000   -1.1960820
  -7.0600000   -0.9909562
  -7.0400000   -0.8234047
  -7.0200000   -0.6895339
  -7.0000000   -0.5843600
  -6.9800000   -0.5024935
  -6.9600000   -0.4387009
  -6.9400000   -0.3883073
  -6.9200000   -0.3474354
  -6.9000000   -0.3130936
  -6.8800000   -0.2831435
  -6.8600000   -0.2561861
  -6.8400000   -0.2314032
  -6.8200000   -0.2083909
  -6.8000000   -0.1870102
  -6.7800000   -0.1672718
  -6.7600000   -0.1492635
  -6.7400000   -0.1331187
  -6.7200000   -0.1190195
  -6.7000000   -0.1072250
  -6.6800000   -0.0981108
  -6.6600000   -0.0922089
  -6.6400000   -0.0902355
  -6.6200000   -0.0930978
  -6.6000000   -0.1018699
  -6.5800000   -0.1177357
  -6.5600000   -0.1418940
  -6.5400000   -0.1754308
  -6.5200000   -0.2191650
  -6.5000000   -0.2734835
  -6.4800000   -0.3381813
  -6.4600000   -0.4123325
  -6.4400000   -0.4942153
  -6.4200000   -0.5813112
  -6.4000000   -0.6703962
  -6.3800000   -0.7577257
  -6.3600000   -0.8393060
  -6.3400000   -0.9112287
  -6.3200000   -0.9700307
  -6.3000000   -1.0130384
  -6.2800000   -1.0386458
  -6.2600000   -1.0464901
  -6.2400000   -1.0374904
  -6.2200000   -1.0137445
  -6.2000000   -0.9782893
  -6.1800000   -0.9347581
  -6.1600000   -0.8869786
  -6.1400000   -0.8385667
  -6.1200000   -0.7925712
  -6.1000000   -0.7512153
  -6.0800000   -0.7157644
  -6.0600000   -0.6865326
  -6.0400000   -0.6630163
  -6.0200000   -0.6441278
  -6.0000000   -0.6284871
  -5.9800000   -0.6147259
  -5.9600000   -0.6017593
  -5.9400000   -0.5889877
  -5.9200000   -0.5764064
  -5.9000000   -0.5646154
  -5.8800000   -0.5547344
  -5.8600000   -0.5482427
  -5.8400000   -0.5467711
  -5.8200000   -0.5518762
  -5.8000000   -0.5648264
  -5.7800000   -0.5864242
  -5.7600000   -0.6168823
  -5.7400000   -0.6557626
  -5.7200000   -0.7019782
  -5.7000000   -0.7538529
  -5.6800000   -0.8092260
  -5.6600000   -0.8655900
  -5.6400000   -0.9202463
  -5.6200000   -0.9704664
  -5.6000000   -1.0136499
  -5.5800000   -1.0474699
  -5.5600000   -1.0700040
  -5.5400000   -1.0798444
  -5.5200000   -1.0761858
  -5.5000000   -1.0588877
  -5.4800000   -1.0285063
  -5.4600000   -0.9862936
  -5.4400000   -0.9341610
  -5.4200000   -0.8746093
  -5.4000000   -0.8106279
  -5.3800000   -0.7455738
  -5.3600000   -0.6830372
  -5.3400000   -0.6267061
  -5.3200000   -0.5802372
  -5.3000000   -0.5471348
  -5.2800000   -0.5306350
  -5.2600000   -0.5335875
  -5.2400000   -0.5583224
  -5.2200000   -0.6064939
  -5.2000000   -0.6788949
  -5.1800000   -0.7752500
  -5.1600000   -0.8940030
  -5.1400000   -1.0321268
  -5.1200000   -1.1849906
  -5.1000000   -1.3463179
  -5.0800000   -1.5082617
  -5.0600000   -1.6616100
  -5.0400000   -1.7961118
  -5.0200000   -1.9008978
  -5.0000000   -1.9649567
  -4.9800000   -1.9776166
  -4.9600000   -1.9289952
  -4.9400000   -1.8103921
  -4.9200000   -1.6146238
  -4.9000000   -1.3363225
  -4.8800000   -0.9722401
  -4.8600000   -0.5215967
  -4.8400000    0.0134995
  -4.8200000    0.6275666
  -4.8000000    1.3112489
  -4.7800000    2.0508957
  -4.7600000    2.8283463
  -4.7400000    3.6210620
  -4.7200000    4.4027146
  -4.7000000    5.1442991
  -4.6800000    5.8157493
  -4.6600000    6.3879442
  -4.6400000    6.8349114
  -4.6200000    7.1359605
  -4.6000000    7.2774778
  -4.5800000    7.2541243
  -4.5600000    7.0692606
  -4.5400000    6.7345267
  -4.5200000    6.2686384
  -4.5000000    5.6955564
  -4.4800000    5.0422894
  -4.4600000    4.3366174
  -4.4400000    3.6050278
  -4.4200000    2.8710895
  -4.4000000    2.1544134
  -4.3800000    1.4702405
  -4.3600000    0.8295975
  -4.3400000    0.2398910
  -4.3200000   -0.2942483
  -4.3000000   -0.7700605
  -4.2800000   -1.1858643
  -4.2600000   -1.5404981
  -4.2400000   -1.8330549
  -4.2200000   -2.0629058
  -4.2000000   -2.2299503
  -4.1800000   -2.3349942
  -4.1600000   -2.3801426
  -4.1400000   -2.3690975
  -4.1200000   -2.3072836
  -4.1000000   -2.2017566
  -4.0800000   -2.0608974
  -4.0600000   -1.8939303
  -4.0400000   -1.7103356
  -4.0200000   -1.5192361
  -4.0000000   -1.3288416
  -3.9800000   -1.1460145
  -3.9600000   -0.9760015
  -3.9400000   -0.8223444
  -3.9200000   -0.6869580
  -3.9000000   -0.5703440
  -3.8800000   -0.4718934
  -3.8600000   -0.3902286
  -3.8400000   -0.3235386
  -3.8200000   -0.2698703
  -3.8000000   -0.2273515
  -3.7800000   -0.1943344
  -3.7600000   -0.1694612
  -3.7400000   -0.1516623
  -3.7200000   -0.1401058
  -3.7000000   -0.1341177
  -3.6800000   -0.1330935
  -3.6600000   -0.1364203
  -3.6400000   -0.1434202
  -3.6200000   -0.1533238
  -3.6000000   -0.1652753
  -3.5800000   -0.1783639
  -3.5600000   -0.1916742
  -3.5400000   -0.2043471
  -3.5200000   -0.2156374
  -3.5000000   -0.2249631
  -3.4800000   -0.2319366
  -3.4600000   -0.2363778
  -3.4400000   -0.2383080
  -3.4200000   -0.2379279
  -3.4000000   -0.2355859
  -3.3800000   -0.2317425
  -3.3600000   -0.2269354
  -3.3400000   -0.2217533
  -3.3200000   -0.2168200
  -3.3000000   -0.2127941
  -3.2800000   -0.2103844
  -3.2600000   -0.2103827
  -3.2400000   -0.2137119
  -3.2200000   -0.2214840
  -3.2000000   -0.2350623
  -3.1800000   -0.2561133
  -3.1600000   -0.2866328
  -3.1400000   -0.3289283
  -3.1200000   -0.3855360
  -3.1000000   -0.4590590
  -3.0800000   -0.5519170
  -3.0600000   -0.6660164
  -3.0400000   -0.8023601
  -3.0200000   -0.9606416
  -3.0000000   -1.1388755
  -2.9800000   -1.3331334
  -2.9600000   -1.5374471
  -2.9400000   -1.7439304
  -2.9200000   -1.9431469
  -2.9000000   -2.1247153
  -2.8800000   -2.2781053
  -2.8600000   -2.3935451
  -2.8400000   -2.4629314
  -2.8200000   -2.4806276
  -2.8000000   -2.4440425
  -2.7800000   -2.3539108
  -2.7600000   -2.2142330
  -2.7400000   -2.0318872
  -2.7200000   -1.8159653
  -2.7000000   -1.5769214
  -2.6800000   -1.3256488
  -2.6600000   -1.0725936
  -2.6400000   -0.8270044
  -2.6200000   -0.5963885
  -2.6000000   -0.3862069
  -2.5800000   -0.1998062
  -2.5600000   -0.0385549
  -2.5400000    0.0978685
  -2.5200000    0.2110999
  -2.5000000    0.3036844
  -2.4800000    0.3786944
  -2.4600000    0.4394031
  -2.4400000    0.4890308
  -2.4200000    0.5305676
  -2.4000000    0.5666621
  -2.3800000    0.5995611
  -2.3600000    0.6310843
  -2.3400000    0.6626200
  -2.3200000    0.6951332
  -2.3000000    0.7291815
  -2.2800000    0.7649392
  -2.2600000    0.8022313
  -2.2400000    0.8405811
  -2.2200000    0.8792683
  -2.2000000    0.9174001
  -2.1800000    0.9539844
  -2.1600000    0.9880032
  -2.1400000    1.0184752
  -2.1200000    1.0445039
  -2.1000000    1.0653075
  -2.0800000    1.0802311
  -2.0600000    1.0887453
  -2.0400000    1.0904382
  -2.0200000    1.0850059
  -2.0000000    1.0722510
  -1.9800000    1.0520896
  -1.9600000    1.0245699
  -1.9400000    0.9898968
  -1.9200000    0.9484581
  -1.9000000    0.9008446
  -1.8800000    0.8478555
  -1.8600000    0.7904840
  -1.8400000    0.7298801
  -1.8200000    0.6672898
  -1.8000000    0.6039734
  -1.7800000    0.5411086
  -1.7600000    0.4796819
  -1.7400000    0.4203755
  -1.7200000    0.3634513
  -1.7000000    0.3086385
  -1.6800000    0.2550238
  -1.6600000    0.2009507
  -1.6400000    0.1439335
  -1.6200000    0.0805961
  -1.6000000    0.0066530
  -1.5800000   -0.0830469
  -1.5600000   -0.1943877
  -1.5400000   -0.3337395
  -1.5200000   -0.5075780
  -1.5000000   -0.7219596
  -1.4800000   -0.9818670
  -1.4600000   -1.2904564
  -1.4400000   -1.6482756
  -1.4200000   -2.0525371
  -1.4000000   -2.4965583
  -1.3800000   -2.9694792
  -1.3600000   -3.4563528
  -1.3400000   -3.9386785
  -1.3200000   -4.3953804
  -1.3000000   -4.8041854
  -1.2800000   -5.1432806
  -1.2600000   -5.3930747
  -1.2400000   -5.5378614
  -1.2200000   -5.5671825
  -1.2000000   -5.4767064
  -1.1800000   -5.2685197
  -1.1600000   -4.9507944
  -1.1400000   -4.5368956
  -1.1200000   -4.0440541
  -1.1000000   -3.4918073
  -1.0800000   -2.9004064
  -1.0600000   -2.2893963
  -1.0400000   -1.6765153
  -1.0200000   -1.0770024
  -1.0000000   -0.5033239
  -0.9800000    0.0347347
  -0.9600000    0.5297191
  -0.9400000    0.9760285
  -0.9200000    1.3694408
  -0.9000000    1.7067474
  -0.8800000    1.9855603
  -0.8600000    2.2043099
  -0.8400000    2.3624018
  -0.8200000    2.4604691
  -0.8000000    2.5006314
  -0.7800000    2.4866803
  -0.7600000    2.4241171
  -0.7400000    2.3200076
  -0.7200000    2.1826478
  -0.7000000    2.0210760
  -0.6800000    1.8444887
  -0.6600000    1.6616400
  -0.6400000    1.4803008
  -0.6200000    1.3068452
  -0.6000000    1.1460098
  -0.5800000    1.0008381
  -0.5600000    0.8728031
  -0.5400000    0.7620694
  -0.5200000    0.6678473
  -0.5000000    0.5887824
  -0.4800000    0.5233302
  -0.4600000    0.4700746
  -0.4400000    0.4279629
  -0.4200000    0.3964468
  -0.4000000    0.3755280
  -0.3800000    0.3657188
  -0.3600000    0.3679320
  -0.3400000    0.3833160
  -0.3200000    0.4130518
  -0.3000000    0.4581273
  -0.2800000    0.5191058
  -0.2600000    0.5959067
  -0.2400000    0.6876167
  -0.2200000    0.7923552
  -0.2000000    0.9072130
  -0.1800000    1.0282852
  -0.1600000    1.1508069
  -0.1400000    1.2693950
  -0.1200000    1.3783802
  -0.1000000    1.4722060
  -0.0800000    1.5458520
  -0.0600000    1.5952383
  -0.0400000    1.6175614
  -0.0200000    1.6115211
   0.0000000    1.5774118
   0.0200000    1.5170634
   0.0400000    1.4336471
   0.0600000    1.3313670
   0.0800000    1.2150828
   0.1000000    1.0899083
   0.1200000    0.9608333
   0.1400000    0.8324078
   0.1600000    0.7085140
   0.1800000    0.5922385
   0.2000000    0.4858402
   0.2200000    0.3908002
   0.2400000    0.3079298
   0.2600000    0.2375128
   0.2800000    0.1794560
   0.3000000    0.1334309
   0.3200000    0.0989902
   0.3400000    0.0756546
   0.3600000    0.0629651
   0.3800000    0.0605037
   0.4000000    0.0678858
   0.4200000    0.0847295
   0.4400000    0.1106072
   0.4600000    0.1449858
   0.4800000    0.1871636
   0.5000000    0.2362106
   0.5200000    0.2909234
   0.5400000    0.3498017
   0.5600000    0.4110562
   0.5800000    0.4726512
   0.6000000    0.5323839
   0.6200000    0.5879952
   0.6400000    0.6373027
   0.6600000    0.6783415
   0.6800000    0.7094962
   0.7000000    0.7296094
   0.7200000    0.7380529
   0.7400000    0.7347539
   0.7600000    0.7201754
   0.7800000    0.6952552
   0.8000000    0.6613148
   0.8200000    0.6199494
   0.8400000    0.5729146
   0.8600000    0.5220211
   0.8800000    0.4690460
   0.9000000    0.4156651
   0.9200000    0.3634074
   0.9400000    0.3136283
   0.9600000    0.2674973
   0.9800000    0.2259950
   1.0000000    0.1899138
   1.0200000    0.1598597
   1.0400000    0.1362513
   1.0600000    0.1193176
   1.0800000    0.1090940
   1.1000000    0.1054188
   1.1200000    0.1079338
   1.1400000    0.1160918
   1.1600000    0.1291739
   1.1800000    0.1463183
   1.2000000    0.1665624
   1.2200000    0.1888940
   1.2400000    0.2123103
   1.2600000    0.2358769
   1.2800000    0.2587790
   1.3000000    0.2803582
   1.3200000    0.3001275
   1.3400000    0.3177603
   1.3600000    0.3330538
   1.3800000    0.3458706
   1.4000000    0.3560665
   1.4200000    0.3634152
   1.4400000    0.3675430
   1.4600000    0.3678851
   1.4800000    0.3636726
   1.5000000    0.3539562
   1.5200000    0.3376697
   1.5400000    0.3137272
   1.5600000    0.2811497
   1.5800000    0.2392089
   1.6000000    0.1875756
   1.6200000    0.1264578
   1.6400000    0.0567154
   1.6600000   -0.0200659
   1.6800000   -0.1015510
   1.7000000   -0.1846929
   1.7200000   -0.2658350
   1.7400000   -0.3408764
   1.7600000   -0.4054895
   1.7800000   -0.4553735
   1.8000000   -0.4865180
   1.8200000   -0.4954474
   1.8400000   -0.4794154
   1.8600000   -0.4365223
   1.8800000   -0.3657363
   1.9000000   -0.2668120
   1.9200000   -0.1401168
   1.9400000    0.0136090
   1.9600000    0.1935159
   1.9800000    0.3988810
   2.0000000    0.6292612
   2.0200000    0.8845136
   2.0400000    1.1646518
   2.0600000    1.4695304
   2.0800000    1.7983808
   2.1000000    2.1492566
   2.1200000    2.5184727
   2.1400000    2.9001431
   2.1600000    3.2859209
   2.1800000    3.6650327
   2.2000000    4.0246612
   2.2200000    4.3506760
   2.2400000    4.6286673
   2.2600000    4.8451701
   2.2800000    4.9889337
   2.3000000    5.0520705
   2.3200000    5.0309252
   2.3400000    4.9265442
   2.3600000    4.7446712
   2.3800000    4.4952755
   2.4000000    4.1916724
   2.4200000    3.8493563
   2.4400000    3.4846993
   2.4600000    3.1136693
   2.4800000    2.7507146
   2.5000000    2.4079131
   2.5200000    2.0944468
   2.5400000    1.8164093
   2.5600000    1.5769105
   2.5800000    1.3764138
   2.6000000    1.2132288
   2.6200000    1.0840755
   2.6400000    0.9846524
   2.6600000    0.9101534
   2.6800000    0.8557010
   2.7000000    0.8166789
   2.7200000    0.7889654
   2.7400000    0.7690737
   2.7600000    0.7542147
   2.7800000    0.7422975
   2.8000000    0.7318813
   2.8200000    0.7220916
   2.8400000    0.7125118
   2.8600000    0.7030599
   2.8800000    0.6938591
   2.9000000    0.6851118
   2.9200000    0.6769878
   2.9400000    0.6695344
   2.9600000    0.6626176
   2.9800000    0.6559006
   3.0000000    0.6488606
   3.0200000    0.6408435
   3.0400000    0.6311491
   3.0600000    0.6191369
   3.0800000    0.6043384
   3.1000000    0.5865598
   3.1200000    0.5659615
   3.1400000    0.5431001
   3.1600000    0.5189259
   3.1800000    0.4947315
   3.2000000    0.4720570
   3.2200000    0.4525603
   3.2400000    0.4378680
   3.2600000    0.4294246
   3.2800000    0.4283578
   3.3000000    0.4353775
   3.3200000    0.4507178
   3.3400000    0.4741312
   3.3600000    0.5049291
   3.3800000    0.5420663
   3.4000000    0.5842521
   3.4200000    0.6300763
   3.4400000    0.6781316
   3.4600000    0.7271192
   3.4800000    0.7759269
   3.5000000    0.8236717
   3.5200000    0.8697092
   3.5400000    0.9136100
   3.5600000    0.9551126
   3.5800000    0.9940613
   3.6000000    1.0303407
   3.6200000    1.0638145
   3.6400000    1.0942771
   3.6600000    1.1214225
   3.6800000    1.1448317
   3.7000000    1.1639779
   3.7200000    1.1782474
   3.7400000    1.1869730
   3.7600000    1.1894781
   3.7800000    1.1851285
   3.8000000    1.1733918
   3.8200000    1.1539043
   3.8400000    1.1265404
   3.8600000    1.0914839
   3.8800000    1.0492905
   3.9000000    1.0009326
   3.9200000    0.9478150
   3.9400000    0.8917479
   3.9600000    0.8348709
   3.9800000    0.7795252
   4.0000000    0.7280797
   4.0200000    0.6827284
   4.0400000    0.6452789
   4.0600000    0.6169629
   4.0800000    0.5982963
   4.1000000    0.5890110
   4.1200000    0.5880750
   4.1400000    0.5938027
   4.1600000    0.6040431
   4.1800000    0.6164255
   4.2000000    0.6286279
   4.2200000    0.6386378
   4.2400000    0.6449682
   4.2600000    0.6468046
   4.2800000    0.6440661
   4.3000000    0.6373762
   4.3200000    0.6279491
   4.3400000    0.6174103
   4.3600000    0.6075722
   4.3800000    0.6001924
   4.4000000    0.5967405
   4.4200000    0.5981956
   4.4400000    0.6048930
   4.4600000    0.6164313
   4.4800000    0.6316479
   4.5000000    0.6486613
   4.5200000    0.6649803
   4.5400000    0.6776720
   4.5600000    0.6835788
   4.5800000    0.6795756
   4.6000000    0.6628479
   4.6200000    0.6311759
   4.6400000    0.5831999
   4.6600000    0.5186441
   4.6800000    0.4384707
   4.7000000    0.3449440
   4.7200000    0.2415833
   4.7400000    0.1329991
   4.7600000    0.0246178
   4.7800000   -0.0776866
   4.8000000   -0.1680182
   4.8200000   -0.2408975
   4.8400000   -0.2916656
   4.8600000   -0.3168033
   4.8800000   -0.3141325
   4.9000000   -0.2828764
   4.9200000   -0.2235817
   4.9400000   -0.1379214
   4.9600000   -0.0284190
   4.9800000    0.1018590
   5.0000000    0.2495882
   5.0200000    0.4114060
   5.0400000    0.5840355
   5.0600000    0.7643048
   5.0800000    0.9490722
   5.1000000    1.1350924
   5.1200000    1.3188646
   5.1400000    1.4965160
   5.1600000    1.6637628
   5.1800000    1.8159787
   5.2000000    1.9483827
   5.2200000    2.0563285
   5.2400000    2.1356632
   5.2600000    2.1830989
   5.2800000    2.1965420
   5.3000000    2.1753219
   5.3200000    2.1202784
   5.3400000    2.0336863
   5.3600000    1.9190221
   5.3800000    1.7806012
   5.4000000    1.6231334
   5.4200000    1.4512564
   5.4400000    1.2691103
   5.4600000    1.0800068
   5.4800000    0.8862367
   5.5000000    0.6890392
   5.5200000    0.4887346
   5.5400000    0.2850034
   5.5600000    0.0772789
   5.5800000   -0.1347987
   5.6000000   -0.3509228
   5.6200000   -0.5697182
   5.6400000   -0.7884541
   5.6600000   -1.0029217
   5.6800000   -1.2075075
   5.7000000   -1.3954709
   5.7200000   -1.5594071
   5.7400000   -1.6918524
   5.7600000   -1.7859616
   5.7800000   -1.8361787
   5.8000000   -1.8388149
   5.8200000   -1.7924592
   5.8400000   -1.6981721
   5.8600000   -1.5594379
   5.8800000   -1.3818891
   5.9000000   -1.1728419
   5.9200000   -0.9407059
   5.9400000   -0.6943421
   5.9600000   -0.4424371
   5.9800000   -0.1929504
   6.0000000    0.0473284
   6.0200000    0.2730996
   6.0400000    0.4807540
   6.0600000    0.6684719
   6.0800000    0.8362400
   6.1000000    0.9858003
   6.1200000    1.1205377
   6.1400000    1.2452977
   6.1600000    1.3661186
   6.1800000    1.4898588
   6.2000000    1.6237061
   6.2200000    1.7745716
   6.2400000    1.9483903
   6.2600000    2.1493820
   6.2800000    2.3793451
   6.3000000    2.6370758
   6.3200000    2.9180111
   6.3400000    3.2141788
   6.3600000    3.5145099
   6.3800000    3.8055290
   6.4000000    4.0723793
   6.4200000    4.3000886
   6.4400000    4.4749410
   6.4600000    4.5857895
   6.4800000    4.6251452
   6.5000000    4.5898989
   6.5200000    4.4815890
   6.5400000    4.3061815
   6.5600000    4.0734012
   6.5800000    3.7957145
   6.6000000    3.4871049
   6.6200000    3.1618028
   6.6400000    2.8331211
   6.6600000    2.5125239
   6.6800000    2.2090033
   6.7000000    1.9287937
   6.7200000    1.6754040
   6.7400000    1.4499080
   6.7600000    1.2514165
   6.7800000    1.0776440
   6.8000000    0.9254913
   6.8200000    0.7915809
   6.8400000    0.6727043
   6.8600000    0.5661543
   6.8800000    0.4699393
   6.9000000    0.3828823
   6.9200000    0.3046185
   6.9400000    0.2355088
   6.9600000    0.1764886
   6.9800000    0.1288750
   7.0000000    0.0941536
   7.0200000    0.0737720
   7.0400000    0.0689601
   7.0600000    0.0805998
   7.0800000    0.1091572
   7.1000000    0.1546816
   7.1200000    0.2168672
   7.1400000    0.2951585
   7.1600000    0.3888749
   7.1800000    0.4973234
   7.2000000    0.6198672
   7.2200000    0.7559281
   7.2400000    0.9049087
   7.2600000    1.0660383
   7.2800000    1.2381635
   7.3000000    1.4195177
   7.3200000    1.6075151
   7.3400000    1.7986178
   7.3600000    1.9883188
   7.3800000    2.1712678
   7.4000000    2.3415494
   7.4200000    2.4930987
   7.4400000    2.6202133
   7.4600000    2.7181071
   7.4800000    2.7834384
   7.5000000    2.8147451
   7.5200000    2.8127301
   7.5400000    2.7803616
   7.5600000    2.7227739
   7.5800000    2.6469810
   7.6000000    2.5614369
   7.6200000    2.4754857
   7.6400000    2.3987580
   7.6600000    2.3405570
   7.6800000    2.3092753
   7.7000000    2.3118683
   7.7200000    2.3534012
   7.7400000    2.4366779
   7.7600000    2.5619666
   7.7800000    2.7268331
   7.8000000    2.9261061
   7.8200000    3.1520018
   7.8400000    3.3944323
   7.8600000    3.6415144
   7.8800000    3.8802742
   7.9000000    4.0975156
   7.9200000    4.2807896
   7.9400000    4.4193756
   7.9600000    4.5051693
   7.9800000    4.5333674
   8.0000000    4.5028578
   8.0200000    4.4162602
   8.0400000    4.2795997
   8.0600000    4.1016521
   8.0800000    3.8930441
   8.1000000    3.6652178
   8.1200000    3.4293931
   8.1400000    3.1956483
   8.1600000    2.9722201
   8.1800000    2.7650819
   8.2000000    2.5778218
   8.2200000    2.4117952
   8.2400000    2.2664928
   8.2600000    2.1400497
   8.2800000    2.0298043
   8.3000000    1.9328326
   8.3200000    1.8463909
   8.3400000    1.7682304
   8.3600000    1.6967660
   8.3800000    1.6311050
   8.4000000    1.5709610
   8.4200000    1.5164862
   8.4400000    1.4680621
   8.4600000    1.4260852
   8.4800000    1.3907820
   8.5000000    1.3620752
   8.5200000    1.3395151
   8.5400000    1.3222787
   8.5600000    1.3092299
   8.5800000    1.2990265
   8.6000000    1.2902544
   8.6200000    1.2815682
   8.6400000    1.2718178
   8.6600000    1.2601447
   8.6800000    1.2460385
   8.7000000    1.2293501
   8.7200000    1.2102639
   8.7400000    1.1892397
   8.7600000    1.1669337
   8.7800000    1.1441143
   8.8000000    1.1215818
   8.8200000    1.1001001
   8.8400000    1.0803470
   8.8600000    1.0628805
   8.8800000    1.0481204
   8.9000000    1.0363404
   8.9200000    1.0276678
   8.9400000    1.0220872
   8.9600000    1.0194472
   8.9800000    1.0194707
   9.0000000    1.0217712
   9.0200000    1.0258739
   9.0400000    1.0312443
   9.0600000    1.0373215
   9.0800000    1.0435535
   9.1000000    1.0494322
   9.1200000    1.0545229
   9.1400000    1.0584861
   9.1600000    1.0610931
   9.1800000    1.0622316
   9.2000000    1.0619088
   9.2200000    1.0602497
   9.2400000    1.0574970
   9.2600000    1.0540082
   9.2800000    1.0502524
   9.3000000    1.0468005
   9.3200000    1.0443047
   9.3400000    1.0434651
   9.3600000    1.0449786
   9.3800000    1.0494737
   9.4000000    1.0574341
   9.4200000    1.0691203
   9.4400000    1.0844993
   9.4600000    1.1031922
   9.4800000    1.1244519
   9.5000000    1.1471750
   9.5200000    1.1699520
   9.5400000    1.1911529
   9.5600000    1.2090410
   9.5800000    1.2219037
   9.6000000    1.2281878
   9.6200000    1.2266252
   9.6400000    1.2163372
   9.6600000    1.1969076
   9.6800000    1.1684197
   9.7000000    1.1314551
   9.7200000    1.0870579
   9.7400000    1.0366711
   9.7600000    0.9820530
   9.7800000    0.9251839
   9.8000000    0.8681727
   9.8200000    0.8131697
   9.8400000    0.7622896
   9.8600000    0.7175479
   9.8800000    0.6808069
   9.9000000    0.6537287
   9.9200000    0.6377306
   9.9400000    0.6339392
   9.9600000    0.6431407
   9.9800000    0.6657300
  10.0000000    0.7016607
  10.0200000    0.7504040
  10.0400000    0.8109243
  10.0600000    0.8816782
  10.0800000    0.9606432
  10.1000000    1.0453786
  10.1200000    1.1331161
  10.1400000    1.2208757
  10.1600000    1.3055981
  10.1800000    1.3842832
  10.2000000    1.4541263
  10.2200000    1.5126419
  10.2400000    1.5577700
  10.2600000    1.5879604
  10.2800000    1.6022317
  10.3000000    1.6002059
  10.3200000    1.5821158
  10.3400000    1.5487859
  10.3600000    1.5015851
  10.3800000    1.4423540
  10.4000000    1.3733054
  10.4200000    1.2969059
  10.4400000    1.2157436
  10.4600000    1.1323908
  10.4800000    1.0492730
  10.5000000    0.9685546
  10.5200000    0.8920486
  10.5400000    0.8211575
  10.5600000    0.7568475
  10.5800000    0.6996535
  10.6000000    0.6497123
  10.6200000    0.6068157
  10.6400000    0.5704769
  10.6600000    0.5400026
  10.6800000    0.5145647
  10.7000000    0.4932671
  10.7200000    0.4752040
  10.7400000    0.4595095
  10.7600000    0.4453966
  10.7800000    0.4321866
  10.8000000    0.4193286
  10.8200000    0.4064102
  10.8400000    0.3931585
  10.8600000    0.3794325
  10.8800000    0.3652080
  10.9000000    0.3505556
  10.9200000    0.3356133
  10.9400000    0.3205578
  10.9600000    0.3055758
  10.9800000    0.2908391
  11.0000000    0.2764858
  11.0200000    0.2626097
  11.0400000    0.2492580
  11.0600000    0.2364379
  11.0800000    0.2241293
  11.1000000    0.2123013
  11.1200000    0.2009303
  11.1400000    0.1900153
  11.1600000    0.1795894
  11.1800000    0.1697244
  11.2000000    0.1605303
  11.2200000    0.1521476
  11.2400000    0.1447370
  11.2600000    0.1384656
  11.2800000    0.1334939
  11.3000000    0.1299630
  11.3200000    0.1279851
  11.3400000    0.1276363
  11.3600000    0.1289513
  11.3800000    0.1319210
  11.4000000    0.1364912
  11.4200000    0.1425620
  11.4400000    0.1499889
  11.4600000    0.1585855
  11.4800000    0.1681272
  11.5000000    0.1783588
  11.5200000    0.1890028
  11.5400000    0.1997718
  11.5600000    0.2103810
  11.5800000    0.2205621
  11.6000000    0.2300754
  11.6200000    0.2387194
  11.6400000    0.2463370
  11.6600000    0.2528165
  11.6800000    0.2580881
  11.7000000    0.2621162
  11.7200000    0.2648890
  11.7400000    0.2664071
  11.7600000    0.2666725
  11.7800000    0.2656812
  11.8000000    0.2634201
  11.8200000    0.2598691
  11.8400000    0.2550098
  11.8600000    0.2488393
  11.8800000    0.2413871
  11.9000000    0.2327350
  11.9200000    0.2230341
  11.9400000    0.2125182
  11.9600000    0.2015083
  11.9800000    0.1904066
  12.0000000    0.1796775
  12.0200000    0.1698157
  12.0400000    0.1613024
  12.0600000    0.1545541
  12.0800000    0.1498697
  12.1000000    0.1473814
  12.1200000    0.1470187
  12.1400000    0.1484909
  12.1600000    0.1512929
  12.1800000    0.1547348
  12.2000000    0.1579957
  12.2200000    0.1601933
  12.2400000    0.1604629
  12.2600000    0.1580358
  12.2800000    0.1523071
  12.3000000    0.1428855
  12.3200000    0.1296196
  12.3400000    0.1125996
  12.3600000    0.0921356
  12.3800000    0.0687189
  12.4000000    0.0429711
  12.4200000    0.0155902
  12.4400000   -0.0127002
  12.4600000   -0.0411932
  12.4800000   -0.0692285
  12.5000000   -0.0962082
  12.5200000   -0.1215995
  12.5400000   -0.1449262
  12.5600000   -0.1657510
  12.5800000   -0.1836532
  12.6000000   -0.1982042
  12.6200000   -0.2089457
  12.6400000   -0.2153727
  12.6600000   -0.2169247
  12.6800000   -0.2129880
  12.7000000   -0.2029107
  12.7200000   -0.1860332
  12.7400000   -0.1617340
  12.7600000   -0.1294919
  12.7800000   -0.0889622
  12.8000000   -0.0400636
  12.8200000    0.0169311
  12.8400000    0.0813097
  12.8600000    0.1518539
  12.8800000    0.2268040
  12.9000000    0.3038698
  12.9200000    0.3802984
  12.9400000    0.4530035
  12.9600000    0.5187557
  12.9800000    0.5744181
  13.0000000    0.6172088
  13.0200000    0.6449574
  13.0400000    0.6563252
  13.0600000    0.6509552
  13.0800000    0.6295291
  13.1000000    0.5937185
  13.1200000    0.5460326
  13.1400000    0.4895811
  13.1600000    0.4277826
  13.1800000    0.3640562
  13.2000000    0.3015377
  13.2200000    0.2428532
  13.2400000    0.1899754
  13.2600000    0.1441714
  13.2800000    0.1060382
  13.3000000    0.0756079
  13.3200000    0.0524967
  13.3400000    0.0360681
  13.3600000    0.0255822
  13.3800000    0.0203095
  13.4000000    0.0195955
  13.4200000    0.0228747
  13.4400000    0.0296397
  13.4600000    0.0393803
  13.4800000    0.0515106
  13.5000000    0.0653038
  13.5200000    0.0798516
  13.5400000    0.0940603
  13.5600000    0.1066870
  13.5800000    0.1164153
  13.6000000    0.1219591
  13.6200000    0.1221812
  13.6400000    0.1162084
  13.6600000    0.1035278
  13.6800000    0.0840496
  13.7000000    0.0581283
  13.7200000    0.0265409
  13.7400000   -0.0095745
  13.7600000   -0.0488096
  13.7800000   -0.0895934
  13.8000000   -0.1303039
  13.8200000   -0.1693716
  13.8400000   -0.2053661
  13.8600000   -0.2370612
  13.8800000   -0.2634780
  13.9000000   -0.2839075
  13.9200000   -0.2979178
  13.9400000   -0.3053479
  13.9600000   -0.3062931
  13.9800000   -0.3010824
  14.0000000   -0.2902501
  14.0200000   -0.2744990
  14.0400000   -0.2546580
  14.0600000   -0.2316324
  14.0800000   -0.2063516
  14.1000000   -0.1797166
  14.1200000   -0.1525532
  14.1400000   -0.1255745
  14.1600000   -0.0993601
  14.1800000   -0.0743515
  14.2000000   -0.0508663
  14.2200000   -0.0291283
  14.2400000   -0.0093095
  14.2600000    0.0084243
  14.2800000    0.0238690
  14.3000000    0.0367501
  14.3200000    0.0467064
  14.3400000    0.0532968
  14.3600000    0.0560304
  14.3800000    0.0544187
  14.4000000    0.0480441
  14.4200000    0.0366378
  14.4400000    0.0201546
  14.4600000   -0.0011647
  14.4800000   -0.0267548
  14.5000000   -0.0557189
  14.5200000   -0.0868567
  14.5400000   -0.1187281
  14.5600000   -0.1497467
  14.5800000   -0.1782951
  14.6000000   -0.2028499
  14.6200000   -0.2221047
  14.6400000   -0.2350776
  14.6600000   -0.2411940
  14.6800000   -0.2403367
  14.7000000   -0.2328596
  14.7200000   -0.2195645
  14.7400000   -0.2016445
  14.7600000   -0.1805999
  14.7800000   -0.1581337
  14.8000000   -0.1360363
  14.8200000   -0.1160675
  14.8400000   -0.0998454
  14.8600000   -0.0887465
  14.8800000   -0.0838249
  14.9000000   -0.0857522
  14.9200000   -0.0947810
  14.9400000   -0.1107317
  14.9600000   -0.1330035
  14.9800000   -0.1606076
  15.0000000   -0.1922225
  15.0200000   -0.2262697
  15.0400000   -0.2610067
  15.0600000   -0.2946350
  15.0800000   -0.3254172
  15.1000000   -0.3517963
  15.1200000   -0.3725092
  15.1400000   -0.3866838
  15.1600000   -0.3939091
  15.1800000   -0.3942722
  15.2000000   -0.3883529
  15.2200000   -0.3771757
  15.2400000   -0.3621226
  15.2600000   -0.3448120
  15.2800000   -0.3269586
  15.3000000   -0.3102271
  15.3200000   -0.2960962
  15.3400000   -0.2857474
  15.3600000   -0.2799900
  15.3800000   -0.2792279
  15.4000000   -0.2834696
  15.4200000   -0.2923760
  15.4400000   -0.3053357
  15.4600000   -0.3215565
  15.4800000   -0.3401587
  15.5000000   -0.3602587
  15.5200000   -0.3810352
  15.5400000   -0.4017714
  15.5600000   -0.4218752
  15.5800000   -0.4408801
  15.6000000   -0.4584325
  15.6200000   -0.4742713
  15.6400000   -0.4882083
  15.6600000   -0.5001086
  15.6800000   -0.5098786
  15.7000000   -0.5174573
  15.7200000   -0.5228135
  15.7400000   -0.5259460
  15.7600000   -0.5268887
  15.7800000   -0.5257181
  15.8000000   -0.5225650
  15.8200000   -0.5176284
  15.8400000   -0.5111894
  15.8600000   -0.5036225
  15.8800000   -0.4953985
  15.9000000   -0.4870761
  15.9200000   -0.4792793
  15.9400000   -0.4726597
  15.9600000   -0.4678500
  15.9800000   -0.4654116
  16.0000000   -0.4657891
  16.0200000   -0.4692759
  16.0400000   -0.4760000
  16.0600000   -0.4859319
  16.0800000   -0.4989107
  16.1000000   -0.5146849
  16.1200000   -0.5329564
  16.1400000   -0.5534205
  16.1600000   -0.5757920
  16.1800000   -0.5998151
  16.2000000   -0.6252565
  16.2200000   -0.6518867
  16.2400000   -0.6794575
  16.2600000   -0.7076823
  16.2800000   -0.7362278
  16.3000000   -0.7647188
  16.3200000   -0.7927564
  16.3400000   -0.8199441
  16.3600000   -0.8459145
  16.3800000   -0.8703500
  16.4000000   -0.8929895
  16.4200000   -0.9136195
  16.4400000   -0.9320516
  16.4600000   -0.9480908
  16.4800000   -0.9615034
  16.5000000   -0.9719935
  16.5200000   -0.9791949
  16.5400000   -0.9826816
  16.5600000   -0.9819975
  16.5800000   -0.9766995
  16.6000000   -0.9664090
  16.6200000   -0.9508617
  16.6400000   -0.9299537
  16.6600000   -0.9037769
  16.6800000   -0.8726468
  16.7000000   -0.8371243
  16.7200000   -0.7980341
  16.7400000   -0.7564835
  16.7600000   -0.7138786
  16.7800000   -0.6719353
  16.8000000   -0.6326748
  16.8200000   -0.5983949
  16.8400000   -0.5716054
  16.8600000   -0.5549216
  16.8800000   -0.5509136
  16.9000000   -0.5619170
  16.9200000   -0.5898179
  16.9400000   -0.6358313
  16.9600000   -0.7003000
  16.9800000   -0.7825378
  17.0000000   -0.8807452
  17.0200000   -0.9920161
  17.0400000   -1.1124482
  17.0600000   -1.2373574
  17.0800000   -1.3615820
  17.1000000   -1.4798547
  17.1200000   -1.5872053
  17.1400000   -1.6793508
  17.1600000   -1.7530319
  17.1800000   -1.8062549
  17.2000000   -1.8384111
  17.2200000   -1.8502601
  17.2400000   -1.8437805
  17.2600000   -1.8219074
  17.2800000   -1.7881923
  17.3000000   -1.7464258
  17.3200000   -1.7002699
  17.3400000   -1.6529370
  17.3600000   -1.6069489
  17.3800000   -1.5639927
  17.4000000   -1.5248767
  17.4200000   -1.4895798
  17.4400000   -1.4573775
  17.4600000   -1.4270219
  17.4800000   -1.3969523
  17.5000000   -1.3655125
  17.5200000   -1.3311557
  17.5400000   -1.2926198
  17.5600000   -1.2490605
  17.5800000   -1.2001346
  17.6000000   -1.1460285
  17.6200000   -1.0874336
  17.6400000   -1.0254726
  17.6600000   -0.9615887
  17.6800000   -0.8974093
  17.7000000   -0.8346015
  17.7200000   -0.7747367
  17.7400000   -0.7191756
  17.7600000   -0.6689875
  17.7800000   -0.6249069
  17.8000000   -0.5873264
  17.8200000   -0.5563230
  17.8400000   -0.5317065
  17.8600000   -0.5130810
  17.8800000   -0.4999103
  17.9000000   -0.4915795
  17.9200000   -0.4874467
  17.9400000   -0.4868856
  17.9600000   -0.4893161
  17.9800000   -0.4942268
  18.0000000   -0.5011905
  18.0200000   -0.5098735
  18.0400000   -0.5200406
  18.0600000   -0.5315538
  18.0800000   -0.5443652
  18.1000000   -0.5585023
  18.1200000   -0.5740464
  18.1400000   -0.5911034
  18.1600000   -0.6097715
  18.1800000   -0.6301063
  18.2000000   -0.6520894
  18.2200000   -0.6756027
  18.2400000   -0.7004126
  18.2600000   -0.7261650
  18.2800000   -0.7523922
  18.3000000   -0.7785294
  18.3200000   -0.8039387
  18.3400000   -0.8279363
  18.3600000   -0.8498197
  18.3800000   -0.8688938
  18.4000000   -0.8844919
  18.4200000   -0.8959956
  18.4400000   -0.9028531
  18.4600000   -0.9046012
  18.4800000   -0.9008935
  18.5000000   -0.8915353
  18.5200000   -0.8765263
  18.5400000   -0.8561056
  18.5600000   -0.8307935
  18.5800000   -0.8014184
  18.6000000   -0.7691225
  18.6200000   -0.7353342
  18.6400000   -0.7017046
  18.6600000   -0.6700085
  18.6800000   -0.6420165
  18.7000000   -0.6193506
  18.7200000   -0.6033414
  18.7400000   -0.5949050
  18.7600000   -0.5944555
  18.7800000   -0.6018684
  18.8000000   -0.6164954
  18.8200000   -0.6372337
  18.8400000   -0.6626347
  18.8600000   -0.6910406
  18.8800000   -0.7207290
  18.9000000   -0.7500486
  18.9200000   -0.7775321
  18.9400000   -0.8019758
  18.9600000   -0.8224846
  18.9800000   -0.8384815
  19.0000000   -0.8496897
  19.0200000   -0.8560945
  19.0400000   -0.8578928
  19.0600000   -0.8554400
  19.0800000   -0.8491976
  19.1000000   -0.8396875
  19.1200000   -0.8274536
  19.1400000   -0.8130309
  19.1600000   -0.7969221
  19.1800000   -0.7795801
  19.2000000   -0.7613948
  19.2200000   -0.7426838
  19.2400000   -0.7236862
  19.2600000   -0.7045598
  19.2800000   -0.6853805
  19.3000000   -0.6661465
  19.3200000   -0.6467874
  19.3400000   -0.6271775
  19.3600000   -0.6071551
  19.3800000   -0.5865453
  19.4000000   -0.5651853
  19.4200000   -0.5429483
  19.4400000   -0.5197622
  19.4600000   -0.4956194
  19.4800000   -0.4705749
  19.5000000   -0.4447301
  19.5200000   -0.4182037
  19.5400000   -0.3910919
  19.5600000   -0.3634232
  19.5800000   -0.3351150
  19.6000000   -0.3059392
  19.6200000   -0.2755032
  19.6400000   -0.2432537
  19.6600000   -0.2085070
  19.6800000   -0.1705060
  19.7000000   -0.1285042
  19.7200000   -0.0818712
  19.7400000   -0.0302130
  19.7600000    0.0265037
  19.7800000    0.0878345
  19.8000000    0.1527631
  19.8200000    0.2196430
  19.8400000    0.2861896
  19.8600000    0.3495314
  19.8800000    0.4063260
  19.9000000    0.4529374
  19.9200000    0.4856653
  19.9400000    0.5010086
  19.9600000    0.4959404
  19.9800000    0.4681701
  20.0000000    0.4163648
  20.0200000    0.3403123
  20.0400000    0.2410076
  20.0600000    0.1206561
  20.0800000   -0.0174085
  20.1000000   -0.1688868
  20.1200000   -0.3287455
  20.1400000   -0.4915073
  20.1600000   -0.6515793
  20.1800000   -0.8036008
  20.2000000   -0.9427860
  20.2200000   -1.0652363
  20.2400000   -1.1681914
  20.2600000   -1.2501972
  20.2800000   -1.3111665
  20.3000000   -1.3523253
  20.3200000   -1.3760479
  20.3400000   -1.3855985
  20.3600000   -1.3848122
  20.3800000   -1.3777552
  20.4000000   -1.3684056
  20.4200000   -1.3603926
  20.4400000   -1.3568123
  20.4600000   -1.3601317
  20.4800000   -1.3721658
  20.5000000   -1.3941065
  20.5200000   -1.4265741
  20.5400000   -1.4696638
  20.5600000   -1.5229724
  20.5800000   -1.5856014
  20.6000000   -1.6561495
  20.6200000   -1.7327180
  20.6400000   -1.8129538
  20.6600000   -1.8941513
  20.6800000   -1.9734185
  20.7000000   -2.0478988
  20.7200000   -2.1150166
  20.7400000   -2.1727079
  20.7600000   -2.2195896
  20.7800000   -2.2550325
  20.8000000   -2.2791138
  20.8200000   -2.2924574
  20.8400000   -2.2959841
  20.8600000   -2.2906232
  20.8800000   -2.2770425
  20.9000000   -2.2554494
  20.9200000   -2.2255081
  20.9400000   -2.1863929
  20.9600000   -2.1369638
  20.9800000   -2.0760362
  21.0000000   -2.0026917
  21.0200000   -1.9165689
  21.0400000   -1.8180840
  21.0600000   -1.7085377
  21.0800000   -1.5900958
  21.1000000   -1.4656467
  21.1200000   -1.3385622
  21.1400000   -1.2124057
  21.1600000   -1.0906298
  21.1800000   -0.9763081
  21.2000000   -0.8719314
  21.2200000   -0.7792863
  21.2400000   -0.6994207
  21.2600000   -0.6326821
  21.2800000   -0.5788126
  21.3000000   -0.5370773
  21.3200000   -0.5064012
  21.3400000   -0.4854989
  21.3600000   -0.4729831
  21.3800000   -0.4674461
  21.4000000   -0.4675147
  21.4200000   -0.4718817
  21.4400000   -0.4793220
  21.4600000   -0.4886995
  21.4800000   -0.4989708
  21.5000000   -0.5091914
  21.5200000   -0.5185263
  21.5400000   -0.5262639
  21.5600000   -0.5318325
  21.5800000   -0.5348160
  21.6000000   -0.5349641
  21.6200000   -0.5321948
  21.6400000   -0.5265872
  21.6600000   -0.5183640
  21.6800000   -0.5078653
  21.7000000   -0.4955182
  21.7200000   -0.4818046
  21.7400000   -0.4672343
  21.7600000   -0.4523250
  21.7800000   -0.4375917
  21.8000000   -0.4235444
  21.8200000   -0.4106912
  21.8400000   -0.3995411
  21.8600000   -0.3906007
  21.8800000   -0.3843603
  21.9000000   -0.3812656
  21.9200000   -0.3816763
  21.9400000   -0.3858171
  21.9600000   -0.3937282
  21.9800000   -0.4052272
  22.0000000   -0.4198928
  22.0200000   -0.4370793
  22.0400000   -0.4559653
  22.0600000   -0.4756372
  22.0800000   -0.4951951
  22.1000000   -0.5138714
  22.1200000   -0.5311414
  22.1400000   -0.5468099
  22.1600000   -0.5610563
  22.1800000   -0.5744308
  22.2000000   -0.5877968
  22.2200000   -0.6022272
  22.2400000   -0.6188661
  22.2600000   -0.6387741
  22.2800000   -0.6627768
  22.3000000   -0.6913362
  22.3200000   -0.7244581
  22.3400000   -0.7616482
  22.3600000   -0.8019175
  22.3800000   -0.8438367
  22.4000000   -0.8856311
  22.4200000   -0.9253057
  22.4400000   -0.9607877
  22.4600000   -0.9900734
  22.4800000   -1.0113668
  22.5000000   -1.0231985
  22.5200000   -1.0245154
  22.5400000   -1.0147356
  22.5600000   -0.9937632
  22.5800000   -0.9619656
  22.6000000   -0.9201157
  22.6200000   -0.8693084
  22.6400000   -0.8108617
  22.6600000   -0.7462166
  22.6800000   -0.6768465
  22.7000000   -0.6041881
  22.7200000   -0.5295993
  22.7400000   -0.4543448
  22.7600000   -0.3796063
  22.7800000   -0.3065078
  22.8000000   -0.2361471
  22.8200000   -0.1696201
  22.8400000   -0.1080318
  22.8600000   -0.0524873
  22.8800000   -0.0040621
  22.9000000    0.0362428
  22.9200000    0.0675572
  22.9400000    0.0891979
  22.9600000    0.1007175
  22.9800000    0.1019377
  23.0000000    0.0929614
  23.0200000    0.0741580
  23.0400000    0.0461216
  23.0600000    0.0096001
  23.0800000   -0.0346023
  23.1000000   -0.0857457
  23.1200000   -0.1432894
  23.1400000   -0.2070285
  23.1600000   -0.2772149
  23.1800000   -0.3546385
  23.2000000   -0.4406457
  23.2200000   -0.5370704
  23.2400000   -0.6460603
  23.2600000   -0.7697953
  23.2800000   -0.9101085
  23.3000000   -1.0680430
  23.3200000   -1.2433956
  23.3400000   -1.4343143
  23.3600000   -1.6370214
  23.3800000   -1.8457307
  23.4000000   -2.0528071
  23.4200000   -2.2491893
  23.4400000   -2.4250552
  23.4600000   -2.5706720
  23.4800000   -2.6773405
  23.5000000   -2.7383125
  23.5200000   -2.7495638
  23.5400000   -2.7103143
  23.5600000   -2.6232150
  23.5800000   -2.4941737
  23.6000000   -2.3318325
  23.6200000   -2.1467616
  23.6400000   -1.9504717
  23.6600000   -1.7543610
  23.6800000   -1.5687229
  23.7000000   -1.4019219
  23.7200000   -1.2598156
  23.7400000   -1.1454697
  23.7600000   -1.0591701
  23.7800000   -0.9987046
  23.8000000   -0.9598588
  23.8200000   -0.9370525
  23.8400000   -0.9240368
  23.8600000   -0.9145742
  23.8800000   -0.9030336
  23.9000000   -0.8848489
  23.9200000   -0.8568116
  23.9400000   -0.8171871
  23.9600000   -0.7656659
  23.9800000   -0.7031796
  24.0000000   -0.6316210
  24.0200000   -0.5535155
  24.0400000   -0.4716903
  24.0600000   -0.3889806
  24.0800000   -0.3080000
  24.1000000   -0.2309925
  24.1200000   -0.1597652
  24.1400000   -0.0956922
  24.1600000   -0.0397735
  24.1800000    0.0072744
  24.2000000    0.0449154
  24.2200000    0.0726934
  24.2400000    0.0901458
  24.2600000    0.0967349
  24.2800000    0.0917961
  24.3000000    0.0745023
  24.3200000    0.0438430
  24.3400000   -0.0013804
  24.3600000   -0.0625346
  24.3800000   -0.1411001
  24.4000000   -0.2385699
  24.4200000   -0.3562917
  24.4400000   -0.4952482
  24.4600000   -0.6557867
  24.4800000   -0.8373155
  24.5000000   -1.0380050
  24.5200000   -1.2545406
  24.5400000   -1.4819772
  24.5600000   -1.7137467
  24.5800000   -1.9418514
  24.6000000   -2.1572561
  24.6200000   -2.3504634
  24.6400000   -2.5122214
  24.6600000   -2.6342937
  24.6800000   -2.7101974
  24.7000000   -2.7358127
  24.7200000   -2.7097844
  24.7400000   -2.6336541
  24.7600000   -2.5117029
  24.7800000   -2.3505198
  24.8000000   -2.1583544
  24.8200000   -1.9443302
  24.8400000   -1.7176164
  24.8600000   -1.4866557
  24.8800000   -1.2585271
  24.9000000   -1.0385039
  24.9200000   -0.8298399
  24.9400000   -0.6337849
  24.9600000   -0.4498113
  24.9800000   -0.2760107
  25.0000000   -0.1096100
  25.0200000    0.0524512
  25.0400000    0.2129406
  25.0600000    0.3738096
  25.0800000    0.5357774
  25.1000000    0.6980664
  25.1200000    0.8583208
  25.1400000    1.0127222
  25.1600000    1.1562953
  25.1800000    1.2833787
  25.2000000    1.3882075
  25.2200000    1.4655429
  25.2400000    1.5112727
  25.2600000    1.5229064
  25.2800000    1.4999003
  25.3000000    1.4437740
  25.3200000    1.3580010
  25.3400000    1.2476933
  25.3600000    1.1191262
  25.3800000    0.9791654
  25.4000000    0.8346736
  25.4200000    0.6919673
  25.4400000    0.5563825
  25.4600000    0.4319871
  25.4800000    0.3214570
  25.5000000    0.2261029
  25.5200000    0.1460258
  25.5400000    0.0803591
  25.5600000    0.0275563
  25.5800000   -0.0143170
  25.6000000   -0.0473196
  25.6200000   -0.0734229
  25.6400000   -0.0943614
  25.6600000   -0.1115492
  25.6800000   -0.1260551
  25.7000000   -0.1386257
  25.7200000   -0.1497434
  25.7400000   -0.1597058
  25.7600000   -0.1687132
  25.7800000   -0.1769557
  25.8000000   -0.1846914
  25.8200000   -0.1923116
  25.8400000   -0.2003885
  25.8600000   -0.2097059
  25.8800000   -0.2212696
  25.9000000   -0.2362988
  25.9200000   -0.2561958
  25.9400000   -0.2824945
  25.9600000   -0.3167862
  25.9800000   -0.3606244
  26.0000000   -0.4154092
  26.0200000   -0.4822577
  26.0400000   -0.5618680
  26.0600000   -0.6543862
  26.0800000   -0.7592914
  26.1000000   -0.8753109
  26.1200000   -1.0003794
  26.1400000   -1.1316524
  26.1600000   -1.2655812
  26.1800000   -1.3980492
  26.2000000   -1.5245662
  26.2200000   -1.6405103
  26.2400000   -1.7414005
  26.2600000   -1.8231843
  26.2800000   -1.8825150
  26.3000000   -1.9169967
  26.3200000   -1.9253752
  26.3400000   -1.9076522
  26.3600000   -1.8651093
  26.3800000   -1.8002310
  26.4000000   -1.7165306
  26.4200000   -1.6182868
  26.4400000   -1.5102194
  26.4600000   -1.3971324
  26.4800000   -1.2835641
  26.5000000   -1.1734827
  26.5200000   -1.0700598
  26.5400000   -0.9755432
  26.5600000   -0.8912389
  26.5800000   -0.8175905
  26.6000000   -0.7543384
  26.6200000   -0.7007251
  26.6400000   -0.6557123
  26.6600000   -0.6181770
  26.6800000   -0.5870623
  26.7000000   -0.5614672
  26.7200000   -0.5406750
  26.7400000   -0.5241292
  26.7600000   -0.5113720
  26.7800000   -0.5019679
  26.8000000   -0.4954312
  26.8200000   -0.4911751
  26.8400000   -0.4884908
  26.8600000   -0.4865606
  26.8800000   -0.4845008
  26.9000000   -0.4814272
  26.9200000   -0.4765292
  26.9400000   -0.4691431
  26.9600000   -0.4588129
  26.9800000   -0.4453313
  27.0000000   -0.4287567
  27.0200000   -0.4094070
  27.0400000   -0.3878305
  27.0600000   -0.3647600
  27.0800000   -0.3410548
  27.1000000   -0.3176359
  27.1200000   -0.2954204
  27.1400000   -0.2752583
  27.1600000   -0.2578779
  27.1800000   -0.2438409
  27.2000000   -0.2335115
  27.2200000   -0.2270408
  27.2400000   -0.2243680
  27.2600000   -0.2252378
  27.2800000   -0.2292330
  27.3000000   -0.2358186
  27.3200000   -0.2443932
  27.3400000   -0.2543428
  27.3600000   -0.2650896
  27.3800000   -0.2761328
  27.4000000   -0.2870741
  27.4200000   -0.2976279
  27.4400000   -0.3076143
  27.4600000   -0.3169371
  27.4800000   -0.3255509
  27.5000000   -0.3334228
  27.5200000   -0.3404947
  27.5400000   -0.3466538
  27.5600000   -0.3517142
  27.5800000   -0.3554161
  27.6000000   -0.3574409
  27.6200000   -0.3574429
  27.6400000   -0.3550909
  27.6600000   -0.3501164
  27.6800000   -0.3423581
  27.7000000   -0.3317971
  27.7200000   -0.3185769
  27.7400000   -0.3030029
  27.7600000   -0.2855226
  27.7800000   -0.2666875
  27.8000000   -0.2471026
  27.8200000   -0.2273715
  27.8400000   -0.2080435
  27.8600000   -0.1895712
  27.8800000   -0.1722847
  27.9000000   -0.1563828
  27.9200000   -0.1419439
  27.9400000   -0.1289511
  27.9600000   -0.1173274
  27.9800000   -0.1069750
  28.0000000   -0.0978107
  28.0200000   -0.0897940
  28.0400000   -0.0829417
  28.0600000   -0.0773307
  28.0800000   -0.0730860
  28.1000000   -0.0703604
  28.1200000   -0.0693063
  28.1400000   -0.0700466
  28.1600000   -0.0726489
  28.1800000   -0.0771057
  28.2000000   -0.0833256
  28.2200000   -0.0911345
  28.2400000   -0.1002891
  28.2600000   -0.1104993
  28.2800000   -0.1214580
  28.3000000   -0.1328738
  28.3200000   -0.1445033
  28.3400000   -0.1561793
  28.3600000   -0.1678300
  28.3800000   -0.1794876
  28.4000000   -0.1912852
  28.4200000   -0.2034390
  28.4400000   -0.2162206
  28.4600000   -0.2299177
  28.4800000   -0.2447895
  28.5000000   -0.2610205
  28.5200000   -0.2786765
  28.5400000   -0.2976706
  28.5600000   -0.3177420
  28.5800000   -0.3384520
  28.6000000   -0.3592006
  28.6200000   -0.3792622
  28.6400000   -0.3978387
  28.6600000   -0.4141258
  28.6800000   -0.4273840
  28.7000000   -0.4370076
  28.7200000   -0.4425820
  28.7400000   -0.4439234
  28.7600000   -0.4410945
  28.7800000   -0.4343954
  28.8000000   -0.4243303
  28.8200000   -0.4115564
  28.8400000   -0.3968203
  28.8600000   -0.3808928
  28.8800000   -0.3645085
  28.9000000   -0.3483179
  28.9200000   -0.3328560
  28.9400000   -0.3185275
  28.9600000   -0.3056078
  28.9800000   -0.2942541
  29.0000000   -0.2845231
  29.0200000   -0.2763889
  29.0400000   -0.2697574
  29.0600000   -0.2644762
  29.0800000   -0.2603386
  29.1000000   -0.2570835
  29.1200000   -0.2543936
  29.1400000   -0.2518939
  29.1600000   -0.2491509
  29.1800000   -0.2456742
  29.2000000   -0.2409193
  29.2200000   -0.2342901
  29.2400000   -0.2251414
  29.2600000   -0.2127812
  29.2800000   -0.1964755
  29.3000000   -0.1754591
  29.3200000   -0.1489575
  29.3400000   -0.1162246
  29.3600000   -0.0765999
  29.3800000   -0.0295843
  29.4000000    0.0250673
  29.4200000    0.0872472
  29.4400000    0.1564015
  29.4600000    0.2314578
  29.4800000    0.3107898
  29.5000000    0.3922324
  29.5200000    0.4731539
  29.5400000    0.5505881
  29.5600000    0.6214151
  29.5800000    0.6825766
  29.6000000    0.7313027
  29.6200000    0.7653225
  29.6400000    0.7830375
  29.6600000    0.7836344
  29.6800000    0.7671277
  29.7000000    0.7343298
  29.7200000    0.6867551
  29.7400000    0.6264760
  29.7600000    0.5559490
  29.7800000    0.4778352
  29.8000000    0.3948334
  29.8200000    0.3095415
  29.8400000    0.2243543
  29.8600000    0.1413984
  29.8800000    0.0625006
  29.9000000   -0.0108208
  29.9200000   -0.0773492
  29.9400000   -0.1361597
  29.9600000   -0.1866121
  29.9800000   -0.2283499
  30.0000000   -0.2613060
