 -10.0000000   -0.0245568
  -9.9800000   -0.0254254
  -9.9600000   -0.0252392
  -9.9400000   -0.0238372
  -9.9200000   -0.0211188
  -9.9000000   -0.0170559
  -9.8800000   -0.0116999
  -9.8600000   -0.0051811
  -9.8400000    0.0022974
  -9.8200000    0.0104734
  -9.8000000    0.0190423
  -9.7800000    0.0276771
  -9.7600000    0.0360477
  -9.7400000    0.0438385
  -9.7200000    0.0507630
  -9.7000000    0.0565732
  -9.6800000    0.0610669
  -9.6600000    0.0640901
  -9.6400000    0.0655379
  -9.6200000    0.0653540
  -9.6000000    0.0635300
  -9.5800000    0.0601047
  -9.5600000    0.0551636
  -9.5400000    0.0488378
  -9.5200000    0.0413030
  -9.5000000    0.0327762
  -9.4800000    0.0235113
  -9.4600000    0.0137916
  -9.4400000    0.0039209
  -9.4200000   -0.0057873
  -9.4000000   -0.0150227
  -9.3800000   -0.0234904
  -9.3600000   -0.0309241
  -9.3400000   -0.0370972
  -9.3200000   -0.0418335
  -9.3000000   -0.0450148
  -9.2800000   -0.0465858
  -9.2600000   -0.0465559
  -9.2400000   -0.0449982
  -9.2200000   -0.0420438
  -9.2000000   -0.0378746
  -9.1800000   -0.0327115
  -9.1600000   -0.0268025
  -9.1400000   -0.0204090
  -9.1200000   -0.0137927
  -9.1000000   -0.0072038
  -9.0800000   -0.0008713
  -9.0600000    0.0050037
  -9.0400000    0.0102520
  -9.0200000    0.0147381
  -9.0000000    0.0183600
  -8.9800000    0.0210478
  -8.9600000    0.0227625
  -8.9400000    0.0234952
  -8.9200000    0.0232668
  -8.9000000    0.0221296
  -8.8800000    0.0201682
  -8.8600000    0.0175009
  -8.8400000    0.0142797
  -8.8200000    0.0106884
  -8.8000000    0.0069374
  -8.7800000    0.0032555
  -8.7600000   -0.0001210
  -8.7400000   -0.0029629
  -8.7200000   -0.0050639
  -8.7000000   -0.0062558
  -8.6800000   -0.0064233
  -8.6600000   -0.0055150
  -8.6400000   -0.0035499
  -8.6200000   -0.0006182
  -8.6000000    0.0031233
  -8.5800000    0.0074620
  -8.5600000    0.0121450
  -8.5400000    0.0168970
  -8.5200000    0.0214405
  -8.5000000    0.0255151
  -8.4800000    0.0288943
  -8.4600000    0.0313991
  -8.4400000    0.0329067
  -8.4200000    0.0333537
  -8.4000000    0.0327356
  -8.3800000    0.0311011
  -8.3600000    0.0285437
  -8.3400000    0.0251914
  -8.3200000    0.0211952
  -8.3000000    0.0167187
  -8.2800000    0.0119282
  -8.2600000    0.0069844
  -8.2400000    0.0020366
  -8.2200000   -0.0027814
  -8.2000000   -0.0073542
  -8.1800000   -0.0115846
  -8.1600000   -0.0153945
  -8.1400000   -0.0187227
  -8.1200000   -0.0215237
  -8.1000000   -0.0237651
  -8.0800000   -0.0254258
  -8.0600000   -0.0264939
  -8.0400000   -0.0269649
  -8.0200000   -0.0268408
  -8.0000000   -0.0261302
  -7.9800000   -0.0248490
  -7.9600000   -0.0230226
  -7.9400000   -0.0206886
  -7.9200000   -0.0178999
  -7.9000000   -0.0147275
  -7.8800000   -0.0112632
  -7.8600000   -0.0076199
  -7.8400000   -0.0039304
  -7.8200000   -0.0003440
  -7.8000000    0.0029800
  -7.7800000    0.0058803
  -7.7600000    0.0082031
  -7.7400000    0.0098126
  -7.7200000    0.0106007
  -7.7000000    0.0104962
  -7.6800000    0.0094709
  -7.6600000    0.0075434
  -7.6400000    0.0047807
  -7.6200000    0.0012957
  -7.6000000   -0.0027568
  -7.5800000   -0.0071869
  -7.5600000   -0.0117781
  -7.5400000   -0.0162963
  -7.5200000   -0.0205006
  -7.5000000   -0.0241544
  -7.4800000   -0.0270369
  -7.4600000   -0.0289549
  -7.4400000   -0.0297546
  -7.4200000   -0.0293322
  -7.4000000   -0.0276438
  -7.3800000   -0.0247111
  -7.3600000   -0.0206253
  -7.3400000   -0.0155451
  -7.3200000   -0.0096901
  -7.3000000   -0.0033294
  -7.2800000    0.0032344
  -7.2600000    0.0096849
  -7.2400000    0.0157121
  -7.2200000    0.0210336
  -7.2000000    0.0254126
  -7.1800000    0.0286727
  -7.1600000    0.0307072
  -7.1400000    0.0314830
  -7.1200000    0.0310388
  -7.1000000    0.0294786
  -7.0800000    0.0269599
  -7.0600000    0.0236806
  -7.0400000    0.0198626
  -7.0200000    0.0157360
  -7.0000000    0.0115240
  -6.9800000    0.0074292
  -6.9600000    0.0036225
  -6.9400000    0.0002353
  -6.9200000   -0.0026451
  -6.9000000   -0.0049763
  -6.8800000   -0.0067581
  -6.8600000   -0.0080264
  -6.8400000   -0.0088441
  -6.8200000   -0.0092904
  -6.8000000   -0.0094488
  -6.7800000   -0.0093952
  -6.7600000   -0.0091874
  -6.7400000   -0.0088579
  -6.7200000   -0.0084088
  -6.7000000   -0.0078124
  -6.6800000   -0.0070151
  -6.6600000   -0.0059457
  -6.6400000   -0.0045265
  -6.6200000   -0.0026866
  -6.6000000   -0.0003752
  -6.5800000    0.0024264
  -6.5600000    0.0056961
  -6.5400000    0.0093654
  -6.5200000    0.0133198
  -6.5000000    0.0174038
  -6.4800000    0.0214307
  -6.4600000    0.0251956
  -6.4400000    0.0284918
  -6.4200000    0.0311266
  -6.4000000    0.0329374
  -6.3800000    0.0338043
  -6.3600000    0.0336597
  -6.3400000    0.0324935
  -6.3200000    0.0303529
  -6.3000000    0.0273396
  -6.2800000    0.0236017
  -6.2600000    0.0193237
  -6.2400000    0.0147148
  -6.2200000    0.0099966
  -6.2000000    0.0053902
  -6.1800000    0.0011052
  -6.1600000   -0.0026703
  -6.1400000   -0.0057786
  -6.1200000   -0.0080977
  -6.1000000   -0.0095454
  -6.0800000   -0.0100806
  -6.0600000   -0.0097026
  -6.0400000   -0.0084479
  -6.0200000   -0.0063854
  -6.0000000   -0.0036114
  -5.9800000   -0.0002429
  -5.9600000    0.0035877
  -5.9400000    0.0077378
  -5.9200000    0.0120586
  -5.9000000    0.0163978
  -5.8800000    0.0206012
  -5.8600000    0.0245144
  -5.8400000    0.0279839
  -5.8200000    0.0308593
  -5.8000000    0.0329957
  -5.7800000    0.0342589
  -5.7600000    0.0345302
  -5.7400000    0.0337139
  -5.7200000    0.0317443
  -5.7000000    0.0285935
  -5.6800000    0.0242780
  -5.6600000    0.0188634
  -5.6400000    0.0124675
  -5.6200000    0.0052595
  -5.6000000   -0.0025432
  -5.5800000   -0.0106829
  -5.5600000   -0.0188710
  -5.5400000   -0.0268018
  -5.5200000   -0.0341664
  -5.5000000   -0.0406683
  -5.4800000   -0.0460380
  -5.4600000   -0.0500468
  -5.4400000   -0.0525171
  -5.4200000   -0.0533314
  -5.4000000   -0.0524368
  -5.3800000   -0.0498469
  -5.3600000   -0.0456411
  -5.3400000   -0.0399601
  -5.3200000   -0.0330004
  -5.3000000   -0.0250053
  -5.2800000   -0.0162552
  -5.2600000   -0.0070560
  -5.2400000    0.0022736
  -5.2200000    0.0114153
  -5.2000000    0.0200645
  -5.1800000    0.0279424
  -5.1600000    0.0348072
  -5.1400000    0.0404624
  -5.1200000    0.0447629
  -5.1000000    0.0476178
  -5.0800000    0.0489901
  -5.0600000    0.0488950
  -5.0400000    0.0473948
  -5.0200000    0.0445938
  -5.0000000    0.0406322
  -4.9800000    0.0356801
  -4.9600000    0.0299313
  -4.9400000    0.0235975
  -4.9200000    0.0169031
  -4.9000000    0.0100786
  -4.8800000    0.0033546
  -4.8600000   -0.0030452
  -4.8400000   -0.0089117
  -4.8200000   -0.0140575
  -4.8000000   -0.0183244
  -4.7800000   -0.0215901
  -4.7600000   -0.0237734
  -4.7400000   -0.0248375
  -4.7200000   -0.0247915
  -4.7000000   -0.0236891
  -4.6800000   -0.0216254
  -4.6600000   -0.0187299
  -4.6400000   -0.0151587
  -4.6200000   -0.0110836
  -4.6000000   -0.0066809
  -4.5800000   -0.0021188
  -4.5600000    0.0024541
  -4.5400000    0.0069185
  -4.5200000    0.0111915
  -4.5000000    0.0152301
  -4.4800000    0.0190302
  -4.4600000    0.0226215
  -4.4400000    0.0260585
  -4.4200000    0.0294085
  -4.4000000    0.0327383
  -4.3800000    0.0361015
  -4.3600000    0.0395269
  -4.3400000    0.0430106
  -4.3200000    0.0465130
  -4.3000000    0.0499592
  -4.2800000    0.0532445
  -4.2600000    0.0562436
  -4.2400000    0.0588213
  -4.2200000    0.0608449
  -4.2000000    0.0621952
  -4.1800000    0.0627767
  -4.1600000    0.0625235
  -4.1400000    0.0614040
  -4.1200000    0.0594213
  -4.1000000    0.0566111
  -4.0800000    0.0530383
  -4.0600000    0.0487910
  -4.0400000    0.0439752
  -4.0200000    0.0387088
  -4.0000000    0.0331161
  -3.9800000    0.0273236
  -3.9600000    0.0214562
  -3.9400000    0.0156356
  -3.9200000    0.0099782
  -3.9000000    0.0045954
  -3.8800000   -0.0004068
  -3.8600000   -0.0049277
  -3.8400000   -0.0088732
  -3.8200000   -0.0121572
  -3.8000000   -0.0147052
  -3.7800000   -0.0164590
  -3.7600000   -0.0173826
  -3.7400000   -0.0174681
  -3.7200000   -0.0167411
  -3.7000000   -0.0152645
  -3.6800000   -0.0131391
  -3.6600000   -0.0105018
  -3.6400000   -0.0075197
  -3.6200000   -0.0043811
  -3.6000000   -0.0012849
  -3.5800000    0.0015714
  -3.5600000    0.0040029
  -3.5400000    0.0058474
  -3.5200000    0.0069719
  -3.5000000    0.0072773
  -3.4800000    0.0066993
  -3.4600000    0.0052077
  -3.4400000    0.0028037
  -3.4200000   -0.0004825
  -3.4000000   -0.0045938
  -3.3800000   -0.0094466
  -3.3600000   -0.0149309
  -3.3400000   -0.0209084
  -3.3200000   -0.0272116
  -3.3000000   -0.0336428
  -3.2800000   -0.0399767
  -3.2600000   -0.0459644
  -3.2400000   -0.0513419
  -3.2200000   -0.0558413
  -3.2000000   -0.0592053
  -3.1800000   -0.0612027
  -3.1600000   -0.0616445
  -3.1400000   -0.0603992
  -3.1200000   -0.0574048
  -3.1000000   -0.0526775
  -3.0800000   -0.0463152
  -3.0600000   -0.0384965
  -3.0400000   -0.0294738
  -3.0200000   -0.0195619
  -3.0000000   -0.0091222
  -2.9800000    0.0014559
  -2.9600000    0.0117756
  -2.9400000    0.0214542
  -2.9200000    0.0301430
  -2.9000000    0.0375462
  -2.8800000    0.0434353
  -2.8600000    0.0476613
  -2.8400000    0.0501602
  -2.8200000    0.0509557
  -2.8000000    0.0501551
  -2.7800000    0.0479422
  -2.7600000    0.0445648
  -2.7400000    0.0403190
  -2.7200000    0.0355314
  -2.7000000    0.0305394
  -2.6800000    0.0256710
  -2.6600000    0.0212270
  -2.6400000    0.0174633
  -2.6200000    0.0145790
  -2.6000000    0.0127069
  -2.5800000    0.0119091
  -2.5600000    0.0121777
  -2.5400000    0.0134393
  -2.5200000    0.0155629
  -2.5000000    0.0183706
  -2.4800000    0.0216503
  -2.4600000    0.0251679
  -2.4400000    0.0286799
  -2.4200000    0.0319449
  -2.4000000    0.0347333
  -2.3800000    0.0368359
  -2.3600000    0.0380712
  -2.3400000    0.0382907
  -2.3200000    0.0373845
  -2.3000000    0.0352859
  -2.2800000    0.0319750
  -2.2600000    0.0274824
  -2.2400000    0.0218923
  -2.2200000    0.0153429
  -2.2000000    0.0080259
  -2.1800000    0.0001820
  -2.1600000   -0.0079074
  -2.1400000   -0.0159320
  -2.1200000   -0.0235696
  -2.1000000   -0.0305056
  -2.0800000   -0.0364544
  -2.0600000   -0.0411813
  -2.0400000   -0.0445218
  -2.0200000   -0.0463954
  -2.0000000   -0.0468134
  -1.9800000   -0.0458778
  -1.9600000   -0.0437721
  -1.9400000   -0.0407438
  -1.9200000   -0.0370805
  -1.9000000   -0.0330835
  -1.8800000   -0.0290401
  -1.8600000   -0.0251992
  -1.8400000   -0.0217530
  -1.8200000   -0.0188257
  -1.8000000   -0.0164710
  -1.7800000   -0.0146783
  -1.7600000   -0.0133844
  -1.7400000   -0.0124902
  -1.7200000   -0.0118793
  -1.7000000   -0.0114346
  -1.6800000   -0.0110521
  -1.6600000   -0.0106500
  -1.6400000   -0.0101725
  -1.6200000   -0.0095890
  -1.6000000   -0.0088902
  -1.5800000   -0.0080823
  -1.5600000   -0.0071813
  -1.5400000   -0.0062084
  -1.5200000   -0.0051885
  -1.5000000   -0.0041498
  -1.4800000   -0.0031259
  -1.4600000   -0.0021588
  -1.4400000   -0.0013009
  -1.4200000   -0.0006162
  -1.4000000   -0.0001781
  -1.3800000   -0.0000652
  -1.3600000   -0.0003538
  -1.3400000   -0.0011083
  -1.3200000   -0.0023703
  -1.3000000   -0.0041489
  -1.2800000   -0.0064113
  -1.2600000   -0.0090780
  -1.2400000   -0.0120218
  -1.2200000   -0.0150710
  -1.2000000   -0.0180191
  -1.1800000   -0.0206380
  -1.1600000   -0.0226943
  -1.1400000   -0.0239679
  -1.1200000   -0.0242697
  -1.1000000   -0.0234560
  -1.0800000   -0.0214396
  -1.0600000   -0.0181943
  -1.0400000   -0.0137535
  -1.0200000   -0.0082031
  -1.0000000   -0.0016706
  -0.9800000    0.0056893
  -0.9600000    0.0137071
  -0.9400000    0.0222102
  -0.9200000    0.0310290
  -0.9000000    0.0399989
  -0.8800000    0.0489564
  -0.8600000    0.0577319
  -0.8400000    0.0661399
  -0.8200000    0.0739700
  -0.8000000    0.0809806
  -0.7800000    0.0868978
  -0.7600000    0.0914209
  -0.7400000    0.0942346
  -0.7200000    0.0950288
  -0.7000000    0.0935217
  -0.6800000    0.0894876
  -0.6600000    0.0827834
  -0.6400000    0.0733723
  -0.6200000    0.0613420
  -0.6000000    0.0469144
  -0.5800000    0.0304455
  -0.5600000    0.0124148
  -0.5400000   -0.0065961
  -0.5200000   -0.0259337
  -0.5000000   -0.0449098
  -0.4800000   -0.0628427
  -0.4600000   -0.0790989
  -0.4400000   -0.0931310
  -0.4200000   -0.1045095
  -0.4000000   -0.1129430
  -0.3800000   -0.1182879
  -0.3600000   -0.1205437
  -0.3400000   -0.1198368
  -0.3200000   -0.1163936
  -0.3000000   -0.1105069
  -0.2800000   -0.1025000
  -0.2600000   -0.0926923
  -0.2400000   -0.0813725
  -0.2200000   -0.0687811
  -0.2000000   -0.0551058
  -0.1800000   -0.0404897
  -0.1600000   -0.0250497
  -0.1400000   -0.0089031
  -0.1200000    0.0078032
  -0.1000000    0.0248663
  -0.0800000    0.0420077
  -0.0600000    0.0588664
  -0.0400000    0.0750036
  -0.0200000    0.0899220
   0.0000000    0.1030942
   0.0200000    0.1139974
   0.0400000    0.1221491
   0.0600000    0.1271376
   0.0800000    0.1286442
   0.1000000    0.1264547
   0.1200000    0.1204605
   0.1400000    0.1106523
   0.1600000    0.0971094
   0.1800000    0.0799904
   0.2000000    0.0595282
   0.2200000    0.0360315
   0.2400000    0.0098927
   0.2600000   -0.0183995
   0.2800000   -0.0482500
   0.3000000   -0.0789513
   0.3200000   -0.1096900
   0.3400000   -0.1395669
   0.3600000   -0.1676325
   0.3800000   -0.1929359
   0.4000000   -0.2145816
   0.4200000   -0.2317888
   0.4400000   -0.2439441
   0.4600000   -0.2506426
   0.4800000   -0.2517118
   0.5000000   -0.2472155
   0.5200000   -0.2374386
   0.5400000   -0.2228573
   0.5600000   -0.2040972
   0.5800000   -0.1818879
   0.6000000   -0.1570180
   0.6200000   -0.1302955
   0.6400000   -0.1025168
   0.6600000   -0.0744441
   0.6800000   -0.0467908
   0.7000000   -0.0202124
   0.7200000    0.0047001
   0.7400000    0.0274258
   0.7600000    0.0475219
   0.7800000    0.0646329
   0.8000000    0.0785017
   0.8200000    0.0889795
   0.8400000    0.0960336
   0.8600000    0.0997490
   0.8800000    0.1003240
   0.9000000    0.0980565
   0.9200000    0.0933230
   0.9400000    0.0865525
   0.9600000    0.0781956
   0.9800000    0.0686957
   1.0000000    0.0584628
   1.0200000    0.0478557
   1.0400000    0.0371719
   1.0600000    0.0266477
   1.0800000    0.0164666
   1.1000000    0.0067728
   1.1200000   -0.0023125
   1.1400000   -0.0106763
   1.1600000   -0.0182030
   1.1800000   -0.0247708
   1.2000000   -0.0302546
   1.2200000   -0.0345353
   1.2400000   -0.0375136
   1.2600000   -0.0391245
   1.2800000   -0.0393509
   1.3000000   -0.0382316
   1.3200000   -0.0358648
   1.3400000   -0.0324038
   1.3600000   -0.0280480
   1.3800000   -0.0230292
   1.4000000   -0.0175966
   1.4200000   -0.0120011
   1.4400000   -0.0064830
   1.4600000   -0.0012622
   1.4800000    0.0034677
   1.5000000    0.0075417
   1.5200000    0.0108238
   1.5400000    0.0132057
   1.5600000    0.0146065
   1.5800000    0.0149715
   1.6000000    0.0142743
   1.6200000    0.0125177
   1.6400000    0.0097368
   1.6600000    0.0060002
   1.6800000    0.0014107
   1.7000000   -0.0038968
   1.7200000   -0.0097591
   1.7400000   -0.0159916
   1.7600000   -0.0223970
   1.7800000   -0.0287741
   1.8000000   -0.0349277
   1.8200000   -0.0406770
   1.8400000   -0.0458630
   1.8600000   -0.0503531
   1.8800000   -0.0540454
   1.9000000   -0.0568702
   1.9200000   -0.0587911
   1.9400000   -0.0598049
   1.9600000   -0.0599408
   1.9800000   -0.0592588
   2.0000000   -0.0578463
   2.0200000   -0.0558130
   2.0400000   -0.0532838
   2.0600000   -0.0503898
   2.0800000   -0.0472572
   2.1000000   -0.0439963
   2.1200000   -0.0406913
   2.1400000   -0.0373922
   2.1600000   -0.0341102
   2.1800000   -0.0308179
   2.2000000   -0.0274538
   2.2200000   -0.0239316
   2.2400000   -0.0201522
   2.2600000   -0.0160182
   2.2800000   -0.0114477
   2.3000000   -0.0063880
   2.3200000   -0.0008254
   2.3400000    0.0052082
   2.3600000    0.0116329
   2.3800000    0.0183225
   2.4000000    0.0251101
   2.4200000    0.0317966
   2.4400000    0.0381607
   2.4600000    0.0439715
   2.4800000    0.0489998
   2.5000000    0.0530302
   2.5200000    0.0558722
   2.5400000    0.0573703
   2.5600000    0.0574125
   2.5800000    0.0559380
   2.6000000    0.0529433
   2.6200000    0.0484850
   2.6400000    0.0426824
   2.6600000    0.0357147
   2.6800000    0.0278170
   2.7000000    0.0192710
   2.7200000    0.0103936
   2.7400000    0.0015213
   2.7600000   -0.0070057
   2.7800000   -0.0148616
   2.8000000   -0.0217515
   2.8200000   -0.0274259
   2.8400000   -0.0316918
   2.8600000   -0.0344211
   2.8800000   -0.0355536
   2.9000000   -0.0350980
   2.9200000   -0.0331289
   2.9400000   -0.0297827
   2.9600000   -0.0252510
   2.9800000   -0.0197739
   3.0000000   -0.0136311
   3.0200000   -0.0071318
   3.0400000   -0.0006026
   3.0600000    0.0056277
   3.0800000    0.0112452
   3.1000000    0.0159701
   3.1200000    0.0195768
   3.1400000    0.0219115
   3.1600000    0.0229070
   3.1800000    0.0225908
   3.2000000    0.0210852
   3.2200000    0.0185988
   3.2400000    0.0154090
   3.2600000    0.0118373
   3.2800000    0.0082200
   3.3000000    0.0048783
   3.3200000    0.0020900
   3.3400000    0.0000673
   3.3600000   -0.0010569
   3.3800000   -0.0012340
   3.4000000   -0.0004951
   3.4200000    0.0010613
   3.4400000    0.0032872
   3.4600000    0.0060061
   3.4800000    0.0090331
   3.5000000    0.0121936
   3.5200000    0.0153372
   3.5400000    0.0183464
   3.5600000    0.0211404
   3.5800000    0.0236737
   3.6000000    0.0259312
   3.6200000    0.0279200
   3.6400000    0.0296610
   3.6600000    0.0311790
   3.6800000    0.0324946
   3.7000000    0.0336177
   3.7200000    0.0345431
   3.7400000    0.0352494
   3.7600000    0.0357004
   3.7800000    0.0358494
   3.8000000    0.0356453
   3.8200000    0.0350407
   3.8400000    0.0339998
   3.8600000    0.0325063
   3.8800000    0.0305693
   3.9000000    0.0282275
   3.9200000    0.0255502
   3.9400000    0.0226357
   3.9600000    0.0196072
   3.9800000    0.0166065
   4.0000000    0.0137854
   4.0200000    0.0112974
   4.0400000    0.0092880
   4.0600000    0.0078861
   4.0800000    0.0071956
   4.1000000    0.0072888
   4.1200000    0.0082005
   4.1400000    0.0099249
   4.1600000    0.0124136
   4.1800000    0.0155766
   4.2000000    0.0192858
   4.2200000    0.0233804
   4.2400000    0.0276755
   4.2600000    0.0319722
   4.2800000    0.0360695
   4.3000000    0.0397769
   4.3200000    0.0429261
   4.3400000    0.0453830
   4.3600000    0.0470556
   4.3800000    0.0479003
   4.4000000    0.0479233
   4.4200000    0.0471791
   4.4400000    0.0457637
   4.4600000    0.0438050
   4.4800000    0.0414507
   4.5000000    0.0388543
   4.5200000    0.0361609
   4.5400000    0.0334949
   4.5600000    0.0309496
   4.5800000    0.0285808
   4.6000000    0.0264038
   4.6200000    0.0243961
   4.6400000    0.0225018
   4.6600000    0.0206415
   4.6800000    0.0187229
   4.7000000    0.0166538
   4.7200000    0.0143541
   4.7400000    0.0117676
   4.7600000    0.0088710
   4.7800000    0.0056800
   4.8000000    0.0022514
   4.8200000   -0.0013193
   4.8400000   -0.0049041
   4.8600000   -0.0083533
   4.8800000   -0.0115087
   4.9000000   -0.0142184
   4.9200000   -0.0163516
   4.9400000   -0.0178108
   4.9600000   -0.0185413
   4.9800000   -0.0185345
   5.0000000   -0.0178267
   5.0200000   -0.0164923
   5.0400000   -0.0146323
   5.0600000   -0.0123612
   5.0800000   -0.0097924
   5.1000000   -0.0070263
   5.1200000   -0.0041413
   5.1400000   -0.0011904
   5.1600000    0.0017973
   5.1800000    0.0048101
   5.2000000    0.0078433
   5.2200000    0.0108875
   5.2400000    0.0139167
   5.2600000    0.0168801
   5.2800000    0.0196969
   5.3000000    0.0222573
   5.3200000    0.0244292
   5.3400000    0.0260689
   5.3600000    0.0270362
   5.3800000    0.0272105
   5.4000000    0.0265071
   5.4200000    0.0248900
   5.4400000    0.0223805
   5.4600000    0.0190610
   5.4800000    0.0150714
   5.5000000    0.0106015
   5.5200000    0.0058768
   5.5400000    0.0011427
   5.5600000   -0.0033537
   5.5800000   -0.0073807
   5.6000000   -0.0107373
   5.6200000   -0.0132646
   5.6400000   -0.0148525
   5.6600000   -0.0154427
   5.6800000   -0.0150265
   5.7000000   -0.0136401
   5.7200000   -0.0113566
   5.7400000   -0.0082781
   5.7600000   -0.0045267
   5.7800000   -0.0002373
   5.8000000    0.0044487
   5.8200000    0.0093883
   5.8400000    0.0144400
   5.8600000    0.0194660
   5.8800000    0.0243340
   5.9000000    0.0289180
   5.9200000    0.0331004
   5.9400000    0.0367728
   5.9600000    0.0398389
   5.9800000    0.0422165
   6.0000000    0.0438408
   6.0200000    0.0446674
   6.0400000    0.0446759
   6.0600000    0.0438723
   6.0800000    0.0422918
   6.1000000    0.0399995
   6.1200000    0.0370895
   6.1400000    0.0336821
   6.1600000    0.0299182
   6.1800000    0.0259513
   6.2000000    0.0219378
   6.2200000    0.0180259
   6.2400000    0.0143442
   6.2600000    0.0109920
   6.2800000    0.0080313
   6.3000000    0.0054830
   6.3200000    0.0033266
   6.3400000    0.0015042
   6.3600000   -0.0000714
   6.3800000   -0.0015058
   6.4000000   -0.0029109
   6.4200000   -0.0043916
   6.4400000   -0.0060349
   6.4600000   -0.0079001
   6.4800000   -0.0100132
   6.5000000   -0.0123643
   6.5200000   -0.0149083
   6.5400000   -0.0175696
   6.5600000   -0.0202479
   6.5800000   -0.0228261
   6.6000000   -0.0251791
   6.6200000   -0.0271812
   6.6400000   -0.0287140
   6.6600000   -0.0296722
   6.6800000   -0.0299683
   6.7000000   -0.0295361
   6.7200000   -0.0283330
   6.7400000   -0.0263414
   6.7600000   -0.0235698
   6.7800000   -0.0200537
   6.8000000   -0.0158558
   6.8200000   -0.0110666
   6.8400000   -0.0058038
   6.8600000   -0.0002121
   6.8800000    0.0055395
   6.9000000    0.0112612
   6.9200000    0.0167482
   6.9400000    0.0217890
   6.9600000    0.0261746
   6.9800000    0.0297111
   7.0000000    0.0322315
   7.0200000    0.0336082
   7.0400000    0.0337634
   7.0600000    0.0326769
   7.0800000    0.0303900
   7.1000000    0.0270043
   7.1200000    0.0226761
   7.1400000    0.0176054
   7.1600000    0.0120231
   7.1800000    0.0061740
   7.2000000    0.0003014
   7.2200000   -0.0053682
   7.2400000   -0.0106377
   7.2600000   -0.0153481
   7.2800000   -0.0193840
   7.3000000   -0.0226754
   7.3200000   -0.0251972
   7.3400000   -0.0269663
   7.3600000   -0.0280383
   7.3800000   -0.0285031
   7.4000000   -0.0284804
   7.4200000   -0.0281146
   7.4400000   -0.0275682
   7.4600000   -0.0270136
   7.4800000   -0.0266234
   7.5000000   -0.0265586
   7.5200000   -0.0269554
   7.5400000   -0.0279131
   7.5600000   -0.0294825
   7.5800000   -0.0316590
   7.6000000   -0.0343793
   7.6200000   -0.0375241
   7.6400000   -0.0409267
   7.6600000   -0.0443858
   7.6800000   -0.0476826
   7.7000000   -0.0505983
   7.7200000   -0.0529324
   7.7400000   -0.0545170
   7.7600000   -0.0552282
   7.7800000   -0.0549922
   7.8000000   -0.0537870
   7.8200000   -0.0516395
   7.8400000   -0.0486199
   7.8600000   -0.0448345
   7.8800000   -0.0404174
   7.9000000   -0.0355232
   7.9200000   -0.0303200
   7.9400000   -0.0249836
   7.9600000   -0.0196918
   7.9800000   -0.0146192
   8.0000000   -0.0099310
   8.0200000   -0.0057769
   8.0400000   -0.0022838
   8.0600000    0.0004513
   8.0800000    0.0023674
   8.1000000    0.0034448
   8.1200000    0.0037070
   8.1400000    0.0032208
   8.1600000    0.0020921
   8.1800000    0.0004603
   8.2000000   -0.0015106
   8.2200000   -0.0036415
   8.2400000   -0.0057474
   8.2600000   -0.0076468
   8.2800000   -0.0091689
   8.3000000   -0.0101588
   8.3200000   -0.0104817
   8.3400000   -0.0100252
   8.3600000   -0.0087014
   8.3800000   -0.0064487
   8.4000000   -0.0032349
   8.4200000    0.0009402
   8.4400000    0.0060396
   8.4600000    0.0119861
   8.4800000    0.0186579
   8.5000000    0.0258882
   8.5200000    0.0334659
   8.5400000    0.0411413
   8.5600000    0.0486350
   8.5800000    0.0556503
   8.6000000    0.0618891
   8.6200000    0.0670690
   8.6400000    0.0709402
   8.6600000    0.0733014
   8.6800000    0.0740129
   8.7000000    0.0730059
   8.7200000    0.0702873
   8.7400000    0.0659397
   8.7600000    0.0601172
   8.7800000    0.0530374
   8.8000000    0.0449693
   8.8200000    0.0362193
   8.8400000    0.0271151
   8.8600000    0.0179888
   8.8800000    0.0091600
   8.9000000    0.0009211
   8.9200000   -0.0064766
   8.9400000   -0.0128319
   8.9600000   -0.0179999
   8.9800000   -0.0218932
   9.0000000   -0.0244793
   9.0200000   -0.0257745
   9.0400000   -0.0258349
   9.0600000   -0.0247477
   9.0800000   -0.0226214
   9.1000000   -0.0195789
   9.1200000   -0.0157522
   9.1400000   -0.0112804
   9.1600000   -0.0063089
   9.1800000   -0.0009904
   9.2000000    0.0045143
   9.2200000    0.0100368
   9.2400000    0.0154045
   9.2600000    0.0204464
   9.2800000    0.0250018
   9.3000000    0.0289310
   9.3200000    0.0321272
   9.3400000    0.0345264
   9.3600000    0.0361158
   9.3800000    0.0369372
   9.4000000    0.0370861
   9.4200000    0.0367045
   9.4400000    0.0359703
   9.4600000    0.0350811
   9.4800000    0.0342382
   9.5000000    0.0336287
   9.5200000    0.0334107
   9.5400000    0.0337016
   9.5600000    0.0345706
   9.5800000    0.0360364
   9.6000000    0.0380699
   9.6200000    0.0405999
   9.6400000    0.0435221
   9.6600000    0.0467094
   9.6800000    0.0500218
   9.7000000    0.0533165
   9.7200000    0.0564545
   9.7400000    0.0593077
   9.7600000    0.0617617
   9.7800000    0.0637184
   9.8000000    0.0650966
   9.8200000    0.0658319
   9.8400000    0.0658756
   9.8600000    0.0651946
   9.8800000    0.0637705
   9.9000000    0.0616002
   9.9200000    0.0586963
   9.9400000    0.0550887
   9.9600000    0.0508264
   9.9800000    0.0459782
  10.0000000    0.0406342
  10.0200000    0.0349047
  10.0400000    0.0289189
  10.0600000    0.0228201
  10.0800000    0.0167615
  10.1000000    0.0108988
  10.1200000    0.0053832
  10.1400000    0.0003544
  10.1600000   -0.0040652
  10.1800000   -0.0077758
  10.2000000   -0.0107020
  10.2200000   -0.0127945
  10.2400000   -0.0140287
  10.2600000   -0.0144031
  10.2800000   -0.0139371
  10.3000000   -0.0126688
  10.3200000   -0.0106542
  10.3400000   -0.0079670
  10.3600000   -0.0046995
  10.3800000   -0.0009638
  10.4000000    0.0031075
  10.4200000    0.0073616
  10.4400000    0.0116287
  10.4600000    0.0157269
  10.4800000    0.0194718
  10.5000000    0.0226867
  10.5200000    0.0252156
  10.5400000    0.0269358
  10.5600000    0.0277684
  10.5800000    0.0276858
  10.6000000    0.0267144
  10.6200000    0.0249320
  10.6400000    0.0224599
  10.6600000    0.0194515
  10.6800000    0.0160775
  10.7000000    0.0125111
  10.7200000    0.0089147
  10.7400000    0.0054286
  10.7600000    0.0021648
  10.7800000   -0.0007961
  10.8000000   -0.0034042
  10.8200000   -0.0056361
  10.8400000   -0.0074910
  10.8600000   -0.0089853
  10.8800000   -0.0101484
  10.9000000   -0.0110206
  10.9200000   -0.0116508
  10.9400000   -0.0120967
  10.9600000   -0.0124241
  10.9800000   -0.0127066
  11.0000000   -0.0130238
  11.0200000   -0.0134598
  11.0400000   -0.0140991
  11.0600000   -0.0150235
  11.0800000   -0.0163077
  11.1000000   -0.0180156
  11.1200000   -0.0201970
  11.1400000   -0.0228837
  11.1600000   -0.0260871
  11.1800000   -0.0297947
  11.2000000   -0.0339663
  11.2200000   -0.0385310
  11.2400000   -0.0433838
  11.2600000   -0.0483831
  11.2800000   -0.0533509
  11.3000000   -0.0580749
  11.3200000   -0.0623154
  11.3400000   -0.0658150
  11.3600000   -0.0683136
  11.3800000   -0.0695656
  11.4000000   -0.0693601
  11.4200000   -0.0675406
  11.4400000   -0.0640226
  11.4600000   -0.0588078
  11.4800000   -0.0519916
  11.5000000   -0.0437639
  11.5200000   -0.0344016
  11.5400000   -0.0242539
  11.5600000   -0.0137205
  11.5800000   -0.0032262
  11.6000000    0.0068075
  11.6200000    0.0159891
  11.6400000    0.0239817
  11.6600000    0.0305204
  11.6800000    0.0354239
  11.7000000    0.0385970
  11.7200000    0.0400268
  11.7400000    0.0397721
  11.7600000    0.0379483
  11.7800000    0.0347110
  11.8000000    0.0302399
  11.8200000    0.0247251
  11.8400000    0.0183570
  11.8600000    0.0113212
  11.8800000    0.0037963
  11.9000000   -0.0040447
  11.9200000   -0.0120314
  11.9400000   -0.0199934
  11.9600000   -0.0277586
  11.9800000   -0.0351540
  12.0000000   -0.0420091
  12.0200000   -0.0481613
  12.0400000   -0.0534631
  12.0600000   -0.0577892
  12.0800000   -0.0610430
  12.1000000   -0.0631618
  12.1200000   -0.0641182
  12.1400000   -0.0639194
  12.1600000   -0.0626038
  12.1800000   -0.0602352
  12.2000000   -0.0568963
  12.2200000   -0.0526816
  12.2400000   -0.0476919
  12.2600000   -0.0420302
  12.2800000   -0.0357992
  12.3000000   -0.0291012
  12.3200000   -0.0220401
  12.3400000   -0.0147228
  12.3600000   -0.0072622
  12.3800000    0.0002219
  12.4000000    0.0076026
  12.4200000    0.0147475
  12.4400000    0.0215226
  12.4600000    0.0277970
  12.4800000    0.0334489
  12.5000000    0.0383704
  12.5200000    0.0424723
  12.5400000    0.0456871
  12.5600000    0.0479695
  12.5800000    0.0492949
  12.6000000    0.0496574
  12.6200000    0.0490653
  12.6400000    0.0475378
  12.6600000    0.0451022
  12.6800000    0.0417933
  12.7000000    0.0376536
  12.7200000    0.0327376
  12.7400000    0.0271153
  12.7600000    0.0208788
  12.7800000    0.0141467
  12.8000000    0.0070686
  12.8200000   -0.0001737
  12.8400000   -0.0073677
  12.8600000   -0.0142754
  12.8800000   -0.0206418
  12.9000000   -0.0262073
  12.9200000   -0.0307218
  12.9400000   -0.0339603
  12.9600000   -0.0357397
  12.9800000   -0.0359331
  13.0000000   -0.0344826
  13.0200000   -0.0314082
  13.0400000   -0.0268122
  13.0600000   -0.0208774
  13.0800000   -0.0138607
  13.1000000   -0.0060811
  13.1200000    0.0020982
  13.1400000    0.0102892
  13.1600000    0.0181026
  13.1800000    0.0251701
  13.2000000    0.0311651
  13.2200000    0.0358207
  13.2400000    0.0389420
  13.2600000    0.0404128
  13.2800000    0.0401966
  13.3000000    0.0383309
  13.3200000    0.0349175
  13.3400000    0.0301087
  13.3600000    0.0240923
  13.3800000    0.0170759
  13.4000000    0.0092738
  13.4200000    0.0008951
  13.4400000   -0.0078627
  13.4600000   -0.0168183
  13.4800000   -0.0258071
  13.5000000   -0.0346787
  13.5200000   -0.0432938
  13.5400000   -0.0515202
  13.5600000   -0.0592295
  13.5800000   -0.0662952
  13.6000000   -0.0725931
  13.6200000   -0.0780031
  13.6400000   -0.0824144
  13.6600000   -0.0857302
  13.6800000   -0.0878751
  13.7000000   -0.0888011
  13.7200000   -0.0884936
  13.7400000   -0.0869754
  13.7600000   -0.0843088
  13.7800000   -0.0805958
  13.8000000   -0.0759757
  13.8200000   -0.0706213
  13.8400000   -0.0647330
  13.8600000   -0.0585326
  13.8800000   -0.0522555
  13.9000000   -0.0461435
  13.9200000   -0.0404360
  13.9400000   -0.0353620
  13.9600000   -0.0311307
  13.9800000   -0.0279225
  14.0000000   -0.0258790
  14.0200000   -0.0250937
  14.0400000   -0.0256041
  14.0600000   -0.0273844
  14.0800000   -0.0303415
  14.1000000   -0.0343153
  14.1200000   -0.0390818
  14.1400000   -0.0443625
  14.1600000   -0.0498370
  14.1800000   -0.0551607
  14.2000000   -0.0599850
  14.2200000   -0.0639789
  14.2400000   -0.0668513
  14.2600000   -0.0683708
  14.2800000   -0.0683825
  14.3000000   -0.0668197
  14.3200000   -0.0637105
  14.3400000   -0.0591774
  14.3600000   -0.0534310
  14.3800000   -0.0467581
  14.4000000   -0.0395046
  14.4200000   -0.0320555
  14.4400000   -0.0248119
  14.4600000   -0.0181684
  14.4800000   -0.0124909
  14.5000000   -0.0080964
  14.5200000   -0.0052363
  14.5400000   -0.0040835
  14.5600000   -0.0047231
  14.5800000   -0.0071484
  14.6000000   -0.0112599
  14.6200000   -0.0168691
  14.6400000   -0.0237057
  14.6600000   -0.0314285
  14.6800000   -0.0396398
  14.7000000   -0.0479028
  14.7200000   -0.0557625
  14.7400000   -0.0627685
  14.7600000   -0.0684994
  14.7800000   -0.0725869
  14.8000000   -0.0747390
  14.8200000   -0.0747587
  14.8400000   -0.0725584
  14.8600000   -0.0681667
  14.8800000   -0.0617282
  14.9000000   -0.0534947
  14.9200000   -0.0438106
  14.9400000   -0.0330913
  14.9600000   -0.0217993
  14.9800000   -0.0104182
  15.0000000    0.0005726
  15.0200000    0.0107203
  15.0400000    0.0196174
  15.0600000    0.0269164
  15.0800000    0.0323400
  15.1000000    0.0356875
  15.1200000    0.0368380
  15.1400000    0.0357512
  15.1600000    0.0324664
  15.1800000    0.0271006
  15.2000000    0.0198449
  15.2200000    0.0109599
  15.2400000    0.0007691
  15.2600000   -0.0103486
  15.2800000   -0.0219702
  15.3000000   -0.0336410
  15.3200000   -0.0448907
  15.3400000   -0.0552504
  15.3600000   -0.0642724
  15.3800000   -0.0715497
  15.4000000   -0.0767356
  15.4200000   -0.0795606
  15.4400000   -0.0798475
  15.4600000   -0.0775207
  15.4800000   -0.0726120
  15.5000000   -0.0652598
  15.5200000   -0.0557036
  15.5400000   -0.0442730
  15.5600000   -0.0313727
  15.5800000   -0.0174648
  15.6000000   -0.0030480
  15.6200000    0.0113633
  15.6400000    0.0252597
  15.6600000    0.0381567
  15.6800000    0.0496128
  15.7000000    0.0592450
  15.7200000    0.0667420
  15.7400000    0.0718738
  15.7600000    0.0744991
  15.7800000    0.0745688
  15.8000000    0.0721278
  15.8200000    0.0673122
  15.8400000    0.0603451
  15.8600000    0.0515288
  15.8800000    0.0412336
  15.9000000    0.0298847
  15.9200000    0.0179448
  15.9400000    0.0058953
  15.9600000   -0.0057850
  15.9800000   -0.0166431
  16.0000000   -0.0262733
  16.0200000   -0.0343379
  16.0400000   -0.0405842
  16.0600000   -0.0448566
  16.0800000   -0.0471024
  16.1000000   -0.0473715
  16.1200000   -0.0458086
  16.1400000   -0.0426407
  16.1600000   -0.0381593
  16.1800000   -0.0326997
  16.2000000   -0.0266197
  16.2200000   -0.0202778
  16.2400000   -0.0140146
  16.2600000   -0.0081352
  16.2800000   -0.0028963
  16.3000000    0.0015040
  16.3200000    0.0049326
  16.3400000    0.0073243
  16.3600000    0.0086813
  16.3800000    0.0090698
  16.4000000    0.0086125
  16.4200000    0.0074795
  16.4400000    0.0058754
  16.4600000    0.0040251
  16.4800000    0.0021589
  16.5000000    0.0004972
  16.5200000   -0.0007638
  16.5400000   -0.0014630
  16.5600000   -0.0014840
  16.5800000   -0.0007597
  16.6000000    0.0007259
  16.6200000    0.0029396
  16.6400000    0.0058033
  16.6600000    0.0092018
  16.6800000    0.0129907
  16.7000000    0.0170064
  16.7200000    0.0210765
  16.7400000    0.0250294
  16.7600000    0.0287044
  16.7800000    0.0319601
  16.8000000    0.0346816
  16.8200000    0.0367861
  16.8400000    0.0382260
  16.8600000    0.0389905
  16.8800000    0.0391039
  16.9000000    0.0386231
  16.9200000    0.0376326
  16.9400000    0.0362388
  16.9600000    0.0345643
  16.9800000    0.0327402
  17.0000000    0.0309003
  17.0200000    0.0291741
  17.0400000    0.0276803
  17.0600000    0.0265205
  17.0800000    0.0257730
  17.1000000    0.0254879
  17.1200000    0.0256831
  17.1400000    0.0263418
  17.1600000    0.0274136
  17.1800000    0.0288167
  17.2000000    0.0304439
  17.2200000    0.0321703
  17.2400000    0.0338624
  17.2600000    0.0353882
  17.2800000    0.0366265
  17.3000000    0.0374747
  17.3200000    0.0378549
  17.3400000    0.0377177
  17.3600000    0.0370434
  17.3800000    0.0358420
  17.4000000    0.0341515
  17.4200000    0.0320351
  17.4400000    0.0295786
  17.4600000    0.0268867
  17.4800000    0.0240793
  17.5000000    0.0212873
  17.5200000    0.0186469
  17.5400000    0.0162941
  17.5600000    0.0143564
  17.5800000    0.0129449
  17.6000000    0.0121456
  17.6200000    0.0120105
  17.6400000    0.0125508
  17.6600000    0.0137318
  17.6800000    0.0154708
  17.7000000    0.0176390
  17.7200000    0.0200671
  17.7400000    0.0225547
  17.7600000    0.0248832
  17.7800000    0.0268305
  17.8000000    0.0281873
  17.8200000    0.0287728
  17.8400000    0.0284489
  17.8600000    0.0271324
  17.8800000    0.0248029
  17.9000000    0.0215067
  17.9200000    0.0173567
  17.9400000    0.0125268
  17.9600000    0.0072426
  17.9800000    0.0017680
  18.0000000   -0.0036117
  18.0200000   -0.0086080
  18.0400000   -0.0129491
  18.0600000   -0.0163984
  18.0800000   -0.0187707
  18.1000000   -0.0199457
  18.1200000   -0.0198761
  18.1400000   -0.0185907
  18.1600000   -0.0161921
  18.1800000   -0.0128494
  18.2000000   -0.0087864
  18.2200000   -0.0042669
  18.2400000    0.0004223
  18.2600000    0.0049887
  18.2800000    0.0091515
  18.3000000    0.0126576
  18.3200000    0.0152954
  18.3400000    0.0169063
  18.3600000    0.0173927
  18.3800000    0.0167233
  18.4000000    0.0149336
  18.4200000    0.0121234
  18.4400000    0.0084499
  18.4600000    0.0041172
  18.4800000   -0.0006366
  18.5000000   -0.0055547
  18.5200000   -0.0103780
  18.5400000   -0.0148609
  18.5600000   -0.0187853
  18.5800000   -0.0219725
  18.6000000   -0.0242919
  18.6200000   -0.0256658
  18.6400000   -0.0260711
  18.6600000   -0.0255371
  18.6800000   -0.0241418
  18.7000000   -0.0220047
  18.7200000   -0.0192791
  18.7400000   -0.0161437
  18.7600000   -0.0127930
  18.7800000   -0.0094282
  18.8000000   -0.0062483
  18.8200000   -0.0034411
  18.8400000   -0.0011755
  18.8600000    0.0004062
  18.8800000    0.0011952
  18.9000000    0.0011211
  18.9200000    0.0001570
  18.9400000   -0.0016783
  18.9600000   -0.0043189
  18.9800000   -0.0076536
  19.0000000   -0.0115284
  19.0200000   -0.0157531
  19.0400000   -0.0201091
  19.0600000   -0.0243598
  19.0800000   -0.0282627
  19.1000000   -0.0315824
  19.1200000   -0.0341039
  19.1400000   -0.0356455
  19.1600000   -0.0360696
  19.1800000   -0.0352913
  19.2000000   -0.0332843
  19.2200000   -0.0300827
  19.2400000   -0.0257791
  19.2600000   -0.0205202
  19.2800000   -0.0144987
  19.3000000   -0.0079428
  19.3200000   -0.0011048
  19.3400000    0.0057518
  19.3600000    0.0123645
  19.3800000    0.0184843
  19.4000000    0.0238866
  19.4200000    0.0283804
  19.4400000    0.0318166
  19.4600000    0.0340930
  19.4800000    0.0351585
  19.5000000    0.0350138
  19.5200000    0.0337106
  19.5400000    0.0313485
  19.5600000    0.0280703
  19.5800000    0.0240554
  19.6000000    0.0195124
  19.6200000    0.0146706
  19.6400000    0.0097709
  19.6600000    0.0050567
  19.6800000    0.0007635
  19.7000000   -0.0028908
  19.7200000   -0.0057163
  19.7400000   -0.0075608
  19.7600000   -0.0083196
  19.7800000   -0.0079429
  19.8000000   -0.0064413
  19.8200000   -0.0038882
  19.8400000   -0.0004186
  19.8600000    0.0037771
  19.8800000    0.0084631
  19.9000000    0.0133723
  19.9200000    0.0182227
  19.9400000    0.0227360
  19.9600000    0.0266556
  19.9800000    0.0297633
  20.0000000    0.0318928
  20.0200000    0.0329390
  20.0400000    0.0328630
  20.0600000    0.0316920
  20.0800000    0.0295148
  20.1000000    0.0264746
  20.1200000    0.0227573
  20.1400000    0.0185807
  20.1600000    0.0141805
  20.1800000    0.0097990
  20.2000000    0.0056730
  20.2200000    0.0020239
  20.2400000   -0.0009511
  20.2600000   -0.0030863
  20.2800000   -0.0042534
  20.3000000   -0.0043661
  20.3200000   -0.0033841
  20.3400000   -0.0013145
  20.3600000    0.0017867
  20.3800000    0.0058167
  20.4000000    0.0106284
  20.4200000    0.0160373
  20.4400000    0.0218289
  20.4600000    0.0277702
  20.4800000    0.0336214
  20.5000000    0.0391497
  20.5200000    0.0441423
  20.5400000    0.0484188
  20.5600000    0.0518408
  20.5800000    0.0543185
  20.6000000    0.0558131
  20.6200000    0.0563352
  20.6400000    0.0559398
  20.6600000    0.0547170
  20.6800000    0.0527822
  20.7000000    0.0502643
  20.7200000    0.0472952
  20.7400000    0.0440014
  20.7600000    0.0404970
  20.7800000    0.0368815
  20.8000000    0.0332383
  20.8200000    0.0296362
  20.8400000    0.0261319
  20.8600000    0.0227717
  20.8800000    0.0195927
  20.9000000    0.0166226
  20.9200000    0.0138771
  20.9400000    0.0113578
  20.9600000    0.0090486
  20.9800000    0.0069144
  21.0000000    0.0049009
  21.0200000    0.0029377
  21.0400000    0.0009435
  21.0600000   -0.0011652
  21.0800000   -0.0034654
  21.1000000   -0.0060180
  21.1200000   -0.0088592
  21.1400000   -0.0119952
  21.1600000   -0.0153997
  21.1800000   -0.0190144
  21.2000000   -0.0227541
  21.2200000   -0.0265137
  21.2400000   -0.0301768
  21.2600000   -0.0336253
  21.2800000   -0.0367484
  21.3000000   -0.0394504
  21.3200000   -0.0416562
  21.3400000   -0.0433145
  21.3600000   -0.0443993
  21.3800000   -0.0449082
  21.4000000   -0.0448597
  21.4200000   -0.0442890
  21.4400000   -0.0432430
  21.4600000   -0.0417754
  21.4800000   -0.0399424
  21.5000000   -0.0377989
  21.5200000   -0.0353971
  21.5400000   -0.0327855
  21.5600000   -0.0300111
  21.5800000   -0.0271217
  21.6000000   -0.0241696
  21.6200000   -0.0212164
  21.6400000   -0.0183355
  21.6600000   -0.0156146
  21.6800000   -0.0131552
  21.7000000   -0.0110693
  21.7200000   -0.0094731
  21.7400000   -0.0084787
  21.7600000   -0.0081825
  21.7800000   -0.0086551
  21.8000000   -0.0099296
  21.8200000   -0.0119941
  21.8400000   -0.0147867
  21.8600000   -0.0181954
  21.8800000   -0.0220627
  21.9000000   -0.0261950
  21.9200000   -0.0303759
  21.9400000   -0.0343821
  21.9600000   -0.0380003
  21.9800000   -0.0410438
  22.0000000   -0.0433664
  22.0200000   -0.0448725
  22.0400000   -0.0455232
  22.0600000   -0.0453367
  22.0800000   -0.0443832
  22.1000000   -0.0427760
  22.1200000   -0.0406586
  22.1400000   -0.0381895
  22.1600000   -0.0355268
  22.1800000   -0.0328133
  22.2000000   -0.0301645
  22.2200000   -0.0276594
  22.2400000   -0.0253352
  22.2600000   -0.0231869
  22.2800000   -0.0211693
  22.3000000   -0.0192034
  22.3200000   -0.0171850
  22.3400000   -0.0149947
  22.3600000   -0.0125095
  22.3800000   -0.0096144
  22.4000000   -0.0062147
  22.4200000   -0.0022464
  22.4400000    0.0023143
  22.4600000    0.0074439
  22.4800000    0.0130676
  22.5000000    0.0190594
  22.5200000    0.0252462
  22.5400000    0.0314165
  22.5600000    0.0373326
  22.5800000    0.0427458
  22.6000000    0.0474128
  22.6200000    0.0511125
  22.6400000    0.0536594
  22.6600000    0.0549160
  22.6800000    0.0547987
  22.7000000    0.0532814
  22.7200000    0.0503932
  22.7400000    0.0462141
  22.7600000    0.0408671
  22.7800000    0.0345101
  22.8000000    0.0273268
  22.8200000    0.0195184
  22.8400000    0.0112966
  22.8600000    0.0028770
  22.8800000   -0.0055260
  22.9000000   -0.0137036
  22.9200000   -0.0214576
  22.9400000   -0.0286044
  22.9600000   -0.0349800
  22.9800000   -0.0404446
  23.0000000   -0.0448873
  23.0200000   -0.0482301
  23.0400000   -0.0504310
  23.0600000   -0.0514851
  23.0800000   -0.0514244
  23.1000000   -0.0503153
  23.1200000   -0.0482543
  23.1400000   -0.0453622
  23.1600000   -0.0417772
  23.1800000   -0.0376477
  23.2000000   -0.0331250
  23.2200000   -0.0283565
  23.2400000   -0.0234801
  23.2600000   -0.0186196
  23.2800000   -0.0138807
  23.3000000   -0.0093494
  23.3200000   -0.0050903
  23.3400000   -0.0011468
  23.3600000    0.0024581
  23.3800000    0.0057200
  23.4000000    0.0086501
  23.4200000    0.0112715
  23.4400000    0.0136155
  23.4600000    0.0157164
  23.4800000    0.0176071
  23.5000000    0.0193147
  23.5200000    0.0208566
  23.5400000    0.0222378
  23.5600000    0.0234494
  23.5800000    0.0244680
  23.6000000    0.0252572
  23.6200000    0.0257702
  23.6400000    0.0259533
  23.6600000    0.0257502
  23.6800000    0.0251073
  23.7000000    0.0239780
  23.7200000    0.0223273
  23.7400000    0.0201345
  23.7600000    0.0173963
  23.7800000    0.0141271
  23.8000000    0.0103594
  23.8200000    0.0061433
  23.8400000    0.0015451
  23.8600000   -0.0033540
  23.8800000   -0.0084590
  23.9000000   -0.0136629
  23.9200000   -0.0188474
  23.9400000   -0.0238854
  23.9600000   -0.0286431
  23.9800000   -0.0329835
  24.0000000   -0.0367709
  24.0200000   -0.0398768
  24.0400000   -0.0421864
  24.0600000   -0.0436051
  24.0800000   -0.0440658
  24.1000000   -0.0435343
  24.1200000   -0.0420135
  24.1400000   -0.0395456
  24.1600000   -0.0362114
  24.1800000   -0.0321277
  24.2000000   -0.0274424
  24.2200000   -0.0223268
  24.2400000   -0.0169681
  24.2600000   -0.0115602
  24.2800000   -0.0062946
  24.3000000   -0.0013525
  24.3200000    0.0031031
  24.3400000    0.0069338
  24.3600000    0.0100300
  24.3800000    0.0123149
  24.4000000    0.0137462
  24.4200000    0.0143162
  24.4400000    0.0140507
  24.4600000    0.0130059
  24.4800000    0.0112643
  24.5000000    0.0089291
  24.5200000    0.0061181
  24.5400000    0.0029570
  24.5600000   -0.0004264
  24.5800000   -0.0039083
  24.6000000   -0.0073724
  24.6200000   -0.0107128
  24.6400000   -0.0138350
  24.6600000   -0.0166558
  24.6800000   -0.0191027
  24.7000000   -0.0211122
  24.7200000   -0.0226297
  24.7400000   -0.0236097
  24.7600000   -0.0240171
  24.7800000   -0.0238295
  24.8000000   -0.0230410
  24.8200000   -0.0216647
  24.8400000   -0.0197358
  24.8600000   -0.0173127
  24.8800000   -0.0144767
  24.9000000   -0.0113292
  24.9200000   -0.0079871
  24.9400000   -0.0045768
  24.9600000   -0.0012263
  24.9800000    0.0019414
  25.0000000    0.0048155
  25.0200000    0.0073030
  25.0400000    0.0093315
  25.0600000    0.0108511
  25.0800000    0.0118341
  25.1000000    0.0122721
  25.1200000    0.0121738
  25.1400000    0.0115608
  25.1600000    0.0104645
  25.1800000    0.0089229
  25.2000000    0.0069787
  25.2200000    0.0046780
  25.2400000    0.0020697
  25.2600000   -0.0007941
  25.2800000   -0.0038573
  25.3000000   -0.0070592
  25.3200000   -0.0103337
  25.3400000   -0.0136087
  25.3600000   -0.0168066
  25.3800000   -0.0198452
  25.4000000   -0.0226397
  25.4200000   -0.0251063
  25.4400000   -0.0271654
  25.4600000   -0.0287473
  25.4800000   -0.0297964
  25.5000000   -0.0302756
  25.5200000   -0.0301696
  25.5400000   -0.0294865
  25.5600000   -0.0282575
  25.5800000   -0.0265341
  25.6000000   -0.0243847
  25.6200000   -0.0218891
  25.6400000   -0.0191336
  25.6600000   -0.0162059
  25.6800000   -0.0131920
  25.7000000   -0.0101737
  25.7200000   -0.0072282
  25.7400000   -0.0044293
  25.7600000   -0.0018483
  25.7800000    0.0004438
  25.8000000    0.0023762
  25.8200000    0.0038779
  25.8400000    0.0048794
  25.8600000    0.0053162
  25.8800000    0.0051322
  25.9000000    0.0042854
  25.9200000    0.0027526
  25.9400000    0.0005349
  25.9600000   -0.0023387
  25.9800000   -0.0058079
  26.0000000   -0.0097797
  26.0200000   -0.0141286
  26.0400000   -0.0186991
  26.0600000   -0.0233102
  26.0800000   -0.0277622
  26.1000000   -0.0318452
  26.1200000   -0.0353498
  26.1400000   -0.0380781
  26.1600000   -0.0398559
  26.1800000   -0.0405432
  26.2000000   -0.0400443
  26.2200000   -0.0383145
  26.2400000   -0.0353650
  26.2600000   -0.0312640
  26.2800000   -0.0261347
  26.3000000   -0.0201505
  26.3200000   -0.0135275
  26.3400000   -0.0065154
  26.3600000    0.0006140
  26.3800000    0.0075791
  26.4000000    0.0141009
  26.4200000    0.0199169
  26.4400000    0.0247939
  26.4600000    0.0285398
  26.4800000    0.0310139
  26.5000000    0.0321351
  26.5200000    0.0318859
  26.5400000    0.0303134
  26.5600000    0.0275262
  26.5800000    0.0236871
  26.6000000    0.0190032
  26.6200000    0.0137132
  26.6400000    0.0080734
  26.6600000    0.0023440
  26.6800000   -0.0032244
  26.7000000   -0.0084022
  26.7200000   -0.0129905
  26.7400000   -0.0168279
  26.7600000   -0.0197957
  26.7800000   -0.0218203
  26.8000000   -0.0228737
  26.8200000   -0.0229723
  26.8400000   -0.0221737
  26.8600000   -0.0205719
  26.8800000   -0.0182917
  26.9000000   -0.0154809
  26.9200000   -0.0123023
  26.9400000   -0.0089250
  26.9600000   -0.0055149
  26.9800000   -0.0022266
  27.0000000    0.0008043
  27.0200000    0.0034671
  27.0400000    0.0056801
  27.0600000    0.0073924
  27.0800000    0.0085839
  27.1000000    0.0092634
  27.1200000    0.0094656
  27.1400000    0.0092464
  27.1600000    0.0086798
  27.1800000    0.0078530
  27.2000000    0.0068630
  27.2200000    0.0058137
  27.2400000    0.0048118
  27.2600000    0.0039638
  27.2800000    0.0033714
  27.3000000    0.0031268
  27.3200000    0.0033069
  27.3400000    0.0039677
  27.3600000    0.0051384
  27.3800000    0.0068179
  27.4000000    0.0089718
  27.4200000    0.0115325
  27.4400000    0.0144021
  27.4600000    0.0174571
  27.4800000    0.0205559
  27.5000000    0.0235471
  27.5200000    0.0262787
  27.5400000    0.0286073
  27.5600000    0.0304061
  27.5800000    0.0315722
  27.6000000    0.0320319
  27.6200000    0.0317450
  27.6400000    0.0307061
  27.6600000    0.0289450
  27.6800000    0.0265247
  27.7000000    0.0235373
  27.7200000    0.0200978
  27.7400000    0.0163370
  27.7600000    0.0123932
  27.7800000    0.0084034
  27.8000000    0.0044958
  27.8200000    0.0007836
  27.8400000   -0.0026390
  27.8600000   -0.0056977
  27.8800000   -0.0083373
  27.9000000   -0.0105183
  27.9200000   -0.0122124
  27.9400000   -0.0133985
  27.9600000   -0.0140598
  27.9800000   -0.0141818
  28.0000000   -0.0137539
  28.0200000   -0.0127726
  28.0400000   -0.0112463
  28.0600000   -0.0092010
  28.0800000   -0.0066854
  28.1000000   -0.0037746
  28.1200000   -0.0005714
  28.1400000    0.0027960
  28.1600000    0.0061786
  28.1800000    0.0094146
  28.2000000    0.0123386
  28.2200000    0.0147930
  28.2400000    0.0166380
  28.2600000    0.0177616
  28.2800000    0.0180872
  28.3000000    0.0175788
  28.3200000    0.0162441
  28.3400000    0.0141342
  28.3600000    0.0113414
  28.3800000    0.0079939
  28.4000000    0.0042502
  28.4200000    0.0002904
  28.4400000   -0.0036927
  28.4600000   -0.0075028
  28.4800000   -0.0109504
  28.5000000   -0.0138627
  28.5200000   -0.0160918
  28.5400000   -0.0175232
  28.5600000   -0.0180810
  28.5800000   -0.0177319
  28.6000000   -0.0164853
  28.6200000   -0.0143913
  28.6400000   -0.0115362
  28.6600000   -0.0080353
  28.6800000   -0.0040249
  28.7000000    0.0003460
  28.7200000    0.0049237
  28.7400000    0.0095563
  28.7600000    0.0140985
  28.7800000    0.0184146
  28.8000000    0.0223807
  28.8200000    0.0258854
  28.8400000    0.0288315
  28.8600000    0.0311374
  28.8800000    0.0327400
  28.9000000    0.0335982
  28.9200000    0.0336960
  28.9400000    0.0330457
  28.9600000    0.0316894
  28.9800000    0.0296988
  29.0000000    0.0271717
  29.0200000    0.0242268
  29.0400000    0.0209964
  29.0600000    0.0176172
  29.0800000    0.0142218
  29.1000000    0.0109298
  29.1200000    0.0078409
  29.1400000    0.0050301
  29.1600000    0.0025444
  29.1800000    0.0004031
  29.2000000   -0.0014011
  29.2200000   -0.0028982
  29.2400000   -0.0041360
  29.2600000   -0.0051746
  29.2800000   -0.0060801
  29.3000000   -0.0069183
  29.3200000   -0.0077494
  29.3400000   -0.0086225
  29.3600000   -0.0095722
  29.3800000   -0.0106153
  29.4000000   -0.0117498
  29.4200000   -0.0129545
  29.4400000   -0.0141906
  29.4600000   -0.0154045
  29.4800000   -0.0165314
  29.5000000   -0.0175004
  29.5200000   -0.0182407
  29.5400000   -0.0186875
  29.5600000   -0.0187889
  29.5800000   -0.0185108
  29.6000000   -0.0178426
  29.6200000   -0.0167994
  29.6400000   -0.0154235
  29.6600000   -0.0137829
  29.6800000   -0.0119682
  29.7000000   -0.0100866
  29.7200000   -0.0082557
  29.7400000   -0.0065960
  29.7600000   -0.0052230
  29.7800000   -0.0042406
  29.8000000   -0.0037344
  29.8200000   -0.0037669
  29.8400000   -0.0043731
  29.8600000   -0.0055567
  29.8800000   -0.0072873
  29.9000000   -0.0094980
  29.9200000   -0.0120843
  29.9400000   -0.0149036
  29.9600000   -0.0177779
  29.9800000   -0.0204991
  30.0000000   -0.0228380
