 -10.0000000    0.0695732
  -9.9800000    0.0724587
  -9.9600000    0.0747899
  -9.9400000    0.0765162
  -9.9200000    0.0775879
  -9.9000000    0.0779619
  -9.8800000    0.0776064
  -9.8600000    0.0765037
  -9.8400000    0.0746520
  -9.8200000    0.0720657
  -9.8000000    0.0687737
  -9.7800000    0.0648181
  -9.7600000    0.0602523
  -9.7400000    0.0551392
  -9.7200000    0.0495506
  -9.7000000    0.0435672
  -9.6800000    0.0372791
  -9.6600000    0.0307869
  -9.6400000    0.0242024
  -9.6200000    0.0176484
  -9.6000000    0.0112575
  -9.5800000    0.0051690
  -9.5600000   -0.0004756
  -9.5400000   -0.0055397
  -9.5200000   -0.0098985
  -9.5000000   -0.0134478
  -9.4800000   -0.0161123
  -9.4600000   -0.0178517
  -9.4400000   -0.0186664
  -9.4200000   -0.0185993
  -9.4000000   -0.0177344
  -9.3800000   -0.0161928
  -9.3600000   -0.0141249
  -9.3400000   -0.0117002
  -9.3200000   -0.0090956
  -9.3000000   -0.0064829
  -9.2800000   -0.0040175
  -9.2600000   -0.0018275
  -9.2400000   -0.0000069
  -9.2200000    0.0013892
  -9.2000000    0.0023454
  -9.1800000    0.0028837
  -9.1600000    0.0030581
  -9.1400000    0.0029471
  -9.1200000    0.0026450
  -9.1000000    0.0022521
  -9.0800000    0.0018653
  -9.0600000    0.0015697
  -9.0400000    0.0014315
  -9.0200000    0.0014927
  -9.0000000    0.0017680
  -8.9800000    0.0022437
  -8.9600000    0.0028798
  -8.9400000    0.0036141
  -8.9200000    0.0043679
  -8.9000000    0.0050547
  -8.8800000    0.0055892
  -8.8600000    0.0058964
  -8.8400000    0.0059211
  -8.8200000    0.0056343
  -8.8000000    0.0050387
  -8.7800000    0.0041696
  -8.7600000    0.0030936
  -8.7400000    0.0019039
  -8.7200000    0.0007127
  -8.7000000   -0.0003576
  -8.6800000   -0.0011844
  -8.6600000   -0.0016533
  -8.6400000   -0.0016667
  -8.6200000   -0.0011494
  -8.6000000   -0.0000529
  -8.5800000    0.0016431
  -8.5600000    0.0039300
  -8.5400000    0.0067710
  -8.5200000    0.0101024
  -8.5000000    0.0138352
  -8.4800000    0.0178569
  -8.4600000    0.0220340
  -8.4400000    0.0262147
  -8.4200000    0.0302333
  -8.4000000    0.0339160
  -8.3800000    0.0370884
  -8.3600000    0.0395843
  -8.3400000    0.0412556
  -8.3200000    0.0419829
  -8.3000000    0.0416844
  -8.2800000    0.0403242
  -8.2600000    0.0379173
  -8.2400000    0.0345322
  -8.2200000    0.0302897
  -8.2000000    0.0253578
  -8.1800000    0.0199439
  -8.1600000    0.0142844
  -8.1400000    0.0086311
  -8.1200000    0.0032378
  -8.1000000   -0.0016549
  -8.0800000   -0.0058335
  -8.0600000   -0.0091243
  -8.0400000   -0.0114041
  -8.0200000   -0.0126078
  -8.0000000   -0.0127321
  -7.9800000   -0.0118352
  -7.9600000   -0.0100330
  -7.9400000   -0.0074909
  -7.9200000   -0.0044122
  -7.9000000   -0.0010242
  -7.8800000    0.0024362
  -7.8600000    0.0057389
  -7.8400000    0.0086740
  -7.8200000    0.0110643
  -7.8000000    0.0127741
  -7.7800000    0.0137152
  -7.7600000    0.0138485
  -7.7400000    0.0131824
  -7.7200000    0.0117680
  -7.7000000    0.0096922
  -7.6800000    0.0070697
  -7.6600000    0.0040336
  -7.6400000    0.0007278
  -7.6200000   -0.0027011
  -7.6000000   -0.0061096
  -7.5800000   -0.0093622
  -7.5600000   -0.0123352
  -7.5400000   -0.0149197
  -7.5200000   -0.0170241
  -7.5000000   -0.0185766
  -7.4800000   -0.0195281
  -7.4600000   -0.0198537
  -7.4400000   -0.0195554
  -7.4200000   -0.0186625
  -7.4000000   -0.0172312
  -7.3800000   -0.0153430
  -7.3600000   -0.0131003
  -7.3400000   -0.0106210
  -7.3200000   -0.0080314
  -7.3000000   -0.0054581
  -7.2800000   -0.0030201
  -7.2600000   -0.0008211
  -7.2400000    0.0010573
  -7.2200000    0.0025604
  -7.2000000    0.0036632
  -7.1800000    0.0043714
  -7.1600000    0.0047192
  -7.1400000    0.0047663
  -7.1200000    0.0045914
  -7.1000000    0.0042850
  -7.0800000    0.0039407
  -7.0600000    0.0036463
  -7.0400000    0.0034743
  -7.0200000    0.0034735
  -7.0000000    0.0036626
  -6.9800000    0.0040250
  -6.9600000    0.0045076
  -6.9400000    0.0050214
  -6.9200000    0.0054467
  -6.9000000    0.0056406
  -6.8800000    0.0054474
  -6.8600000    0.0047117
  -6.8400000    0.0032916
  -6.8200000    0.0010739
  -6.8000000   -0.0020133
  -6.7800000   -0.0059879
  -6.7600000   -0.0108051
  -6.7400000   -0.0163516
  -6.7200000   -0.0224433
  -6.7000000   -0.0288291
  -6.6800000   -0.0351980
  -6.6600000   -0.0411913
  -6.6400000   -0.0464193
  -6.6200000   -0.0504809
  -6.6000000   -0.0529858
  -6.5800000   -0.0535769
  -6.5600000   -0.0519535
  -6.5400000   -0.0478911
  -6.5200000   -0.0412587
  -6.5000000   -0.0320326
  -6.4800000   -0.0203040
  -6.4600000   -0.0062827
  -6.4400000    0.0097045
  -6.4200000    0.0272213
  -6.4000000    0.0457332
  -6.3800000    0.0646246
  -6.3600000    0.0832195
  -6.3400000    0.1008074
  -6.3200000    0.1166725
  -6.3000000    0.1301252
  -6.2800000    0.1405365
  -6.2600000    0.1473706
  -6.2400000    0.1502163
  -6.2200000    0.1488124
  -6.2000000    0.1430675
  -6.1800000    0.1330695
  -6.1600000    0.1190861
  -6.1400000    0.1015544
  -6.1200000    0.0810609
  -6.1000000    0.0583134
  -6.0800000    0.0341060
  -6.0600000    0.0092806
  -6.0400000   -0.0153134
  -6.0200000   -0.0388579
  -6.0000000   -0.0606031
  -5.9800000   -0.0798990
  -5.9600000   -0.0962212
  -5.9400000   -0.1091891
  -5.9200000   -0.1185774
  -5.9000000   -0.1243180
  -5.8800000   -0.1264945
  -5.8600000   -0.1253285
  -5.8400000   -0.1211593
  -5.8200000   -0.1144184
  -5.8000000   -0.1056003
  -5.7800000   -0.0952326
  -5.7600000   -0.0838466
  -5.7400000   -0.0719515
  -5.7200000   -0.0600125
  -5.7000000   -0.0484350
  -5.6800000   -0.0375538
  -5.6600000   -0.0276289
  -5.6400000   -0.0188450
  -5.6200000   -0.0113159
  -5.6000000   -0.0050909
  -5.5800000   -0.0001633
  -5.5600000    0.0035205
  -5.5400000    0.0060516
  -5.5200000    0.0075497
  -5.5000000    0.0081549
  -5.4800000    0.0080193
  -5.4600000    0.0073007
  -5.4400000    0.0061553
  -5.4200000    0.0047315
  -5.4000000    0.0031642
  -5.3800000    0.0015693
  -5.3600000    0.0000387
  -5.3400000   -0.0013636
  -5.3200000   -0.0026037
  -5.3000000   -0.0036790
  -5.2800000   -0.0046165
  -5.2600000   -0.0054686
  -5.2400000   -0.0063069
  -5.2200000   -0.0072134
  -5.2000000   -0.0082698
  -5.1800000   -0.0095471
  -5.1600000   -0.0110948
  -5.1400000   -0.0129323
  -5.1200000   -0.0150437
  -5.1000000   -0.0173754
  -5.0800000   -0.0198394
  -5.0600000   -0.0223195
  -5.0400000   -0.0246815
  -5.0200000   -0.0267852
  -5.0000000   -0.0284972
  -4.9800000   -0.0297021
  -4.9600000   -0.0303118
  -4.9400000   -0.0302702
  -4.9200000   -0.0295549
  -4.9000000   -0.0281739
  -4.8800000   -0.0261607
  -4.8600000   -0.0235675
  -4.8400000   -0.0204583
  -4.8200000   -0.0169040
  -4.8000000   -0.0129800
  -4.7800000   -0.0087666
  -4.7600000   -0.0043523
  -4.7400000    0.0001618
  -4.7200000    0.0046570
  -4.7000000    0.0089936
  -4.6800000    0.0130097
  -4.6600000    0.0165253
  -4.6400000    0.0193484
  -4.6200000    0.0212866
  -4.6000000    0.0221609
  -4.5800000    0.0218202
  -4.5600000    0.0201565
  -4.5400000    0.0171173
  -4.5200000    0.0127147
  -4.5000000    0.0070302
  -4.4800000    0.0002143
  -4.4600000   -0.0075189
  -4.4400000   -0.0159020
  -4.4200000   -0.0246278
  -4.4000000   -0.0333665
  -4.3800000   -0.0417833
  -4.3600000   -0.0495578
  -4.3400000   -0.0564006
  -4.3200000   -0.0620696
  -4.3000000   -0.0663816
  -4.2800000   -0.0692213
  -4.2600000   -0.0705454
  -4.2400000   -0.0703818
  -4.2200000   -0.0688257
  -4.2000000   -0.0660305
  -4.1800000   -0.0621966
  -4.1600000   -0.0575578
  -4.1400000   -0.0523663
  -4.1200000   -0.0468787
  -4.1000000   -0.0413423
  -4.0800000   -0.0359834
  -4.0600000   -0.0309986
  -4.0400000   -0.0265479
  -4.0200000   -0.0227512
  -4.0000000   -0.0196863
  -3.9800000   -0.0173896
  -3.9600000   -0.0158583
  -3.9400000   -0.0150536
  -3.9200000   -0.0149056
  -3.9000000   -0.0153197
  -3.8800000   -0.0161828
  -3.8600000   -0.0173726
  -3.8400000   -0.0187659
  -3.8200000   -0.0202480
  -3.8000000   -0.0217225
  -3.7800000   -0.0231184
  -3.7600000   -0.0243971
  -3.7400000   -0.0255559
  -3.7200000   -0.0266282
  -3.7000000   -0.0276809
  -3.6800000   -0.0288079
  -3.6600000   -0.0301204
  -3.6400000   -0.0317352
  -3.6200000   -0.0337599
  -3.6000000   -0.0362794
  -3.5800000   -0.0393406
  -3.5600000   -0.0429410
  -3.5400000   -0.0470192
  -3.5200000   -0.0514507
  -3.5000000   -0.0560488
  -3.4800000   -0.0605723
  -3.4600000   -0.0647390
  -3.4400000   -0.0682452
  -3.4200000   -0.0707892
  -3.4000000   -0.0720974
  -3.3800000   -0.0719499
  -3.3600000   -0.0702032
  -3.3400000   -0.0668074
  -3.3200000   -0.0618163
  -3.3000000   -0.0553887
  -3.2800000   -0.0477804
  -3.2600000   -0.0393285
  -3.2400000   -0.0304284
  -3.2200000   -0.0215066
  -3.2000000   -0.0129911
  -3.1800000   -0.0052821
  -3.1600000    0.0012738
  -3.1400000    0.0064056
  -3.1200000    0.0099332
  -3.1000000    0.0117763
  -3.0800000    0.0119567
  -3.0600000    0.0105932
  -3.0400000    0.0078912
  -3.0200000    0.0041271
  -3.0000000   -0.0003711
  -2.9800000   -0.0052463
  -2.9600000   -0.0101359
  -2.9400000   -0.0146951
  -2.9200000   -0.0186190
  -2.9000000   -0.0216612
  -2.8800000   -0.0236480
  -2.8600000   -0.0244874
  -2.8400000   -0.0241711
  -2.8200000   -0.0227705
  -2.8000000   -0.0204266
  -2.7800000   -0.0173346
  -2.7600000   -0.0137253
  -2.7400000   -0.0098443
  -2.7200000   -0.0059314
  -2.7000000   -0.0022023
  -2.6800000    0.0011667
  -2.6600000    0.0040489
  -2.6400000    0.0063738
  -2.6200000    0.0081270
  -2.6000000    0.0093471
  -2.5800000    0.0101183
  -2.5600000    0.0105609
  -2.5400000    0.0108194
  -2.5200000    0.0110504
  -2.5000000    0.0114099
  -2.4800000    0.0120408
  -2.4600000    0.0130618
  -2.4400000    0.0145573
  -2.4200000    0.0165687
  -2.4000000    0.0190896
  -2.3800000    0.0220632
  -2.3600000    0.0253842
  -2.3400000    0.0289054
  -2.3200000    0.0324482
  -2.3000000    0.0358172
  -2.2800000    0.0388179
  -2.2600000    0.0412748
  -2.2400000    0.0430499
  -2.2200000    0.0440580
  -2.2000000    0.0442777
  -2.1800000    0.0437575
  -2.1600000    0.0426153
  -2.1400000    0.0410318
  -2.1200000    0.0392390
  -2.1000000    0.0375026
  -2.0800000    0.0361031
  -2.0600000    0.0353133
  -2.0400000    0.0353765
  -2.0200000    0.0364854
  -2.0000000    0.0387644
  -1.9800000    0.0422554
  -1.9600000    0.0469091
  -1.9400000    0.0525839
  -1.9200000    0.0590512
  -1.9000000    0.0660088
  -1.8800000    0.0731008
  -1.8600000    0.0799436
  -1.8400000    0.0861546
  -1.8200000    0.0913819
  -1.8000000    0.0953314
  -1.7800000    0.0977886
  -1.7600000    0.0986340
  -1.7400000    0.0978488
  -1.7200000    0.0955128
  -1.7000000    0.0917948
  -1.6800000    0.0869364
  -1.6600000    0.0812327
  -1.6400000    0.0750124
  -1.6200000    0.0686172
  -1.6000000    0.0623844
  -1.5800000    0.0566319
  -1.5600000    0.0516455
  -1.5400000    0.0476678
  -1.5200000    0.0448888
  -1.5000000    0.0434361
  -1.4800000    0.0433662
  -1.4600000    0.0446561
  -1.4400000    0.0471973
  -1.4200000    0.0507928
  -1.4000000    0.0551597
  -1.3800000    0.0599391
  -1.3600000    0.0647123
  -1.3400000    0.0690256
  -1.3200000    0.0724200
  -1.3000000    0.0744659
  -1.2800000    0.0747975
  -1.2600000    0.0731441
  -1.2400000    0.0693555
  -1.2200000    0.0634175
  -1.2000000    0.0554557
  -1.1800000    0.0457276
  -1.1600000    0.0346040
  -1.1400000    0.0225398
  -1.1200000    0.0100407
  -1.1000000   -0.0023734
  -1.0800000   -0.0142043
  -1.0600000   -0.0250055
  -1.0400000   -0.0344073
  -1.0200000   -0.0421329
  -1.0000000   -0.0480076
  -0.9800000   -0.0519613
  -0.9600000   -0.0540248
  -0.9400000   -0.0543236
  -0.9200000   -0.0530689
  -0.9000000   -0.0505473
  -0.8800000   -0.0471101
  -0.8600000   -0.0431608
  -0.8400000   -0.0391411
  -0.8200000   -0.0355138
  -0.8000000   -0.0327425
  -0.7800000   -0.0312671
  -0.7600000   -0.0314770
  -0.7400000   -0.0336818
  -0.7200000   -0.0380832
  -0.7000000   -0.0447492
  -0.6800000   -0.0535952
  -0.6600000   -0.0643727
  -0.6400000   -0.0766694
  -0.6200000   -0.0899207
  -0.6000000   -0.1034334
  -0.5800000   -0.1164202
  -0.5600000   -0.1280430
  -0.5400000   -0.1374632
  -0.5200000   -0.1438934
  -0.5000000   -0.1466496
  -0.4800000   -0.1451990
  -0.4600000   -0.1391991
  -0.4400000   -0.1285282
  -0.4200000   -0.1133011
  -0.4000000   -0.0938714
  -0.3800000   -0.0708174
  -0.3600000   -0.0449118
  -0.3400000   -0.0170761
  -0.3200000    0.0116774
  -0.3000000    0.0403138
  -0.2800000    0.0678476
  -0.2600000    0.0934126
  -0.2400000    0.1163242
  -0.2200000    0.1361249
  -0.2000000    0.1526104
  -0.1800000    0.1658308
  -0.1600000    0.1760663
  -0.1400000    0.1837801
  -0.1200000    0.1895526
  -0.1000000    0.1940051
  -0.0800000    0.1977221
  -0.0600000    0.2011808
  -0.0400000    0.2046969
  -0.0200000    0.2083927
   0.0000000    0.2121903
   0.0200000    0.2158286
   0.0400000    0.2189021
   0.0600000    0.2209123
   0.0800000    0.2213260
   0.1000000    0.2196311
   0.1200000    0.2153845
   0.1400000    0.2082467
   0.1600000    0.1980025
   0.1800000    0.1845690
   0.2000000    0.1679931
   0.2200000    0.1484442
   0.2400000    0.1262051
   0.2600000    0.1016636
   0.2800000    0.0753067
   0.3000000    0.0477155
   0.3200000    0.0195596
   0.3400000   -0.0084133
   0.3600000   -0.0353945
   0.3800000   -0.0605406
   0.4000000   -0.0830087
   0.4200000   -0.1019993
   0.4400000   -0.1168032
   0.4600000   -0.1268474
   0.4800000   -0.1317360
   0.5000000   -0.1312808
   0.5200000   -0.1255178
   0.5400000   -0.1147087
   0.5600000   -0.0993275
   0.5800000   -0.0800326
   0.6000000   -0.0576296
   0.6200000   -0.0330271
   0.6400000   -0.0071902
   0.6600000    0.0189054
   0.6800000    0.0443150
   0.7000000    0.0681627
   0.7200000    0.0896713
   0.7400000    0.1081888
   0.7600000    0.1232068
   0.7800000    0.1343759
   0.8000000    0.1415137
   0.8200000    0.1446088
   0.8400000    0.1438178
   0.8600000    0.1394554
   0.8800000    0.1319774
   0.9000000    0.1219566
   0.9200000    0.1100524
   0.9400000    0.0969750
   0.9600000    0.0834472
   0.9800000    0.0701656
   1.0000000    0.0577643
   1.0200000    0.0467834
   1.0400000    0.0376437
   1.0600000    0.0306297
   1.0800000    0.0258817
   1.1000000    0.0233955
   1.1200000    0.0230312
   1.1400000    0.0245288
   1.1600000    0.0275294
   1.1800000    0.0316009
   1.2000000    0.0362673
   1.2200000    0.0410383
   1.2400000    0.0454400
   1.2600000    0.0490426
   1.2800000    0.0514861
   1.3000000    0.0525007
   1.3200000    0.0519214
   1.3400000    0.0496966
   1.3600000    0.0458883
   1.3800000    0.0406662
   1.4000000    0.0342944
   1.4200000    0.0271118
   1.4400000    0.0195086
   1.4600000    0.0118997
   1.4800000    0.0046970
   1.5000000   -0.0017171
   1.5200000   -0.0070136
   1.5400000   -0.0109360
   1.5600000   -0.0133147
   1.5800000   -0.0140749
   1.6000000   -0.0132378
   1.6200000   -0.0109166
   1.6400000   -0.0073069
   1.6600000   -0.0026722
   1.6800000    0.0026735
   1.7000000    0.0083853
   1.7200000    0.0141087
   1.7400000    0.0194998
   1.7600000    0.0242459
   1.7800000    0.0280824
   1.8000000    0.0308081
   1.8200000    0.0322957
   1.8400000    0.0324989
   1.8600000    0.0314539
   1.8800000    0.0292766
   1.9000000    0.0261545
   1.9200000    0.0223341
   1.9400000    0.0181054
   1.9600000    0.0137823
   1.9800000    0.0096828
   2.0000000    0.0061076
   2.0200000    0.0033207
   2.0400000    0.0015316
   2.0600000    0.0008814
   2.0800000    0.0014331
   2.1000000    0.0031675
   2.1200000    0.0059846
   2.1400000    0.0097115
   2.1600000    0.0141156
   2.1800000    0.0189234
   2.2000000    0.0238425
   2.2200000    0.0285863
   2.2400000    0.0328982
   2.2600000    0.0365740
   2.2800000    0.0394788
   2.3000000    0.0415585
   2.3200000    0.0428432
   2.3400000    0.0434421
   2.3600000    0.0435315
   2.3800000    0.0433365
   2.4000000    0.0431076
   2.4200000    0.0430967
   2.4400000    0.0435321
   2.4600000    0.0445973
   2.4800000    0.0464132
   2.5000000    0.0490261
   2.5200000    0.0524017
   2.5400000    0.0564242
   2.5600000    0.0609020
   2.5800000    0.0655777
   2.6000000    0.0701426
   2.6200000    0.0742550
   2.6400000    0.0775613
   2.6600000    0.0797184
   2.6800000    0.0804181
   2.7000000    0.0794095
   2.7200000    0.0765201
   2.7400000    0.0716726
   2.7600000    0.0648970
   2.7800000    0.0563358
   2.8000000    0.0462416
   2.8200000    0.0349675
   2.8400000    0.0229503
   2.8600000    0.0106871
   2.8800000   -0.0012918
   2.9000000   -0.0124534
   2.9200000   -0.0222924
   2.9400000   -0.0303593
   2.9600000   -0.0362850
   2.9800000   -0.0398000
   3.0000000   -0.0407458
   3.0200000   -0.0390800
   3.0400000   -0.0348736
   3.0600000   -0.0283024
   3.0800000   -0.0196326
   3.1000000   -0.0092031
   3.1200000    0.0025936
   3.1400000    0.0153311
   3.1600000    0.0285680
   3.1800000    0.0418645
   3.2000000    0.0547971
   3.2200000    0.0669707
   3.2400000    0.0780297
   3.2600000    0.0876673
   3.2800000    0.0956331
   3.3000000    0.1017408
   3.3200000    0.1058729
   3.3400000    0.1079838
   3.3600000    0.1081000
   3.3800000    0.1063165
   3.4000000    0.1027895
   3.4200000    0.0977256
   3.4400000    0.0913687
   3.4600000    0.0839849
   3.4800000    0.0758484
   3.5000000    0.0672278
   3.5200000    0.0583759
   3.5400000    0.0495218
   3.5600000    0.0408668
   3.5800000    0.0325832
   3.6000000    0.0248146
   3.6200000    0.0176782
   3.6400000    0.0112670
   3.6600000    0.0056527
   3.6800000    0.0008875
   3.7000000   -0.0029934
   3.7200000   -0.0059699
   3.7400000   -0.0080353
   3.7600000   -0.0091939
   3.7800000   -0.0094595
   3.8000000   -0.0088540
   3.8200000   -0.0074071
   3.8400000   -0.0051569
   3.8600000   -0.0021521
   3.8800000    0.0015450
   3.9000000    0.0058553
   3.9200000    0.0106795
   3.9400000    0.0158965
   3.9600000    0.0213635
   3.9800000    0.0269179
   4.0000000    0.0323826
   4.0200000    0.0375716
   4.0400000    0.0422984
   4.0600000    0.0463830
   4.0800000    0.0496600
   4.1000000    0.0519839
   4.1200000    0.0532348
   4.1400000    0.0533211
   4.1600000    0.0521825
   4.1800000    0.0497916
   4.2000000    0.0461556
   4.2200000    0.0413176
   4.2400000    0.0353582
   4.2600000    0.0283957
   4.2800000    0.0205868
   4.3000000    0.0121243
   4.3200000    0.0032346
   4.3400000   -0.0058277
   4.3600000   -0.0147878
   4.3800000   -0.0233596
   4.4000000   -0.0312580
   4.4200000   -0.0382118
   4.4400000   -0.0439780
   4.4600000   -0.0483563
   4.4800000   -0.0512024
   4.5000000   -0.0524399
   4.5200000   -0.0520672
   4.5400000   -0.0501615
   4.5600000   -0.0468755
   4.5800000   -0.0424294
   4.6000000   -0.0370954
   4.6200000   -0.0311790
   4.6400000   -0.0249964
   4.6600000   -0.0188511
   4.6800000   -0.0130128
   4.7000000   -0.0077001
   4.7200000   -0.0030690
   4.7400000    0.0007907
   4.7600000    0.0038529
   4.7800000    0.0061459
   4.8000000    0.0077392
   4.8200000    0.0087272
   4.8400000    0.0092145
   4.8600000    0.0093024
   4.8800000    0.0090797
   4.9000000    0.0086182
   4.9200000    0.0079724
   4.9400000    0.0071833
   4.9600000    0.0062843
   4.9800000    0.0053079
   5.0000000    0.0042913
   5.0200000    0.0032807
   5.0400000    0.0023313
   5.0600000    0.0015058
   5.0800000    0.0008687
   5.1000000    0.0004788
   5.1200000    0.0003820
   5.1400000    0.0006028
   5.1600000    0.0011391
   5.1800000    0.0019590
   5.2000000    0.0030008
   5.2200000    0.0041779
   5.2400000    0.0053854
   5.2600000    0.0065105
   5.2800000    0.0074436
   5.3000000    0.0080896
   5.3200000    0.0083783
   5.3400000    0.0082716
   5.3600000    0.0077687
   5.3800000    0.0069062
   5.4000000    0.0057560
   5.4200000    0.0044193
   5.4400000    0.0030182
   5.4600000    0.0016866
   5.4800000    0.0005599
   5.5000000   -0.0002344
   5.5200000   -0.0005854
   5.5400000   -0.0004051
   5.5600000    0.0003664
   5.5800000    0.0017574
   5.6000000    0.0037627
   5.6200000    0.0063429
   5.6400000    0.0094242
   5.6600000    0.0128990
   5.6800000    0.0166271
   5.7000000    0.0204383
   5.7200000    0.0241353
   5.7400000    0.0274996
   5.7600000    0.0302985
   5.7800000    0.0322944
   5.8000000    0.0332563
   5.8200000    0.0329724
   5.8400000    0.0312631
   5.8600000    0.0279942
   5.8800000    0.0230872
   5.9000000    0.0165288
   5.9200000    0.0083767
   5.9400000   -0.0012384
   5.9600000   -0.0121128
   5.9800000   -0.0239742
   6.0000000   -0.0364884
   6.0200000   -0.0492687
   6.0400000   -0.0618880
   6.0600000   -0.0738935
   6.0800000   -0.0848241
   6.1000000   -0.0942296
   6.1200000   -0.1016928
   6.1400000   -0.1068517
   6.1600000   -0.1094216
   6.1800000   -0.1092158
   6.2000000   -0.1061612
   6.2200000   -0.1003094
   6.2400000   -0.0918390
   6.2600000   -0.0810512
   6.2800000   -0.0683557
   6.3000000   -0.0542500
   6.3200000   -0.0392925
   6.3400000   -0.0240710
   6.3600000   -0.0091707
   6.3800000    0.0048566
   6.4000000    0.0175211
   6.4200000    0.0284165
   6.4400000    0.0372369
   6.4600000    0.0437856
   6.4800000    0.0479776
   6.5000000    0.0498354
   6.5200000    0.0494799
   6.5400000    0.0471171
   6.5600000    0.0430208
   6.5800000    0.0375146
   6.6000000    0.0309522
   6.6200000    0.0236979
   6.6400000    0.0161083
   6.6600000    0.0085157
   6.6800000    0.0012140
   6.7000000   -0.0055519
   6.7200000   -0.0115930
   6.7400000   -0.0167793
   6.7600000   -0.0210388
   6.7800000   -0.0243523
   6.8000000   -0.0267463
   6.8200000   -0.0282831
   6.8400000   -0.0290512
   6.8600000   -0.0291553
   6.8800000   -0.0287088
   6.9000000   -0.0278275
   6.9200000   -0.0266266
   6.9400000   -0.0252190
   6.9600000   -0.0237160
   6.9800000   -0.0222271
   7.0000000   -0.0208604
   7.0200000   -0.0197215
   7.0400000   -0.0189105
   7.0600000   -0.0185172
   7.0800000   -0.0186157
   7.1000000   -0.0192579
   7.1200000   -0.0204676
   7.1400000   -0.0222356
   7.1600000   -0.0245177
   7.1800000   -0.0272341
   7.2000000   -0.0302719
   7.2200000   -0.0334897
   7.2400000   -0.0367240
   7.2600000   -0.0397971
   7.2800000   -0.0425259
   7.3000000   -0.0447298
   7.3200000   -0.0462404
   7.3400000   -0.0469089
   7.3600000   -0.0466140
   7.3800000   -0.0452689
   7.4000000   -0.0428268
   7.4200000   -0.0392854
   7.4400000   -0.0346895
   7.4600000   -0.0291313
   7.4800000   -0.0227484
   7.5000000   -0.0157192
   7.5200000   -0.0082561
   7.5400000   -0.0005957
   7.5600000    0.0070116
   7.5800000    0.0143130
   7.6000000    0.0210650
   7.6200000    0.0270438
   7.6400000    0.0320544
   7.6600000    0.0359371
   7.6800000    0.0385727
   7.7000000    0.0398850
   7.7200000    0.0398411
   7.7400000    0.0384508
   7.7600000    0.0357642
   7.7800000    0.0318688
   7.8000000    0.0268855
   7.8200000    0.0209645
   7.8400000    0.0142805
   7.8600000    0.0070275
   7.8800000   -0.0005867
   7.9000000   -0.0083464
   7.9200000   -0.0160346
   7.9400000   -0.0234389
   7.9600000   -0.0303577
   7.9800000   -0.0366064
   8.0000000   -0.0420221
   8.0200000   -0.0464680
   8.0400000   -0.0498367
   8.0600000   -0.0520531
   8.0800000   -0.0530752
   8.1000000   -0.0528956
   8.1200000   -0.0515415
   8.1400000   -0.0490744
   8.1600000   -0.0455895
   8.1800000   -0.0412139
   8.2000000   -0.0361048
   8.2200000   -0.0304455
   8.2400000   -0.0244407
   8.2600000   -0.0183099
   8.2800000   -0.0122792
   8.3000000   -0.0065719
   8.3200000   -0.0013981
   8.3400000    0.0030549
   8.3600000    0.0066326
   8.3800000    0.0092205
   8.4000000    0.0107493
   8.4200000    0.0111968
   8.4400000    0.0105870
   8.4600000    0.0089857
   8.4800000    0.0064940
   8.5000000    0.0032392
   8.5200000   -0.0006349
   8.5400000   -0.0049781
   8.5600000   -0.0096429
   8.5800000   -0.0144928
   8.6000000   -0.0194076
   8.6200000   -0.0242878
   8.6400000   -0.0290548
   8.6600000   -0.0336503
   8.6800000   -0.0380323
   8.7000000   -0.0421706
   8.7200000   -0.0460408
   8.7400000   -0.0496183
   8.7600000   -0.0528728
   8.7800000   -0.0557641
   8.8000000   -0.0582396
   8.8200000   -0.0602335
   8.8400000   -0.0616690
   8.8600000   -0.0624620
   8.8800000   -0.0625268
   8.9000000   -0.0617841
   8.9200000   -0.0601686
   8.9400000   -0.0576380
   8.9600000   -0.0541809
   8.9800000   -0.0498241
   9.0000000   -0.0446364
   9.0200000   -0.0387313
   9.0400000   -0.0322650
   9.0600000   -0.0254310
   9.0800000   -0.0184514
   9.1000000   -0.0115638
   9.1200000   -0.0050073
   9.1400000    0.0009942
   9.1600000    0.0062474
   9.1800000    0.0106036
   9.2000000    0.0139687
   9.2200000    0.0163094
   9.2400000    0.0176539
   9.2600000    0.0180878
   9.2800000    0.0177448
   9.3000000    0.0167951
   9.3200000    0.0154307
   9.3400000    0.0138503
   9.3600000    0.0122455
   9.3800000    0.0107877
   9.4000000    0.0096177
   9.4200000    0.0088388
   9.4400000    0.0085118
   9.4600000    0.0086533
   9.4800000    0.0092368
   9.5000000    0.0101963
   9.5200000    0.0114314
   9.5400000    0.0128149
   9.5600000    0.0142019
   9.5800000    0.0154394
   9.6000000    0.0163762
   9.6200000    0.0168734
   9.6400000    0.0168133
   9.6600000    0.0161078
   9.6800000    0.0147045
   9.7000000    0.0125914
   9.7200000    0.0097996
   9.7400000    0.0064035
   9.7600000    0.0025183
   9.7800000   -0.0017038
   9.8000000   -0.0060811
   9.8200000   -0.0104117
   9.8400000   -0.0144852
   9.8600000   -0.0180953
   9.8800000   -0.0210540
   9.9000000   -0.0232051
   9.9200000   -0.0244354
   9.9400000   -0.0246842
   9.9600000   -0.0239478
   9.9800000   -0.0222800
  10.0000000   -0.0197875
  10.0200000   -0.0166210
  10.0400000   -0.0129624
  10.0600000   -0.0090106
  10.0800000   -0.0049661
  10.1000000   -0.0010169
  10.1200000    0.0026733
  10.1400000    0.0059726
  10.1600000    0.0087858
  10.1800000    0.0110541
  10.2000000    0.0127523
  10.2200000    0.0138837
  10.2400000    0.0144736
  10.2600000    0.0145628
  10.2800000    0.0142024
  10.3000000    0.0134493
  10.3200000    0.0123636
  10.3400000    0.0110068
  10.3600000    0.0094414
  10.3800000    0.0077294
  10.4000000    0.0059314
  10.4200000    0.0041038
  10.4400000    0.0022969
  10.4600000    0.0005509
  10.4800000   -0.0011064
  10.5000000   -0.0026611
  10.5200000   -0.0041138
  10.5400000   -0.0054769
  10.5600000   -0.0067710
  10.5800000   -0.0080190
  10.6000000   -0.0092401
  10.6200000   -0.0104439
  10.6400000   -0.0116258
  10.6600000   -0.0127649
  10.6800000   -0.0138245
  10.7000000   -0.0147558
  10.7200000   -0.0155034
  10.7400000   -0.0160130
  10.7600000   -0.0162398
  10.7800000   -0.0161559
  10.8000000   -0.0157560
  10.8200000   -0.0150621
  10.8400000   -0.0141234
  10.8600000   -0.0130149
  10.8800000   -0.0118326
  10.9000000   -0.0106859
  10.9200000   -0.0096896
  10.9400000   -0.0089531
  10.9600000   -0.0085712
  10.9800000   -0.0086142
  11.0000000   -0.0091198
  11.0200000   -0.0100877
  11.0400000   -0.0114761
  11.0600000   -0.0132027
  11.0800000   -0.0151489
  11.1000000   -0.0171677
  11.1200000   -0.0190949
  11.1400000   -0.0207625
  11.1600000   -0.0220127
  11.1800000   -0.0227116
  11.2000000   -0.0227601
  11.2200000   -0.0221014
  11.2400000   -0.0207234
  11.2600000   -0.0186577
  11.2800000   -0.0159723
  11.3000000   -0.0127634
  11.3200000   -0.0091442
  11.3400000   -0.0052342
  11.3600000   -0.0011510
  11.3800000    0.0029971
  11.4000000    0.0071133
  11.4200000    0.0111139
  11.4400000    0.0149267
  11.4600000    0.0184886
  11.4800000    0.0217442
  11.5000000    0.0246447
  11.5200000    0.0271479
  11.5400000    0.0292201
  11.5600000    0.0308380
  11.5800000    0.0319904
  11.6000000    0.0326798
  11.6200000    0.0329219
  11.6400000    0.0327439
  11.6600000    0.0321814
  11.6800000    0.0312749
  11.7000000    0.0300656
  11.7200000    0.0285919
  11.7400000    0.0268878
  11.7600000    0.0249810
  11.7800000    0.0228940
  11.8000000    0.0206444
  11.8200000    0.0182462
  11.8400000    0.0157112
  11.8600000    0.0130492
  11.8800000    0.0102682
  11.9000000    0.0073731
  11.9200000    0.0043658
  11.9400000    0.0012440
  11.9600000   -0.0019979
  11.9800000   -0.0053672
  12.0000000   -0.0088698
  12.0200000   -0.0125063
  12.0400000   -0.0162665
  12.0600000   -0.0201251
  12.0800000   -0.0240373
  12.1000000   -0.0279363
  12.1200000   -0.0317338
  12.1400000   -0.0353222
  12.1600000   -0.0385800
  12.1800000   -0.0413793
  12.2000000   -0.0435950
  12.2200000   -0.0451143
  12.2400000   -0.0458459
  12.2600000   -0.0457277
  12.2800000   -0.0447324
  12.3000000   -0.0428709
  12.3200000   -0.0401932
  12.3400000   -0.0367862
  12.3600000   -0.0327707
  12.3800000   -0.0282959
  12.4000000   -0.0235333
  12.4200000   -0.0186694
  12.4400000   -0.0138982
  12.4600000   -0.0094132
  12.4800000   -0.0053988
  12.5000000   -0.0020227
  12.5200000    0.0005716
  12.5400000    0.0022715
  12.5600000    0.0030000
  12.5800000    0.0027184
  12.6000000    0.0014266
  12.6200000   -0.0008382
  12.6400000   -0.0040063
  12.6600000   -0.0079808
  12.6800000   -0.0126445
  12.7000000   -0.0178672
  12.7200000   -0.0235114
  12.7400000   -0.0294385
  12.7600000   -0.0355116
  12.7800000   -0.0415979
  12.8000000   -0.0475692
  12.8200000   -0.0533007
  12.8400000   -0.0586706
  12.8600000   -0.0635584
  12.8800000   -0.0678459
  12.9000000   -0.0714181
  12.9200000   -0.0741679
  12.9400000   -0.0760005
  12.9600000   -0.0768407
  12.9800000   -0.0766396
  13.0000000   -0.0753811
  13.0200000   -0.0730867
  13.0400000   -0.0698165
  13.0600000   -0.0656676
  13.0800000   -0.0607692
  13.1000000   -0.0552728
  13.1200000   -0.0493425
  13.1400000   -0.0431423
  13.1600000   -0.0368253
  13.1800000   -0.0305242
  13.2000000   -0.0243447
  13.2200000   -0.0183627
  13.2400000   -0.0126249
  13.2600000   -0.0071530
  13.2800000   -0.0019497
  13.3000000    0.0029922
  13.3200000    0.0076818
  13.3400000    0.0121209
  13.3600000    0.0162969
  13.3800000    0.0201772
  13.4000000    0.0237063
  13.4200000    0.0268054
  13.4400000    0.0293752
  13.4600000    0.0313014
  13.4800000    0.0324627
  13.5000000    0.0327407
  13.5200000    0.0320304
  13.5400000    0.0302508
  13.5600000    0.0273540
  13.5800000    0.0233320
  13.6000000    0.0182198
  13.6200000    0.0120951
  13.6400000    0.0050744
  13.6600000   -0.0026934
  13.6800000   -0.0110361
  13.7000000   -0.0197672
  13.7200000   -0.0286937
  13.7400000   -0.0376226
  13.7600000   -0.0463645
  13.7800000   -0.0547349
  13.8000000   -0.0625532
  13.8200000   -0.0696414
  13.8400000   -0.0758238
  13.8600000   -0.0809287
  13.8800000   -0.0847931
  13.9000000   -0.0872716
  13.9200000   -0.0882473
  13.9400000   -0.0876451
  13.9600000   -0.0854441
  13.9800000   -0.0816877
  14.0000000   -0.0764883
  14.0200000   -0.0700264
  14.0400000   -0.0625416
  14.0600000   -0.0543176
  14.0800000   -0.0456619
  14.1000000   -0.0368823
  14.1200000   -0.0282633
  14.1400000   -0.0200457
  14.1600000   -0.0124113
  14.1800000   -0.0054738
  14.2000000    0.0007216
  14.2200000    0.0061920
  14.2400000    0.0110045
  14.2600000    0.0152597
  14.2800000    0.0190732
  14.3000000    0.0225580
  14.3200000    0.0258081
  14.3400000    0.0288866
  14.3600000    0.0318181
  14.3800000    0.0345855
  14.4000000    0.0371316
  14.4200000    0.0393647
  14.4400000    0.0411671
  14.4600000    0.0424066
  14.4800000    0.0429477
  14.5000000    0.0426650
  14.5200000    0.0414539
  14.5400000    0.0392414
  14.5600000    0.0359936
  14.5800000    0.0317213
  14.6000000    0.0264822
  14.6200000    0.0203804
  14.6400000    0.0135626
  14.6600000    0.0062125
  14.6800000   -0.0014572
  14.7000000   -0.0092142
  14.7200000   -0.0168165
  14.7400000   -0.0240227
  14.7600000   -0.0306024
  14.7800000   -0.0363446
  14.8000000   -0.0410669
  14.8200000   -0.0446212
  14.8400000   -0.0468996
  14.8600000   -0.0478371
  14.8800000   -0.0474131
  14.9000000   -0.0456512
  14.9200000   -0.0426165
  14.9400000   -0.0384121
  14.9600000   -0.0331735
  14.9800000   -0.0270631
  15.0000000   -0.0202629
  15.0200000   -0.0129680
  15.0400000   -0.0053803
  15.0600000    0.0022982
  15.0800000    0.0098703
  15.1000000    0.0171484
  15.1200000    0.0239580
  15.1400000    0.0301411
  15.1600000    0.0355581
  15.1800000    0.0400902
  15.2000000    0.0436410
  15.2200000    0.0461381
  15.2400000    0.0475343
  15.2600000    0.0478098
  15.2800000    0.0469731
  15.3000000    0.0450621
  15.3200000    0.0421453
  15.3400000    0.0383215
  15.3600000    0.0337190
  15.3800000    0.0284933
  15.4000000    0.0228240
  15.4200000    0.0169093
  15.4400000    0.0109605
  15.4600000    0.0051935
  15.4800000   -0.0001795
  15.5000000   -0.0049597
  15.5200000   -0.0089717
  15.5400000   -0.0120730
  15.5600000   -0.0141626
  15.5800000   -0.0151887
  15.6000000   -0.0151531
  15.6200000   -0.0141132
  15.6400000   -0.0121801
  15.6600000   -0.0095126
  15.6800000   -0.0063082
  15.7000000   -0.0027892
  15.7200000    0.0008121
  15.7400000    0.0042705
  15.7600000    0.0073847
  15.7800000    0.0099912
  15.8000000    0.0119762
  15.8200000    0.0132819
  15.8400000    0.0139080
  15.8600000    0.0139083
  15.8800000    0.0133813
  15.9000000    0.0124583
  15.9200000    0.0112882
  15.9400000    0.0100213
  15.9600000    0.0087941
  15.9800000    0.0077165
  16.0000000    0.0068619
  16.0200000    0.0062620
  16.0400000    0.0059067
  16.0600000    0.0057481
  16.0800000    0.0057086
  16.1000000    0.0056927
  16.1200000    0.0055998
  16.1400000    0.0053370
  16.1600000    0.0048309
  16.1800000    0.0040355
  16.2000000    0.0029374
  16.2200000    0.0015550
  16.2400000   -0.0000650
  16.2600000   -0.0018561
  16.2800000   -0.0037415
  16.3000000   -0.0056453
  16.3200000   -0.0075022
  16.3400000   -0.0092655
  16.3600000   -0.0109119
  16.3800000   -0.0124421
  16.4000000   -0.0138786
  16.4200000   -0.0152607
  16.4400000   -0.0166374
  16.4600000   -0.0180602
  16.4800000   -0.0195758
  16.5000000   -0.0212210
  16.5200000   -0.0230186
  16.5400000   -0.0249759
  16.5600000   -0.0270847
  16.5800000   -0.0293223
  16.6000000   -0.0316539
  16.6200000   -0.0340344
  16.6400000   -0.0364110
  16.6600000   -0.0387246
  16.6800000   -0.0409116
  16.7000000   -0.0429051
  16.7200000   -0.0446369
  16.7400000   -0.0460394
  16.7600000   -0.0470486
  16.7800000   -0.0476077
  16.8000000   -0.0476711
  16.8200000   -0.0472093
  16.8400000   -0.0462124
  16.8600000   -0.0446941
  16.8800000   -0.0426928
  16.9000000   -0.0402713
  16.9200000   -0.0375147
  16.9400000   -0.0345245
  16.9600000   -0.0314128
  16.9800000   -0.0282935
  17.0000000   -0.0252745
  17.0200000   -0.0224501
  17.0400000   -0.0198953
  17.0600000   -0.0176620
  17.0800000   -0.0157792
  17.1000000   -0.0142541
  17.1200000   -0.0130766
  17.1400000   -0.0122247
  17.1600000   -0.0116699
  17.1800000   -0.0113821
  17.2000000   -0.0113330
  17.2200000   -0.0114977
  17.2400000   -0.0118536
  17.2600000   -0.0123789
  17.2800000   -0.0130493
  17.3000000   -0.0138351
  17.3200000   -0.0147000
  17.3400000   -0.0156004
  17.3600000   -0.0164883
  17.3800000   -0.0173145
  17.4000000   -0.0180341
  17.4200000   -0.0186126
  17.4400000   -0.0190297
  17.4600000   -0.0192832
  17.4800000   -0.0193889
  17.5000000   -0.0193782
  17.5200000   -0.0192931
  17.5400000   -0.0191796
  17.5600000   -0.0190799
  17.5800000   -0.0190257
  17.6000000   -0.0190327
  17.6200000   -0.0190980
  17.6400000   -0.0192004
  17.6600000   -0.0193027
  17.6800000   -0.0193572
  17.7000000   -0.0193115
  17.7200000   -0.0191153
  17.7400000   -0.0187258
  17.7600000   -0.0181125
  17.7800000   -0.0172603
  17.8000000   -0.0161701
  17.8200000   -0.0148588
  17.8400000   -0.0133574
  17.8600000   -0.0117088
  17.8800000   -0.0099640
  17.9000000   -0.0081793
  17.9200000   -0.0064121
  17.9400000   -0.0047172
  17.9600000   -0.0031430
  17.9800000   -0.0017285
  18.0000000   -0.0005007
  18.0200000    0.0005273
  18.0400000    0.0013553
  18.0600000    0.0019953
  18.0800000    0.0024673
  18.1000000    0.0027954
  18.1200000    0.0030021
  18.1400000    0.0031031
  18.1600000    0.0031032
  18.1800000    0.0029942
  18.2000000    0.0027541
  18.2200000    0.0023505
  18.2400000    0.0017452
  18.2600000    0.0009009
  18.2800000   -0.0002107
  18.3000000   -0.0016016
  18.3200000   -0.0032615
  18.3400000   -0.0051538
  18.3600000   -0.0072152
  18.3800000   -0.0093591
  18.4000000   -0.0114814
  18.4200000   -0.0134695
  18.4400000   -0.0152137
  18.4600000   -0.0166175
  18.4800000   -0.0176080
  18.5000000   -0.0181433
  18.5200000   -0.0182163
  18.5400000   -0.0178546
  18.5600000   -0.0171161
  18.5800000   -0.0160809
  18.6000000   -0.0148407
  18.6200000   -0.0134870
  18.6400000   -0.0121000
  18.6600000   -0.0107393
  18.6800000   -0.0094386
  18.7000000   -0.0082040
  18.7200000   -0.0070168
  18.7400000   -0.0058408
  18.7600000   -0.0046308
  18.7800000   -0.0033441
  18.8000000   -0.0019509
  18.8200000   -0.0004425
  18.8400000    0.0011626
  18.8600000    0.0028176
  18.8800000    0.0044494
  18.9000000    0.0059654
  18.9200000    0.0072626
  18.9400000    0.0082387
  18.9600000    0.0088048
  18.9800000    0.0088958
  19.0000000    0.0084805
  19.0200000    0.0075681
  19.0400000    0.0062109
  19.0600000    0.0045040
  19.0800000    0.0025799
  19.1000000    0.0006010
  19.1200000   -0.0012526
  19.1400000   -0.0027957
  19.1600000   -0.0038524
  19.1800000   -0.0042701
  19.2000000   -0.0039317
  19.2200000   -0.0027650
  19.2400000   -0.0007489
  19.2600000    0.0020846
  19.2800000    0.0056531
  19.3000000    0.0098297
  19.3200000    0.0144521
  19.3400000    0.0193341
  19.3600000    0.0242772
  19.3800000    0.0290825
  19.4000000    0.0335602
  19.4200000    0.0375375
  19.4400000    0.0408641
  19.4600000    0.0434155
  19.4800000    0.0450945
  19.5000000    0.0458323
  19.5200000    0.0455894
  19.5400000    0.0443572
  19.5600000    0.0421601
  19.5800000    0.0390578
  19.6000000    0.0351476
  19.6200000    0.0305645
  19.6400000    0.0254794
  19.6600000    0.0200939
  19.6800000    0.0146308
  19.7000000    0.0093214
  19.7200000    0.0043910
  19.7400000    0.0000417
  19.7600000   -0.0035624
  19.7800000   -0.0063083
  19.8000000   -0.0081430
  19.8200000   -0.0090764
  19.8400000   -0.0091792
  19.8600000   -0.0085750
  19.8800000   -0.0074281
  19.9000000   -0.0059284
  19.9200000   -0.0042751
  19.9400000   -0.0026611
  19.9600000   -0.0012595
  19.9800000   -0.0002122
  20.0000000    0.0003762
  20.0200000    0.0004429
  20.0400000   -0.0000333
  20.0600000   -0.0010340
  20.0800000   -0.0025059
  20.1000000   -0.0043654
  20.1200000   -0.0065054
  20.1400000   -0.0088013
  20.1600000   -0.0111173
  20.1800000   -0.0133126
  20.2000000   -0.0152475
  20.2200000   -0.0167894
  20.2400000   -0.0178184
  20.2600000   -0.0182335
  20.2800000   -0.0179576
  20.3000000   -0.0169426
  20.3200000   -0.0151733
  20.3400000   -0.0126704
  20.3600000   -0.0094916
  20.3800000   -0.0057310
  20.4000000   -0.0015169
  20.4200000    0.0029939
  20.4400000    0.0076219
  20.4600000    0.0121747
  20.4800000    0.0164553
  20.5000000    0.0202732
  20.5200000    0.0234532
  20.5400000    0.0258441
  20.5600000    0.0273247
  20.5800000    0.0278086
  20.6000000    0.0272455
  20.6200000    0.0256217
  20.6400000    0.0229587
  20.6600000    0.0193107
  20.6800000    0.0147632
  20.7000000    0.0094308
  20.7200000    0.0034559
  20.7400000   -0.0029917
  20.7600000   -0.0097161
  20.7800000   -0.0164971
  20.8000000   -0.0230942
  20.8200000   -0.0292525
  20.8400000   -0.0347112
  20.8600000   -0.0392155
  20.8800000   -0.0425296
  20.9000000   -0.0444512
  20.9200000   -0.0448253
  20.9400000   -0.0435569
  20.9600000   -0.0406205
  20.9800000   -0.0360658
  21.0000000   -0.0300186
  21.0200000   -0.0226779
  21.0400000   -0.0143079
  21.0600000   -0.0052256
  21.0800000    0.0042132
  21.1000000    0.0136315
  21.1200000    0.0226491
  21.1400000    0.0309014
  21.1600000    0.0380562
  21.1800000    0.0438309
  21.2000000    0.0480047
  21.2200000    0.0504301
  21.2400000    0.0510387
  21.2600000    0.0498442
  21.2800000    0.0469399
  21.3000000    0.0424930
  21.3200000    0.0367337
  21.3400000    0.0299416
  21.3600000    0.0224298
  21.3800000    0.0145273
  21.4000000    0.0065616
  21.4200000   -0.0011573
  21.4400000   -0.0083511
  21.4600000   -0.0147841
  21.4800000   -0.0202705
  21.5000000   -0.0246792
  21.5200000   -0.0279350
  21.5400000   -0.0300172
  21.5600000   -0.0309565
  21.5800000   -0.0308304
  21.6000000   -0.0297564
  21.6200000   -0.0278848
  21.6400000   -0.0253899
  21.6600000   -0.0224595
  21.6800000   -0.0192842
  21.7000000   -0.0160450
  21.7200000   -0.0129013
  21.7400000   -0.0099809
  21.7600000   -0.0073703
  21.7800000   -0.0051100
  21.8000000   -0.0031930
  21.8200000   -0.0015680
  21.8400000   -0.0001475
  21.8600000    0.0011807
  21.8800000    0.0025391
  21.9000000    0.0040453
  21.9200000    0.0057966
  21.9400000    0.0078573
  21.9600000    0.0102498
  21.9800000    0.0129495
  22.0000000    0.0158845
  22.0200000    0.0189406
  22.0400000    0.0219693
  22.0600000    0.0247992
  22.0800000    0.0272492
  22.1000000    0.0291416
  22.1200000    0.0303157
  22.1400000    0.0306382
  22.1600000    0.0300133
  22.1800000    0.0283891
  22.2000000    0.0257611
  22.2200000    0.0221739
  22.2400000    0.0177192
  22.2600000    0.0125314
  22.2800000    0.0067814
  22.3000000    0.0006678
  22.3200000   -0.0055929
  22.3400000   -0.0117766
  22.3600000   -0.0176629
  22.3800000   -0.0230441
  22.4000000   -0.0277344
  22.4200000   -0.0315757
  22.4400000   -0.0344425
  22.4600000   -0.0362442
  22.4800000   -0.0369259
  22.5000000   -0.0364679
  22.5200000   -0.0348844
  22.5400000   -0.0322223
  22.5600000   -0.0285595
  22.5800000   -0.0240038
  22.6000000   -0.0186909
  22.6200000   -0.0127819
  22.6400000   -0.0064596
  22.6600000    0.0000767
  22.6800000    0.0066192
  22.7000000    0.0129599
  22.7200000    0.0189017
  22.7400000    0.0242695
  22.7600000    0.0289202
  22.7800000    0.0327524
  22.8000000    0.0357117
  22.8200000    0.0377943
  22.8400000    0.0390448
  22.8600000    0.0395511
  22.8800000    0.0394359
  22.9000000    0.0388446
  22.9200000    0.0379332
  22.9400000    0.0368550
  22.9600000    0.0357491
  22.9800000    0.0347313
  23.0000000    0.0338879
  23.0200000    0.0332723
  23.0400000    0.0329054
  23.0600000    0.0327784
  23.0800000    0.0328573
  23.1000000    0.0330888
  23.1200000    0.0334057
  23.1400000    0.0337327
  23.1600000    0.0339906
  23.1800000    0.0340997
  23.2000000    0.0339819
  23.2200000    0.0335629
  23.2400000    0.0327738
  23.2600000    0.0315528
  23.2800000    0.0298481
  23.3000000    0.0276219
  23.3200000    0.0248540
  23.3400000    0.0215472
  23.3600000    0.0177311
  23.3800000    0.0134660
  23.4000000    0.0088440
  23.4200000    0.0039880
  23.4400000   -0.0009520
  23.4600000   -0.0058060
  23.4800000   -0.0103932
  23.5000000   -0.0145341
  23.5200000   -0.0180630
  23.5400000   -0.0208400
  23.5600000   -0.0227630
  23.5800000   -0.0237760
  23.6000000   -0.0238751
  23.6200000   -0.0231098
  23.6400000   -0.0215807
  23.6600000   -0.0194336
  23.6800000   -0.0168495
  23.7000000   -0.0140330
  23.7200000   -0.0111986
  23.7400000   -0.0085565
  23.7600000   -0.0063003
  23.7800000   -0.0045948
  23.8000000   -0.0035671
  23.8200000   -0.0033007
  23.8400000   -0.0038318
  23.8600000   -0.0051496
  23.8800000   -0.0071991
  23.9000000   -0.0098861
  23.9200000   -0.0130845
  23.9400000   -0.0166452
  23.9600000   -0.0204054
  23.9800000   -0.0241984
  24.0000000   -0.0278630
  24.0200000   -0.0312516
  24.0400000   -0.0342376
  24.0600000   -0.0367201
  24.0800000   -0.0386271
  24.1000000   -0.0399171
  24.1200000   -0.0405777
  24.1400000   -0.0406240
  24.1600000   -0.0400945
  24.1800000   -0.0390475
  24.2000000   -0.0375561
  24.2200000   -0.0357040
  24.2400000   -0.0335811
  24.2600000   -0.0312795
  24.2800000   -0.0288900
  24.3000000   -0.0264988
  24.3200000   -0.0241844
  24.3400000   -0.0220139
  24.3600000   -0.0200405
  24.3800000   -0.0183003
  24.4000000   -0.0168089
  24.4200000   -0.0155596
  24.4400000   -0.0145217
  24.4600000   -0.0136403
  24.4800000   -0.0128377
  24.5000000   -0.0120168
  24.5200000   -0.0110666
  24.5400000   -0.0098698
  24.5600000   -0.0083119
  24.5800000   -0.0062919
  24.6000000   -0.0037329
  24.6200000   -0.0005928
  24.6400000    0.0031271
  24.6600000    0.0073759
  24.6800000    0.0120508
  24.7000000    0.0169982
  24.7200000    0.0220204
  24.7400000    0.0268857
  24.7600000    0.0313429
  24.7800000    0.0351379
  24.8000000    0.0380325
  24.8200000    0.0398221
  24.8400000    0.0403520
  24.8600000    0.0395301
  24.8800000    0.0373355
  24.9000000    0.0338212
  24.9200000    0.0291119
  24.9400000    0.0233964
  24.9600000    0.0169157
  24.9800000    0.0099479
  25.0000000    0.0027913
  25.0200000   -0.0042527
  25.0400000   -0.0108960
  25.0600000   -0.0168779
  25.0800000   -0.0219772
  25.1000000   -0.0260204
  25.1200000   -0.0288869
  25.1400000   -0.0305113
  25.1600000   -0.0308828
  25.1800000   -0.0300415
  25.2000000   -0.0280740
  25.2200000   -0.0251060
  25.2400000   -0.0212946
  25.2600000   -0.0168198
  25.2800000   -0.0118755
  25.3000000   -0.0066616
  25.3200000   -0.0013757
  25.3400000    0.0037930
  25.3600000    0.0086692
  25.3800000    0.0130955
  25.4000000    0.0169346
  25.4200000    0.0200716
  25.4400000    0.0224145
  25.4600000    0.0238949
  25.4800000    0.0244688
  25.5000000    0.0241168
  25.5200000    0.0228446
  25.5400000    0.0206834
  25.5600000    0.0176897
  25.5800000    0.0139448
  25.6000000    0.0095532
  25.6200000    0.0046405
  25.6400000   -0.0006504
  25.6600000   -0.0061627
  25.6800000   -0.0117312
  25.7000000   -0.0171878
  25.7200000   -0.0223679
  25.7400000   -0.0271174
  25.7600000   -0.0312996
  25.7800000   -0.0348020
  25.8000000   -0.0375431
  25.8200000   -0.0394772
  25.8400000   -0.0405968
  25.8600000   -0.0409339
  25.8800000   -0.0405564
  25.9000000   -0.0395632
  25.9200000   -0.0380748
  25.9400000   -0.0362236
  25.9600000   -0.0341423
  25.9800000   -0.0319529
  26.0000000   -0.0297577
  26.0200000   -0.0276327
  26.0400000   -0.0256247
  26.0600000   -0.0237522
  26.0800000   -0.0220089
  26.1000000   -0.0203705
  26.1200000   -0.0188029
  26.1400000   -0.0172700
  26.1600000   -0.0157420
  26.1800000   -0.0142007
  26.2000000   -0.0126433
  26.2200000   -0.0110839
  26.2400000   -0.0095521
  26.2600000   -0.0080903
  26.2800000   -0.0067489
  26.3000000   -0.0055820
  26.3200000   -0.0046412
  26.3400000   -0.0039716
  26.3600000   -0.0036074
  26.3800000   -0.0035688
  26.4000000   -0.0038599
  26.4200000   -0.0044686
  26.4400000   -0.0053668
  26.4600000   -0.0065123
  26.4800000   -0.0078514
  26.5000000   -0.0093217
  26.5200000   -0.0108563
  26.5400000   -0.0123870
  26.5600000   -0.0138472
  26.5800000   -0.0151750
  26.6000000   -0.0163150
  26.6200000   -0.0172195
  26.6400000   -0.0178497
  26.6600000   -0.0181761
  26.6800000   -0.0181788
  26.7000000   -0.0178482
  26.7200000   -0.0171850
  26.7400000   -0.0162010
  26.7600000   -0.0149189
  26.7800000   -0.0133720
  26.8000000   -0.0116030
  26.8200000   -0.0096622
  26.8400000   -0.0076053
  26.8600000   -0.0054894
  26.8800000   -0.0033710
  26.9000000   -0.0013021
  26.9200000    0.0006709
  26.9400000    0.0025083
  26.9600000    0.0041770
  26.9800000    0.0056480
  27.0000000    0.0068949
  27.0200000    0.0078909
  27.0400000    0.0086066
  27.0600000    0.0090097
  27.0800000    0.0090653
  27.1000000    0.0087386
  27.1200000    0.0079996
  27.1400000    0.0068280
  27.1600000    0.0052198
  27.1800000    0.0031921
  27.2000000    0.0007881
  27.2200000   -0.0019220
  27.2400000   -0.0048408
  27.2600000   -0.0078481
  27.2800000   -0.0108072
  27.3000000   -0.0135734
  27.3200000   -0.0160047
  27.3400000   -0.0179722
  27.3600000   -0.0193714
  27.3800000   -0.0201307
  27.4000000   -0.0202186
  27.4200000   -0.0196480
  27.4400000   -0.0184767
  27.4600000   -0.0168040
  27.4800000   -0.0147647
  27.5000000   -0.0125188
  27.5200000   -0.0102396
  27.5400000   -0.0081000
  27.5600000   -0.0062590
  27.5800000   -0.0048494
  27.6000000   -0.0039684
  27.6200000   -0.0036711
  27.6400000   -0.0039686
  27.6600000   -0.0048305
  27.6800000   -0.0061908
  27.7000000   -0.0079557
  27.7200000   -0.0100145
  27.7400000   -0.0122484
  27.7600000   -0.0145394
  27.7800000   -0.0167760
  27.8000000   -0.0188565
  27.8200000   -0.0206898
  27.8400000   -0.0221935
  27.8600000   -0.0232913
  27.8800000   -0.0239111
  27.9000000   -0.0239828
  27.9200000   -0.0234399
  27.9400000   -0.0222223
  27.9600000   -0.0202815
  27.9800000   -0.0175881
  28.0000000   -0.0141393
  28.0200000   -0.0099657
  28.0400000   -0.0051365
  28.0600000    0.0002380
  28.0800000    0.0060082
  28.1000000    0.0119902
  28.1200000    0.0179744
  28.1400000    0.0237372
  28.1600000    0.0290534
  28.1800000    0.0337106
  28.2000000    0.0375213
  28.2200000    0.0403346
  28.2400000    0.0420448
  28.2600000    0.0425973
  28.2800000    0.0419910
  28.3000000    0.0402779
  28.3200000    0.0375603
  28.3400000    0.0339843
  28.3600000    0.0297327
  28.3800000    0.0250156
  28.4000000    0.0200596
  28.4200000    0.0150972
  28.4400000    0.0103557
  28.4600000    0.0060466
  28.4800000    0.0023557
  28.5000000   -0.0005648
  28.5200000   -0.0026032
  28.5400000   -0.0036921
  28.5600000   -0.0038108
  28.5800000   -0.0029842
  28.6000000   -0.0012802
  28.6200000    0.0011954
  28.6400000    0.0043063
  28.6600000    0.0078935
  28.6800000    0.0117845
  28.7000000    0.0158025
  28.7200000    0.0197749
  28.7400000    0.0235411
  28.7600000    0.0269584
  28.7800000    0.0299068
  28.8000000    0.0322912
  28.8200000    0.0340431
  28.8400000    0.0351199
  28.8600000    0.0355042
  28.8800000    0.0352022
  28.9000000    0.0342426
  28.9200000    0.0326754
  28.9400000    0.0305713
  28.9600000    0.0280213
  28.9800000    0.0251354
  29.0000000    0.0220415
  29.0200000    0.0188824
  29.0400000    0.0158105
  29.0600000    0.0129816
  29.0800000    0.0105459
  29.1000000    0.0086379
  29.1200000    0.0073661
  29.1400000    0.0068024
  29.1600000    0.0069741
  29.1800000    0.0078585
  29.2000000    0.0093808
  29.2200000    0.0114167
  29.2400000    0.0137992
  29.2600000    0.0163295
  29.2800000    0.0187900
  29.3000000    0.0209602
  29.3200000    0.0226319
  29.3400000    0.0236240
  29.3600000    0.0237954
  29.3800000    0.0230541
  29.4000000    0.0213636
  29.4200000    0.0187451
  29.4400000    0.0152770
  29.4600000    0.0110905
  29.4800000    0.0063631
  29.5000000    0.0013094
  29.5200000   -0.0038290
  29.5400000   -0.0087961
  29.5600000   -0.0133349
  29.5800000   -0.0172010
  29.6000000   -0.0201769
  29.6200000   -0.0220850
  29.6400000   -0.0227987
  29.6600000   -0.0222508
  29.6800000   -0.0204373
  29.7000000   -0.0174166
  29.7200000   -0.0133038
  29.7400000   -0.0082606
  29.7600000   -0.0024803
  29.7800000    0.0038275
  29.8000000    0.0104536
  29.8200000    0.0172042
  29.8400000    0.0239119
  29.8600000    0.0304428
  29.8800000    0.0366987
  29.9000000    0.0426145
  29.9200000    0.0481514
  29.9400000    0.0532889
  29.9600000    0.0580151
  29.9800000    0.0623182
  30.0000000    0.0661803
