 -10.0000000    0.0144651
  -9.9800000    0.0146278
  -9.9600000    0.0144826
  -9.9400000    0.0142096
  -9.9200000    0.0140156
  -9.9000000    0.0141114
  -9.8800000    0.0146896
  -9.8600000    0.0159035
  -9.8400000    0.0178517
  -9.8200000    0.0205677
  -9.8000000    0.0240164
  -9.7800000    0.0280961
  -9.7600000    0.0326460
  -9.7400000    0.0374569
  -9.7200000    0.0422834
  -9.7000000    0.0468574
  -9.6800000    0.0509012
  -9.6600000    0.0541396
  -9.6400000    0.0563114
  -9.6200000    0.0571795
  -9.6000000    0.0565408
  -9.5800000    0.0542348
  -9.5600000    0.0501516
  -9.5400000    0.0442389
  -9.5200000    0.0365084
  -9.5000000    0.0270405
  -9.4800000    0.0159878
  -9.4600000    0.0035766
  -9.4400000   -0.0098940
  -9.4200000   -0.0240559
  -9.4000000   -0.0384798
  -9.3800000   -0.0526863
  -9.3600000   -0.0661625
  -9.3400000   -0.0783822
  -9.3200000   -0.0888297
  -9.3000000   -0.0970269
  -9.2800000   -0.1025597
  -9.2600000   -0.1051042
  -9.2400000   -0.1044486
  -9.2200000   -0.1005102
  -9.2000000   -0.0933450
  -9.1800000   -0.0831499
  -9.1600000   -0.0702567
  -9.1400000   -0.0551182
  -9.1200000   -0.0382885
  -9.1000000   -0.0203975
  -9.0800000   -0.0021209
  -9.0600000    0.0158506
  -9.0400000    0.0328436
  -9.0200000    0.0482337
  -9.0000000    0.0614730
  -8.9800000    0.0721154
  -8.9600000    0.0798349
  -8.9400000    0.0844379
  -8.9200000    0.0858685
  -8.9000000    0.0842053
  -8.8800000    0.0796516
  -8.8600000    0.0725180
  -8.8400000    0.0632003
  -8.8200000    0.0521532
  -8.8000000    0.0398619
  -8.7800000    0.0268135
  -8.7600000    0.0134704
  -8.7400000    0.0002472
  -8.7200000   -0.0125078
  -8.7000000   -0.0245242
  -8.6800000   -0.0356155
  -8.6600000   -0.0456759
  -8.6400000   -0.0546721
  -8.6200000   -0.0626272
  -8.6000000   -0.0696015
  -8.5800000   -0.0756703
  -8.5600000   -0.0809018
  -8.5400000   -0.0853395
  -8.5200000   -0.0889893
  -8.5000000   -0.0918160
  -8.4800000   -0.0937482
  -8.4600000   -0.0946931
  -8.4400000   -0.0945583
  -8.4200000   -0.0932783
  -8.4000000   -0.0908421
  -8.3800000   -0.0873168
  -8.3600000   -0.0828630
  -8.3400000   -0.0777399
  -8.3200000   -0.0722958
  -8.3000000   -0.0669463
  -8.2800000   -0.0621399
  -8.2600000   -0.0583163
  -8.2400000   -0.0558600
  -8.2200000   -0.0550576
  -8.2000000   -0.0560619
  -8.1800000   -0.0588689
  -8.1600000   -0.0633103
  -8.1400000   -0.0690632
  -8.1200000   -0.0756754
  -8.1000000   -0.0826048
  -8.0800000   -0.0892665
  -8.0600000   -0.0950843
  -8.0400000   -0.0995398
  -8.0200000   -0.1022143
  -8.0000000   -0.1028195
  -7.9800000   -0.1012146
  -7.9600000   -0.0974093
  -7.9400000   -0.0915529
  -7.9200000   -0.0839124
  -7.9000000   -0.0748427
  -7.8800000   -0.0647526
  -7.8600000   -0.0540706
  -7.8400000   -0.0432142
  -7.8200000   -0.0325652
  -7.8000000   -0.0224531
  -7.7800000   -0.0131466
  -7.7600000   -0.0048529
  -7.7400000    0.0022760
  -7.7200000    0.0081340
  -7.7000000    0.0126487
  -7.6800000    0.0157722
  -7.6600000    0.0174728
  -7.6400000    0.0177333
  -7.6200000    0.0165529
  -7.6000000    0.0139537
  -7.5800000    0.0099914
  -7.5600000    0.0047659
  -7.5400000   -0.0015686
  -7.5200000   -0.0087956
  -7.5000000   -0.0166350
  -7.4800000   -0.0247462
  -7.4600000   -0.0327389
  -7.4400000   -0.0401895
  -7.4200000   -0.0466629
  -7.4000000   -0.0517384
  -7.3800000   -0.0550364
  -7.3600000   -0.0562452
  -7.3400000   -0.0551452
  -7.3200000   -0.0516280
  -7.3000000   -0.0457101
  -7.2800000   -0.0375383
  -7.2600000   -0.0273888
  -7.2400000   -0.0156564
  -7.2200000   -0.0028379
  -7.2000000    0.0104919
  -7.1800000    0.0237100
  -7.1600000    0.0361777
  -7.1400000    0.0472752
  -7.1200000    0.0564357
  -7.1000000    0.0631763
  -7.0800000    0.0671242
  -7.0600000    0.0680353
  -7.0400000    0.0658054
  -7.0200000    0.0604709
  -7.0000000    0.0522017
  -6.9800000    0.0412852
  -6.9600000    0.0281039
  -6.9400000    0.0131098
  -6.9200000   -0.0032036
  -6.9000000   -0.0203268
  -6.8800000   -0.0377573
  -6.8600000   -0.0550163
  -6.8400000   -0.0716610
  -6.8200000   -0.0872913
  -6.8000000   -0.1015533
  -6.7800000   -0.1141404
  -6.7600000   -0.1247954
  -6.7400000   -0.1333134
  -6.7200000   -0.1395474
  -6.7000000   -0.1434157
  -6.6800000   -0.1449094
  -6.6600000   -0.1440986
  -6.6400000   -0.1411343
  -6.6200000   -0.1362444
  -6.6000000   -0.1297220
  -6.5800000   -0.1219067
  -6.5600000   -0.1131600
  -6.5400000   -0.1038372
  -6.5200000   -0.0942600
  -6.5000000   -0.0846935
  -6.4800000   -0.0753303
  -6.4600000   -0.0662850
  -6.4400000   -0.0576004
  -6.4200000   -0.0492620
  -6.4000000   -0.0412224
  -6.3800000   -0.0334282
  -6.3600000   -0.0258477
  -6.3400000   -0.0184945
  -6.3200000   -0.0114431
  -6.3000000   -0.0048353
  -6.2800000    0.0011248
  -6.2600000    0.0061850
  -6.2400000    0.0100680
  -6.2200000    0.0125000
  -6.2000000    0.0132408
  -6.1800000    0.0121134
  -6.1600000    0.0090288
  -6.1400000    0.0040047
  -6.1200000   -0.0028256
  -6.1000000   -0.0112128
  -6.0800000   -0.0208019
  -6.0600000   -0.0311514
  -6.0400000   -0.0417600
  -6.0200000   -0.0520996
  -6.0000000   -0.0616502
  -5.9800000   -0.0699357
  -5.9600000   -0.0765567
  -5.9400000   -0.0812163
  -5.9200000   -0.0837391
  -5.9000000   -0.0840791
  -5.8800000   -0.0823175
  -5.8600000   -0.0786503
  -5.8400000   -0.0733661
  -5.8200000   -0.0668185
  -5.8000000   -0.0593938
  -5.7800000   -0.0514785
  -5.7600000   -0.0434303
  -5.7400000   -0.0355542
  -5.7200000   -0.0280872
  -5.7000000   -0.0211913
  -5.6800000   -0.0149569
  -5.6600000   -0.0094124
  -5.6400000   -0.0045408
  -5.6200000   -0.0002989
  -5.6000000    0.0033648
  -5.5800000    0.0064934
  -5.5600000    0.0091125
  -5.5400000    0.0112259
  -5.5200000    0.0128193
  -5.5000000    0.0138692
  -5.4800000    0.0143556
  -5.4600000    0.0142759
  -5.4400000    0.0136577
  -5.4200000    0.0125684
  -5.4000000    0.0111191
  -5.3800000    0.0094635
  -5.3600000    0.0077916
  -5.3400000    0.0063186
  -5.3200000    0.0052711
  -5.3000000    0.0048719
  -5.2800000    0.0053247
  -5.2600000    0.0067994
  -5.2400000    0.0094200
  -5.2200000    0.0132536
  -5.2000000    0.0183030
  -5.1800000    0.0245004
  -5.1600000    0.0317064
  -5.1400000    0.0397103
  -5.1200000    0.0482362
  -5.1000000    0.0569529
  -5.0800000    0.0654881
  -5.0600000    0.0734473
  -5.0400000    0.0804350
  -5.0200000    0.0860778
  -5.0000000    0.0900465
  -4.9800000    0.0920758
  -4.9600000    0.0919786
  -4.9400000    0.0896554
  -4.9200000    0.0850964
  -4.9000000    0.0783781
  -4.8800000    0.0696550
  -4.8600000    0.0591492
  -4.8400000    0.0471387
  -4.8200000    0.0339466
  -4.8000000    0.0199321
  -4.7800000    0.0054839
  -4.7600000   -0.0089868
  -4.7400000   -0.0230536
  -4.7200000   -0.0362846
  -4.7000000   -0.0482568
  -4.6800000   -0.0585747
  -4.6600000   -0.0668930
  -4.6400000   -0.0729406
  -4.6200000   -0.0765435
  -4.6000000   -0.0776425
  -4.5800000   -0.0763029
  -4.5600000   -0.0727123
  -4.5400000   -0.0671669
  -4.5200000   -0.0600466
  -4.5000000   -0.0517809
  -4.4800000   -0.0428110
  -4.4600000   -0.0335514
  -4.4400000   -0.0243570
  -4.4200000   -0.0154988
  -4.4000000   -0.0071522
  -4.3800000    0.0006037
  -4.3600000    0.0077743
  -4.3400000    0.0144298
  -4.3200000    0.0206793
  -4.3000000    0.0266450
  -4.2800000    0.0324375
  -4.2600000    0.0381367
  -4.2400000    0.0437794
  -4.2200000    0.0493540
  -4.2000000    0.0548030
  -4.1800000    0.0600306
  -4.1600000    0.0649152
  -4.1400000    0.0693258
  -4.1200000    0.0731382
  -4.1000000    0.0762527
  -4.0800000    0.0786086
  -4.0600000    0.0801963
  -4.0400000    0.0810629
  -4.0200000    0.0813130
  -4.0000000    0.0811010
  -3.9800000    0.0806167
  -3.9600000    0.0800664
  -3.9400000    0.0796484
  -3.9200000    0.0795309
  -3.9000000    0.0798308
  -3.8800000    0.0806011
  -3.8600000    0.0818257
  -3.8400000    0.0834245
  -3.8200000    0.0852676
  -3.8000000    0.0871950
  -3.7800000    0.0890400
  -3.7600000    0.0906512
  -3.7400000    0.0919091
  -3.7200000    0.0927362
  -3.7000000    0.0930980
  -3.6800000    0.0929965
  -3.6600000    0.0924568
  -3.6400000    0.0915114
  -3.6200000    0.0901838
  -3.6000000    0.0884747
  -3.5800000    0.0863534
  -3.5600000    0.0837541
  -3.5400000    0.0805776
  -3.5200000    0.0766983
  -3.5000000    0.0719736
  -3.4800000    0.0662552
  -3.4600000    0.0594019
  -3.4400000    0.0512918
  -3.4200000    0.0418354
  -3.4000000    0.0309884
  -3.3800000    0.0187648
  -3.3600000    0.0052502
  -3.3400000   -0.0093857
  -3.3200000   -0.0248790
  -3.3000000   -0.0408656
  -3.2800000   -0.0568823
  -3.2600000   -0.0723750
  -3.2400000   -0.0867185
  -3.2200000   -0.0992452
  -3.2000000   -0.1092836
  -3.1800000   -0.1162035
  -3.1600000   -0.1194639
  -3.1400000   -0.1186588
  -3.1200000   -0.1135572
  -3.1000000   -0.1041303
  -3.0800000   -0.0905642
  -3.0600000   -0.0732563
  -3.0400000   -0.0527940
  -3.0200000   -0.0299193
  -3.0000000   -0.0054823
  -2.9800000    0.0196108
  -2.9600000    0.0444514
  -2.9400000    0.0681769
  -2.9200000    0.0900116
  -2.9000000    0.1092981
  -2.8800000    0.1255164
  -2.8600000    0.1382940
  -2.8400000    0.1474064
  -2.8200000    0.1527715
  -2.8000000    0.1544390
  -2.7800000    0.1525767
  -2.7600000    0.1474543
  -2.7400000    0.1394259
  -2.7200000    0.1289094
  -2.7000000    0.1163659
  -2.6800000    0.1022765
  -2.6600000    0.0871201
  -2.6400000    0.0713517
  -2.6200000    0.0553842
  -2.6000000    0.0395747
  -2.5800000    0.0242168
  -2.5600000    0.0095390
  -2.5400000   -0.0042896
  -2.5200000   -0.0171500
  -2.5000000   -0.0289593
  -2.4800000   -0.0396560
  -2.4600000   -0.0491870
  -2.4400000   -0.0574967
  -2.4200000   -0.0645219
  -2.4000000   -0.0701915
  -2.3800000   -0.0744315
  -2.3600000   -0.0771748
  -2.3400000   -0.0783737
  -2.3200000   -0.0780136
  -2.3000000   -0.0761244
  -2.2800000   -0.0727897
  -2.2600000   -0.0681507
  -2.2400000   -0.0624030
  -2.2200000   -0.0557889
  -2.2000000   -0.0485834
  -2.1800000   -0.0410762
  -2.1600000   -0.0335520
  -2.1400000   -0.0262719
  -2.1200000   -0.0194562
  -2.1000000   -0.0132722
  -2.0800000   -0.0078279
  -2.0600000   -0.0031702
  -2.0400000    0.0007102
  -2.0200000    0.0038707
  -2.0000000    0.0064058
  -1.9800000    0.0084337
  -1.9600000    0.0100850
  -1.9400000    0.0114908
  -1.9200000    0.0127737
  -1.9000000    0.0140418
  -1.8800000    0.0153835
  -1.8600000    0.0168656
  -1.8400000    0.0185327
  -1.8200000    0.0204075
  -1.8000000    0.0224917
  -1.7800000    0.0247671
  -1.7600000    0.0271973
  -1.7400000    0.0297275
  -1.7200000    0.0322865
  -1.7000000    0.0347868
  -1.6800000    0.0371265
  -1.6600000    0.0391925
  -1.6400000    0.0408649
  -1.6200000    0.0420237
  -1.6000000    0.0425578
  -1.5800000    0.0423750
  -1.5600000    0.0414131
  -1.5400000    0.0396499
  -1.5200000    0.0371101
  -1.5000000    0.0338689
  -1.4800000    0.0300487
  -1.4600000    0.0258110
  -1.4400000    0.0213416
  -1.4200000    0.0168320
  -1.4000000    0.0124593
  -1.3800000    0.0083666
  -1.3600000    0.0046479
  -1.3400000    0.0013393
  -1.3200000   -0.0015825
  -1.3000000   -0.0041940
  -1.2800000   -0.0066129
  -1.2600000   -0.0089827
  -1.2400000   -0.0114561
  -1.2200000   -0.0141816
  -1.2000000   -0.0172934
  -1.1800000   -0.0209065
  -1.1600000   -0.0251152
  -1.1400000   -0.0299947
  -1.1200000   -0.0356018
  -1.1000000   -0.0419744
  -1.0800000   -0.0491262
  -1.0600000   -0.0570381
  -1.0400000   -0.0656471
  -1.0200000   -0.0748341
  -1.0000000   -0.0844147
  -0.9800000   -0.0941359
  -0.9600000   -0.1036800
  -0.9400000   -0.1126784
  -0.9200000   -0.1207331
  -0.9000000   -0.1274461
  -0.8800000   -0.1324507
  -0.8600000   -0.1354428
  -0.8400000   -0.1362078
  -0.8200000   -0.1346379
  -0.8000000   -0.1307398
  -0.7800000   -0.1246298
  -0.7600000   -0.1165175
  -0.7400000   -0.1066801
  -0.7200000   -0.0954309
  -0.7000000   -0.0830846
  -0.6800000   -0.0699255
  -0.6600000   -0.0561815
  -0.6400000   -0.0420071
  -0.6200000   -0.0274795
  -0.6000000   -0.0126063
  -0.5800000    0.0026536
  -0.5600000    0.0183598
  -0.5400000    0.0345526
  -0.5200000    0.0512144
  -0.5000000    0.0682320
  -0.4800000    0.0853675
  -0.4600000    0.1022392
  -0.4400000    0.1183170
  -0.4200000    0.1329313
  -0.4000000    0.1452984
  -0.3800000    0.1545573
  -0.3600000    0.1598187
  -0.3400000    0.1602212
  -0.3200000    0.1549930
  -0.3000000    0.1435159
  -0.2800000    0.1253871
  -0.2600000    0.1004782
  -0.2400000    0.0689845
  -0.2200000    0.0314617
  -0.2000000   -0.0111552
  -0.1800000   -0.0575576
  -0.1600000   -0.1060970
  -0.1400000   -0.1548516
  -0.1200000   -0.2017240
  -0.1000000   -0.2445690
  -0.0800000   -0.2813404
  -0.0600000   -0.3102481
  -0.0400000   -0.3299061
  -0.0200000   -0.3394575
   0.0000000   -0.3386586
   0.0200000   -0.3279106
   0.0400000   -0.3082317
   0.0600000   -0.2811709
   0.0800000   -0.2486711
   0.1000000   -0.2128965
   0.1200000   -0.1760451
   0.1400000   -0.1401660
   0.1600000   -0.1070038
   0.1800000   -0.0778837
   0.2000000   -0.0536495
   0.2200000   -0.0346553
   0.2400000   -0.0208079
   0.2600000   -0.0116484
   0.2800000   -0.0064617
   0.3000000   -0.0043961
   0.3200000   -0.0045818
   0.3400000   -0.0062332
   0.3600000   -0.0087290
   0.3800000   -0.0116634
   0.4000000   -0.0148668
   0.4200000   -0.0183982
   0.4400000   -0.0225119
   0.4600000   -0.0276030
   0.4800000   -0.0341400
   0.5000000   -0.0425898
   0.5200000   -0.0533426
   0.5400000   -0.0666456
   0.5600000   -0.0825495
   0.5800000   -0.1008759
   0.6000000   -0.1212075
   0.6200000   -0.1429024
   0.6400000   -0.1651315
   0.6600000   -0.1869356
   0.6800000   -0.2072945
   0.7000000   -0.2252024
   0.7200000   -0.2397406
   0.7400000   -0.2501411
   0.7600000   -0.2558350
   0.7800000   -0.2564814
   0.8000000   -0.2519779
   0.8200000   -0.2424515
   0.8400000   -0.2282356
   0.8600000   -0.2098358
   0.8800000   -0.1878909
   0.9000000   -0.1631330
   0.9200000   -0.1363504
   0.9400000   -0.1083549
   0.9600000   -0.0799562
   0.9800000   -0.0519401
   1.0000000   -0.0250512
   1.0200000    0.0000211
   1.0400000    0.0226571
   1.0600000    0.0423200
   1.0800000    0.0585703
   1.1000000    0.0710790
   1.1200000    0.0796419
   1.1400000    0.0841897
   1.1600000    0.0847966
   1.1800000    0.0816830
   1.2000000    0.0752126
   1.2200000    0.0658825
   1.2400000    0.0543054
   1.2600000    0.0411840
   1.2800000    0.0272778
   1.3000000    0.0133643
   1.3200000    0.0001954
   1.3400000   -0.0115469
   1.3600000   -0.0212923
   1.3800000   -0.0286177
   1.4000000   -0.0332729
   1.4200000   -0.0351927
   1.4400000   -0.0344949
   1.4600000   -0.0314624
   1.4800000   -0.0265132
   1.5000000   -0.0201592
   1.5200000   -0.0129602
   1.5400000   -0.0054776
   1.5600000    0.0017683
   1.5800000    0.0083310
   1.6000000    0.0138602
   1.6200000    0.0181115
   1.6400000    0.0209450
   1.6600000    0.0223157
   1.6800000    0.0222567
   1.7000000    0.0208623
   1.7200000    0.0182706
   1.7400000    0.0146502
   1.7600000    0.0101909
   1.7800000    0.0050988
   1.8000000   -0.0004055
   1.8200000   -0.0060868
   1.8400000   -0.0116961
   1.8600000   -0.0169729
   1.8800000   -0.0216504
   1.9000000   -0.0254646
   1.9200000   -0.0281664
   1.9400000   -0.0295371
   1.9600000   -0.0294043
   1.9800000   -0.0276594
   2.0000000   -0.0242727
   2.0200000   -0.0193058
   2.0400000   -0.0129203
   2.0600000   -0.0053789
   2.0800000    0.0029591
   2.1000000    0.0116513
   2.1200000    0.0201938
   2.1400000    0.0280505
   2.1600000    0.0346885
   2.1800000    0.0396183
   2.2000000    0.0424334
   2.2200000    0.0428480
   2.2400000    0.0407275
   2.2600000    0.0361076
   2.2800000    0.0292007
   2.3000000    0.0203868
   2.3200000    0.0101894
   2.3400000   -0.0007620
   2.3600000   -0.0117795
   2.3800000   -0.0221694
   2.4000000   -0.0312849
   2.4200000   -0.0385748
   2.4400000   -0.0436204
   2.4600000   -0.0461609
   2.4800000   -0.0461031
   2.5000000   -0.0435160
   2.5200000   -0.0386129
   2.5400000   -0.0317226
   2.5600000   -0.0232551
   2.5800000   -0.0136649
   2.6000000   -0.0034165
   2.6200000    0.0070452
   2.6400000    0.0173170
   2.6600000    0.0270526
   2.6800000    0.0359688
   2.7000000    0.0438462
   2.7200000    0.0505241
   2.7400000    0.0558931
   2.7600000    0.0598851
   2.7800000    0.0624642
   2.8000000    0.0636176
   2.8200000    0.0633486
   2.8400000    0.0616703
   2.8600000    0.0586021
   2.8800000    0.0541672
   2.9000000    0.0483922
   2.9200000    0.0413078
   2.9400000    0.0329519
   2.9600000    0.0233724
   2.9800000    0.0126327
   3.0000000    0.0008155
   3.0200000   -0.0119715
   3.0400000   -0.0255921
   3.0600000   -0.0398782
   3.0800000   -0.0546281
   3.1000000   -0.0696054
   3.1200000   -0.0845395
   3.1400000   -0.0991277
   3.1600000   -0.1130369
   3.1800000   -0.1259088
   3.2000000   -0.1373656
   3.2200000   -0.1470195
   3.2400000   -0.1544857
   3.2600000   -0.1593996
   3.2800000   -0.1614381
   3.3000000   -0.1603446
   3.3200000   -0.1559553
   3.3400000   -0.1482241
   3.3600000   -0.1372439
   3.3800000   -0.1232596
   3.4000000   -0.1066708
   3.4200000   -0.0880223
   3.4400000   -0.0679818
   3.4600000   -0.0473057
   3.4800000   -0.0267968
   3.5000000   -0.0072562
   3.5200000    0.0105647
   3.5400000    0.0260081
   3.5600000    0.0385460
   3.5800000    0.0478064
   3.6000000    0.0535858
   3.6200000    0.0558517
   3.6400000    0.0547319
   3.6600000    0.0504970
   3.6800000    0.0435340
   3.7000000    0.0343184
   3.7200000    0.0233831
   3.7400000    0.0112900
   3.7600000   -0.0013970
   3.7800000   -0.0141333
   3.8000000   -0.0264113
   3.8200000   -0.0377725
   3.8400000   -0.0478153
   3.8600000   -0.0561988
   3.8800000   -0.0626452
   3.9000000   -0.0669395
   3.9200000   -0.0689305
   3.9400000   -0.0685317
   3.9600000   -0.0657227
   3.9800000   -0.0605516
   4.0000000   -0.0531369
   4.0200000   -0.0436683
   4.0400000   -0.0324049
   4.0600000   -0.0196702
   4.0800000   -0.0058432
   4.1000000    0.0086544
   4.1200000    0.0233750
   4.1400000    0.0378645
   4.1600000    0.0516830
   4.1800000    0.0644256
   4.2000000    0.0757419
   4.2200000    0.0853519
   4.2400000    0.0930568
   4.2600000    0.0987444
   4.2800000    0.1023877
   4.3000000    0.1040370
   4.3200000    0.1038049
   4.3400000    0.1018484
   4.3600000    0.0983458
   4.3800000    0.0934756
   4.4000000    0.0873959
   4.4200000    0.0802306
   4.4400000    0.0720613
   4.4600000    0.0629288
   4.4800000    0.0528430
   4.5000000    0.0418003
   4.5200000    0.0298065
   4.5400000    0.0169019
   4.5600000    0.0031859
   4.5800000   -0.0111636
   4.6000000   -0.0258787
   4.6200000   -0.0405987
   4.6400000   -0.0548786
   4.6600000   -0.0682080
   4.6800000   -0.0800376
   4.7000000   -0.0898134
   4.7200000   -0.0970135
   4.7400000   -0.1011840
   4.7600000   -0.1019736
   4.7800000   -0.0991602
   4.8000000   -0.0926703
   4.8200000   -0.0825890
   4.8400000   -0.0691590
   4.8600000   -0.0527709
   4.8800000   -0.0339448
   4.9000000   -0.0133053
   4.9200000    0.0084472
   4.9400000    0.0305662
   4.9600000    0.0522890
   4.9800000    0.0728619
   5.0000000    0.0915631
   5.0200000    0.1077200
   5.0400000    0.1207243
   5.0600000    0.1300433
   5.0800000    0.1352316
   5.1000000    0.1359428
   5.1200000    0.1319425
   5.1400000    0.1231231
   5.1600000    0.1095180
   5.1800000    0.0913145
   5.2000000    0.0688626
   5.2200000    0.0426771
   5.2400000    0.0134302
   5.2600000   -0.0180654
   5.2800000   -0.0508842
   5.3000000   -0.0840244
   5.3200000   -0.1164513
   5.3400000   -0.1471445
   5.3600000   -0.1751444
   5.3800000   -0.1995952
   5.4000000   -0.2197810
   5.4200000   -0.2351528
   5.4400000   -0.2453453
   5.4600000   -0.2501833
   5.4800000   -0.2496790
   5.5000000   -0.2440206
   5.5200000   -0.2335550
   5.5400000   -0.2187663
   5.5600000   -0.2002504
   5.5800000   -0.1786889
   5.6000000   -0.1548221
   5.6200000   -0.1294215
   5.6400000   -0.1032637
   5.6600000   -0.0771048
   5.6800000   -0.0516577
   5.7000000   -0.0275704
   5.7200000   -0.0054090
   5.7400000    0.0143564
   5.7600000    0.0313607
   5.7800000    0.0453485
   5.8000000    0.0561737
   5.8200000    0.0637953
   5.8400000    0.0682687
   5.8600000    0.0697352
   5.8800000    0.0684090
   5.9000000    0.0645635
   5.9200000    0.0585167
   5.9400000    0.0506178
   5.9600000    0.0412331
   5.9800000    0.0307327
   6.0000000    0.0194780
   6.0200000    0.0078098
   6.0400000   -0.0039623
   6.0600000   -0.0155681
   6.0800000   -0.0267830
   6.1000000   -0.0374304
   6.1200000   -0.0473798
   6.1400000   -0.0565421
   6.1600000   -0.0648608
   6.1800000   -0.0723016
   6.2000000   -0.0788408
   6.2200000   -0.0844553
   6.2400000   -0.0891146
   6.2600000   -0.0927761
   6.2800000   -0.0953848
   6.3000000   -0.0968770
   6.3200000   -0.0971866
   6.3400000   -0.0962538
   6.3600000   -0.0940342
   6.3800000   -0.0905067
   6.4000000   -0.0856792
   6.4200000   -0.0795918
   6.4400000   -0.0723164
   6.4600000   -0.0639539
   6.4800000   -0.0546284
   6.5000000   -0.0444804
   6.5200000   -0.0336600
   6.5400000   -0.0223203
   6.5600000   -0.0106121
   6.5800000    0.0013191
   6.6000000    0.0133341
   6.6200000    0.0252986
   6.6400000    0.0370809
   6.6600000    0.0485473
   6.6800000    0.0595578
   6.7000000    0.0699622
   6.7200000    0.0795980
   6.7400000    0.0882894
   6.7600000    0.0958515
   6.7800000    0.1020964
   6.8000000    0.1068447
   6.8200000    0.1099394
   6.8400000    0.1112635
   6.8600000    0.1107579
   6.8800000    0.1084391
   6.9000000    0.1044126
   6.9200000    0.0988808
   6.9400000    0.0921428
   6.9600000    0.0845845
   6.9800000    0.0766587
   7.0000000    0.0688564
   7.0200000    0.0616711
   7.0400000    0.0555598
   7.0600000    0.0509049
   7.0800000    0.0479812
   7.1000000    0.0469326
   7.1200000    0.0477607
   7.1400000    0.0503274
   7.1600000    0.0543717
   7.1800000    0.0595377
   7.2000000    0.0654112
   7.2200000    0.0715603
   7.2400000    0.0775746
   7.2600000    0.0830986
   7.2800000    0.0878565
   7.3000000    0.0916651
   7.3200000    0.0944354
   7.3400000    0.0961634
   7.3600000    0.0969135
   7.3800000    0.0967972
   7.4000000    0.0959507
   7.4200000    0.0945155
   7.4400000    0.0926223
   7.4600000    0.0903812
   7.4800000    0.0878769
   7.5000000    0.0851676
   7.5200000    0.0822869
   7.5400000    0.0792463
   7.5600000    0.0760378
   7.5800000    0.0726347
   7.6000000    0.0689929
   7.6200000    0.0650521
   7.6400000    0.0607385
   7.6600000    0.0559706
   7.6800000    0.0506682
   7.7000000    0.0447649
   7.7200000    0.0382226
   7.7400000    0.0310467
   7.7600000    0.0232993
   7.7800000    0.0151086
   7.8000000    0.0066712
   7.8200000   -0.0017513
   7.8400000   -0.0098442
   7.8600000   -0.0172577
   7.8800000   -0.0236285
   7.9000000   -0.0286039
   7.9200000   -0.0318657
   7.9400000   -0.0331505
   7.9600000   -0.0322664
   7.9800000   -0.0291048
   8.0000000   -0.0236473
   8.0200000   -0.0159694
   8.0400000   -0.0062400
   8.0600000    0.0052802
   8.0800000    0.0182432
   8.1000000    0.0322201
   8.1200000    0.0467107
   8.1400000    0.0611572
   8.1600000    0.0749628
   8.1800000    0.0875156
   8.2000000    0.0982169
   8.2200000    0.1065137
   8.2400000    0.1119312
   8.2600000    0.1141037
   8.2800000    0.1128003
   8.3000000    0.1079435
   8.3200000    0.0996166
   8.3400000    0.0880615
   8.3600000    0.0736661
   8.3800000    0.0569430
   8.4000000    0.0385017
   8.4200000    0.0190184
   8.4400000   -0.0007954
   8.4600000   -0.0202226
   8.4800000   -0.0385662
   8.5000000   -0.0551714
   8.5200000   -0.0694443
   8.5400000   -0.0808666
   8.5600000   -0.0890084
   8.5800000   -0.0935396
   8.6000000   -0.0942389
   8.6200000   -0.0910026
   8.6400000   -0.0838495
   8.6600000   -0.0729241
   8.6800000   -0.0584953
   8.7000000   -0.0409503
   8.7200000   -0.0207832
   8.7400000    0.0014205
   8.7600000    0.0250048
   8.7800000    0.0492668
   8.8000000    0.0734828
   8.8200000    0.0969352
   8.8400000    0.1189391
   8.8600000    0.1388658
   8.8800000    0.1561646
   8.9000000    0.1703793
   8.9200000    0.1811606
   8.9400000    0.1882737
   8.9600000    0.1916015
   8.9800000    0.1911428
   9.0000000    0.1870081
   9.0200000    0.1794113
   9.0400000    0.1686601
   9.0600000    0.1551432
   9.0800000    0.1393161
   9.1000000    0.1216848
   9.1200000    0.1027881
   9.1400000    0.0831781
   9.1600000    0.0634018
   9.1800000    0.0439819
   9.2000000    0.0254003
   9.2200000    0.0080849
   9.2400000   -0.0076005
   9.2600000   -0.0213619
   9.2800000   -0.0329772
   9.3000000   -0.0422962
   9.3200000   -0.0492379
   9.3400000   -0.0537882
   9.3600000   -0.0559970
   9.3800000   -0.0559757
   9.4000000   -0.0538941
   9.4200000   -0.0499766
   9.4400000   -0.0444954
   9.4600000   -0.0377611
   9.4800000   -0.0301099
   9.5000000   -0.0218872
   9.5200000   -0.0134302
   9.5400000   -0.0050505
   9.5600000    0.0029822
   9.5800000    0.0104510
   9.6000000    0.0171981
   9.6200000    0.0231251
   9.6400000    0.0281877
   9.6600000    0.0323864
   9.6800000    0.0357541
   9.7000000    0.0383439
   9.7200000    0.0402186
   9.7400000    0.0414424
   9.7600000    0.0420766
   9.7800000    0.0421795
   9.8000000    0.0418079
   9.8200000    0.0410215
   9.8400000    0.0398870
   9.8600000    0.0384815
   9.8800000    0.0368929
   9.9000000    0.0352187
   9.9200000    0.0335603
   9.9400000    0.0320153
   9.9600000    0.0306671
   9.9800000    0.0295735
  10.0000000    0.0287551
  10.0200000    0.0281862
  10.0400000    0.0277870
  10.0600000    0.0274209
  10.0800000    0.0268967
  10.1000000    0.0259751
  10.1200000    0.0243818
  10.1400000    0.0218246
  10.1600000    0.0180155
  10.1800000    0.0126947
  10.2000000    0.0056567
  10.2200000   -0.0032249
  10.2400000   -0.0139748
  10.2600000   -0.0264993
  10.2800000   -0.0405759
  10.3000000   -0.0558527
  10.3200000   -0.0718577
  10.3400000   -0.0880197
  10.3600000   -0.1036993
  10.3800000   -0.1182286
  10.4000000   -0.1309572
  10.4200000   -0.1412996
  10.4400000   -0.1487793
  10.4600000   -0.1530662
  10.4800000   -0.1540004
  10.5000000   -0.1516021
  10.5200000   -0.1460645
  10.5400000   -0.1377309
  10.5600000   -0.1270588
  10.5800000   -0.1145763
  10.6000000   -0.1008355
  10.6200000   -0.0863683
  10.6400000   -0.0716514
  10.6600000   -0.0570824
  10.6800000   -0.0429687
  10.7000000   -0.0295296
  10.7200000   -0.0169083
  10.7400000   -0.0051891
  10.7600000    0.0055823
  10.7800000    0.0153824
  10.8000000    0.0241978
  10.8200000    0.0320207
  10.8400000    0.0388511
  10.8600000    0.0447036
  10.8800000    0.0496174
  10.9000000    0.0536649
  10.9200000    0.0569565
  10.9400000    0.0596403
  10.9600000    0.0618943
  10.9800000    0.0639131
  11.0000000    0.0658888
  11.0200000    0.0679906
  11.0400000    0.0703442
  11.0600000    0.0730151
  11.0800000    0.0759976
  11.1000000    0.0792104
  11.1200000    0.0825011
  11.1400000    0.0856568
  11.1600000    0.0884206
  11.1800000    0.0905126
  11.2000000    0.0916515
  11.2200000    0.0915759
  11.2400000    0.0900646
  11.2600000    0.0869524
  11.2800000    0.0821431
  11.3000000    0.0756183
  11.3200000    0.0674425
  11.3400000    0.0577639
  11.3600000    0.0468109
  11.3800000    0.0348839
  11.4000000    0.0223423
  11.4200000    0.0095869
  11.4400000   -0.0029627
  11.4600000   -0.0148925
  11.4800000   -0.0258200
  11.5000000   -0.0354179
  11.5200000   -0.0434338
  11.5400000   -0.0497023
  11.5600000   -0.0541494
  11.5800000   -0.0567882
  11.6000000   -0.0577069
  11.6200000   -0.0570511
  11.6400000   -0.0550037
  11.6600000   -0.0517652
  11.6800000   -0.0475373
  11.7000000   -0.0425110
  11.7200000   -0.0368617
  11.7400000   -0.0307485
  11.7600000   -0.0243186
  11.7800000   -0.0177123
  11.8000000   -0.0110693
  11.8200000   -0.0045315
  11.8400000    0.0017564
  11.8600000    0.0076497
  11.8800000    0.0130097
  11.9000000    0.0177108
  11.9200000    0.0216473
  11.9400000    0.0247396
  11.9600000    0.0269371
  11.9800000    0.0282189
  12.0000000    0.0285919
  12.0200000    0.0280866
  12.0400000    0.0267527
  12.0600000    0.0246545
  12.0800000    0.0218678
  12.1000000    0.0184779
  12.1200000    0.0145789
  12.1400000    0.0102735
  12.1600000    0.0056736
  12.1800000    0.0008983
  12.2000000   -0.0039284
  12.2200000   -0.0086827
  12.2400000   -0.0132479
  12.2600000   -0.0175213
  12.2800000   -0.0214215
  12.3000000   -0.0248933
  12.3200000   -0.0279098
  12.3400000   -0.0304705
  12.3600000   -0.0325960
  12.3800000   -0.0343184
  12.4000000   -0.0356717
  12.4200000   -0.0366807
  12.4400000   -0.0373531
  12.4600000   -0.0376747
  12.4800000   -0.0376096
  12.5000000   -0.0371060
  12.5200000   -0.0361056
  12.5400000   -0.0345567
  12.5600000   -0.0324277
  12.5800000   -0.0297204
  12.6000000   -0.0264790
  12.6200000   -0.0227950
  12.6400000   -0.0188058
  12.6600000   -0.0146879
  12.6800000   -0.0106440
  12.7000000   -0.0068867
  12.7200000   -0.0036200
  12.7400000   -0.0010203
  12.7600000    0.0007795
  12.7800000    0.0017025
  12.8000000    0.0017348
  12.8200000    0.0009266
  12.8400000   -0.0006131
  12.8600000   -0.0027259
  12.8800000   -0.0052169
  12.9000000   -0.0078700
  12.9200000   -0.0104620
  12.9400000   -0.0127755
  12.9600000   -0.0146097
  12.9800000   -0.0157878
  13.0000000   -0.0161632
  13.0200000   -0.0156238
  13.0400000   -0.0140961
  13.0600000   -0.0115501
  13.0800000   -0.0080043
  13.1000000   -0.0035315
  13.1200000    0.0017374
  13.1400000    0.0076114
  13.1600000    0.0138430
  13.1800000    0.0201374
  13.2000000    0.0261683
  13.2200000    0.0315998
  13.2400000    0.0361130
  13.2600000    0.0394327
  13.2800000    0.0413529
  13.3000000    0.0417548
  13.3200000    0.0406165
  13.3400000    0.0380105
  13.3600000    0.0340910
  13.3800000    0.0290712
  13.4000000    0.0231949
  13.4200000    0.0167066
  13.4400000    0.0098245
  13.4600000    0.0027210
  13.4800000   -0.0044875
  13.5000000   -0.0117400
  13.5200000   -0.0190204
  13.5400000   -0.0263413
  13.5600000   -0.0337229
  13.5800000   -0.0411738
  13.6000000   -0.0486752
  13.6200000   -0.0561712
  13.6400000   -0.0635667
  13.6600000   -0.0707318
  13.6800000   -0.0775115
  13.7000000   -0.0837390
  13.7200000   -0.0892497
  13.7400000   -0.0938945
  13.7600000   -0.0975508
  13.7800000   -0.1001313
  13.8000000   -0.1015891
  13.8200000   -0.1019214
  13.8400000   -0.1011698
  13.8600000   -0.0994193
  13.8800000   -0.0967951
  13.9000000   -0.0934569
  13.9200000   -0.0895903
  13.9400000   -0.0853954
  13.9600000   -0.0810724
  13.9800000   -0.0768056
  14.0000000   -0.0727463
  14.0200000   -0.0689970
  14.0400000   -0.0655999
  14.0600000   -0.0625299
  14.0800000   -0.0596961
  14.1000000   -0.0569511
  14.1200000   -0.0541082
  14.1400000   -0.0509660
  14.1600000   -0.0473362
  14.1800000   -0.0430726
  14.2000000   -0.0380965
  14.2200000   -0.0324150
  14.2400000   -0.0261296
  14.2600000   -0.0194319
  14.2800000   -0.0125881
  14.3000000   -0.0059133
  14.3200000    0.0002627
  14.3400000    0.0056309
  14.3600000    0.0099377
  14.3800000    0.0130130
  14.4000000    0.0147880
  14.4200000    0.0153012
  14.4400000    0.0146931
  14.4600000    0.0131904
  14.4800000    0.0110824
  14.5000000    0.0086951
  14.5200000    0.0063643
  14.5400000    0.0044121
  14.5600000    0.0031283
  14.5800000    0.0027561
  14.6000000    0.0034832
  14.6200000    0.0054348
  14.6400000    0.0086691
  14.6600000    0.0131730
  14.6800000    0.0188589
  14.7000000    0.0255634
  14.7200000    0.0330494
  14.7400000    0.0410134
  14.7600000    0.0491008
  14.7800000    0.0569274
  14.8000000    0.0641079
  14.8200000    0.0702891
  14.8400000    0.0751826
  14.8600000    0.0785942
  14.8800000    0.0804454
  14.9000000    0.0807839
  14.9200000    0.0797806
  14.9400000    0.0777145
  14.9600000    0.0749455
  14.9800000    0.0718801
  15.0000000    0.0689320
  15.0200000    0.0664836
  15.0400000    0.0648515
  15.0600000    0.0642576
  15.0800000    0.0648104
  15.1000000    0.0664944
  15.1200000    0.0691697
  15.1400000    0.0725799
  15.1600000    0.0763685
  15.1800000    0.0801017
  15.2000000    0.0832976
  15.2200000    0.0854596
  15.2400000    0.0861132
  15.2600000    0.0848433
  15.2800000    0.0813300
  15.3000000    0.0753789
  15.3200000    0.0669437
  15.3400000    0.0561371
  15.3600000    0.0432292
  15.3800000    0.0286320
  15.4000000    0.0128707
  15.4200000   -0.0034546
  15.4400000   -0.0197138
  15.4600000   -0.0352935
  15.4800000   -0.0496401
  15.5000000   -0.0622957
  15.5200000   -0.0729232
  15.5400000   -0.0813195
  15.5600000   -0.0874151
  15.5800000   -0.0912637
  15.6000000   -0.0930217
  15.6200000   -0.0929222
  15.6400000   -0.0912454
  15.6600000   -0.0882894
  15.6800000   -0.0843426
  15.7000000   -0.0796620
  15.7200000   -0.0744556
  15.7400000   -0.0688739
  15.7600000   -0.0630070
  15.7800000   -0.0568906
  15.8000000   -0.0505175
  15.8200000   -0.0438547
  15.8400000   -0.0368642
  15.8600000   -0.0295242
  15.8800000   -0.0218495
  15.9000000   -0.0139065
  15.9200000   -0.0058239
  15.9400000    0.0022060
  15.9600000    0.0099332
  15.9800000    0.0170638
  16.0000000    0.0232795
  16.0200000    0.0282624
  16.0400000    0.0317196
  16.0600000    0.0334082
  16.0800000    0.0331558
  16.1000000    0.0308763
  16.1200000    0.0265789
  16.1400000    0.0203699
  16.1600000    0.0124484
  16.1800000    0.0030949
  16.2000000   -0.0073456
  16.2200000   -0.0184838
  16.2400000   -0.0299099
  16.2600000   -0.0412177
  16.2800000   -0.0520287
  16.3000000   -0.0620127
  16.3200000   -0.0709040
  16.3400000   -0.0785118
  16.3600000   -0.0847232
  16.3800000   -0.0894991
  16.4000000   -0.0928641
  16.4200000   -0.0948919
  16.4400000   -0.0956875
  16.4600000   -0.0953712
  16.4800000   -0.0940640
  16.5000000   -0.0918780
  16.5200000   -0.0889112
  16.5400000   -0.0852477
  16.5600000   -0.0809608
  16.5800000   -0.0761183
  16.6000000   -0.0707877
  16.6200000   -0.0650412
  16.6400000   -0.0589578
  16.6600000   -0.0526245
  16.6800000   -0.0461355
  16.7000000   -0.0395918
  16.7200000   -0.0331001
  16.7400000   -0.0267729
  16.7600000   -0.0207288
  16.7800000   -0.0150927
  16.8000000   -0.0099956
  16.8200000   -0.0055725
  16.8400000   -0.0019586
  16.8600000    0.0007165
  16.8800000    0.0023351
  16.9000000    0.0027988
  16.9200000    0.0020343
  16.9400000   -0.0000016
  16.9600000   -0.0033199
  16.9800000   -0.0078988
  17.0000000   -0.0136847
  17.0200000   -0.0205930
  17.0400000   -0.0285092
  17.0600000   -0.0372889
  17.0800000   -0.0467557
  17.1000000   -0.0567002
  17.1200000   -0.0668780
  17.1400000   -0.0770113
  17.1600000   -0.0867930
  17.1800000   -0.0958955
  17.2000000   -0.1039837
  17.2200000   -0.1107321
  17.2400000   -0.1158428
  17.2600000   -0.1190641
  17.2800000   -0.1202057
  17.3000000   -0.1191495
  17.3200000   -0.1158544
  17.3400000   -0.1103554
  17.3600000   -0.1027576
  17.3800000   -0.0932271
  17.4000000   -0.0819811
  17.4200000   -0.0692781
  17.4400000   -0.0554115
  17.4600000   -0.0407041
  17.4800000   -0.0255047
  17.5000000   -0.0101852
  17.5200000    0.0048652
  17.5400000    0.0192484
  17.5600000    0.0325704
  17.5800000    0.0444577
  17.6000000    0.0545761
  17.6200000    0.0626495
  17.6400000    0.0684758
  17.6600000    0.0719372
  17.6800000    0.0730046
  17.7000000    0.0717341
  17.7200000    0.0682588
  17.7400000    0.0627758
  17.7600000    0.0555322
  17.7800000    0.0468119
  17.8000000    0.0369244
  17.8200000    0.0261971
  17.8400000    0.0149680
  17.8600000    0.0035801
  17.8800000   -0.0076266
  17.9000000   -0.0183259
  17.9200000   -0.0282194
  17.9400000   -0.0370537
  17.9600000   -0.0446384
  17.9800000   -0.0508619
  18.0000000   -0.0557029
  18.0200000   -0.0592346
  18.0400000   -0.0616192
  18.0600000   -0.0630936
  18.0800000   -0.0639473
  18.1000000   -0.0644945
  18.1200000   -0.0650438
  18.1400000   -0.0658698
  18.1600000   -0.0671886
  18.1800000   -0.0691412
  18.2000000   -0.0717842
  18.2200000   -0.0750898
  18.2400000   -0.0789533
  18.2600000   -0.0832071
  18.2800000   -0.0876379
  18.3000000   -0.0920073
  18.3200000   -0.0960716
  18.3400000   -0.0996006
  18.3600000   -0.1023931
  18.3800000   -0.1042898
  18.4000000   -0.1051806
  18.4200000   -0.1050090
  18.4400000   -0.1037708
  18.4600000   -0.1015101
  18.4800000   -0.0983107
  18.5000000   -0.0942858
  18.5200000   -0.0895656
  18.5400000   -0.0842852
  18.5600000   -0.0785730
  18.5800000   -0.0725425
  18.6000000   -0.0662863
  18.6200000   -0.0598747
  18.6400000   -0.0533575
  18.6600000   -0.0467694
  18.6800000   -0.0401370
  18.7000000   -0.0334876
  18.7200000   -0.0268558
  18.7400000   -0.0202896
  18.7600000   -0.0138528
  18.7800000   -0.0076248
  18.8000000   -0.0016973
  18.8200000    0.0038315
  18.8400000    0.0088636
  18.8600000    0.0133089
  18.8800000    0.0170910
  18.9000000    0.0201517
  18.9200000    0.0224531
  18.9400000    0.0239772
  18.9600000    0.0247226
  18.9800000    0.0246996
  19.0000000    0.0239245
  19.0200000    0.0224130
  19.0400000    0.0201751
  19.0600000    0.0172120
  19.0800000    0.0135152
  19.1000000    0.0090692
  19.1200000    0.0038574
  19.1400000   -0.0021297
  19.1600000   -0.0088834
  19.1800000   -0.0163667
  19.2000000   -0.0245039
  19.2200000   -0.0331727
  19.2400000   -0.0422011
  19.2600000   -0.0513674
  19.2800000   -0.0604061
  19.3000000   -0.0690177
  19.3200000   -0.0768829
  19.3400000   -0.0836796
  19.3600000   -0.0891016
  19.3800000   -0.0928784
  19.4000000   -0.0947930
  19.4200000   -0.0946989
  19.4400000   -0.0925328
  19.4600000   -0.0883232
  19.4800000   -0.0821932
  19.5000000   -0.0743567
  19.5200000   -0.0651082
  19.5400000   -0.0548061
  19.5600000   -0.0438509
  19.5800000   -0.0326597
  19.6000000   -0.0216403
  19.6200000   -0.0111656
  19.6400000   -0.0015533
  19.6600000    0.0069499
  19.6800000    0.0141762
  19.7000000    0.0200378
  19.7200000    0.0245211
  19.7400000    0.0276758
  19.7600000    0.0296005
  19.7800000    0.0304261
  19.8000000    0.0302998
  19.8200000    0.0293705
  19.8400000    0.0277779
  19.8600000    0.0256438
  19.8800000    0.0230694
  19.9000000    0.0201356
  19.9200000    0.0169075
  19.9400000    0.0134435
  19.9600000    0.0098048
  19.9800000    0.0060679
  20.0000000    0.0023353
  20.0200000   -0.0012558
  20.0400000   -0.0045289
  20.0600000   -0.0072687
  20.0800000   -0.0092280
  20.1000000   -0.0101407
  20.1200000   -0.0097408
  20.1400000   -0.0077847
  20.1600000   -0.0040761
  20.1800000    0.0015093
  20.2000000    0.0090028
  20.2200000    0.0183263
  20.2400000    0.0292837
  20.2600000    0.0415613
  20.2800000    0.0547373
  20.3000000    0.0683008
  20.3200000    0.0816781
  20.3400000    0.0942654
  20.3600000    0.1054636
  20.3800000    0.1147139
  20.4000000    0.1215294
  20.4200000    0.1255211
  20.4400000    0.1264160
  20.4600000    0.1240664
  20.4800000    0.1184505
  20.5000000    0.1096660
  20.5200000    0.0979174
  20.5400000    0.0835005
  20.5600000    0.0667852
  20.5800000    0.0481993
  20.6000000    0.0282131
  20.6200000    0.0073263
  20.6400000   -0.0139435
  20.6600000   -0.0350717
  20.6800000   -0.0555370
  20.7000000   -0.0748324
  20.7200000   -0.0924759
  20.7400000   -0.1080224
  20.7600000   -0.1210737
  20.7800000   -0.1312885
  20.8000000   -0.1383900
  20.8200000   -0.1421715
  20.8400000   -0.1425006
  20.8600000   -0.1393217
  20.8800000   -0.1326580
  20.9000000   -0.1226133
  20.9200000   -0.1093747
  20.9400000   -0.0932141
  20.9600000   -0.0744899
  20.9800000   -0.0536462
  21.0000000   -0.0312085
  21.0200000   -0.0077746
  21.0400000    0.0159999
  21.0600000    0.0394216
  21.0800000    0.0617842
  21.1000000    0.0823967
  21.1200000    0.1006122
  21.1400000    0.1158570
  21.1600000    0.1276547
  21.1800000    0.1356473
  21.2000000    0.1396095
  21.2200000    0.1394581
  21.2400000    0.1352546
  21.2600000    0.1272037
  21.2800000    0.1156468
  21.3000000    0.1010515
  21.3200000    0.0839967
  21.3400000    0.0651535
  21.3600000    0.0452617
  21.3800000    0.0251018
  21.4000000    0.0054620
  21.4200000   -0.0128962
  21.4400000   -0.0292754
  21.4600000   -0.0430760
  21.4800000   -0.0538279
  21.5000000   -0.0612124
  21.5200000   -0.0650770
  21.5400000   -0.0654368
  21.5600000   -0.0624664
  21.5800000   -0.0564804
  21.6000000   -0.0479057
  21.6200000   -0.0372491
  21.6400000   -0.0250620
  21.6600000   -0.0119069
  21.6800000    0.0016718
  21.7000000    0.0151716
  21.7200000    0.0281475
  21.7400000    0.0402222
  21.7600000    0.0510884
  21.7800000    0.0605079
  21.8000000    0.0683075
  21.8200000    0.0743737
  21.8400000    0.0786483
  21.8600000    0.0811249
  21.8800000    0.0818467
  21.9000000    0.0809052
  21.9200000    0.0784391
  21.9400000    0.0746310
  21.9600000    0.0697031
  21.9800000    0.0639093
  22.0000000    0.0575249
  22.0200000    0.0508333
  22.0400000    0.0441122
  22.0600000    0.0376194
  22.0800000    0.0315793
  22.1000000    0.0261733
  22.1200000    0.0215318
  22.1400000    0.0177312
  22.1600000    0.0147932
  22.1800000    0.0126869
  22.2000000    0.0113341
  22.2200000    0.0106140
  22.2400000    0.0103708
  22.2600000    0.0104203
  22.2800000    0.0105587
  22.3000000    0.0105716
  22.3200000    0.0102450
  22.3400000    0.0093776
  22.3600000    0.0077943
  22.3800000    0.0053604
  22.4000000    0.0019947
  22.4200000   -0.0023194
  22.4400000   -0.0075268
  22.4600000   -0.0134992
  22.4800000   -0.0200403
  22.5000000   -0.0268973
  22.5200000   -0.0337791
  22.5400000   -0.0403788
  22.5600000   -0.0463989
  22.5800000   -0.0515752
  22.6000000   -0.0556979
  22.6200000   -0.0586253
  22.6400000   -0.0602902
  22.6600000   -0.0606963
  22.6800000   -0.0599070
  22.7000000   -0.0580275
  22.7200000   -0.0551832
  22.7400000   -0.0514991
  22.7600000   -0.0470823
  22.7800000   -0.0420117
  22.8000000   -0.0363356
  22.8200000   -0.0300782
  22.8400000   -0.0232533
  22.8600000   -0.0158818
  22.8800000   -0.0080111
  22.9000000    0.0002688
  22.9200000    0.0088147
  22.9400000    0.0174274
  22.9600000    0.0258571
  22.9800000    0.0338172
  23.0000000    0.0410029
  23.0200000    0.0471143
  23.0400000    0.0518777
  23.0600000    0.0550661
  23.0800000    0.0565136
  23.1000000    0.0561247
  23.1200000    0.0538785
  23.1400000    0.0498266
  23.1600000    0.0440889
  23.1800000    0.0368467
  23.2000000    0.0283350
  23.2200000    0.0188344
  23.2400000    0.0086638
  23.2600000   -0.0018280
  23.2800000   -0.0122715
  23.3000000   -0.0222880
  23.3200000   -0.0315026
  23.3400000   -0.0395602
  23.3600000   -0.0461420
  23.3800000   -0.0509834
  23.4000000   -0.0538889
  23.4200000   -0.0547442
  23.4400000   -0.0535244
  23.4600000   -0.0502952
  23.4800000   -0.0452095
  23.5000000   -0.0384983
  23.5200000   -0.0304583
  23.5400000   -0.0214362
  23.5600000   -0.0118121
  23.5800000   -0.0019837
  23.6000000    0.0076505
  23.6200000    0.0167053
  23.6400000    0.0248232
  23.6600000    0.0316874
  23.6800000    0.0370343
  23.7000000    0.0406652
  23.7200000    0.0424565
  23.7400000    0.0423687
  23.7600000    0.0404510
  23.7800000    0.0368434
  23.8000000    0.0317735
  23.8200000    0.0255481
  23.8400000    0.0185400
  23.8600000    0.0111690
  23.8800000    0.0038804
  23.9000000   -0.0028801
  23.9200000   -0.0086926
  23.9400000   -0.0131869
  23.9600000   -0.0160654
  23.9800000   -0.0171190
  24.0000000   -0.0162384
  24.0200000   -0.0134168
  24.0400000   -0.0087457
  24.0600000   -0.0024028
  24.0800000    0.0053654
  24.1000000    0.0142643
  24.1200000    0.0239739
  24.1400000    0.0341689
  24.1600000    0.0445361
  24.1800000    0.0547856
  24.2000000    0.0646570
  24.2200000    0.0739197
  24.2400000    0.0823701
  24.2600000    0.0898256
  24.2800000    0.0961208
  24.3000000    0.1011037
  24.3200000    0.1046367
  24.3400000    0.1066010
  24.3600000    0.1069036
  24.3800000    0.1054875
  24.4000000    0.1023409
  24.4200000    0.0975063
  24.4400000    0.0910856
  24.4600000    0.0832417
  24.4800000    0.0741950
  24.5000000    0.0642158
  24.5200000    0.0536118
  24.5400000    0.0427137
  24.5600000    0.0318580
  24.5800000    0.0213706
  24.6000000    0.0115511
  24.6200000    0.0026595
  24.6400000   -0.0050928
  24.6600000   -0.0115491
  24.6800000   -0.0166073
  24.7000000   -0.0202169
  24.7200000   -0.0223716
  24.7400000   -0.0230985
  24.7600000   -0.0224466
  24.7800000   -0.0204748
  24.8000000   -0.0172414
  24.8200000   -0.0127979
  24.8400000   -0.0071863
  24.8600000   -0.0004437
  24.8800000    0.0073880
  24.9000000    0.0162464
  24.9200000    0.0260294
  24.9400000    0.0365746
  24.9600000    0.0476418
  24.9800000    0.0589010
  25.0000000    0.0699308
  25.0200000    0.0802280
  25.0400000    0.0892314
  25.0600000    0.0963570
  25.0800000    0.1010423
  25.1000000    0.1027954
  25.1200000    0.1012431
  25.1400000    0.0961705
  25.1600000    0.0875497
  25.1800000    0.0755510
  25.2000000    0.0605374
  25.2200000    0.0430418
  25.2400000    0.0237303
  25.2600000    0.0033571
  25.2800000   -0.0172852
  25.3000000   -0.0374131
  25.3200000   -0.0562943
  25.3400000   -0.0732803
  25.3600000   -0.0878292
  25.3800000   -0.0995175
  25.4000000   -0.1080442
  25.4200000   -0.1132276
  25.4400000   -0.1149971
  25.4600000   -0.1133836
  25.4800000   -0.1085077
  25.5000000   -0.1005683
  25.5200000   -0.0898308
  25.5400000   -0.0766148
  25.5600000   -0.0612817
  25.5800000   -0.0442223
  25.6000000   -0.0258439
  25.6200000   -0.0065578
  25.6400000    0.0132309
  25.6600000    0.0331321
  25.6800000    0.0527759
  25.7000000    0.0718159
  25.7200000    0.0899286
  25.7400000    0.1068120
  25.7600000    0.1221842
  25.7800000    0.1357825
  25.8000000    0.1473655
  25.8200000    0.1567180
  25.8400000    0.1636604
  25.8600000    0.1680592
  25.8800000    0.1698398
  25.9000000    0.1689981
  25.9200000    0.1656094
  25.9400000    0.1598321
  25.9600000    0.1519056
  25.9800000    0.1421409
  26.0000000    0.1309056
  26.0200000    0.1186030
  26.0400000    0.1056490
  26.0600000    0.0924480
  26.0800000    0.0793714
  26.1000000    0.0667399
  26.1200000    0.0548124
  26.1400000    0.0437812
  26.1600000    0.0337738
  26.1800000    0.0248604
  26.2000000    0.0170651
  26.2200000    0.0103796
  26.2400000    0.0047764
  26.2600000    0.0002204
  26.2800000   -0.0033218
  26.3000000   -0.0058770
  26.3200000   -0.0074625
  26.3400000   -0.0080885
  26.3600000   -0.0077613
  26.3800000   -0.0064895
  26.4000000   -0.0042915
  26.4200000   -0.0012029
  26.4400000    0.0027151
  26.4600000    0.0073686
  26.4800000    0.0126251
  26.5000000    0.0183098
  26.5200000    0.0242049
  26.5400000    0.0300540
  26.5600000    0.0355692
  26.5800000    0.0404449
  26.6000000    0.0443741
  26.6200000    0.0470685
  26.6400000    0.0482795
  26.6600000    0.0478179
  26.6800000    0.0455712
  26.7000000    0.0415151
  26.7200000    0.0357187
  26.7400000    0.0283429
  26.7600000    0.0196316
  26.7800000    0.0098968
  26.8000000   -0.0004998
  26.8200000   -0.0111684
  26.8400000   -0.0217123
  26.8600000   -0.0317487
  26.8800000   -0.0409255
  26.9000000   -0.0489353
  26.9200000   -0.0555255
  26.9400000   -0.0605039
  26.9600000   -0.0637420
  26.9800000   -0.0651751
  27.0000000   -0.0648009
  27.0200000   -0.0626761
  27.0400000   -0.0589132
  27.0600000   -0.0536757
  27.0800000   -0.0471723
  27.1000000   -0.0396505
  27.1200000   -0.0313886
  27.1400000   -0.0226864
  27.1600000   -0.0138538
  27.1800000   -0.0051990
  27.2000000    0.0029848
  27.2200000    0.0104325
  27.2400000    0.0169195
  27.2600000    0.0222725
  27.2800000    0.0263773
  27.3000000    0.0291841
  27.3200000    0.0307078
  27.3400000    0.0310249
  27.3600000    0.0302656
  27.3800000    0.0286025
  27.4000000    0.0262360
  27.4200000    0.0233777
  27.4400000    0.0202339
  27.4600000    0.0169892
  27.4800000    0.0137938
  27.5000000    0.0107539
  27.5200000    0.0079277
  27.5400000    0.0053266
  27.5600000    0.0029225
  27.5800000    0.0006587
  27.6000000   -0.0015342
  27.6200000   -0.0037220
  27.6400000   -0.0059497
  27.6600000   -0.0082278
  27.6800000   -0.0105213
  27.7000000   -0.0127460
  27.7200000   -0.0147700
  27.7400000   -0.0164224
  27.7600000   -0.0175086
  27.7800000   -0.0178296
  27.8000000   -0.0172040
  27.8200000   -0.0154914
  27.8400000   -0.0126120
  27.8600000   -0.0085619
  27.8800000   -0.0034219
  27.9000000    0.0026426
  27.9200000    0.0093902
  27.9400000    0.0165194
  27.9600000    0.0236910
  27.9800000    0.0305548
  28.0000000    0.0367762
  28.0200000    0.0420620
  28.0400000    0.0461804
  28.0600000    0.0489764
  28.0800000    0.0503783
  28.1000000    0.0503972
  28.1200000    0.0491197
  28.1400000    0.0466947
  28.1600000    0.0433155
  28.1800000    0.0392010
  28.2000000    0.0345757
  28.2200000    0.0296516
  28.2400000    0.0246143
  28.2600000    0.0196126
  28.2800000    0.0147545
  28.3000000    0.0101085
  28.3200000    0.0057109
  28.3400000    0.0015762
  28.3600000   -0.0022888
  28.3800000   -0.0058710
  28.4000000   -0.0091382
  28.4200000   -0.0120309
  28.4400000   -0.0144587
  28.4600000   -0.0163026
  28.4800000   -0.0174241
  28.5000000   -0.0176786
  28.5200000   -0.0169316
  28.5400000   -0.0150769
  28.5600000   -0.0120521
  28.5800000   -0.0078508
  28.6000000   -0.0025292
  28.6200000    0.0037932
  28.6400000    0.0109401
  28.6600000    0.0186897
  28.6800000    0.0267908
  28.7000000    0.0349803
  28.7200000    0.0430013
  28.7400000    0.0506189
  28.7600000    0.0576320
  28.7800000    0.0638814
  28.8000000    0.0692523
  28.8200000    0.0736730
  28.8400000    0.0771100
  28.8600000    0.0795614
  28.8800000    0.0810490
  28.9000000    0.0816114
  28.9200000    0.0812980
  28.9400000    0.0801645
  28.9600000    0.0782701
  28.9800000    0.0756756
  29.0000000    0.0724429
  29.0200000    0.0686351
  29.0400000    0.0643160
  29.0600000    0.0595515
  29.0800000    0.0544097
  29.1000000    0.0489616
  29.1200000    0.0432819
  29.1400000    0.0374488
  29.1600000    0.0315437
  29.1800000    0.0256498
  29.2000000    0.0198493
  29.2200000    0.0142212
  29.2400000    0.0088371
  29.2600000    0.0037593
  29.2800000   -0.0009617
  29.3000000   -0.0052876
  29.3200000   -0.0091911
  29.3400000   -0.0126540
  29.3600000   -0.0156639
  29.3800000   -0.0182122
  29.4000000   -0.0202922
  29.4200000   -0.0218995
  29.4400000   -0.0230338
  29.4600000   -0.0237023
  29.4800000   -0.0239240
  29.5000000   -0.0237332
  29.5200000   -0.0231818
  29.5400000   -0.0223384
  29.5600000   -0.0212854
  29.5800000   -0.0201119
  29.6000000   -0.0189054
  29.6200000   -0.0177416
  29.6400000   -0.0166753
  29.6600000   -0.0157325
  29.6800000   -0.0149063
  29.7000000   -0.0141571
  29.7200000   -0.0134170
  29.7400000   -0.0125988
  29.7600000   -0.0116080
  29.7800000   -0.0103571
  29.8000000   -0.0087795
  29.8200000   -0.0068422
  29.8400000   -0.0045540
  29.8600000   -0.0019698
  29.8800000    0.0008128
  29.9000000    0.0036612
  29.9200000    0.0064224
  29.9400000    0.0089410
  29.9600000    0.0110791
  29.9800000    0.0127352
  30.0000000    0.0138597
