 -10.0000000    0.0426177
  -9.9800000    0.0440004
  -9.9600000    0.0450127
  -9.9400000    0.0456790
  -9.9200000    0.0460442
  -9.9000000    0.0461697
  -9.8800000    0.0461257
  -9.8600000    0.0459834
  -9.8400000    0.0458052
  -9.8200000    0.0456369
  -9.8000000    0.0455019
  -9.7800000    0.0453981
  -9.7600000    0.0452993
  -9.7400000    0.0451608
  -9.7200000    0.0449280
  -9.7000000    0.0445470
  -9.6800000    0.0439764
  -9.6600000    0.0431972
  -9.6400000    0.0422195
  -9.6200000    0.0410856
  -9.6000000    0.0398680
  -9.5800000    0.0386630
  -9.5600000    0.0375801
  -9.5400000    0.0367294
  -9.5200000    0.0362071
  -9.5000000    0.0360824
  -9.4800000    0.0363867
  -9.4600000    0.0371062
  -9.4400000    0.0381795
  -9.4200000    0.0395007
  -9.4000000    0.0409274
  -9.3800000    0.0422932
  -9.3600000    0.0434237
  -9.3400000    0.0441538
  -9.3200000    0.0443447
  -9.3000000    0.0438982
  -9.2800000    0.0427670
  -9.2600000    0.0409594
  -9.2400000    0.0385383
  -9.2200000    0.0356142
  -9.2000000    0.0323330
  -9.1800000    0.0288609
  -9.1600000    0.0253673
  -9.1400000    0.0220077
  -9.1200000    0.0189091
  -9.1000000    0.0161585
  -9.0800000    0.0137966
  -9.0600000    0.0118157
  -9.0400000    0.0101645
  -9.0200000    0.0087559
  -9.0000000    0.0074800
  -8.9800000    0.0062191
  -8.9600000    0.0048628
  -8.9400000    0.0033233
  -8.9200000    0.0015468
  -8.9000000   -0.0004787
  -8.8800000   -0.0027217
  -8.8600000   -0.0051099
  -8.8400000   -0.0075393
  -8.8200000   -0.0098866
  -8.8000000   -0.0120242
  -8.7800000   -0.0138360
  -8.7600000   -0.0152310
  -8.7400000   -0.0161545
  -8.7200000   -0.0165945
  -8.7000000   -0.0165840
  -8.6800000   -0.0161989
  -8.6600000   -0.0155521
  -8.6400000   -0.0147855
  -8.6200000   -0.0140606
  -8.6000000   -0.0135485
  -8.5800000   -0.0134198
  -8.5600000   -0.0138357
  -8.5400000   -0.0149378
  -8.5200000   -0.0168398
  -8.5000000   -0.0196175
  -8.4800000   -0.0233009
  -8.4600000   -0.0278665
  -8.4400000   -0.0332327
  -8.4200000   -0.0392580
  -8.4000000   -0.0457440
  -8.3800000   -0.0524444
  -8.3600000   -0.0590783
  -8.3400000   -0.0653498
  -8.3200000   -0.0709697
  -8.3000000   -0.0756792
  -8.2800000   -0.0792728
  -8.2600000   -0.0816167
  -8.2400000   -0.0826614
  -8.2200000   -0.0824471
  -8.2000000   -0.0810993
  -8.1800000   -0.0788166
  -8.1600000   -0.0758510
  -8.1400000   -0.0724818
  -8.1200000   -0.0689883
  -8.1000000   -0.0656205
  -8.0800000   -0.0625752
  -8.0600000   -0.0599768
  -8.0400000   -0.0578664
  -8.0200000   -0.0562010
  -8.0000000   -0.0548610
  -7.9800000   -0.0536672
  -7.9600000   -0.0524035
  -7.9400000   -0.0508439
  -7.9200000   -0.0487795
  -7.9000000   -0.0460428
  -7.8800000   -0.0425259
  -7.8600000   -0.0381921
  -7.8400000   -0.0330780
  -7.8200000   -0.0272878
  -7.8000000   -0.0209811
  -7.7800000   -0.0143563
  -7.7600000   -0.0076316
  -7.7400000   -0.0010276
  -7.7200000    0.0052480
  -7.7000000    0.0110112
  -7.6800000    0.0161082
  -7.6600000    0.0204174
  -7.6400000    0.0238486
  -7.6200000    0.0263401
  -7.6000000    0.0278548
  -7.5800000    0.0283768
  -7.5600000    0.0279082
  -7.5400000    0.0264677
  -7.5200000    0.0240892
  -7.5000000    0.0208212
  -7.4800000    0.0167266
  -7.4600000    0.0118821
  -7.4400000    0.0063774
  -7.4200000    0.0003141
  -7.4000000   -0.0061958
  -7.3800000   -0.0130322
  -7.3600000   -0.0200682
  -7.3400000   -0.0271727
  -7.3200000   -0.0342120
  -7.3000000   -0.0410518
  -7.2800000   -0.0475585
  -7.2600000   -0.0536006
  -7.2400000   -0.0590496
  -7.2200000   -0.0637818
  -7.2000000   -0.0676796
  -7.1800000   -0.0706342
  -7.1600000   -0.0725493
  -7.1400000   -0.0733450
  -7.1200000   -0.0729634
  -7.1000000   -0.0713734
  -7.0800000   -0.0685748
  -7.0600000   -0.0646010
  -7.0400000   -0.0595187
  -7.0200000   -0.0534247
  -7.0000000   -0.0464395
  -6.9800000   -0.0386989
  -6.9600000   -0.0303438
  -6.9400000   -0.0215104
  -6.9200000   -0.0123226
  -6.9000000   -0.0028868
  -6.8800000    0.0067087
  -6.8600000    0.0163900
  -6.8400000    0.0260904
  -6.8200000    0.0357411
  -6.8000000    0.0452598
  -6.7800000    0.0545417
  -6.7600000    0.0634524
  -6.7400000    0.0718252
  -6.7200000    0.0794633
  -6.7000000    0.0861472
  -6.6800000    0.0916464
  -6.6600000    0.0957353
  -6.6400000    0.0982103
  -6.6200000    0.0989081
  -6.6000000    0.0977215
  -6.5800000    0.0946130
  -6.5600000    0.0896225
  -6.5400000    0.0828704
  -6.5200000    0.0745539
  -6.5000000    0.0649377
  -6.4800000    0.0543394
  -6.4600000    0.0431117
  -6.4400000    0.0316226
  -6.4200000    0.0202356
  -6.4000000    0.0092920
  -6.3800000   -0.0009022
  -6.3600000   -0.0100865
  -6.3400000   -0.0180504
  -6.3200000   -0.0246338
  -6.3000000   -0.0297248
  -6.2800000   -0.0332560
  -6.2600000   -0.0352009
  -6.2400000   -0.0355723
  -6.2200000   -0.0344226
  -6.2000000   -0.0318474
  -6.1800000   -0.0279908
  -6.1600000   -0.0230509
  -6.1400000   -0.0172842
  -6.1200000   -0.0110061
  -6.1000000   -0.0045863
  -6.0800000    0.0015643
  -6.0600000    0.0070121
  -6.0400000    0.0113278
  -6.0200000    0.0141163
  -6.0000000    0.0150494
  -5.9800000    0.0138953
  -5.9600000    0.0105418
  -5.9400000    0.0050105
  -5.9200000   -0.0025403
  -5.9000000   -0.0118259
  -5.8800000   -0.0224558
  -5.8600000   -0.0339632
  -5.8400000   -0.0458406
  -5.8200000   -0.0575754
  -5.8000000   -0.0686836
  -5.7800000   -0.0787373
  -5.7600000   -0.0873842
  -5.7400000   -0.0943581
  -5.7200000   -0.0994805
  -5.7000000   -0.1026553
  -5.6800000   -0.1038587
  -5.6600000   -0.1031251
  -5.6400000   -0.1005333
  -5.6200000   -0.0961935
  -5.6000000   -0.0902358
  -5.5800000   -0.0828015
  -5.5600000   -0.0740375
  -5.5400000   -0.0640917
  -5.5200000   -0.0531111
  -5.5000000   -0.0412399
  -5.4800000   -0.0286197
  -5.4600000   -0.0153893
  -5.4400000   -0.0016859
  -5.4200000    0.0123528
  -5.4000000    0.0265856
  -5.3800000    0.0408648
  -5.3600000    0.0550317
  -5.3400000    0.0689146
  -5.3200000    0.0823262
  -5.3000000    0.0950653
  -5.2800000    0.1069202
  -5.2600000    0.1176749
  -5.2400000    0.1271191
  -5.2200000    0.1350582
  -5.2000000    0.1413241
  -5.1800000    0.1457852
  -5.1600000    0.1483523
  -5.1400000    0.1489825
  -5.1200000    0.1476777
  -5.1000000    0.1444801
  -5.0800000    0.1394654
  -5.0600000    0.1327341
  -5.0400000    0.1244039
  -5.0200000    0.1146031
  -5.0000000    0.1034685
  -4.9800000    0.0911447
  -4.9600000    0.0777882
  -4.9400000    0.0635730
  -4.9200000    0.0486968
  -4.9000000    0.0333865
  -4.8800000    0.0179017
  -4.8600000    0.0025335
  -4.8400000   -0.0124002
  -4.8200000   -0.0265650
  -4.8000000   -0.0396232
  -4.7800000   -0.0512504
  -4.7600000   -0.0611530
  -4.7400000   -0.0690846
  -4.7200000   -0.0748600
  -4.7000000   -0.0783653
  -4.6800000   -0.0795633
  -4.6600000   -0.0784942
  -4.6400000   -0.0752717
  -4.6200000   -0.0700757
  -4.6000000   -0.0631434
  -4.5800000   -0.0547587
  -4.5600000   -0.0452417
  -4.5400000   -0.0349388
  -4.5200000   -0.0242129
  -4.5000000   -0.0134336
  -4.4800000   -0.0029670
  -4.4600000    0.0068348
  -4.4400000    0.0156459
  -4.4200000    0.0231785
  -4.4000000    0.0291943
  -4.3800000    0.0335144
  -4.3600000    0.0360266
  -4.3400000    0.0366870
  -4.3200000    0.0355186
  -4.3000000    0.0326041
  -4.2800000    0.0280748
  -4.2600000    0.0220978
  -4.2400000    0.0148615
  -4.2200000    0.0065641
  -4.2000000   -0.0025956
  -4.1800000   -0.0124230
  -4.1600000   -0.0227272
  -4.1400000   -0.0333168
  -4.1200000   -0.0439930
  -4.1000000   -0.0545422
  -4.0800000   -0.0647297
  -4.0600000   -0.0742983
  -4.0400000   -0.0829708
  -4.0200000   -0.0904598
  -4.0000000   -0.0964821
  -3.9800000   -0.1007777
  -3.9600000   -0.1031311
  -3.9400000   -0.1033911
  -3.9200000   -0.1014880
  -3.9000000   -0.0974435
  -3.8800000   -0.0913742
  -3.8600000   -0.0834864
  -3.8400000   -0.0740625
  -3.8200000   -0.0634420
  -3.8000000   -0.0519976
  -3.7800000   -0.0401107
  -3.7600000   -0.0281473
  -3.7400000   -0.0164382
  -3.7200000   -0.0052640
  -3.7000000    0.0051530
  -3.6800000    0.0146518
  -3.6600000    0.0231291
  -3.6400000    0.0305324
  -3.6200000    0.0368499
  -3.6000000    0.0421004
  -3.5800000    0.0463233
  -3.5600000    0.0495704
  -3.5400000    0.0519001
  -3.5200000    0.0533742
  -3.5000000    0.0540558
  -3.4800000    0.0540087
  -3.4600000    0.0532969
  -3.4400000    0.0519836
  -3.4200000    0.0501293
  -3.4000000    0.0477892
  -3.3800000    0.0450101
  -3.3600000    0.0418276
  -3.3400000    0.0382644
  -3.3200000    0.0343310
  -3.3000000    0.0300284
  -3.2800000    0.0253529
  -3.2600000    0.0203037
  -3.2400000    0.0148906
  -3.2200000    0.0091419
  -3.2000000    0.0031109
  -3.1800000   -0.0031209
  -3.1600000   -0.0094433
  -3.1400000   -0.0157208
  -3.1200000   -0.0217996
  -3.1000000   -0.0275165
  -3.0800000   -0.0327098
  -3.0600000   -0.0372302
  -3.0400000   -0.0409503
  -3.0200000   -0.0437722
  -3.0000000   -0.0456333
  -2.9800000   -0.0465082
  -2.9600000   -0.0464090
  -2.9400000   -0.0453832
  -2.9200000   -0.0435105
  -2.9000000   -0.0408986
  -2.8800000   -0.0376799
  -2.8600000   -0.0340072
  -2.8400000   -0.0300516
  -2.8200000   -0.0260003
  -2.8000000   -0.0220553
  -2.7800000   -0.0184315
  -2.7600000   -0.0153550
  -2.7400000   -0.0130595
  -2.7200000   -0.0117799
  -2.7000000   -0.0117442
  -2.6800000   -0.0131610
  -2.6600000   -0.0162045
  -2.6400000   -0.0209970
  -2.6200000   -0.0275903
  -2.6000000   -0.0359481
  -2.5800000   -0.0459311
  -2.5600000   -0.0572882
  -2.5400000   -0.0696539
  -2.5200000   -0.0825566
  -2.5000000   -0.0954344
  -2.4800000   -0.1076619
  -2.4600000   -0.1185841
  -2.4400000   -0.1275555
  -2.4200000   -0.1339815
  -2.4000000   -0.1373585
  -2.3800000   -0.1373086
  -2.3600000   -0.1336069
  -2.3400000   -0.1261979
  -2.3200000   -0.1152009
  -2.3000000   -0.1009039
  -2.2800000   -0.0837474
  -2.2600000   -0.0642993
  -2.2400000   -0.0432240
  -2.2200000   -0.0212479
  -2.2000000    0.0008767
  -2.1800000    0.0224066
  -2.1600000    0.0426404
  -2.1400000    0.0609481
  -2.1200000    0.0767962
  -2.1000000    0.0897678
  -2.0800000    0.0995772
  -2.0600000    0.1060781
  -2.0400000    0.1092649
  -2.0200000    0.1092659
  -2.0000000    0.1063304
  -1.9800000    0.1008069
  -1.9600000    0.0931167
  -1.9400000    0.0837231
  -1.9200000    0.0730988
  -1.9000000    0.0616952
  -1.8800000    0.0499156
  -1.8600000    0.0380949
  -1.8400000    0.0264884
  -1.8200000    0.0152695
  -1.8000000    0.0045374
  -1.7800000   -0.0056680
  -1.7600000   -0.0153436
  -1.7400000   -0.0244984
  -1.7200000   -0.0331273
  -1.7000000   -0.0411882
  -1.6800000   -0.0485841
  -1.6600000   -0.0551531
  -1.6400000   -0.0606675
  -1.6200000   -0.0648430
  -1.6000000   -0.0673572
  -1.5800000   -0.0678749
  -1.5600000   -0.0660801
  -1.5400000   -0.0617092
  -1.5200000   -0.0545835
  -1.5000000   -0.0446366
  -1.4800000   -0.0319351
  -1.4600000   -0.0166889
  -1.4400000    0.0007481
  -1.4200000    0.0198893
  -1.4000000    0.0401347
  -1.3800000    0.0607985
  -1.3600000    0.0811421
  -1.3400000    0.1004083
  -1.3200000    0.1178561
  -1.3000000    0.1327935
  -1.2800000    0.1446064
  -1.2600000    0.1527841
  -1.2400000    0.1569391
  -1.2200000    0.1568242
  -1.2000000    0.1523440
  -1.1800000    0.1435615
  -1.1600000    0.1307001
  -1.1400000    0.1141389
  -1.1200000    0.0944018
  -1.1000000    0.0721391
  -1.0800000    0.0481035
  -1.0600000    0.0231198
  -1.0400000   -0.0019486
  -1.0200000   -0.0262343
  -1.0000000   -0.0489008
  -0.9800000   -0.0691742
  -0.9600000   -0.0863720
  -0.9400000   -0.0999269
  -0.9200000   -0.1094087
  -0.9000000   -0.1145406
  -0.8800000   -0.1152147
  -0.8600000   -0.1115021
  -0.8400000   -0.1036600
  -0.8200000   -0.0921319
  -0.8000000   -0.0775387
  -0.7800000   -0.0606603
  -0.7600000   -0.0424046
  -0.7400000   -0.0237657
  -0.7200000   -0.0057727
  -0.7000000    0.0105676
  -0.6800000    0.0243280
  -0.6600000    0.0347144
  -0.6400000    0.0411095
  -0.6200000    0.0431049
  -0.6000000    0.0405182
  -0.5800000    0.0333977
  -0.5600000    0.0220160
  -0.5400000    0.0068559
  -0.5200000   -0.0114070
  -0.5000000   -0.0319236
  -0.4800000   -0.0536903
  -0.4600000   -0.0755685
  -0.4400000   -0.0963067
  -0.4200000   -0.1145685
  -0.4000000   -0.1289687
  -0.3800000   -0.1381215
  -0.3600000   -0.1406998
  -0.3400000   -0.1355074
  -0.3200000   -0.1215580
  -0.3000000   -0.0981595
  -0.2800000   -0.0649942
  -0.2600000   -0.0221901
  -0.2400000    0.0296266
  -0.2200000    0.0893044
  -0.2000000    0.1551704
  -0.1800000    0.2250731
  -0.1600000    0.2964622
  -0.1400000    0.3665074
  -0.1200000    0.4322486
  -0.1000000    0.4907693
  -0.0800000    0.5393781
  -0.0600000    0.5757853
  -0.0400000    0.5982549
  -0.0200000    0.6057201
   0.0000000    0.5978489
   0.0200000    0.5750557
   0.0400000    0.5384590
   0.0600000    0.4897913
   0.0800000    0.4312740
   0.1000000    0.3654712
   0.1200000    0.2951366
   0.1400000    0.2230673
   0.1600000    0.1519731
   0.1800000    0.0843673
   0.2000000    0.0224800
   0.2200000   -0.0318071
   0.2400000   -0.0770070
   0.2600000   -0.1120577
   0.2800000   -0.1363377
   0.3000000   -0.1496672
   0.3200000   -0.1522940
   0.3400000   -0.1448640
   0.3600000   -0.1283757
   0.3800000   -0.1041196
   0.4000000   -0.0736062
   0.4200000   -0.0384878
   0.4400000   -0.0004782
   0.4600000    0.0387230
   0.4800000    0.0774967
   0.5000000    0.1143584
   0.5200000    0.1479984
   0.5400000    0.1773087
   0.5600000    0.2013985
   0.5800000    0.2196002
   0.6000000    0.2314701
   0.6200000    0.2367836
   0.6400000    0.2355295
   0.6600000    0.2279010
   0.6800000    0.2142859
   0.7000000    0.1952539
   0.7200000    0.1715402
   0.7400000    0.1440249
   0.7600000    0.1137079
   0.7800000    0.0816777
   0.8000000    0.0490756
   0.8200000    0.0170553
   0.8400000   -0.0132604
   0.8600000   -0.0408233
   0.8800000   -0.0647024
   0.9000000   -0.0841218
   0.9200000   -0.0984916
   0.9400000   -0.1074298
   0.9600000   -0.1107730
   0.9800000   -0.1085769
   1.0000000   -0.1011059
   1.0200000   -0.0888129
   1.0400000   -0.0723137
   1.0600000   -0.0523552
   1.0800000   -0.0297816
   1.1000000   -0.0054997
   1.1200000    0.0195565
   1.1400000    0.0444597
   1.1600000    0.0683228
   1.1800000    0.0903307
   1.2000000    0.1097704
   1.2200000    0.1260571
   1.2400000    0.1387548
   1.2600000    0.1475907
   1.2800000    0.1524587
   1.3000000    0.1534143
   1.3200000    0.1506578
   1.3400000    0.1445096
   1.3600000    0.1353785
   1.3800000    0.1237273
   1.4000000    0.1100395
   1.4200000    0.0947917
   1.4400000    0.0784327
   1.4600000    0.0613731
   1.4800000    0.0439828
   1.5000000    0.0265968
   1.5200000    0.0095248
   1.5400000   -0.0069376
   1.5600000   -0.0225004
   1.5800000   -0.0368750
   1.6000000   -0.0497766
   1.6200000   -0.0609317
   1.6400000   -0.0700907
   1.6600000   -0.0770427
   1.6800000   -0.0816307
   1.7000000   -0.0837632
   1.7200000   -0.0834228
   1.7400000   -0.0806691
   1.7600000   -0.0756377
   1.7800000   -0.0685342
   1.8000000   -0.0596268
   1.8200000   -0.0492376
   1.8400000   -0.0377333
   1.8600000   -0.0255169
   1.8800000   -0.0130192
   1.9000000   -0.0006891
   1.9200000    0.0110170
   1.9400000    0.0216493
   1.9600000    0.0307811
   1.9800000    0.0380286
   2.0000000    0.0430715
   2.0200000    0.0456730
   2.0400000    0.0456970
   2.0600000    0.0431187
   2.0800000    0.0380286
   2.1000000    0.0306269
   2.1200000    0.0212101
   2.1400000    0.0101501
   2.1600000   -0.0021309
   2.1800000   -0.0151865
   2.2000000   -0.0285713
   2.2200000   -0.0418612
   2.2400000   -0.0546672
   2.2600000   -0.0666439
   2.2800000   -0.0774911
   2.3000000   -0.0869512
   2.3200000   -0.0948051
   2.3400000   -0.1008674
   2.3600000   -0.1049828
   2.3800000   -0.1070258
   2.4000000   -0.1069027
   2.4200000   -0.1045563
   2.4400000   -0.0999716
   2.4600000   -0.0931824
   2.4800000   -0.0842767
   2.5000000   -0.0734012
   2.5200000   -0.0607626
   2.5400000   -0.0466279
   2.5600000   -0.0313212
   2.5800000   -0.0152187
   2.6000000    0.0012592
   2.6200000    0.0176578
   2.6400000    0.0335017
   2.6600000    0.0483098
   2.6800000    0.0616142
   2.7000000    0.0729795
   2.7200000    0.0820242
   2.7400000    0.0884405
   2.7600000    0.0920124
   2.7800000    0.0926299
   2.8000000    0.0902968
   2.8200000    0.0851327
   2.8400000    0.0773675
   2.8600000    0.0673288
   2.8800000    0.0554241
   2.9000000    0.0421182
   2.9200000    0.0279091
   2.9400000    0.0133027
   2.9600000   -0.0012101
   2.9800000   -0.0151731
   3.0000000   -0.0281811
   3.0200000   -0.0398912
   3.0400000   -0.0500301
   3.0600000   -0.0583967
   3.0800000   -0.0648619
   3.1000000   -0.0693647
   3.1200000   -0.0719054
   3.1400000   -0.0725370
   3.1600000   -0.0713549
   3.1800000   -0.0684845
   3.2000000   -0.0640698
   3.2200000   -0.0582615
   3.2400000   -0.0512068
   3.2600000   -0.0430426
   3.2800000   -0.0338913
   3.3000000   -0.0238611
   3.3200000   -0.0130500
   3.3400000   -0.0015539
   3.3600000    0.0105239
   3.3800000    0.0230609
   3.4000000    0.0359058
   3.4200000    0.0488707
   3.4400000    0.0617276
   3.4600000    0.0742114
   3.4800000    0.0860281
   3.5000000    0.0968698
   3.5200000    0.1064343
   3.5400000    0.1144475
   3.5600000    0.1206860
   3.5800000    0.1249973
   3.6000000    0.1273137
   3.6200000    0.1276588
   3.6400000    0.1261440
   3.6600000    0.1229562
   3.6800000    0.1183378
   3.7000000    0.1125617
   3.7200000    0.1059042
   3.7400000    0.0986215
   3.7600000    0.0909305
   3.7800000    0.0829991
   3.8000000    0.0749442
   3.8200000    0.0668384
   3.8400000    0.0587238
   3.8600000    0.0506276
   3.8800000    0.0425795
   3.9000000    0.0346247
   3.9200000    0.0268326
   3.9400000    0.0193000
   3.9600000    0.0121474
   3.9800000    0.0055121
   4.0000000   -0.0004610
   4.0200000   -0.0056292
   4.0400000   -0.0098595
   4.0600000   -0.0130331
   4.0800000   -0.0150470
   4.1000000   -0.0158136
   4.1200000   -0.0152597
   4.1400000   -0.0133267
   4.1600000   -0.0099740
   4.1800000   -0.0051857
   4.2000000    0.0010187
   4.2200000    0.0085717
   4.2400000    0.0173451
   4.2600000    0.0271407
   4.2800000    0.0376864
   4.3000000    0.0486409
   4.3200000    0.0596065
   4.3400000    0.0701517
   4.3600000    0.0798390
   4.3800000    0.0882561
   4.4000000    0.0950466
   4.4200000    0.0999347
   4.4400000    0.1027421
   4.4600000    0.1033947
   4.4800000    0.1019180
   4.5000000    0.0984239
   4.5200000    0.0930904
   4.5400000    0.0861392
   4.5600000    0.0778139
   4.5800000    0.0683625
   4.6000000    0.0580269
   4.6200000    0.0470392
   4.6400000    0.0356246
   4.6600000    0.0240090
   4.6800000    0.0124276
   4.7000000    0.0011318
   4.7200000   -0.0096081
   4.7400000   -0.0195076
   4.7600000   -0.0282790
   4.7800000   -0.0356501
   4.8000000   -0.0413860
   4.8200000   -0.0453135
   4.8400000   -0.0473428
   4.8600000   -0.0474838
   4.8800000   -0.0458535
   4.9000000   -0.0426743
   4.9200000   -0.0382609
   4.9400000   -0.0329980
   4.9600000   -0.0273115
   4.9800000   -0.0216360
   5.0000000   -0.0163819
   5.0200000   -0.0119073
   5.0400000   -0.0084956
   5.0600000   -0.0063424
   5.0800000   -0.0055507
   5.1000000   -0.0061343
   5.1200000   -0.0080283
   5.1400000   -0.0111015
   5.1600000   -0.0151724
   5.1800000   -0.0200222
   5.2000000   -0.0254068
   5.2200000   -0.0310660
   5.2400000   -0.0367304
   5.2600000   -0.0421280
   5.2800000   -0.0469909
   5.3000000   -0.0510640
   5.3200000   -0.0541168
   5.3400000   -0.0559557
   5.3600000   -0.0564385
   5.3800000   -0.0554865
   5.4000000   -0.0530933
   5.4200000   -0.0493278
   5.4400000   -0.0443296
   5.4600000   -0.0382974
   5.4800000   -0.0314700
   5.5000000   -0.0241036
   5.5200000   -0.0164473
   5.5400000   -0.0087209
   5.5600000   -0.0010976
   5.5800000    0.0063061
   5.6000000    0.0134313
   5.6200000    0.0202705
   5.6400000    0.0268536
   5.6600000    0.0332310
   5.6800000    0.0394547
   5.7000000    0.0455606
   5.7200000    0.0515548
   5.7400000    0.0574040
   5.7600000    0.0630312
   5.7800000    0.0683155
   5.8000000    0.0730956
   5.8200000    0.0771763
   5.8400000    0.0803368
   5.8600000    0.0823408
   5.8800000    0.0829488
   5.9000000    0.0819323
   5.9200000    0.0790899
   5.9400000    0.0742656
   5.9600000    0.0673672
   5.9800000    0.0583838
   6.0000000    0.0474000
   6.0200000    0.0346037
   6.0400000    0.0202873
   6.0600000    0.0048389
   6.0800000   -0.0112749
   6.1000000   -0.0275346
   6.1200000   -0.0433979
   6.1400000   -0.0583332
   6.1600000   -0.0718513
   6.1800000   -0.0835324
   6.2000000   -0.0930466
   6.2200000   -0.1001654
   6.2400000   -0.1047647
   6.2600000   -0.1068196
   6.2800000   -0.1063940
   6.3000000   -0.1036257
   6.3200000   -0.0987109
   6.3400000   -0.0918895
   6.3600000   -0.0834324
   6.3800000   -0.0736318
   6.4000000   -0.0627948
   6.4200000   -0.0512385
   6.4400000   -0.0392861
   6.4600000   -0.0272638
   6.4800000   -0.0154949
   6.5000000   -0.0042934
   6.5200000    0.0060446
   6.5400000    0.0152517
   6.5600000    0.0231003
   6.5800000    0.0294129
   6.6000000    0.0340714
   6.6200000    0.0370225
   6.6400000    0.0382794
   6.6600000    0.0379193
   6.6800000    0.0360758
   6.7000000    0.0329275
   6.7200000    0.0286844
   6.7400000    0.0235721
   6.7600000    0.0178170
   6.7800000    0.0116328
   6.8000000    0.0052101
   6.8200000   -0.0012903
   6.8400000   -0.0077399
   6.8600000   -0.0140419
   6.8800000   -0.0201263
   6.9000000   -0.0259439
   6.9200000   -0.0314581
   6.9400000   -0.0366369
   6.9600000   -0.0414456
   6.9800000   -0.0458411
   7.0000000   -0.0497684
   7.0200000   -0.0531596
   7.0400000   -0.0559355
   7.0600000   -0.0580101
   7.0800000   -0.0592967
   7.1000000   -0.0597153
   7.1200000   -0.0592014
   7.1400000   -0.0577127
   7.1600000   -0.0552361
   7.1800000   -0.0517915
   7.2000000   -0.0474331
   7.2200000   -0.0422487
   7.2400000   -0.0363559
   7.2600000   -0.0298963
   7.2800000   -0.0230294
   7.3000000   -0.0159254
   7.3200000   -0.0087587
   7.3400000   -0.0017020
   7.3600000    0.0050774
   7.3800000    0.0114216
   7.4000000    0.0171835
   7.4200000    0.0222291
   7.4400000    0.0264384
   7.4600000    0.0297078
   7.4800000    0.0319521
   7.5000000    0.0331080
   7.5200000    0.0331368
   7.5400000    0.0320277
   7.5600000    0.0297998
   7.5800000    0.0265022
   7.6000000    0.0222132
   7.6200000    0.0170360
   7.6400000    0.0110940
   7.6600000    0.0045245
   7.6800000   -0.0025279
   7.7000000   -0.0099158
   7.7200000   -0.0174930
   7.7400000   -0.0251150
   7.7600000   -0.0326379
   7.7800000   -0.0399161
   7.8000000   -0.0467989
   7.8200000   -0.0531296
   7.8400000   -0.0587458
   7.8600000   -0.0634835
   7.8800000   -0.0671850
   7.9000000   -0.0697088
   7.9200000   -0.0709411
   7.9400000   -0.0708074
   7.9600000   -0.0692811
   7.9800000   -0.0663881
   8.0000000   -0.0622067
   8.0200000   -0.0568619
   8.0400000   -0.0505153
   8.0600000   -0.0433524
   8.0800000   -0.0355686
   8.1000000   -0.0273566
   8.1200000   -0.0188975
   8.1400000   -0.0103557
   8.1600000   -0.0018790
   8.1800000    0.0063979
   8.2000000    0.0143465
   8.2200000    0.0218375
   8.2400000    0.0287347
   8.2600000    0.0348921
   8.2800000    0.0401551
   8.3000000    0.0443661
   8.3200000    0.0473729
   8.3400000    0.0490408
   8.3600000    0.0492633
   8.3800000    0.0479731
   8.4000000    0.0451494
   8.4200000    0.0408218
   8.4400000    0.0350698
   8.4600000    0.0280193
   8.4800000    0.0198362
   8.5000000    0.0107186
   8.5200000    0.0008885
   8.5400000   -0.0094154
   8.5600000   -0.0199450
   8.5800000   -0.0304471
   8.6000000   -0.0406689
   8.6200000   -0.0503608
   8.6400000   -0.0592812
   8.6600000   -0.0672006
   8.6800000   -0.0739070
   8.7000000   -0.0792120
   8.7200000   -0.0829581
   8.7400000   -0.0850250
   8.7600000   -0.0853367
   8.7800000   -0.0838666
   8.8000000   -0.0806413
   8.8200000   -0.0757420
   8.8400000   -0.0693036
   8.8600000   -0.0615109
   8.8800000   -0.0525929
   8.9000000   -0.0428147
   8.9200000   -0.0324673
   8.9400000   -0.0218568
   8.9600000   -0.0112922
   8.9800000   -0.0010737
   9.0000000    0.0085192
   9.0200000    0.0172386
   9.0400000    0.0248764
   9.0600000    0.0312718
   9.0800000    0.0363150
   9.1000000    0.0399491
   9.1200000    0.0421681
   9.1400000    0.0430138
   9.1600000    0.0425701
   9.1800000    0.0409556
   9.2000000    0.0383171
   9.2200000    0.0348217
   9.2400000    0.0306507
   9.2600000    0.0259937
   9.2800000    0.0210440
   9.3000000    0.0159950
   9.3200000    0.0110365
   9.3400000    0.0063523
   9.3600000    0.0021164
   9.3800000   -0.0015107
   9.4000000   -0.0043863
   9.4200000   -0.0063912
   9.4400000   -0.0074347
   9.4600000   -0.0074600
   9.4800000   -0.0064481
   9.5000000   -0.0044203
   9.5200000   -0.0014376
   9.5400000    0.0024025
   9.5600000    0.0069722
   9.5800000    0.0121228
   9.6000000    0.0176947
   9.6200000    0.0235285
   9.6400000    0.0294746
   9.6600000    0.0354002
   9.6800000    0.0411930
   9.7000000    0.0467612
   9.7200000    0.0520304
   9.7400000    0.0569384
   9.7600000    0.0614290
   9.7800000    0.0654473
   9.8000000    0.0689379
   9.8200000    0.0718454
   9.8400000    0.0741188
   9.8600000    0.0757185
   9.8800000    0.0766230
   9.9000000    0.0768362
   9.9200000    0.0763903
   9.9400000    0.0753454
   9.9600000    0.0737841
   9.9800000    0.0718013
  10.0000000    0.0694915
  10.0200000    0.0669351
  10.0400000    0.0641859
  10.0600000    0.0612623
  10.0800000    0.0581440
  10.1000000    0.0547752
  10.1200000    0.0510738
  10.1400000    0.0469451
  10.1600000    0.0422992
  10.1800000    0.0370673
  10.2000000    0.0312168
  10.2200000    0.0247605
  10.2400000    0.0177600
  10.2600000    0.0103228
  10.2800000    0.0025929
  10.3000000   -0.0052627
  10.3200000   -0.0130686
  10.3400000   -0.0206563
  10.3600000   -0.0278749
  10.3800000   -0.0345988
  10.4000000   -0.0407291
  10.4200000   -0.0461914
  10.4400000   -0.0509297
  10.4600000   -0.0548992
  10.4800000   -0.0580601
  10.5000000   -0.0603730
  10.5200000   -0.0617985
  10.5400000   -0.0622994
  10.5600000   -0.0618472
  10.5800000   -0.0604293
  10.6000000   -0.0580570
  10.6200000   -0.0547724
  10.6400000   -0.0506525
  10.6600000   -0.0458108
  10.6800000   -0.0403957
  10.7000000   -0.0345858
  10.7200000   -0.0285837
  10.7400000   -0.0226083
  10.7600000   -0.0168869
  10.7800000   -0.0116466
  10.8000000   -0.0071054
  10.8200000   -0.0034637
  10.8400000   -0.0008945
  10.8600000    0.0004677
  10.8800000    0.0005370
  10.9000000   -0.0007128
  10.9200000   -0.0032391
  10.9400000   -0.0069245
  10.9600000   -0.0115757
  10.9800000   -0.0169277
  11.0000000   -0.0226559
  11.0200000   -0.0283933
  11.0400000   -0.0337538
  11.0600000   -0.0383589
  11.0800000   -0.0418636
  11.1000000   -0.0439814
  11.1200000   -0.0445032
  11.1400000   -0.0433089
  11.1600000   -0.0403716
  11.1800000   -0.0357530
  11.2000000   -0.0295921
  11.2200000   -0.0220896
  11.2400000   -0.0134894
  11.2600000   -0.0040609
  11.2800000    0.0059165
  11.3000000    0.0161648
  11.3200000    0.0264148
  11.3400000    0.0364094
  11.3600000    0.0459043
  11.3800000    0.0546685
  11.4000000    0.0624846
  11.4200000    0.0691527
  11.4400000    0.0744961
  11.4600000    0.0783706
  11.4800000    0.0806745
  11.5000000    0.0813595
  11.5200000    0.0804384
  11.5400000    0.0779891
  11.5600000    0.0741526
  11.5800000    0.0691250
  11.6000000    0.0631432
  11.6200000    0.0564665
  11.6400000    0.0493557
  11.6600000    0.0420524
  11.6800000    0.0347613
  11.7000000    0.0276372
  11.7200000    0.0207775
  11.7400000    0.0142227
  11.7600000    0.0079611
  11.7800000    0.0019401
  11.8000000   -0.0039204
  11.8200000   -0.0097126
  11.8400000   -0.0155253
  11.8600000   -0.0214308
  11.8800000   -0.0274737
  11.9000000   -0.0336634
  11.9200000   -0.0399704
  11.9400000   -0.0463259
  11.9600000   -0.0526250
  11.9800000   -0.0587338
  12.0000000   -0.0644978
  12.0200000   -0.0697530
  12.0400000   -0.0743377
  12.0600000   -0.0781032
  12.0800000   -0.0809240
  12.1000000   -0.0827055
  12.1200000   -0.0833876
  12.1400000   -0.0829462
  12.1600000   -0.0813901
  12.1800000   -0.0787565
  12.2000000   -0.0751030
  12.2200000   -0.0705013
  12.2400000   -0.0650297
  12.2600000   -0.0587692
  12.2800000   -0.0518011
  12.3000000   -0.0442079
  12.3200000   -0.0360770
  12.3400000   -0.0275060
  12.3600000   -0.0186078
  12.3800000   -0.0095155
  12.4000000   -0.0003853
  12.4200000    0.0086047
  12.4400000    0.0172586
  12.4600000    0.0253704
  12.4800000    0.0327359
  12.5000000    0.0391653
  12.5200000    0.0444981
  12.5400000    0.0486163
  12.5600000    0.0514565
  12.5800000    0.0530175
  12.6000000    0.0533635
  12.6200000    0.0526223
  12.6400000    0.0509772
  12.6600000    0.0486532
  12.6800000    0.0458996
  12.7000000    0.0429685
  12.7200000    0.0400934
  12.7400000    0.0374687
  12.7600000    0.0352336
  12.7800000    0.0334610
  12.8000000    0.0321549
  12.8200000    0.0312548
  12.8400000    0.0306473
  12.8600000    0.0301838
  12.8800000    0.0297009
  12.9000000    0.0290416
  12.9200000    0.0280740
  12.9400000    0.0267053
  12.9600000    0.0248900
  12.9800000    0.0226309
  13.0000000    0.0199743
  13.0200000    0.0170010
  13.0400000    0.0138131
  13.0600000    0.0105218
  13.0800000    0.0072353
  13.1000000    0.0040499
  13.1200000    0.0010444
  13.1400000   -0.0017216
  13.1600000   -0.0042069
  13.1800000   -0.0063846
  13.2000000   -0.0082383
  13.2200000   -0.0097572
  13.2400000   -0.0109324
  13.2600000   -0.0117552
  13.2800000   -0.0122160
  13.3000000   -0.0123067
  13.3200000   -0.0120231
  13.3400000   -0.0113689
  13.3600000   -0.0103601
  13.3800000   -0.0090293
  13.4000000   -0.0074281
  13.4200000   -0.0056289
  13.4400000   -0.0037231
  13.4600000   -0.0018178
  13.4800000   -0.0000291
  13.5000000    0.0015267
  13.5200000    0.0027435
  13.5400000    0.0035366
  13.5600000    0.0038527
  13.5800000    0.0036786
  13.6000000    0.0030457
  13.6200000    0.0020314
  13.6400000    0.0007548
  13.6600000   -0.0006313
  13.6800000   -0.0019521
  13.7000000   -0.0030256
  13.7200000   -0.0036782
  13.7400000   -0.0037590
  13.7600000   -0.0031528
  13.7800000   -0.0017893
  13.8000000    0.0003526
  13.8200000    0.0032442
  13.8400000    0.0068117
  13.8600000    0.0109442
  13.8800000    0.0155043
  13.9000000    0.0203403
  13.9200000    0.0252975
  13.9400000    0.0302284
  13.9600000    0.0350001
  13.9800000    0.0394982
  14.0000000    0.0436276
  14.0200000    0.0473102
  14.0400000    0.0504798
  14.0600000    0.0530771
  14.0800000    0.0550441
  14.1000000    0.0563202
  14.1200000    0.0568411
  14.1400000    0.0565406
  14.1600000    0.0553551
  14.1800000    0.0532316
  14.2000000    0.0501359
  14.2200000    0.0460622
  14.2400000    0.0410409
  14.2600000    0.0351439
  14.2800000    0.0284867
  14.3000000    0.0212261
  14.3200000    0.0135540
  14.3400000    0.0056884
  14.3600000   -0.0021390
  14.3800000   -0.0096953
  14.4000000   -0.0167588
  14.4200000   -0.0231291
  14.4400000   -0.0286351
  14.4600000   -0.0331387
  14.4800000   -0.0365362
  14.5000000   -0.0387565
  14.5200000   -0.0397573
  14.5400000   -0.0395215
  14.5600000   -0.0380532
  14.5800000   -0.0353756
  14.6000000   -0.0315302
  14.6200000   -0.0265776
  14.6400000   -0.0205998
  14.6600000   -0.0137018
  14.6800000   -0.0060139
  14.7000000    0.0023085
  14.7200000    0.0110866
  14.7400000    0.0201217
  14.7600000    0.0292014
  14.7800000    0.0381065
  14.8000000    0.0466188
  14.8200000    0.0545296
  14.8400000    0.0616469
  14.8600000    0.0678017
  14.8800000    0.0728536
  14.9000000    0.0766934
  14.9200000    0.0792461
  14.9400000    0.0804711
  14.9600000    0.0803620
  14.9800000    0.0789449
  15.0000000    0.0762772
  15.0200000    0.0724444
  15.0400000    0.0675578
  15.0600000    0.0617522
  15.0800000    0.0551826
  15.1000000    0.0480216
  15.1200000    0.0404558
  15.1400000    0.0326819
  15.1600000    0.0249013
  15.1800000    0.0173144
  15.2000000    0.0101137
  15.2200000    0.0034763
  15.2400000   -0.0024427
  15.2600000   -0.0075156
  15.2800000   -0.0116460
  15.3000000   -0.0147694
  15.3200000   -0.0168519
  15.3400000   -0.0178860
  15.3600000   -0.0178858
  15.3800000   -0.0168812
  15.4000000   -0.0149135
  15.4200000   -0.0120335
  15.4400000   -0.0083020
  15.4600000   -0.0037929
  15.4800000    0.0014012
  15.5000000    0.0071625
  15.5200000    0.0133423
  15.5400000    0.0197572
  15.5600000    0.0261890
  15.5800000    0.0323890
  15.6000000    0.0380864
  15.6200000    0.0430012
  15.6400000    0.0468597
  15.6600000    0.0494119
  15.6800000    0.0504479
  15.7000000    0.0498138
  15.7200000    0.0474236
  15.7400000    0.0432676
  15.7600000    0.0374162
  15.7800000    0.0300194
  15.8000000    0.0213009
  15.8200000    0.0115486
  15.8400000    0.0011012
  15.8600000   -0.0096687
  15.8800000   -0.0203729
  15.9000000   -0.0306283
  15.9200000   -0.0400763
  15.9400000   -0.0484013
  15.9600000   -0.0553464
  15.9800000   -0.0607243
  16.0000000   -0.0644242
  16.0200000   -0.0664118
  16.0400000   -0.0667257
  16.0600000   -0.0654672
  16.0800000   -0.0627880
  16.1000000   -0.0588753
  16.1200000   -0.0539356
  16.1400000   -0.0481803
  16.1600000   -0.0418126
  16.1800000   -0.0350165
  16.2000000   -0.0279495
  16.2200000   -0.0207379
  16.2400000   -0.0134754
  16.2600000   -0.0062243
  16.2800000    0.0009811
  16.3000000    0.0081276
  16.3200000    0.0152159
  16.3400000    0.0222506
  16.3600000    0.0292304
  16.3800000    0.0361385
  16.4000000    0.0429345
  16.4200000    0.0495482
  16.4400000    0.0558776
  16.4600000    0.0617907
  16.4800000    0.0671318
  16.5000000    0.0717307
  16.5200000    0.0754163
  16.5400000    0.0780301
  16.5600000    0.0794408
  16.5800000    0.0795566
  16.6000000    0.0783340
  16.6200000    0.0757826
  16.6400000    0.0719651
  16.6600000    0.0669923
  16.6800000    0.0610144
  16.7000000    0.0542092
  16.7200000    0.0467689
  16.7400000    0.0388869
  16.7600000    0.0307465
  16.7800000    0.0225121
  16.8000000    0.0143234
  16.8200000    0.0062936
  16.8400000   -0.0014886
  16.8600000   -0.0089554
  16.8800000   -0.0160531
  16.9000000   -0.0227351
  16.9200000   -0.0289553
  16.9400000   -0.0346617
  16.9600000   -0.0397922
  16.9800000   -0.0442721
  17.0000000   -0.0480136
  17.0200000   -0.0509176
  17.0400000   -0.0528764
  17.0600000   -0.0537797
  17.0800000   -0.0535199
  17.1000000   -0.0520000
  17.1200000   -0.0491422
  17.1400000   -0.0448961
  17.1600000   -0.0392476
  17.1800000   -0.0322276
  17.2000000   -0.0239180
  17.2200000   -0.0144566
  17.2400000   -0.0040388
  17.2600000    0.0070848
  17.2800000    0.0186141
  17.3000000    0.0302104
  17.3200000    0.0415098
  17.3400000    0.0521416
  17.3600000    0.0617473
  17.3800000    0.0700021
  17.4000000    0.0766345
  17.4200000    0.0814445
  17.4400000    0.0843178
  17.4600000    0.0852346
  17.4800000    0.0842716
  17.5000000    0.0815985
  17.5200000    0.0774658
  17.5400000    0.0721884
  17.5600000    0.0661233
  17.5800000    0.0596454
  17.6000000    0.0531225
  17.6200000    0.0468930
  17.6400000    0.0412463
  17.6600000    0.0364103
  17.6800000    0.0325443
  17.7000000    0.0297389
  17.7200000    0.0280221
  17.7400000    0.0273691
  17.7600000    0.0277154
  17.7800000    0.0289704
  17.8000000    0.0310294
  17.8200000    0.0337834
  17.8400000    0.0371250
  17.8600000    0.0409505
  17.8800000    0.0451600
  17.9000000    0.0496555
  17.9200000    0.0543385
  17.9400000    0.0591101
  17.9600000    0.0638731
  17.9800000    0.0685367
  18.0000000    0.0730240
  18.0200000    0.0772802
  18.0400000    0.0812805
  18.0600000    0.0850349
  18.0800000    0.0885887
  18.1000000    0.0920179
  18.1200000    0.0954185
  18.1400000    0.0988917
  18.1600000    0.1025259
  18.1800000    0.1063781
  18.2000000    0.1104578
  18.2200000    0.1147156
  18.2400000    0.1190374
  18.2600000    0.1232469
  18.2800000    0.1271150
  18.3000000    0.1303753
  18.3200000    0.1327446
  18.3400000    0.1339452
  18.3600000    0.1337276
  18.3800000    0.1318906
  18.4000000    0.1282977
  18.4200000    0.1228878
  18.4400000    0.1156809
  18.4600000    0.1067772
  18.4800000    0.0963519
  18.5000000    0.0846451
  18.5200000    0.0719494
  18.5400000    0.0585949
  18.5600000    0.0449338
  18.5800000    0.0313245
  18.6000000    0.0181164
  18.6200000    0.0056367
  18.6400000   -0.0058229
  18.6600000   -0.0160166
  18.6800000   -0.0247528
  18.7000000   -0.0319013
  18.7200000   -0.0373965
  18.7400000   -0.0412391
  18.7600000   -0.0434941
  18.7800000   -0.0442859
  18.8000000   -0.0437909
  18.8200000   -0.0422268
  18.8400000   -0.0398399
  18.8600000   -0.0368905
  18.8800000   -0.0336379
  18.9000000   -0.0303245
  18.9200000   -0.0271614
  18.9400000   -0.0243158
  18.9600000   -0.0219011
  18.9800000   -0.0199706
  19.0000000   -0.0185154
  19.0200000   -0.0174680
  19.0400000   -0.0167088
  19.0600000   -0.0160787
  19.0800000   -0.0153941
  19.1000000   -0.0144644
  19.1200000   -0.0131099
  19.1400000   -0.0111788
  19.1600000   -0.0085607
  19.1800000   -0.0051965
  19.2000000   -0.0010829
  19.2200000    0.0037285
  19.2400000    0.0091364
  19.2600000    0.0149991
  19.2800000    0.0211449
  19.3000000    0.0273843
  19.3200000    0.0335195
  19.3400000    0.0393532
  19.3600000    0.0446943
  19.3800000    0.0493612
  19.4000000    0.0531843
  19.4200000    0.0560075
  19.4400000    0.0576904
  19.4600000    0.0581118
  19.4800000    0.0571754
  19.5000000    0.0548164
  19.5200000    0.0510088
  19.5400000    0.0457737
  19.5600000    0.0391848
  19.5800000    0.0313717
  19.6000000    0.0225198
  19.6200000    0.0128654
  19.6400000    0.0026860
  19.6600000   -0.0077129
  19.6800000   -0.0180152
  19.7000000   -0.0279127
  19.7200000   -0.0371239
  19.7400000   -0.0454112
  19.7600000   -0.0525938
  19.7800000   -0.0585549
  19.8000000   -0.0632438
  19.8200000   -0.0666700
  19.8400000   -0.0688924
  19.8600000   -0.0700042
  19.8800000   -0.0701159
  19.9000000   -0.0693389
  19.9200000   -0.0677716
  19.9400000   -0.0654908
  19.9600000   -0.0625490
  19.9800000   -0.0589770
  20.0000000   -0.0547917
  20.0200000   -0.0500077
  20.0400000   -0.0446489
  20.0600000   -0.0387597
  20.0800000   -0.0324126
  20.1000000   -0.0257112
  20.1200000   -0.0187884
  20.1400000   -0.0117994
  20.1600000   -0.0049110
  20.1800000    0.0017108
  20.2000000    0.0079138
  20.2200000    0.0135714
  20.2400000    0.0185910
  20.2600000    0.0229181
  20.2800000    0.0265373
  20.3000000    0.0294682
  20.3200000    0.0317584
  20.3400000    0.0334745
  20.3600000    0.0346927
  20.3800000    0.0354889
  20.4000000    0.0359317
  20.4200000    0.0360768
  20.4400000    0.0359647
  20.4600000    0.0356208
  20.4800000    0.0350579
  20.5000000    0.0342801
  20.5200000    0.0332868
  20.5400000    0.0320776
  20.5600000    0.0306546
  20.5800000    0.0290250
  20.6000000    0.0272005
  20.6200000    0.0251962
  20.6400000    0.0230286
  20.6600000    0.0207121
  20.6800000    0.0182562
  20.7000000    0.0156628
  20.7200000    0.0129244
  20.7400000    0.0100227
  20.7600000    0.0069290
  20.7800000    0.0036051
  20.8000000    0.0000057
  20.8200000   -0.0039176
  20.8400000   -0.0082108
  20.8600000   -0.0129108
  20.8800000   -0.0180372
  20.9000000   -0.0235829
  20.9200000   -0.0295065
  20.9400000   -0.0357243
  20.9600000   -0.0421068
  20.9800000   -0.0484789
  21.0000000   -0.0546243
  21.0200000   -0.0602969
  21.0400000   -0.0652350
  21.0600000   -0.0691807
  21.0800000   -0.0718997
  21.1000000   -0.0732008
  21.1200000   -0.0729525
  21.1400000   -0.0710936
  21.1600000   -0.0676391
  21.1800000   -0.0626775
  21.2000000   -0.0563632
  21.2200000   -0.0489026
  21.2400000   -0.0405380
  21.2600000   -0.0315297
  21.2800000   -0.0221386
  21.3000000   -0.0126123
  21.3200000   -0.0031742
  21.3400000    0.0059831
  21.3600000    0.0146994
  21.3800000    0.0228456
  21.4000000    0.0303193
  21.4200000    0.0370386
  21.4400000    0.0429355
  21.4600000    0.0479501
  21.4800000    0.0520255
  21.5000000    0.0551058
  21.5200000    0.0571354
  21.5400000    0.0580613
  21.5600000    0.0578376
  21.5800000    0.0564309
  21.6000000    0.0538283
  21.6200000    0.0500446
  21.6400000    0.0451296
  21.6600000    0.0391737
  21.6800000    0.0323118
  21.7000000    0.0247239
  21.7200000    0.0166326
  21.7400000    0.0082964
  21.7600000    0.0000002
  21.7800000   -0.0079580
  21.8000000   -0.0152820
  21.8200000   -0.0216944
  21.8400000   -0.0269527
  21.8600000   -0.0308643
  21.8800000   -0.0332992
  21.9000000   -0.0341979
  21.9200000   -0.0335748
  21.9400000   -0.0315165
  21.9600000   -0.0281743
  21.9800000   -0.0237526
  22.0000000   -0.0184930
  22.0200000   -0.0126568
  22.0400000   -0.0065070
  22.0600000   -0.0002919
  22.0800000    0.0057685
  22.1000000    0.0114916
  22.1200000    0.0167370
  22.1400000    0.0214058
  22.1600000    0.0254372
  22.1800000    0.0288017
  22.2000000    0.0314936
  22.2200000    0.0335238
  22.2400000    0.0349144
  22.2600000    0.0356954
  22.2800000    0.0359040
  22.3000000    0.0355854
  22.3200000    0.0347949
  22.3400000    0.0335990
  22.3600000    0.0320756
  22.3800000    0.0303112
  22.4000000    0.0283956
  22.4200000    0.0264137
  22.4400000    0.0244357
  22.4600000    0.0225066
  22.4800000    0.0206370
  22.5000000    0.0187964
  22.5200000    0.0169117
  22.5400000    0.0148704
  22.5600000    0.0125308
  22.5800000    0.0097366
  22.6000000    0.0063370
  22.6200000    0.0022080
  22.6400000   -0.0027268
  22.6600000   -0.0084793
  22.6800000   -0.0149864
  22.7000000   -0.0221078
  22.7200000   -0.0296334
  22.7400000   -0.0372994
  22.7600000   -0.0448107
  22.7800000   -0.0518676
  22.8000000   -0.0581915
  22.8200000   -0.0635473
  22.8400000   -0.0677593
  22.8600000   -0.0707180
  22.8800000   -0.0723783
  22.9000000   -0.0727506
  22.9200000   -0.0718875
  22.9400000   -0.0698678
  22.9600000   -0.0667830
  22.9800000   -0.0627273
  23.0000000   -0.0577931
  23.0200000   -0.0520713
  23.0400000   -0.0456564
  23.0600000   -0.0386533
  23.0800000   -0.0311836
  23.1000000   -0.0233900
  23.1200000   -0.0154366
  23.1400000   -0.0075045
  23.1600000    0.0002166
  23.1800000    0.0075399
  23.2000000    0.0142943
  23.2200000    0.0203362
  23.2400000    0.0255597
  23.2600000    0.0299031
  23.2800000    0.0333506
  23.3000000    0.0359301
  23.3200000    0.0377078
  23.3400000    0.0387790
  23.3600000    0.0392586
  23.3800000    0.0392706
  23.4000000    0.0389394
  23.4200000    0.0383829
  23.4400000    0.0377079
  23.4600000    0.0370079
  23.4800000    0.0363631
  23.5000000    0.0358408
  23.5200000    0.0354963
  23.5400000    0.0353728
  23.5600000    0.0354995
  23.5800000    0.0358886
  23.6000000    0.0365304
  23.6200000    0.0373887
  23.6400000    0.0383968
  23.6600000    0.0394559
  23.6800000    0.0404361
  23.7000000    0.0411819
  23.7200000    0.0415216
  23.7400000    0.0412798
  23.7600000    0.0402918
  23.7800000    0.0384197
  23.8000000    0.0355661
  23.8200000    0.0316861
  23.8400000    0.0267953
  23.8600000    0.0209723
  23.8800000    0.0143570
  23.9000000    0.0071435
  23.9200000   -0.0004318
  23.9400000   -0.0081046
  23.9600000   -0.0155994
  23.9800000   -0.0226480
  24.0000000   -0.0290059
  24.0200000   -0.0344673
  24.0400000   -0.0388777
  24.0600000   -0.0421414
  24.0800000   -0.0442249
  24.1000000   -0.0451564
  24.1200000   -0.0450201
  24.1400000   -0.0439476
  24.1600000   -0.0421070
  24.1800000   -0.0396904
  24.2000000   -0.0369010
  24.2200000   -0.0339416
  24.2400000   -0.0310037
  24.2600000   -0.0282578
  24.2800000   -0.0258463
  24.3000000   -0.0238769
  24.3200000   -0.0224171
  24.3400000   -0.0214913
  24.3600000   -0.0210779
  24.3800000   -0.0211099
  24.4000000   -0.0214775
  24.4200000   -0.0220336
  24.4400000   -0.0226037
  24.4600000   -0.0229969
  24.4800000   -0.0230208
  24.5000000   -0.0224959
  24.5200000   -0.0212696
  24.5400000   -0.0192279
  24.5600000   -0.0163028
  24.5800000   -0.0124757
  24.6000000   -0.0077757
  24.6200000   -0.0022746
  24.6400000    0.0039214
  24.6600000    0.0106802
  24.6800000    0.0178527
  24.7000000    0.0252790
  24.7200000    0.0327925
  24.7400000    0.0402218
  24.7600000    0.0473902
  24.7800000    0.0541161
  24.8000000    0.0602126
  24.8200000    0.0654903
  24.8400000    0.0697629
  24.8600000    0.0728545
  24.8800000    0.0746107
  24.9000000    0.0749093
  24.9200000    0.0736712
  24.9400000    0.0708688
  24.9600000    0.0665313
  24.9800000    0.0607449
  25.0000000    0.0536491
  25.0200000    0.0454287
  25.0400000    0.0363032
  25.0600000    0.0265140
  25.0800000    0.0163123
  25.1000000    0.0059479
  25.1200000   -0.0043399
  25.1400000   -0.0143285
  25.1600000   -0.0238154
  25.1800000   -0.0326203
  25.2000000   -0.0405844
  25.2200000   -0.0475709
  25.2400000   -0.0534640
  25.2600000   -0.0581703
  25.2800000   -0.0616207
  25.3000000   -0.0637742
  25.3200000   -0.0646219
  25.3400000   -0.0641922
  25.3600000   -0.0625557
  25.3800000   -0.0598282
  25.4000000   -0.0561714
  25.4200000   -0.0517908
  25.4400000   -0.0469294
  25.4600000   -0.0418563
  25.4800000   -0.0368527
  25.5000000   -0.0321942
  25.5200000   -0.0281309
  25.5400000   -0.0248691
  25.5600000   -0.0225547
  25.5800000   -0.0212614
  25.6000000   -0.0209857
  25.6200000   -0.0216485
  25.6400000   -0.0231051
  25.6600000   -0.0251600
  25.6800000   -0.0275878
  25.7000000   -0.0301547
  25.7200000   -0.0326406
  25.7400000   -0.0348563
  25.7600000   -0.0366566
  25.7800000   -0.0379465
  25.8000000   -0.0386802
  25.8200000   -0.0388548
  25.8400000   -0.0384992
  25.8600000   -0.0376606
  25.8800000   -0.0363909
  25.9000000   -0.0347346
  25.9200000   -0.0327204
  25.9400000   -0.0303558
  25.9600000   -0.0276272
  25.9800000   -0.0245033
  26.0000000   -0.0209418
  26.0200000   -0.0168988
  26.0400000   -0.0123388
  26.0600000   -0.0072454
  26.0800000   -0.0016306
  26.1000000    0.0044566
  26.1200000    0.0109250
  26.1400000    0.0176384
  26.1600000    0.0244172
  26.1800000    0.0310432
  26.2000000    0.0372695
  26.2200000    0.0428341
  26.2400000    0.0474774
  26.2600000    0.0509610
  26.2800000    0.0530878
  26.3000000    0.0537203
  26.3200000    0.0527951
  26.3400000    0.0503320
  26.3600000    0.0464361
  26.3800000    0.0412925
  26.4000000    0.0351536
  26.4200000    0.0283201
  26.4400000    0.0211187
  26.4600000    0.0138768
  26.4800000    0.0068997
  26.5000000    0.0004499
  26.5200000   -0.0052670
  26.5400000   -0.0101111
  26.5600000   -0.0140099
  26.5800000   -0.0169535
  26.6000000   -0.0189857
  26.6200000   -0.0201917
  26.6400000   -0.0206843
  26.6600000   -0.0205907
  26.6800000   -0.0200402
  26.7000000   -0.0191545
  26.7200000   -0.0180412
  26.7400000   -0.0167886
  26.7600000   -0.0154649
  26.7800000   -0.0141182
  26.8000000   -0.0127792
  26.8200000   -0.0114656
  26.8400000   -0.0101866
  26.8600000   -0.0089492
  26.8800000   -0.0077628
  26.9000000   -0.0066439
  26.9200000   -0.0056186
  26.9400000   -0.0047227
  26.9600000   -0.0039998
  26.9800000   -0.0034965
  27.0000000   -0.0032565
  27.0200000   -0.0033137
  27.0400000   -0.0036851
  27.0600000   -0.0043665
  27.0800000   -0.0053291
  27.1000000   -0.0065200
  27.1200000   -0.0078653
  27.1400000   -0.0092760
  27.1600000   -0.0106554
  27.1800000   -0.0119076
  27.2000000   -0.0129451
  27.2200000   -0.0136957
  27.2400000   -0.0141067
  27.2600000   -0.0141470
  27.2800000   -0.0138078
  27.3000000   -0.0131001
  27.3200000   -0.0120517
  27.3400000   -0.0107045
  27.3600000   -0.0091109
  27.3800000   -0.0073314
  27.4000000   -0.0054339
  27.4200000   -0.0034933
  27.4400000   -0.0015926
  27.4600000    0.0001764
  27.4800000    0.0017118
  27.5000000    0.0029022
  27.5200000    0.0036289
  27.5400000    0.0037706
  27.5600000    0.0032110
  27.5800000    0.0018481
  27.6000000   -0.0003938
  27.6200000   -0.0035524
  27.6400000   -0.0076168
  27.6600000   -0.0125194
  27.6800000   -0.0181324
  27.7000000   -0.0242703
  27.7200000   -0.0306976
  27.7400000   -0.0371428
  27.7600000   -0.0433164
  27.7800000   -0.0489308
  27.8000000   -0.0537205
  27.8200000   -0.0574601
  27.8400000   -0.0599780
  27.8600000   -0.0611638
  27.8800000   -0.0609714
  27.9000000   -0.0594155
  27.9200000   -0.0565650
  27.9400000   -0.0525327
  27.9600000   -0.0474660
  27.9800000   -0.0415363
  28.0000000   -0.0349311
  28.0200000   -0.0278481
  28.0400000   -0.0204910
  28.0600000   -0.0130667
  28.0800000   -0.0057835
  28.1000000    0.0011516
  28.1200000    0.0075354
  28.1400000    0.0131738
  28.1600000    0.0178878
  28.1800000    0.0215220
  28.2000000    0.0239531
  28.2200000    0.0250999
  28.2400000    0.0249321
  28.2600000    0.0234771
  28.2800000    0.0208244
  28.3000000    0.0171260
  28.3200000    0.0125914
  28.3400000    0.0074782
  28.3600000    0.0020781
  28.3800000   -0.0033021
  28.4000000   -0.0083614
  28.4200000   -0.0128264
  28.4400000   -0.0164727
  28.4600000   -0.0191418
  28.4800000   -0.0207531
  28.5000000   -0.0213097
  28.5200000   -0.0208962
  28.5400000   -0.0196694
  28.5600000   -0.0178429
  28.5800000   -0.0156678
  28.6000000   -0.0134095
  28.6200000   -0.0113260
  28.6400000   -0.0096474
  28.6600000   -0.0085593
  28.6800000   -0.0081913
  28.7000000   -0.0086104
  28.7200000   -0.0098202
  28.7400000   -0.0117638
  28.7600000   -0.0143311
  28.7800000   -0.0173674
  28.8000000   -0.0206846
  28.8200000   -0.0240719
  28.8400000   -0.0273068
  28.8600000   -0.0301661
  28.8800000   -0.0324354
  28.9000000   -0.0339191
  28.9200000   -0.0344485
  28.9400000   -0.0338906
  28.9600000   -0.0321544
  28.9800000   -0.0291974
  29.0000000   -0.0250296
  29.0200000   -0.0197157
  29.0400000   -0.0133754
  29.0600000   -0.0061802
  29.0800000    0.0016515
  29.1000000    0.0098632
  29.1200000    0.0181702
  29.1400000    0.0262721
  29.1600000    0.0338667
  29.1800000    0.0406642
  29.2000000    0.0464014
  29.2200000    0.0508554
  29.2400000    0.0538558
  29.2600000    0.0552946
  29.2800000    0.0551333
  29.3000000    0.0534067
  29.3200000    0.0502223
  29.3400000    0.0457561
  29.3600000    0.0402436
  29.3800000    0.0339664
  29.4000000    0.0272361
  29.4200000    0.0203751
  29.4400000    0.0136972
  29.4600000    0.0074884
  29.4800000    0.0019897
  29.5000000   -0.0026151
  29.5200000   -0.0062080
  29.5400000   -0.0087391
  29.5600000   -0.0102226
  29.5800000   -0.0107290
  29.6000000   -0.0103718
  29.6200000   -0.0092923
  29.6400000   -0.0076435
  29.6600000   -0.0055746
  29.6800000   -0.0032182
  29.7000000   -0.0006816
  29.7200000    0.0019585
  29.7400000    0.0046554
  29.7600000    0.0073891
  29.7800000    0.0101591
  29.8000000    0.0129757
  29.8200000    0.0158511
  29.8400000    0.0187910
  29.8600000    0.0217889
  29.8800000    0.0248224
  29.9000000    0.0278527
  29.9200000    0.0308263
  29.9400000    0.0336800
  29.9600000    0.0363461
  29.9800000    0.0387593
  30.0000000    0.0408636
