 -10.0000000    0.0745334
  -9.9800000    0.0713932
  -9.9600000    0.0663046
  -9.9400000    0.0594761
  -9.9200000    0.0511742
  -9.9000000    0.0417088
  -9.8800000    0.0314190
  -9.8600000    0.0206604
  -9.8400000    0.0097940
  -9.8200000   -0.0008232
  -9.8000000   -0.0108463
  -9.7800000   -0.0199502
  -9.7600000   -0.0278372
  -9.7400000   -0.0342455
  -9.7200000   -0.0389575
  -9.7000000   -0.0418099
  -9.6800000   -0.0427031
  -9.6600000   -0.0416090
  -9.6400000   -0.0385788
  -9.6200000   -0.0337462
  -9.6000000   -0.0273277
  -9.5800000   -0.0196180
  -9.5600000   -0.0109805
  -9.5400000   -0.0018318
  -9.5200000    0.0073779
  -9.5000000    0.0161899
  -9.4800000    0.0241642
  -9.4600000    0.0309071
  -9.4400000    0.0360982
  -9.4200000    0.0395121
  -9.4000000    0.0410335
  -9.3800000    0.0406638
  -9.3600000    0.0385182
  -9.3400000    0.0348133
  -9.3200000    0.0298480
  -9.3000000    0.0239775
  -9.2800000    0.0175860
  -9.2600000    0.0110589
  -9.2400000    0.0047584
  -9.2200000   -0.0009967
  -9.2000000   -0.0059462
  -9.1800000   -0.0098976
  -9.1600000   -0.0127304
  -9.1400000   -0.0143973
  -9.1200000   -0.0149208
  -9.1000000   -0.0143887
  -9.0800000   -0.0129471
  -9.0600000   -0.0107906
  -9.0400000   -0.0081520
  -9.0200000   -0.0052881
  -9.0000000   -0.0024654
  -8.9800000    0.0000572
  -8.9600000    0.0020444
  -8.9400000    0.0033012
  -8.9200000    0.0036861
  -8.9000000    0.0031215
  -8.8800000    0.0015992
  -8.8600000   -0.0008186
  -8.8400000   -0.0040035
  -8.8200000   -0.0077678
  -8.8000000   -0.0118750
  -8.7800000   -0.0160505
  -8.7600000   -0.0199928
  -8.7400000   -0.0233842
  -8.7200000   -0.0259002
  -8.7000000   -0.0272204
  -8.6800000   -0.0270396
  -8.6600000   -0.0250826
  -8.6400000   -0.0211224
  -8.6200000   -0.0150018
  -8.6000000   -0.0066570
  -8.5800000    0.0038582
  -8.5600000    0.0163526
  -8.5400000    0.0304843
  -8.5200000    0.0457591
  -8.5000000    0.0615403
  -8.4800000    0.0770739
  -8.4600000    0.0915264
  -8.4400000    0.1040332
  -8.4200000    0.1137539
  -8.4000000    0.1199312
  -8.3800000    0.1219468
  -8.3600000    0.1193720
  -8.3400000    0.1120084
  -8.3200000    0.0999159
  -8.3000000    0.0834262
  -8.2800000    0.0631404
  -8.2600000    0.0399091
  -8.2400000    0.0147962
  -8.2200000   -0.0109739
  -8.2000000   -0.0360825
  -8.1800000   -0.0591946
  -8.1600000   -0.0790418
  -8.1400000   -0.0945062
  -8.1200000   -0.1046979
  -8.1000000   -0.1090187
  -8.0800000   -0.1072078
  -8.0600000   -0.0993634
  -8.0400000   -0.0859379
  -8.0200000   -0.0677081
  -8.0000000   -0.0457218
  -7.9800000   -0.0212260
  -7.9600000    0.0044164
  -7.9400000    0.0298147
  -7.9200000    0.0536356
  -7.9000000    0.0746792
  -7.8800000    0.0919412
  -7.8600000    0.1046576
  -7.8400000    0.1123309
  -7.8200000    0.1147385
  -7.8000000    0.1119244
  -7.7800000    0.1041769
  -7.7600000    0.0919954
  -7.7400000    0.0760494
  -7.7200000    0.0571332
  -7.7000000    0.0361177
  -7.6800000    0.0139037
  -7.6600000   -0.0086222
  -7.6400000   -0.0306266
  -7.6200000   -0.0513608
  -7.6000000   -0.0701853
  -7.5800000   -0.0865834
  -7.5600000   -0.1001671
  -7.5400000   -0.1106737
  -7.5200000   -0.1179557
  -7.5000000   -0.1219658
  -7.4800000   -0.1227393
  -7.4600000   -0.1203781
  -7.4400000   -0.1150361
  -7.4200000   -0.1069102
  -7.4000000   -0.0962368
  -7.3800000   -0.0832922
  -7.3600000   -0.0683990
  -7.3400000   -0.0519322
  -7.3200000   -0.0343255
  -7.3000000   -0.0160741
  -7.2800000    0.0022700
  -7.2600000    0.0201088
  -7.2400000    0.0368196
  -7.2200000    0.0517826
  -7.2000000    0.0644154
  -7.1800000    0.0742108
  -7.1600000    0.0807737
  -7.1400000    0.0838534
  -7.1200000    0.0833690
  -7.1000000    0.0794225
  -7.0800000    0.0723002
  -7.0600000    0.0624603
  -7.0400000    0.0505078
  -7.0200000    0.0371589
  -7.0000000    0.0231977
  -6.9800000    0.0094278
  -6.9600000   -0.0033767
  -6.9400000   -0.0145170
  -6.9200000   -0.0234103
  -6.9000000   -0.0296209
  -6.8800000   -0.0328802
  -6.8600000   -0.0330953
  -6.8400000   -0.0303450
  -6.8200000   -0.0248636
  -6.8000000   -0.0170157
  -6.7800000   -0.0072634
  -6.7600000    0.0038703
  -6.7400000    0.0158391
  -6.7200000    0.0281081
  -6.7000000    0.0401832
  -6.6800000    0.0516333
  -6.6600000    0.0621042
  -6.6400000    0.0713244
  -6.6200000    0.0791039
  -6.6000000    0.0853263
  -6.5800000    0.0899382
  -6.5600000    0.0929354
  -6.5400000    0.0943496
  -6.5200000    0.0942356
  -6.5000000    0.0926607
  -6.4800000    0.0896969
  -6.4600000    0.0854154
  -6.4400000    0.0798851
  -6.4200000    0.0731728
  -6.4000000    0.0653469
  -6.3800000    0.0564822
  -6.3600000    0.0466672
  -6.3400000    0.0360117
  -6.3200000    0.0246536
  -6.3000000    0.0127653
  -6.2800000    0.0005577
  -6.2600000   -0.0117196
  -6.2400000   -0.0237804
  -6.2200000   -0.0353090
  -6.2000000   -0.0459693
  -6.1800000   -0.0554182
  -6.1600000   -0.0633195
  -6.1400000   -0.0693596
  -6.1200000   -0.0732624
  -6.1000000   -0.0748045
  -6.0800000   -0.0738274
  -6.0600000   -0.0702488
  -6.0400000   -0.0640707
  -6.0200000   -0.0553856
  -6.0000000   -0.0443779
  -5.9800000   -0.0313234
  -5.9600000   -0.0165826
  -5.9400000   -0.0005912
  -5.9200000    0.0161547
  -5.9000000    0.0331184
  -5.8800000    0.0497444
  -5.8600000    0.0654848
  -5.8400000    0.0798249
  -5.8200000    0.0923092
  -5.8000000    0.1025645
  -5.7800000    0.1103180
  -5.7600000    0.1154097
  -5.7400000    0.1177973
  -5.7200000    0.1175521
  -5.7000000    0.1148487
  -5.6800000    0.1099472
  -5.6600000    0.1031708
  -5.6400000    0.0948812
  -5.6200000    0.0854557
  -5.6000000    0.0752662
  -5.5800000    0.0646642
  -5.5600000    0.0539723
  -5.5400000    0.0434810
  -5.5200000    0.0334517
  -5.5000000    0.0241212
  -5.4800000    0.0157081
  -5.4600000    0.0084156
  -5.4400000    0.0024320
  -5.4200000   -0.0020749
  -5.4000000   -0.0049666
  -5.3800000   -0.0061464
  -5.3600000   -0.0055726
  -5.3400000   -0.0032703
  -5.3200000    0.0006609
  -5.3000000    0.0060445
  -5.2800000    0.0126314
  -5.2600000    0.0201102
  -5.2400000    0.0281228
  -5.2200000    0.0362847
  -5.2000000    0.0442063
  -5.1800000    0.0515147
  -5.1600000    0.0578744
  -5.1400000    0.0630046
  -5.1200000    0.0666942
  -5.1000000    0.0688121
  -5.0800000    0.0693139
  -5.0600000    0.0682446
  -5.0400000    0.0657361
  -5.0200000    0.0620010
  -5.0000000    0.0573204
  -4.9800000    0.0520268
  -4.9600000    0.0464823
  -4.9400000    0.0410529
  -4.9200000    0.0360800
  -4.9000000    0.0318531
  -4.8800000    0.0285838
  -4.8600000    0.0263869
  -4.8400000    0.0252688
  -4.8200000    0.0251267
  -4.8000000    0.0257577
  -4.7800000    0.0268785
  -4.7600000    0.0281536
  -4.7400000    0.0292277
  -4.7200000    0.0297607
  -4.7000000    0.0294603
  -4.6800000    0.0281087
  -4.6600000    0.0255826
  -4.6400000    0.0218626
  -4.6200000    0.0170351
  -4.6000000    0.0112845
  -4.5800000    0.0048791
  -4.5600000   -0.0018468
  -4.5400000   -0.0085137
  -4.5200000   -0.0147189
  -4.5000000   -0.0200570
  -4.4800000   -0.0241402
  -4.4600000   -0.0266171
  -4.4400000   -0.0271908
  -4.4200000   -0.0256360
  -4.4000000   -0.0218153
  -4.3800000   -0.0156936
  -4.3600000   -0.0073494
  -4.3400000    0.0030185
  -4.3200000    0.0150912
  -4.3000000    0.0284374
  -4.2800000    0.0425308
  -4.2600000    0.0567756
  -4.2400000    0.0705397
  -4.2200000    0.0831920
  -4.2000000    0.0941413
  -4.1800000    0.1028715
  -4.1600000    0.1089714
  -4.1400000    0.1121539
  -4.1200000    0.1122647
  -4.1000000    0.1092795
  -4.0800000    0.1032910
  -4.0600000    0.0944889
  -4.0400000    0.0831358
  -4.0200000    0.0695425
  -4.0000000    0.0540469
  -3.9800000    0.0369977
  -3.9600000    0.0187450
  -3.9400000   -0.0003620
  -3.9200000   -0.0199719
  -3.9000000   -0.0397246
  -3.8800000   -0.0592439
  -3.8600000   -0.0781321
  -3.8400000   -0.0959687
  -3.8200000   -0.1123159
  -3.8000000   -0.1267297
  -3.7800000   -0.1387778
  -3.7600000   -0.1480612
  -3.7400000   -0.1542387
  -3.7200000   -0.1570498
  -3.7000000   -0.1563351
  -3.6800000   -0.1520509
  -3.6600000   -0.1442766
  -3.6400000   -0.1332153
  -3.6200000   -0.1191867
  -3.6000000   -0.1026143
  -3.5800000   -0.0840080
  -3.5600000   -0.0639431
  -3.5400000   -0.0430376
  -3.5200000   -0.0219282
  -3.5000000   -0.0012457
  -3.4800000    0.0184083
  -3.4600000    0.0364854
  -3.4400000    0.0525117
  -3.4200000    0.0661072
  -3.4000000    0.0770004
  -3.3800000    0.0850385
  -3.3600000    0.0901906
  -3.3400000    0.0925441
  -3.3200000    0.0922936
  -3.3000000    0.0897247
  -3.2800000    0.0851926
  -3.2600000    0.0790994
  -3.2400000    0.0718724
  -3.2200000    0.0639450
  -3.2000000    0.0557430
  -3.1800000    0.0476771
  -3.1600000    0.0401399
  -3.1400000    0.0335073
  -3.1200000    0.0281405
  -3.1000000    0.0243868
  -3.0800000    0.0225748
  -3.0600000    0.0230031
  -3.0400000    0.0259213
  -3.0200000    0.0315028
  -3.0000000    0.0398136
  -2.9800000    0.0507799
  -2.9600000    0.0641589
  -2.9400000    0.0795191
  -2.9200000    0.0962349
  -2.9000000    0.1134983
  -2.8800000    0.1303495
  -2.8600000    0.1457269
  -2.8400000    0.1585312
  -2.8200000    0.1677004
  -2.8000000    0.1722873
  -2.7800000    0.1715329
  -2.7600000    0.1649275
  -2.7400000    0.1522550
  -2.7200000    0.1336154
  -2.7000000    0.1094248
  -2.6800000    0.0803947
  -2.6600000    0.0474922
  -2.6400000    0.0118876
  -2.6200000   -0.0251064
  -2.6000000   -0.0620998
  -2.5800000   -0.0976882
  -2.5600000   -0.1305144
  -2.5400000   -0.1593238
  -2.5200000   -0.1830144
  -2.5000000   -0.2006812
  -2.4800000   -0.2116539
  -2.4600000   -0.2155275
  -2.4400000   -0.2121836
  -2.4200000   -0.2018015
  -2.4000000   -0.1848566
  -2.3800000   -0.1621042
  -2.3600000   -0.1345484
  -2.3400000   -0.1033962
  -2.3200000   -0.0699983
  -2.3000000   -0.0357801
  -2.2800000   -0.0021684
  -2.2600000    0.0294838
  -2.2400000    0.0579661
  -2.2200000    0.0822694
  -2.2000000    0.1016311
  -2.1800000    0.1155621
  -2.1600000    0.1238567
  -2.1400000    0.1265839
  -2.1200000    0.1240632
  -2.1000000    0.1168272
  -2.0800000    0.1055755
  -2.0600000    0.0911235
  -2.0400000    0.0743499
  -2.0200000    0.0561469
  -2.0000000    0.0373759
  -1.9800000    0.0188293
  -1.9600000    0.0012024
  -1.9400000   -0.0149282
  -1.9200000   -0.0291156
  -1.9000000   -0.0410478
  -1.8800000   -0.0505454
  -1.8600000   -0.0575546
  -1.8400000   -0.0621362
  -1.8200000   -0.0644525
  -1.8000000   -0.0647519
  -1.7800000   -0.0633535
  -1.7600000   -0.0606300
  -1.7400000   -0.0569910
  -1.7200000   -0.0528659
  -1.7000000   -0.0486852
  -1.6800000   -0.0448629
  -1.6600000   -0.0417784
  -1.6400000   -0.0397591
  -1.6200000   -0.0390650
  -1.6000000   -0.0398754
  -1.5800000   -0.0422789
  -1.5600000   -0.0462673
  -1.5400000   -0.0517336
  -1.5200000   -0.0584737
  -1.5000000   -0.0661939
  -1.4800000   -0.0745211
  -1.4600000   -0.0830190
  -1.4400000   -0.0912075
  -1.4200000   -0.0985873
  -1.4000000   -0.1046676
  -1.3800000   -0.1089967
  -1.3600000   -0.1111941
  -1.3400000   -0.1109809
  -1.3200000   -0.1082079
  -1.3000000   -0.1028765
  -1.2800000   -0.0951515
  -1.2600000   -0.0853640
  -1.2400000   -0.0740020
  -1.2200000   -0.0616904
  -1.2000000   -0.0491606
  -1.1800000   -0.0372112
  -1.1600000   -0.0266635
  -1.1400000   -0.0183123
  -1.1200000   -0.0128769
  -1.1000000   -0.0109526
  -1.0800000   -0.0129668
  -1.0600000   -0.0191393
  -1.0400000   -0.0294519
  -1.0200000   -0.0436264
  -1.0000000   -0.0611144
  -0.9800000   -0.0811013
  -0.9600000   -0.1025243
  -0.9400000   -0.1241062
  -0.9200000   -0.1444029
  -0.9000000   -0.1618640
  -0.8800000   -0.1749003
  -0.8600000   -0.1819555
  -0.8400000   -0.1815748
  -0.8200000   -0.1724677
  -0.8000000   -0.1535590
  -0.7800000   -0.1240285
  -0.7600000   -0.0833399
  -0.7400000   -0.0312629
  -0.7200000    0.0321078
  -0.7000000    0.1063293
  -0.6800000    0.1905823
  -0.6600000    0.2836364
  -0.6400000    0.3838138
  -0.6200000    0.4889611
  -0.6000000    0.5964412
  -0.5800000    0.7031619
  -0.5600000    0.8056515
  -0.5400000    0.9001917
  -0.5200000    0.9830076
  -0.5000000    1.0505049
  -0.4800000    1.0995351
  -0.4600000    1.1276628
  -0.4400000    1.1334010
  -0.4200000    1.1163854
  -0.4000000    1.0774606
  -0.3800000    1.0186626
  -0.3600000    0.9430954
  -0.3400000    0.8547105
  -0.3200000    0.7580142
  -0.3000000    0.6577322
  -0.2800000    0.5584689
  -0.2600000    0.4643951
  -0.2400000    0.3789937
  -0.2200000    0.3048858
  -0.2000000    0.2437450
  -0.1800000    0.1963020
  -0.1600000    0.1624262
  -0.1400000    0.1412694
  -0.1200000    0.1314462
  -0.1000000    0.1312293
  -0.0800000    0.1387363
  -0.0600000    0.1520895
  -0.0400000    0.1695369
  -0.0200000    0.1895279
   0.0000000    0.2107455
   0.0200000    0.2321000
   0.0400000    0.2526966
   0.0600000    0.2717875
   0.0800000    0.2887224
   0.1000000    0.3029072
   0.1200000    0.3137782
   0.1400000    0.3207956
   0.1600000    0.3234563
   0.1800000    0.3213232
   0.2000000    0.3140643
   0.2200000    0.3014968
   0.2400000    0.2836289
   0.2600000    0.2606918
   0.2800000    0.2331595
   0.3000000    0.2017508
   0.3200000    0.1674120
   0.3400000    0.1312820
   0.3600000    0.0946386
   0.3800000    0.0588320
   0.4000000    0.0252088
   0.4200000   -0.0049681
   0.4400000   -0.0305963
   0.4600000   -0.0508025
   0.4800000   -0.0649968
   0.5000000   -0.0729088
   0.5200000   -0.0746022
   0.5400000   -0.0704689
   0.5600000   -0.0612018
   0.5800000   -0.0477500
   0.6000000   -0.0312608
   0.6200000   -0.0130121
   0.6400000    0.0056590
   0.6600000    0.0234280
   0.6800000    0.0390500
   0.7000000    0.0514202
   0.7200000    0.0596250
   0.7400000    0.0629819
   0.7600000    0.0610684
   0.7800000    0.0537387
   0.8000000    0.0411286
   0.8200000    0.0236497
   0.8400000    0.0019725
   0.8600000   -0.0229987
   0.8800000   -0.0501602
   0.9000000   -0.0782494
   0.9200000   -0.1058922
   0.9400000   -0.1316543
   0.9600000   -0.1540968
   0.9800000   -0.1718353
   1.0000000   -0.1835994
   1.0200000   -0.1882939
   1.0400000   -0.1850571
   1.0600000   -0.1733153
   1.0800000   -0.1528295
   1.1000000   -0.1237323
   1.1200000   -0.0865497
   1.1400000   -0.0422062
   1.1600000    0.0079905
   1.1800000    0.0623872
   1.2000000    0.1190451
   1.2200000    0.1758217
   1.2400000    0.2304712
   1.2600000    0.2807590
   1.2800000    0.3245830
   1.3000000    0.3600938
   1.3200000    0.3858039
   1.3400000    0.4006775
   1.3600000    0.4041925
   1.3800000    0.3963691
   1.4000000    0.3777616
   1.4200000    0.3494157
   1.4400000    0.3127936
   1.4600000    0.2696752
   1.4800000    0.2220438
   1.5000000    0.1719664
   1.5200000    0.1214769
   1.5400000    0.0724710
   1.5600000    0.0266188
   1.5800000   -0.0147032
   1.6000000   -0.0504557
   1.6200000   -0.0799589
   1.6400000   -0.1028928
   1.6600000   -0.1192773
   1.6800000   -0.1294357
   1.7000000   -0.1339438
   1.7200000   -0.1335688
   1.7400000   -0.1292018
   1.7600000   -0.1217895
   1.7800000   -0.1122705
   1.8000000   -0.1015190
   1.8200000   -0.0903028
   1.8400000   -0.0792545
   1.8600000   -0.0688596
   1.8800000   -0.0594567
   1.9000000   -0.0512486
   1.9200000   -0.0443198
   1.9400000   -0.0386546
   1.9600000   -0.0341545
   1.9800000   -0.0306508
   2.0000000   -0.0279134
   2.0200000   -0.0256562
   2.0400000   -0.0235427
   2.0600000   -0.0211950
   2.0800000   -0.0182076
   2.1000000   -0.0141691
   2.1200000   -0.0086914
   2.1400000   -0.0014440
   2.1600000    0.0078107
   2.1800000    0.0191837
   2.2000000    0.0326348
   2.2200000    0.0479584
   2.2400000    0.0647847
   2.2600000    0.0825963
   2.2800000    0.1007578
   2.3000000    0.1185578
   2.3200000    0.1352568
   2.3400000    0.1501365
   2.3600000    0.1625466
   2.3800000    0.1719441
   2.4000000    0.1779224
   2.4200000    0.1802291
   2.4400000    0.1787734
   2.4600000    0.1736224
   2.4800000    0.1649909
   2.5000000    0.1532249
   2.5200000    0.1387814
   2.5400000    0.1222070
   2.5600000    0.1041154
   2.5800000    0.0851638
   2.6000000    0.0660296
   2.6200000    0.0473868
   2.6400000    0.0298818
   2.6600000    0.0141090
   2.6800000    0.0005877
   2.7000000   -0.0102594
   2.7200000   -0.0181243
   2.7400000   -0.0228275
   2.7600000   -0.0243249
   2.7800000   -0.0227087
   2.8000000   -0.0182009
   2.8200000   -0.0111400
   2.8400000   -0.0019622
   2.8600000    0.0088213
   2.8800000    0.0206487
   2.9000000    0.0329325
   2.9200000    0.0450833
   2.9400000    0.0565302
   2.9600000    0.0667391
   2.9800000    0.0752286
   3.0000000    0.0815837
   3.0200000    0.0854681
   3.0400000    0.0866360
   3.0600000    0.0849433
   3.0800000    0.0803566
   3.1000000    0.0729603
   3.1200000    0.0629596
   3.1400000    0.0506773
   3.1600000    0.0365451
   3.1800000    0.0210871
   3.2000000    0.0048974
   3.2200000   -0.0113875
   3.2400000   -0.0271203
   3.2600000   -0.0416753
   3.2800000   -0.0544792
   3.3000000   -0.0650404
   3.3200000   -0.0729719
   3.3400000   -0.0780107
   3.3600000   -0.0800293
   3.3800000   -0.0790414
   3.4000000   -0.0752003
   3.4200000   -0.0687902
   3.4400000   -0.0602099
   3.4600000   -0.0499488
   3.4800000   -0.0385572
   3.5000000   -0.0266099
   3.5200000   -0.0146679
   3.5400000   -0.0032389
   3.5600000    0.0072584
   3.5800000    0.0165239
   3.6000000    0.0243949
   3.6200000    0.0308531
   3.6400000    0.0360181
   3.6600000    0.0401278
   3.6800000    0.0435074
   3.7000000    0.0465311
   3.7200000    0.0495787
   3.7400000    0.0529939
   3.7600000    0.0570464
   3.7800000    0.0619021
   3.8000000    0.0676047
   3.8200000    0.0740677
   3.8400000    0.0810797
   3.8600000    0.0883193
   3.8800000    0.0953792
   3.9000000    0.1017967
   3.9200000    0.1070877
   3.9400000    0.1107822
   3.9600000    0.1124582
   3.9800000    0.1117725
   4.0000000    0.1084864
   4.0200000    0.1024847
   4.0400000    0.0937873
   4.0600000    0.0825514
   4.0800000    0.0690660
   4.1000000    0.0537363
   4.1200000    0.0370612
   4.1400000    0.0196040
   4.1600000    0.0019590
   4.1800000   -0.0152838
   4.2000000   -0.0315720
   4.2200000   -0.0464208
   4.2400000   -0.0594363
   4.2600000   -0.0703303
   4.2800000   -0.0789277
   4.3000000   -0.0851637
   4.3200000   -0.0890746
   4.3400000   -0.0907819
   4.3600000   -0.0904728
   4.3800000   -0.0883787
   4.4000000   -0.0847548
   4.4200000   -0.0798620
   4.4400000   -0.0739527
   4.4600000   -0.0672617
   4.4800000   -0.0600019
   4.5000000   -0.0523647
   4.5200000   -0.0445230
   4.5400000   -0.0366363
   4.5600000   -0.0288553
   4.5800000   -0.0213246
   4.6000000   -0.0141825
   4.6200000   -0.0075576
   4.6400000   -0.0015626
   4.6600000    0.0037139
   4.6800000    0.0082150
   4.7000000    0.0119209
   4.7200000    0.0148505
   4.7400000    0.0170573
   4.7600000    0.0186200
   4.7800000    0.0196281
   4.8000000    0.0201638
   4.8200000    0.0202840
   4.8400000    0.0200038
   4.8600000    0.0192859
   4.8800000    0.0180370
   4.9000000    0.0161145
   4.9200000    0.0133420
   4.9400000    0.0095335
   4.9600000    0.0045237
   4.9800000   -0.0018004
   5.0000000   -0.0094700
   5.0200000   -0.0184126
   5.0400000   -0.0284409
   5.0600000   -0.0392548
   5.0800000   -0.0504579
   5.1000000   -0.0615851
   5.1200000   -0.0721396
   5.1400000   -0.0816328
   5.1600000   -0.0896223
   5.1800000   -0.0957430
   5.2000000   -0.0997273
   5.2200000   -0.1014128
   5.2400000   -0.1007386
   5.2600000   -0.0977309
   5.2800000   -0.0924845
   5.3000000   -0.0851407
   5.3200000   -0.0758693
   5.3400000   -0.0648550
   5.3600000   -0.0522903
   5.3800000   -0.0383756
   5.4000000   -0.0233240
   5.4200000   -0.0073706
   5.4400000    0.0092191
   5.4600000    0.0261403
   5.4800000    0.0430445
   5.5000000    0.0595386
   5.5200000    0.0751899
   5.5400000    0.0895356
   5.5600000    0.1020978
   5.5800000    0.1124025
   5.6000000    0.1200026
   5.6200000    0.1245026
   5.6400000    0.1255852
   5.6600000    0.1230354
   5.6800000    0.1167627
   5.7000000    0.1068176
   5.7200000    0.0934006
   5.7400000    0.0768631
   5.7600000    0.0576983
   5.7800000    0.0365226
   5.8000000    0.0140477
   5.8200000   -0.0089538
   5.8400000   -0.0316884
   5.8600000   -0.0533838
   5.8800000   -0.0733290
   5.9000000   -0.0909115
   5.9200000   -0.1056472
   5.9400000   -0.1172006
   5.9600000   -0.1253955
   5.9800000   -0.1302144
   6.0000000   -0.1317874
   6.0200000   -0.1303718
   6.0400000   -0.1263262
   6.0600000   -0.1200791
   6.0800000   -0.1120982
   6.1000000   -0.1028609
   6.1200000   -0.0928296
   6.1400000   -0.0824330
   6.1600000   -0.0720547
   6.1800000   -0.0620268
   6.2000000   -0.0526301
   6.2200000   -0.0440967
   6.2400000   -0.0366144
   6.2600000   -0.0303307
   6.2800000   -0.0253556
   6.3000000   -0.0217614
   6.3200000   -0.0195816
   6.3400000   -0.0188068
   6.3600000   -0.0193815
   6.3800000   -0.0212009
   6.4000000   -0.0241112
   6.4200000   -0.0279115
   6.4400000   -0.0323615
   6.4600000   -0.0371910
   6.4800000   -0.0421142
   6.5000000   -0.0468446
   6.5200000   -0.0511105
   6.5400000   -0.0546700
   6.5600000   -0.0573218
   6.5800000   -0.0589138
   6.6000000   -0.0593466
   6.6200000   -0.0585740
   6.6400000   -0.0566007
   6.6600000   -0.0534785
   6.6800000   -0.0493011
   6.7000000   -0.0442002
   6.7200000   -0.0383414
   6.7400000   -0.0319201
   6.7600000   -0.0251571
   6.7800000   -0.0182916
   6.8000000   -0.0115727
   6.8200000   -0.0052471
   6.8400000    0.0004556
   6.8600000    0.0053391
   6.8800000    0.0092572
   6.9000000    0.0121274
   6.9200000    0.0139410
   6.9400000    0.0147664
   6.9600000    0.0147459
   6.9800000    0.0140840
   7.0000000    0.0130301
   7.0200000    0.0118554
   7.0400000    0.0108282
   7.0600000    0.0101883
   7.0800000    0.0101255
   7.1000000    0.0107625
   7.1200000    0.0121451
   7.1400000    0.0142400
   7.1600000    0.0169408
   7.1800000    0.0200795
   7.2000000    0.0234443
   7.2200000    0.0267996
   7.2400000    0.0299067
   7.2600000    0.0325427
   7.2800000    0.0345164
   7.3000000    0.0356788
   7.3200000    0.0359293
   7.3400000    0.0352166
   7.3600000    0.0335359
   7.3800000    0.0309236
   7.4000000    0.0274507
   7.4200000    0.0232166
   7.4400000    0.0183438
   7.4600000    0.0129742
   7.4800000    0.0072666
   7.5000000    0.0013949
   7.5200000   -0.0044543
   7.5400000   -0.0100842
   7.5600000   -0.0152924
   7.5800000   -0.0198774
   7.6000000   -0.0236459
   7.6200000   -0.0264222
   7.6400000   -0.0280571
   7.6600000   -0.0284360
   7.6800000   -0.0274871
   7.7000000   -0.0251866
   7.7200000   -0.0215626
   7.7400000   -0.0166968
   7.7600000   -0.0107241
   7.7800000   -0.0038302
   7.8000000    0.0037535
   7.8200000    0.0117570
   7.8400000    0.0198817
   7.8600000    0.0278126
   7.8800000    0.0352337
   7.9000000    0.0418440
   7.9200000    0.0473754
   7.9400000    0.0516087
   7.9600000    0.0543886
   7.9800000    0.0556340
   8.0000000    0.0553443
   8.0200000    0.0535991
   8.0400000    0.0505533
   8.0600000    0.0464270
   8.0800000    0.0414907
   8.1000000    0.0360493
   8.1200000    0.0304247
   8.1400000    0.0249389
   8.1600000    0.0198994
   8.1800000    0.0155869
   8.2000000    0.0122457
   8.2200000    0.0100769
   8.2400000    0.0092335
   8.2600000    0.0098180
   8.2800000    0.0118802
   8.3000000    0.0154165
   8.3200000    0.0203694
   8.3400000    0.0266277
   8.3600000    0.0340266
   8.3800000    0.0423500
   8.4000000    0.0513333
   8.4200000    0.0606687
   8.4400000    0.0700131
   8.4600000    0.0789997
   8.4800000    0.0872526
   8.5000000    0.0944044
   8.5200000    0.1001169
   8.5400000    0.1041017
   8.5600000    0.1061410
   8.5800000    0.1061046
   8.6000000    0.1039625
   8.6200000    0.0997905
   8.6400000    0.0937685
   8.6600000    0.0861709
   8.6800000    0.0773497
   8.7000000    0.0677126
   8.7200000    0.0576973
   8.7400000    0.0477448
   8.7600000    0.0382748
   8.7800000    0.0296629
   8.8000000    0.0222243
   8.8200000    0.0162022
   8.8400000    0.0117614
   8.8600000    0.0089883
   8.8800000    0.0078940
   8.9000000    0.0084212
   8.9200000    0.0104525
   8.9400000    0.0138198
   8.9600000    0.0183136
   8.9800000    0.0236916
   9.0000000    0.0296873
   9.0200000    0.0360185
   9.0400000    0.0423959
   9.0600000    0.0485327
   9.0800000    0.0541551
   9.1000000    0.0590150
   9.1200000    0.0629016
   9.1400000    0.0656542
   9.1600000    0.0671727
   9.1800000    0.0674250
   9.2000000    0.0664497
   9.2200000    0.0643539
   9.2400000    0.0613042
   9.2600000    0.0575129
   9.2800000    0.0532188
   9.3000000    0.0486667
   9.3200000    0.0440855
   9.3400000    0.0396697
   9.3600000    0.0355649
   9.3800000    0.0318589
   9.4000000    0.0285799
   9.4200000    0.0257010
   9.4400000    0.0231489
   9.4600000    0.0208167
   9.4800000    0.0185769
   9.5000000    0.0162941
   9.5200000    0.0138353
   9.5400000    0.0110772
   9.5600000    0.0079111
   9.5800000    0.0042461
   9.6000000    0.0000116
   9.6200000   -0.0048400
   9.6400000   -0.0103291
   9.6600000   -0.0164423
   9.6800000   -0.0231260
   9.7000000   -0.0302793
   9.7200000   -0.0377486
   9.7400000   -0.0453261
   9.7600000   -0.0527524
   9.7800000   -0.0597260
   9.8000000   -0.0659182
   9.8200000   -0.0709927
   9.8400000   -0.0746296
   9.8600000   -0.0765507
   9.8800000   -0.0765427
   9.9000000   -0.0744786
   9.9200000   -0.0703318
   9.9400000   -0.0641843
   9.9600000   -0.0562263
   9.9800000   -0.0467482
  10.0000000   -0.0361256
  10.0200000   -0.0247981
  10.0400000   -0.0132445
  10.0600000   -0.0019556
  10.0800000    0.0085925
  10.1000000    0.0179630
  10.1200000    0.0257799
  10.1400000    0.0317428
  10.1600000    0.0356379
  10.1800000    0.0373415
  10.2000000    0.0368186
  10.2200000    0.0341176
  10.2400000    0.0293608
  10.2600000    0.0227343
  10.2800000    0.0144768
  10.3000000    0.0048697
  10.3200000   -0.0057725
  10.3400000   -0.0171093
  10.3600000   -0.0287814
  10.3800000   -0.0404169
  10.4000000   -0.0516390
  10.4200000   -0.0620735
  10.4400000   -0.0713598
  10.4600000   -0.0791623
  10.4800000   -0.0851849
  10.5000000   -0.0891852
  10.5200000   -0.0909906
  10.5400000   -0.0905122
  10.5600000   -0.0877571
  10.5800000   -0.0828371
  10.6000000   -0.0759728
  10.6200000   -0.0674916
  10.6400000   -0.0578201
  10.6600000   -0.0474687
  10.6800000   -0.0370103
  10.7000000   -0.0270536
  10.7200000   -0.0182109
  10.7400000   -0.0110646
  10.7600000   -0.0061314
  10.7800000   -0.0038296
  10.8000000   -0.0044495
  10.8200000   -0.0081298
  10.8400000   -0.0148419
  10.8600000   -0.0243827
  10.8800000   -0.0363773
  10.9000000   -0.0502921
  10.9200000   -0.0654566
  10.9400000   -0.0810951
  10.9600000   -0.0963653
  10.9800000   -0.1104031
  11.0000000   -0.1223711
  11.0200000   -0.1315080
  11.0400000   -0.1371762
  11.0600000   -0.1389039
  11.0800000   -0.1364200
  11.1000000   -0.1296765
  11.1200000   -0.1188591
  11.1400000   -0.1043824
  11.1600000   -0.0868703
  11.1800000   -0.0671228
  11.2000000   -0.0460700
  11.2200000   -0.0247182
  11.2400000   -0.0040903
  11.2600000    0.0148349
  11.2800000    0.0311793
  11.3000000    0.0442159
  11.3200000    0.0534073
  11.3400000    0.0584322
  11.3600000    0.0591963
  11.3800000    0.0558289
  11.4000000    0.0486648
  11.4200000    0.0382135
  11.4400000    0.0251182
  11.4600000    0.0101095
  11.4800000   -0.0060449
  11.5000000   -0.0225871
  11.5200000   -0.0388117
  11.5400000   -0.0540984
  11.5600000   -0.0679334
  11.5800000   -0.0799200
  11.6000000   -0.0897763
  11.6200000   -0.0973248
  11.6400000   -0.1024755
  11.6600000   -0.1052064
  11.6800000   -0.1055454
  11.7000000   -0.1035565
  11.7200000   -0.0993325
  11.7400000   -0.0929938
  11.7600000   -0.0846938
  11.7800000   -0.0746278
  11.8000000   -0.0630427
  11.8200000   -0.0502444
  11.8400000   -0.0365996
  11.8600000   -0.0225305
  11.8800000   -0.0085000
  11.9000000    0.0050103
  11.9200000    0.0175300
  11.9400000    0.0286331
  11.9600000    0.0379707
  11.9800000    0.0453013
  12.0000000    0.0505130
  12.0200000    0.0536346
  12.0400000    0.0548359
  12.0600000    0.0544135
  12.0800000    0.0527659
  12.1000000    0.0503578
  12.1200000    0.0476795
  12.1400000    0.0452022
  12.1600000    0.0433364
  12.1800000    0.0423953
  12.2000000    0.0425666
  12.2200000    0.0438968
  12.2400000    0.0462857
  12.2600000    0.0494955
  12.2800000    0.0531694
  12.3000000    0.0568607
  12.3200000    0.0600689
  12.3400000    0.0622795
  12.3600000    0.0630042
  12.3800000    0.0618195
  12.4000000    0.0583990
  12.4200000    0.0525389
  12.4400000    0.0441733
  12.4600000    0.0333798
  12.4800000    0.0203747
  12.5000000    0.0054990
  12.5200000   -0.0108035
  12.5400000   -0.0280139
  12.5600000   -0.0455688
  12.5800000   -0.0628918
  12.6000000   -0.0794235
  12.6200000   -0.0946476
  12.6400000   -0.1081116
  12.6600000   -0.1194419
  12.6800000   -0.1283517
  12.7000000   -0.1346435
  12.7200000   -0.1382063
  12.7400000   -0.1390088
  12.7600000   -0.1370910
  12.7800000   -0.1325551
  12.8000000   -0.1255571
  12.8200000   -0.1163003
  12.8400000   -0.1050306
  12.8600000   -0.0920334
  12.8800000   -0.0776317
  12.9000000   -0.0621834
  12.9200000   -0.0460779
  12.9400000   -0.0297295
  12.9600000   -0.0135670
  12.9800000    0.0019794
  13.0000000    0.0164952
  13.0200000    0.0296019
  13.0400000    0.0409775
  13.0600000    0.0503764
  13.0800000    0.0576475
  13.1000000    0.0627461
  13.1200000    0.0657404
  13.1400000    0.0668100
  13.1600000    0.0662357
  13.1800000    0.0643815
  13.2000000    0.0616702
  13.2200000    0.0585526
  13.2400000    0.0554752
  13.2600000    0.0528472
  13.2800000    0.0510098
  13.3000000    0.0502114
  13.3200000    0.0505895
  13.3400000    0.0521612
  13.3600000    0.0548225
  13.3800000    0.0583576
  13.4000000    0.0624556
  13.4200000    0.0667338
  13.4400000    0.0707669
  13.4600000    0.0741185
  13.4800000    0.0763732
  13.5000000    0.0771677
  13.5200000    0.0762186
  13.5400000    0.0733451
  13.5600000    0.0684854
  13.5800000    0.0617059
  13.6000000    0.0532022
  13.6200000    0.0432923
  13.6400000    0.0324008
  13.6600000    0.0210358
  13.6800000    0.0097599
  13.7000000   -0.0008454
  13.7200000   -0.0102168
  13.7400000   -0.0178482
  13.7600000   -0.0233261
  13.7800000   -0.0263611
  13.8000000   -0.0268103
  13.8200000   -0.0246911
  13.8400000   -0.0201821
  13.8600000   -0.0136138
  13.8800000   -0.0054483
  13.9000000    0.0037505
  13.9200000    0.0133519
  13.9400000    0.0226971
  13.9600000    0.0311382
  13.9800000    0.0380737
  14.0000000    0.0429812
  14.0200000    0.0454425
  14.0400000    0.0451640
  14.0600000    0.0419895
  14.0800000    0.0359078
  14.1000000    0.0270534
  14.1200000    0.0157016
  14.1400000    0.0022566
  14.1600000   -0.0127667
  14.1800000   -0.0287676
  14.2000000   -0.0450918
  14.2200000   -0.0610678
  14.2400000   -0.0760471
  14.2600000   -0.0894445
  14.2800000   -0.1007747
  14.3000000   -0.1096825
  14.3200000   -0.1159617
  14.3400000   -0.1195618
  14.3600000   -0.1205815
  14.3800000   -0.1192488
  14.4000000   -0.1158908
  14.4200000   -0.1108970
  14.4400000   -0.1046799
  14.4600000   -0.0976381
  14.4800000   -0.0901247
  14.5000000   -0.0824254
  14.5200000   -0.0747468
  14.5400000   -0.0672141
  14.5600000   -0.0598794
  14.5800000   -0.0527363
  14.6000000   -0.0457389
  14.6200000   -0.0388233
  14.6400000   -0.0319281
  14.6600000   -0.0250125
  14.6800000   -0.0180707
  14.7000000   -0.0111407
  14.7200000   -0.0043076
  14.7400000    0.0022991
  14.7600000    0.0085148
  14.7800000    0.0141529
  14.8000000    0.0190238
  14.8200000    0.0229543
  14.8400000    0.0258083
  14.8600000    0.0275047
  14.8800000    0.0280313
  14.9000000    0.0274520
  14.9200000    0.0259072
  14.9400000    0.0236065
  14.9600000    0.0208154
  14.9800000    0.0178359
  15.0000000    0.0149842
  15.0200000    0.0125672
  15.0400000    0.0108591
  15.0600000    0.0100807
  15.0800000    0.0103813
  15.1000000    0.0118261
  15.1200000    0.0143879
  15.1400000    0.0179448
  15.1600000    0.0222840
  15.1800000    0.0271116
  15.2000000    0.0320696
  15.2200000    0.0367571
  15.2400000    0.0407577
  15.2600000    0.0436681
  15.2800000    0.0451289
  15.3000000    0.0448518
  15.3200000    0.0426443
  15.3400000    0.0384258
  15.3600000    0.0322370
  15.3800000    0.0242396
  15.4000000    0.0147074
  15.4200000    0.0040100
  15.4400000   -0.0074105
  15.4600000   -0.0190668
  15.4800000   -0.0304557
  15.5000000   -0.0410878
  15.5200000   -0.0505154
  15.5400000   -0.0583573
  15.5600000   -0.0643181
  15.5800000   -0.0682017
  15.6000000   -0.0699183
  15.6200000   -0.0694828
  15.6400000   -0.0670074
  15.6600000   -0.0626866
  15.6800000   -0.0567776
  15.7000000   -0.0495786
  15.7200000   -0.0414058
  15.7400000   -0.0325735
  15.7600000   -0.0233790
  15.7800000   -0.0140925
  15.8000000   -0.0049542
  15.8200000    0.0038233
  15.8400000    0.0120491
  15.8600000    0.0195462
  15.8800000    0.0261443
  15.9000000    0.0316760
  15.9200000    0.0359768
  15.9400000    0.0388902
  15.9600000    0.0402756
  15.9800000    0.0400194
  16.0000000    0.0380471
  16.0200000    0.0343329
  16.0400000    0.0289075
  16.0600000    0.0218622
  16.0800000    0.0133484
  16.1000000    0.0035733
  16.1200000   -0.0072069
  16.1400000   -0.0186962
  16.1600000   -0.0305696
  16.1800000   -0.0424841
  16.2000000   -0.0540894
  16.2200000   -0.0650390
  16.2400000   -0.0750011
  16.2600000   -0.0836694
  16.2800000   -0.0907738
  16.3000000   -0.0960912
  16.3200000   -0.0994557
  16.3400000   -0.1007673
  16.3600000   -0.0999992
  16.3800000   -0.0972008
  16.4000000   -0.0924989
  16.4200000   -0.0860926
  16.4400000   -0.0782452
  16.4600000   -0.0692708
  16.4800000   -0.0595178
  16.5000000   -0.0493496
  16.5200000   -0.0391227
  16.5400000   -0.0291662
  16.5600000   -0.0197618
  16.5800000   -0.0111271
  16.6000000   -0.0034041
  16.6200000    0.0033474
  16.6400000    0.0091487
  16.6600000    0.0140946
  16.6800000    0.0183396
  16.7000000    0.0220781
  16.7200000    0.0255223
  16.7400000    0.0288786
  16.7600000    0.0323263
  16.7800000    0.0360004
  16.8000000    0.0399807
  16.8200000    0.0442882
  16.8400000    0.0488891
  16.8600000    0.0537045
  16.8800000    0.0586252
  16.9000000    0.0635283
  16.9200000    0.0682930
  16.9400000    0.0728135
  16.9600000    0.0770075
  16.9800000    0.0808188
  17.0000000    0.0842147
  17.0200000    0.0871793
  17.0400000    0.0897033
  17.0600000    0.0917740
  17.0800000    0.0933657
  17.1000000    0.0944326
  17.1200000    0.0949054
  17.1400000    0.0946916
  17.1600000    0.0936789
  17.1800000    0.0917419
  17.2000000    0.0887507
  17.2200000    0.0845814
  17.2400000    0.0791257
  17.2600000    0.0723028
  17.2800000    0.0640686
  17.3000000    0.0544257
  17.3200000    0.0434308
  17.3400000    0.0311998
  17.3600000    0.0179109
  17.3800000    0.0038021
  17.4000000   -0.0108342
  17.4200000   -0.0256618
  17.4400000   -0.0403152
  17.4600000   -0.0544173
  17.4800000   -0.0675985
  17.5000000   -0.0795167
  17.5200000   -0.0898746
  17.5400000   -0.0984342
  17.5600000   -0.1050269
  17.5800000   -0.1095576
  17.6000000   -0.1120049
  17.6200000   -0.1124158
  17.6400000   -0.1108971
  17.6600000   -0.1076052
  17.6800000   -0.1027343
  17.7000000   -0.0965054
  17.7200000   -0.0891565
  17.7400000   -0.0809337
  17.7600000   -0.0720845
  17.7800000   -0.0628515
  17.8000000   -0.0534679
  17.8200000   -0.0441514
  17.8400000   -0.0350995
  17.8600000   -0.0264844
  17.8800000   -0.0184476
  17.9000000   -0.0110965
  17.9200000   -0.0045024
  17.9400000    0.0012980
  17.9600000    0.0062988
  17.9800000    0.0105166
  18.0000000    0.0139795
  18.0200000    0.0167153
  18.0400000    0.0187379
  18.0600000    0.0200375
  18.0800000    0.0205730
  18.1000000    0.0202709
  18.1200000    0.0190297
  18.1400000    0.0167313
  18.1600000    0.0132573
  18.1800000    0.0085086
  18.2000000    0.0024268
  18.2200000   -0.0049866
  18.2400000   -0.0136555
  18.2600000   -0.0234205
  18.2800000   -0.0340390
  18.3000000   -0.0451927
  18.3200000   -0.0565039
  18.3400000   -0.0675569
  18.3600000   -0.0779242
  18.3800000   -0.0871936
  18.4000000   -0.0949939
  18.4200000   -0.1010164
  18.4400000   -0.1050316
  18.4600000   -0.1068988
  18.4800000   -0.1065682
  18.5000000   -0.1040776
  18.5200000   -0.0995430
  18.5400000   -0.0931462
  18.5600000   -0.0851204
  18.5800000   -0.0757360
  18.6000000   -0.0652876
  18.6200000   -0.0540838
  18.6400000   -0.0424391
  18.6600000   -0.0306681
  18.6800000   -0.0190810
  18.7000000   -0.0079795
  18.7200000    0.0023497
  18.7400000    0.0116422
  18.7600000    0.0196663
  18.7800000    0.0262361
  18.8000000    0.0312254
  18.8200000    0.0345812
  18.8400000    0.0363359
  18.8600000    0.0366142
  18.8800000    0.0356345
  18.9000000    0.0337029
  18.9200000    0.0311995
  18.9400000    0.0285565
  18.9600000    0.0262307
  18.9800000    0.0246715
  19.0000000    0.0242868
  19.0200000    0.0254110
  19.0400000    0.0282773
  19.0600000    0.0329967
  19.0800000    0.0395475
  19.1000000    0.0477749
  19.1200000    0.0574019
  19.1400000    0.0680510
  19.1600000    0.0792738
  19.1800000    0.0905864
  19.2000000    0.1015068
  19.2200000    0.1115902
  19.2400000    0.1204589
  19.2600000    0.1278244
  19.2800000    0.1334981
  19.3000000    0.1373916
  19.3200000    0.1395070
  19.3400000    0.1399187
  19.3600000    0.1387503
  19.3800000    0.1361509
  19.4000000    0.1322738
  19.4200000    0.1272612
  19.4400000    0.1212377
  19.4600000    0.1143114
  19.4800000    0.1065835
  19.5000000    0.0981636
  19.5200000    0.0891852
  19.5400000    0.0798203
  19.5600000    0.0702865
  19.5800000    0.0608462
  19.6000000    0.0517948
  19.6200000    0.0434409
  19.6400000    0.0360786
  19.6600000    0.0299582
  19.6800000    0.0252582
  19.7000000    0.0220648
  19.7200000    0.0203611
  19.7400000    0.0200279
  19.7600000    0.0208574
  19.7800000    0.0225766
  19.8000000    0.0248769
  19.8200000    0.0274473
  19.8400000    0.0300048
  19.8600000    0.0323199
  19.8800000    0.0342345
  19.9000000    0.0356703
  19.9200000    0.0366287
  19.9400000    0.0371826
  19.9600000    0.0374629
  19.9800000    0.0376409
  20.0000000    0.0379084
  20.0200000    0.0384595
  20.0400000    0.0394720
  20.0600000    0.0410928
  20.0800000    0.0434262
  20.1000000    0.0465268
  20.1200000    0.0503959
  20.1400000    0.0549839
  20.1600000    0.0601950
  20.1800000    0.0658971
  20.2000000    0.0719326
  20.2200000    0.0781313
  20.2400000    0.0843220
  20.2600000    0.0903434
  20.2800000    0.0960517
  20.3000000    0.1013256
  20.3200000    0.1060686
  20.3400000    0.1102082
  20.3600000    0.1136940
  20.3800000    0.1164944
  20.4000000    0.1185928
  20.4200000    0.1199846
  20.4400000    0.1206741
  20.4600000    0.1206721
  20.4800000    0.1199930
  20.5000000    0.1186536
  20.5200000    0.1166705
  20.5400000    0.1140592
  20.5600000    0.1108327
  20.5800000    0.1070022
  20.6000000    0.1025778
  20.6200000    0.0975718
  20.6400000    0.0920027
  20.6600000    0.0859002
  20.6800000    0.0793111
  20.7000000    0.0723038
  20.7200000    0.0649722
  20.7400000    0.0574368
  20.7600000    0.0498433
  20.7800000    0.0423571
  20.8000000    0.0351554
  20.8200000    0.0284159
  20.8400000    0.0223046
  20.8600000    0.0169627
  20.8800000    0.0124938
  20.9000000    0.0089545
  20.9200000    0.0063476
  20.9400000    0.0046189
  20.9600000    0.0036593
  20.9800000    0.0033112
  21.0000000    0.0033782
  21.0200000    0.0036397
  21.0400000    0.0038666
  21.0600000    0.0038393
  21.0800000    0.0033657
  21.1000000    0.0022976
  21.1200000    0.0005440
  21.1400000   -0.0019190
  21.1600000   -0.0050456
  21.1800000   -0.0087223
  21.2000000   -0.0127786
  21.2200000   -0.0170031
  21.2400000   -0.0211656
  21.2600000   -0.0250423
  21.2800000   -0.0284422
  21.3000000   -0.0312320
  21.3200000   -0.0333552
  21.3400000   -0.0348449
  21.3600000   -0.0358262
  21.3800000   -0.0365091
  21.4000000   -0.0371710
  21.4200000   -0.0381306
  21.4400000   -0.0397158
  21.4600000   -0.0422299
  21.4800000   -0.0459172
  21.5000000   -0.0509357
  21.5200000   -0.0573362
  21.5400000   -0.0650527
  21.5600000   -0.0739034
  21.5800000   -0.0836028
  21.6000000   -0.0937829
  21.6200000   -0.1040208
  21.6400000   -0.1138699
  21.6600000   -0.1228908
  21.6800000   -0.1306804
  21.7000000   -0.1368948
  21.7200000   -0.1412675
  21.7400000   -0.1436203
  21.7600000   -0.1438679
  21.7800000   -0.1420176
  21.8000000   -0.1381640
  21.8200000   -0.1324809
  21.8400000   -0.1252098
  21.8600000   -0.1166465
  21.8800000   -0.1071253
  21.9000000   -0.0970022
  21.9200000   -0.0866361
  21.9400000   -0.0763693
  21.9600000   -0.0665091
  21.9800000   -0.0573105
  22.0000000   -0.0489623
  22.0200000   -0.0415777
  22.0400000   -0.0351918
  22.0600000   -0.0297643
  22.0800000   -0.0251901
  22.1000000   -0.0213155
  22.1200000   -0.0179585
  22.1400000   -0.0149312
  22.1600000   -0.0120632
  22.1800000   -0.0092202
  22.2000000   -0.0063186
  22.2200000   -0.0033325
  22.2400000   -0.0002926
  22.2600000    0.0027231
  22.2800000    0.0056047
  22.3000000    0.0082312
  22.3200000    0.0104918
  22.3400000    0.0123065
  22.3600000    0.0136402
  22.3800000    0.0145106
  22.4000000    0.0149866
  22.4200000    0.0151777
  22.4400000    0.0152168
  22.4600000    0.0152392
  22.4800000    0.0153598
  22.5000000    0.0156559
  22.5200000    0.0161548
  22.5400000    0.0168322
  22.5600000    0.0176191
  22.5800000    0.0184177
  22.6000000    0.0191217
  22.6200000    0.0196396
  22.6400000    0.0199142
  22.6600000    0.0199362
  22.6800000    0.0197489
  22.7000000    0.0194434
  22.7200000    0.0191442
  22.7400000    0.0189889
  22.7600000    0.0191041
  22.7800000    0.0195829
  22.8000000    0.0204650
  22.8200000    0.0217249
  22.8400000    0.0232673
  22.8600000    0.0249313
  22.8800000    0.0265019
  22.9000000    0.0277271
  22.9200000    0.0283391
  22.9400000    0.0280767
  22.9600000    0.0267070
  22.9800000    0.0240447
  23.0000000    0.0199682
  23.0200000    0.0144298
  23.0400000    0.0074610
  23.0600000   -0.0008283
  23.0800000   -0.0102564
  23.1000000   -0.0205817
  23.1200000   -0.0315183
  23.1400000   -0.0427543
  23.1600000   -0.0539704
  23.1800000   -0.0648577
  23.2000000   -0.0751319
  23.2200000   -0.0845439
  23.2400000   -0.0928849
  23.2600000   -0.0999871
  23.2800000   -0.1057195
  23.3000000   -0.1099813
  23.3200000   -0.1126934
  23.3400000   -0.1137901
  23.3600000   -0.1132130
  23.3800000   -0.1109076
  23.4000000   -0.1068247
  23.4200000   -0.1009260
  23.4400000   -0.0931937
  23.4600000   -0.0836432
  23.4800000   -0.0723374
  23.5000000   -0.0594000
  23.5200000   -0.0450261
  23.5400000   -0.0294871
  23.5600000   -0.0131307
  23.5800000    0.0036270
  23.6000000    0.0203160
  23.6200000    0.0364307
  23.6400000    0.0514530
  23.6600000    0.0648755
  23.6800000    0.0762244
  23.7000000    0.0850803
  23.7200000    0.0910961
  23.7400000    0.0940131
  23.7600000    0.0936745
  23.7800000    0.0900378
  23.8000000    0.0831849
  23.8200000    0.0733305
  23.8400000    0.0608258
  23.8600000    0.0461560
  23.8800000    0.0299284
  23.9000000    0.0128503
  23.9200000   -0.0043046
  23.9400000   -0.0207408
  23.9600000   -0.0356918
  23.9800000   -0.0484743
  24.0000000   -0.0585397
  24.0200000   -0.0655157
  24.0400000   -0.0692348
  24.0600000   -0.0697445
  24.0800000   -0.0672985
  24.1000000   -0.0623293
  24.1200000   -0.0554068
  24.1400000   -0.0471854
  24.1600000   -0.0383479
  24.1800000   -0.0295506
  24.2000000   -0.0213757
  24.2200000   -0.0142941
  24.2400000   -0.0086414
  24.2600000   -0.0046084
  24.2800000   -0.0022430
  24.3000000   -0.0014635
  24.3200000   -0.0020802
  24.3400000   -0.0038206
  24.3600000   -0.0063580
  24.3800000   -0.0093386
  24.4000000   -0.0124077
  24.4200000   -0.0152313
  24.4400000   -0.0175152
  24.4600000   -0.0190183
  24.4800000   -0.0195634
  24.5000000   -0.0190434
  24.5200000   -0.0174238
  24.5400000   -0.0147427
  24.5600000   -0.0111075
  24.5800000   -0.0066893
  24.6000000   -0.0017150
  24.6200000    0.0035428
  24.6400000    0.0087777
  24.6600000    0.0136629
  24.6800000    0.0178656
  24.7000000    0.0210628
  24.7200000    0.0229566
  24.7400000    0.0232897
  24.7600000    0.0218599
  24.7800000    0.0185331
  24.8000000    0.0132537
  24.8200000    0.0060526
  24.8400000   -0.0029487
  24.8600000   -0.0135375
  24.8800000   -0.0254142
  24.9000000   -0.0382004
  24.9200000   -0.0514526
  24.9400000   -0.0646798
  24.9600000   -0.0773644
  24.9800000   -0.0889875
  25.0000000   -0.0990550
  25.0200000   -0.1071249
  25.0400000   -0.1128320
  25.0600000   -0.1159105
  25.0800000   -0.1162102
  25.1000000   -0.1137061
  25.1200000   -0.1084998
  25.1400000   -0.1008127
  25.1600000   -0.0909699
  25.1800000   -0.0793786
  25.2000000   -0.0665007
  25.2200000   -0.0528227
  25.2400000   -0.0388269
  25.2600000   -0.0249642
  25.2800000   -0.0116330
  25.3000000    0.0008362
  25.3200000    0.0121888
  25.3400000    0.0222474
  25.3600000    0.0309077
  25.3800000    0.0381297
  25.4000000    0.0439269
  25.4200000    0.0483551
  25.4400000    0.0515014
  25.4600000    0.0534748
  25.4800000    0.0543998
  25.5000000    0.0544108
  25.5200000    0.0536485
  25.5400000    0.0522581
  25.5600000    0.0503871
  25.5800000    0.0481844
  25.6000000    0.0457990
  25.6200000    0.0433786
  25.6400000    0.0410686
  25.6600000    0.0390108
  25.6800000    0.0373409
  25.7000000    0.0361866
  25.7200000    0.0356628
  25.7400000    0.0358665
  25.7600000    0.0368697
  25.7800000    0.0387111
  25.8000000    0.0413878
  25.8200000    0.0448467
  25.8400000    0.0489794
  25.8600000    0.0536200
  25.8800000    0.0585482
  25.9000000    0.0634979
  25.9200000    0.0681715
  25.9400000    0.0722595
  25.9600000    0.0754628
  25.9800000    0.0775167
  26.0000000    0.0782131
  26.0200000    0.0774191
  26.0400000    0.0750895
  26.0600000    0.0712722
  26.0800000    0.0661065
  26.1000000    0.0598130
  26.1200000    0.0526788
  26.1400000    0.0450376
  26.1600000    0.0372476
  26.1800000    0.0296691
  26.2000000    0.0226429
  26.2200000    0.0164718
  26.2400000    0.0114050
  26.2600000    0.0076266
  26.2800000    0.0052486
  26.3000000    0.0043081
  26.3200000    0.0047689
  26.3400000    0.0065271
  26.3600000    0.0094198
  26.3800000    0.0132361
  26.4000000    0.0177302
  26.4200000    0.0226345
  26.4400000    0.0276726
  26.4600000    0.0325708
  26.4800000    0.0370695
  26.5000000    0.0409320
  26.5200000    0.0439541
  26.5400000    0.0459724
  26.5600000    0.0468723
  26.5800000    0.0465963
  26.6000000    0.0451498
  26.6200000    0.0426053
  26.6400000    0.0391027
  26.6600000    0.0348450
  26.6800000    0.0300883
  26.7000000    0.0251281
  26.7200000    0.0202807
  26.7400000    0.0158635
  26.7600000    0.0121748
  26.7800000    0.0094760
  26.8000000    0.0079776
  26.8200000    0.0078296
  26.8400000    0.0091167
  26.8600000    0.0118582
  26.8800000    0.0160099
  26.9000000    0.0214696
  26.9200000    0.0280816
  26.9400000    0.0356429
  26.9600000    0.0439092
  26.9800000    0.0526007
  27.0000000    0.0614096
  27.0200000    0.0700090
  27.0400000    0.0780641
  27.0600000    0.0852454
  27.0800000    0.0912441
  27.1000000    0.0957884
  27.1200000    0.0986597
  27.1400000    0.0997078
  27.1600000    0.0988616
  27.1800000    0.0961372
  27.2000000    0.0916387
  27.2200000    0.0855542
  27.2400000    0.0781454
  27.2600000    0.0697313
  27.2800000    0.0606682
  27.3000000    0.0513274
  27.3200000    0.0420717
  27.3400000    0.0332342
  27.3600000    0.0251001
  27.3800000    0.0178942
  27.4000000    0.0117737
  27.4200000    0.0068276
  27.4400000    0.0030819
  27.4600000    0.0005084
  27.4800000   -0.0009624
  27.5000000   -0.0014282
  27.5200000   -0.0010019
  27.5400000    0.0001986
  27.5600000    0.0020585
  27.5800000    0.0044697
  27.6000000    0.0073310
  27.6200000    0.0105456
  27.6400000    0.0140154
  27.6600000    0.0176347
  27.6800000    0.0212832
  27.7000000    0.0248203
  27.7200000    0.0280808
  27.7400000    0.0308738
  27.7600000    0.0329851
  27.7800000    0.0341838
  27.8000000    0.0342322
  27.8200000    0.0329008
  27.8400000    0.0299850
  27.8600000    0.0253251
  27.8800000    0.0188251
  27.9000000    0.0104709
  27.9200000    0.0003440
  27.9400000   -0.0113713
  27.9600000   -0.0243869
  27.9800000   -0.0383195
  28.0000000   -0.0527067
  28.0200000   -0.0670316
  28.0400000   -0.0807510
  28.0600000   -0.0933279
  28.0800000   -0.1042626
  28.1000000   -0.1131211
  28.1200000   -0.1195578
  28.1400000   -0.1233307
  28.1600000   -0.1243086
  28.1800000   -0.1224715
  28.2000000   -0.1179034
  28.2200000   -0.1107805
  28.2400000   -0.1013567
  28.2600000   -0.0899468
  28.2800000   -0.0769102
  28.3000000   -0.0626356
  28.3200000   -0.0475264
  28.3400000   -0.0319891
  28.3600000   -0.0164220
  28.3800000   -0.0012069
  28.4000000    0.0132989
  28.4200000    0.0267685
  28.4400000    0.0389102
  28.4600000    0.0494713
  28.4800000    0.0582406
  28.5000000    0.0650505
  28.5200000    0.0697786
  28.5400000    0.0723494
  28.5600000    0.0727371
  28.5800000    0.0709681
  28.6000000    0.0671246
  28.6200000    0.0613475
  28.6400000    0.0538386
  28.6600000    0.0448604
  28.6800000    0.0347316
  28.7000000    0.0238202
  28.7200000    0.0125303
  28.7400000    0.0012858
  28.7600000   -0.0094883
  28.7800000   -0.0193861
  28.8000000   -0.0280403
  28.8200000   -0.0351374
  28.8400000   -0.0404301
  28.8600000   -0.0437434
  28.8800000   -0.0449766
  28.9000000   -0.0441016
  28.9200000   -0.0411586
  28.9400000   -0.0362518
  28.9600000   -0.0295454
  28.9800000   -0.0212610
  29.0000000   -0.0116754
  29.0200000   -0.0011169
  29.0400000    0.0100401
  29.0600000    0.0213859
  29.0800000    0.0324916
  29.1000000    0.0429318
  29.1200000    0.0523104
  29.1400000    0.0602897
  29.1600000    0.0666165
  29.1800000    0.0711420
  29.2000000    0.0738333
  29.2200000    0.0747716
  29.2400000    0.0741385
  29.2600000    0.0721913
  29.2800000    0.0692298
  29.3000000    0.0655602
  29.3200000    0.0614603
  29.3400000    0.0571513
  29.3600000    0.0527797
  29.3800000    0.0484117
  29.4000000    0.0440392
  29.4200000    0.0395972
  29.4400000    0.0349884
  29.4600000    0.0301105
  29.4800000    0.0248836
  29.5000000    0.0192734
  29.5200000    0.0133059
  29.5400000    0.0070759
  29.5600000    0.0007450
  29.5800000   -0.0054666
  29.6000000   -0.0112955
  29.6200000   -0.0164535
  29.6400000   -0.0206489
  29.6600000   -0.0236076
  29.6800000   -0.0250932
  29.7000000   -0.0249254
  29.7200000   -0.0229940
  29.7400000   -0.0192708
  29.7600000   -0.0138158
  29.7800000   -0.0067789
  29.8000000    0.0016035
  29.8200000    0.0110174
  29.8400000    0.0210854
  29.8600000    0.0313851
  29.8800000    0.0414715
  29.9000000    0.0509007
  29.9200000    0.0592540
  29.9400000    0.0661609
  29.9600000    0.0713182
  29.9800000    0.0745043
  30.0000000    0.0755884
