 -10.0000000   -0.0481349
  -9.9800000   -0.0562129
  -9.9600000   -0.0632971
  -9.9400000   -0.0692118
  -9.9200000   -0.0738201
  -9.9000000   -0.0770340
  -9.8800000   -0.0788209
  -9.8600000   -0.0792058
  -9.8400000   -0.0782693
  -9.8200000   -0.0761407
  -9.8000000   -0.0729884
  -9.7800000   -0.0690069
  -9.7600000   -0.0644025
  -9.7400000   -0.0593788
  -9.7200000   -0.0541231
  -9.7000000   -0.0487950
  -9.6800000   -0.0435178
  -9.6600000   -0.0383747
  -9.6400000   -0.0334080
  -9.6200000   -0.0286240
  -9.6000000   -0.0239996
  -9.5800000   -0.0194933
  -9.5600000   -0.0150560
  -9.5400000   -0.0106418
  -9.5200000   -0.0062171
  -9.5000000   -0.0017664
  -9.4800000    0.0027049
  -9.4600000    0.0071725
  -9.4400000    0.0115970
  -9.4200000    0.0159307
  -9.4000000    0.0201254
  -9.3800000    0.0241394
  -9.3600000    0.0279433
  -9.3400000    0.0315238
  -9.3200000    0.0348849
  -9.3000000    0.0380462
  -9.2800000    0.0410399
  -9.2600000    0.0439056
  -9.2400000    0.0466849
  -9.2200000    0.0494154
  -9.2000000    0.0521263
  -9.1800000    0.0548343
  -9.1600000    0.0575413
  -9.1400000    0.0602337
  -9.1200000    0.0628832
  -9.1000000    0.0654489
  -9.0800000    0.0678795
  -9.0600000    0.0701172
  -9.0400000    0.0720995
  -9.0200000    0.0737623
  -9.0000000    0.0750410
  -8.9800000    0.0758711
  -8.9600000    0.0761888
  -8.9400000    0.0759312
  -8.9200000    0.0750369
  -8.9000000    0.0734478
  -8.8800000    0.0711120
  -8.8600000    0.0679876
  -8.8400000    0.0640474
  -8.8200000    0.0592836
  -8.8000000    0.0537113
  -8.7800000    0.0473716
  -8.7600000    0.0403322
  -8.7400000    0.0326861
  -8.7200000    0.0245493
  -8.7000000    0.0160564
  -8.6800000    0.0073568
  -8.6600000   -0.0013899
  -8.6400000   -0.0100178
  -8.6200000   -0.0183581
  -8.6000000   -0.0262421
  -8.5800000   -0.0335048
  -8.5600000   -0.0399894
  -8.5400000   -0.0455524
  -8.5200000   -0.0500698
  -8.5000000   -0.0534452
  -8.4800000   -0.0556160
  -8.4600000   -0.0565601
  -8.4400000   -0.0562991
  -8.4200000   -0.0548992
  -8.4000000   -0.0524675
  -8.3800000   -0.0491445
  -8.3600000   -0.0450944
  -8.3400000   -0.0404914
  -8.3200000   -0.0355075
  -8.3000000   -0.0303005
  -8.2800000   -0.0250044
  -8.2600000   -0.0197250
  -8.2400000   -0.0145393
  -8.2200000   -0.0094996
  -8.2000000   -0.0046418
  -8.1800000    0.0000046
  -8.1600000    0.0044056
  -8.1400000    0.0085134
  -8.1200000    0.0122612
  -8.1000000    0.0155616
  -8.0800000    0.0183115
  -8.0600000    0.0204013
  -8.0400000    0.0217279
  -8.0200000    0.0222098
  -8.0000000    0.0218007
  -7.9800000    0.0205002
  -7.9600000    0.0183581
  -7.9400000    0.0154732
  -7.9200000    0.0119829
  -7.9000000    0.0080485
  -7.8800000    0.0038351
  -7.8600000   -0.0005091
  -7.8400000   -0.0048712
  -7.8200000   -0.0091870
  -7.8000000   -0.0134458
  -7.7800000   -0.0176876
  -7.7600000   -0.0219899
  -7.7400000   -0.0264488
  -7.7200000   -0.0311545
  -7.7000000   -0.0361671
  -7.6800000   -0.0414952
  -7.6600000   -0.0470806
  -7.6400000   -0.0527929
  -7.6200000   -0.0584331
  -7.6000000   -0.0637474
  -7.5800000   -0.0684490
  -7.5600000   -0.0722447
  -7.5400000   -0.0748629
  -7.5200000   -0.0760800
  -7.5000000   -0.0757421
  -7.4800000   -0.0737783
  -7.4600000   -0.0702071
  -7.4400000   -0.0651330
  -7.4200000   -0.0587360
  -7.4000000   -0.0512556
  -7.3800000   -0.0429702
  -7.3600000   -0.0341760
  -7.3400000   -0.0251667
  -7.3200000   -0.0162159
  -7.3000000   -0.0075647
  -7.2800000    0.0005863
  -7.2600000    0.0080788
  -7.2400000    0.0147944
  -7.2200000    0.0206477
  -7.2000000    0.0255780
  -7.1800000    0.0295401
  -7.1600000    0.0324959
  -7.1400000    0.0344100
  -7.1200000    0.0352472
  -7.1000000    0.0349755
  -7.0800000    0.0335717
  -7.0600000    0.0310288
  -7.0400000    0.0273652
  -7.0200000    0.0226321
  -7.0000000    0.0169187
  -6.9800000    0.0103530
  -6.9600000    0.0030989
  -6.9400000   -0.0046514
  -6.9200000   -0.0126892
  -6.9000000   -0.0208027
  -6.8800000   -0.0287913
  -6.8600000   -0.0364796
  -6.8400000   -0.0437283
  -6.8200000   -0.0504418
  -6.8000000   -0.0565710
  -6.7800000   -0.0621117
  -6.7600000   -0.0670977
  -6.7400000   -0.0715906
  -6.7200000   -0.0756659
  -6.7000000   -0.0793977
  -6.6800000   -0.0828442
  -6.6600000   -0.0860338
  -6.6400000   -0.0889556
  -6.6200000   -0.0915544
  -6.6000000   -0.0937314
  -6.5800000   -0.0953513
  -6.5600000   -0.0962547
  -6.5400000   -0.0962752
  -6.5200000   -0.0952588
  -6.5000000   -0.0930836
  -6.4800000   -0.0896778
  -6.4600000   -0.0850327
  -6.4400000   -0.0792093
  -6.4200000   -0.0723387
  -6.4000000   -0.0646142
  -6.3800000   -0.0562773
  -6.3600000   -0.0475989
  -6.3400000   -0.0388580
  -6.3200000   -0.0303193
  -6.3000000   -0.0222142
  -6.2800000   -0.0147243
  -6.2600000   -0.0079720
  -6.2400000   -0.0020164
  -6.2200000    0.0031447
  -6.2000000    0.0075661
  -6.1800000    0.0113438
  -6.1600000    0.0145995
  -6.1400000    0.0174657
  -6.1200000    0.0200705
  -6.1000000    0.0225260
  -6.0800000    0.0249188
  -6.0600000    0.0273055
  -6.0400000    0.0297109
  -6.0200000    0.0321300
  -6.0000000    0.0345317
  -5.9800000    0.0368638
  -5.9600000    0.0390584
  -5.9400000    0.0410365
  -5.9200000    0.0427121
  -5.9000000    0.0439955
  -5.8800000    0.0447966
  -5.8600000    0.0450276
  -5.8400000    0.0446069
  -5.8200000    0.0434634
  -5.8000000    0.0415412
  -5.7800000    0.0388058
  -5.7600000    0.0352488
  -5.7400000    0.0308928
  -5.7200000    0.0257941
  -5.7000000    0.0200438
  -5.6800000    0.0137661
  -5.6600000    0.0071142
  -5.6400000    0.0002644
  -5.6200000   -0.0065923
  -5.6000000   -0.0132594
  -5.5800000   -0.0195441
  -5.5600000   -0.0252673
  -5.5400000   -0.0302716
  -5.5200000   -0.0344287
  -5.5000000   -0.0376447
  -5.4800000   -0.0398639
  -5.4600000   -0.0410692
  -5.4400000   -0.0412816
  -5.4200000   -0.0405565
  -5.4000000   -0.0389780
  -5.3800000   -0.0366515
  -5.3600000   -0.0336949
  -5.3400000   -0.0302287
  -5.3200000   -0.0263672
  -5.3000000   -0.0222096
  -5.2800000   -0.0178341
  -5.2600000   -0.0132939
  -5.2400000   -0.0086182
  -5.2200000   -0.0038145
  -5.2000000    0.0011236
  -5.1800000    0.0062073
  -5.1600000    0.0114419
  -5.1400000    0.0168159
  -5.1200000    0.0222919
  -5.1000000    0.0278007
  -5.0800000    0.0332394
  -5.0600000    0.0384743
  -5.0400000    0.0433488
  -5.0200000    0.0476949
  -5.0000000    0.0513477
  -4.9800000    0.0541603
  -4.9600000    0.0560186
  -4.9400000    0.0568526
  -4.9200000    0.0566443
  -4.9000000    0.0554308
  -4.8800000    0.0533017
  -4.8600000    0.0503928
  -4.8400000    0.0468759
  -4.8200000    0.0429461
  -4.8000000    0.0388082
  -4.7800000    0.0346633
  -4.7600000    0.0306968
  -4.7400000    0.0270684
  -4.7200000    0.0239049
  -4.7000000    0.0212951
  -4.6800000    0.0192881
  -4.6600000    0.0178937
  -4.6400000    0.0170843
  -4.6200000    0.0167991
  -4.6000000    0.0169491
  -4.5800000    0.0174222
  -4.5600000    0.0180899
  -4.5400000    0.0188125
  -4.5200000    0.0194457
  -4.5000000    0.0198469
  -4.4800000    0.0198805
  -4.4600000    0.0194255
  -4.4400000    0.0183810
  -4.4200000    0.0166731
  -4.4000000    0.0142613
  -4.3800000    0.0111433
  -4.3600000    0.0073589
  -4.3400000    0.0029923
  -4.3200000   -0.0018290
  -4.3000000   -0.0069374
  -4.2800000   -0.0121312
  -4.2600000   -0.0171838
  -4.2400000   -0.0218543
  -4.2200000   -0.0259007
  -4.2000000   -0.0290924
  -4.1800000   -0.0312245
  -4.1600000   -0.0321299
  -4.1400000   -0.0316905
  -4.1200000   -0.0298458
  -4.1000000   -0.0265987
  -4.0800000   -0.0220171
  -4.0600000   -0.0162322
  -4.0400000   -0.0094317
  -4.0200000   -0.0018492
  -4.0000000    0.0062490
  -3.9800000    0.0145813
  -3.9600000    0.0228681
  -3.9400000    0.0308495
  -3.9200000    0.0383006
  -3.9000000    0.0450436
  -3.8800000    0.0509553
  -3.8600000    0.0559692
  -3.8400000    0.0600723
  -3.8200000    0.0632968
  -3.8000000    0.0657088
  -3.7800000    0.0673936
  -3.7600000    0.0684418
  -3.7400000    0.0689359
  -3.7200000    0.0689397
  -3.7000000    0.0684921
  -3.6800000    0.0676056
  -3.6600000    0.0662686
  -3.6400000    0.0644525
  -3.6200000    0.0621220
  -3.6000000    0.0592463
  -3.5800000    0.0558109
  -3.5600000    0.0518272
  -3.5400000    0.0473390
  -3.5200000    0.0424249
  -3.5000000    0.0371958
  -3.4800000    0.0317873
  -3.4600000    0.0263488
  -3.4400000    0.0210298
  -3.4200000    0.0159648
  -3.4000000    0.0112601
  -3.3800000    0.0069839
  -3.3600000    0.0031600
  -3.3400000   -0.0002324
  -3.3200000   -0.0032525
  -3.3000000   -0.0059885
  -3.2800000   -0.0085426
  -3.2600000   -0.0110153
  -3.2400000   -0.0134900
  -3.2200000   -0.0160190
  -3.2000000   -0.0186141
  -3.1800000   -0.0212418
  -3.1600000   -0.0238240
  -3.1400000   -0.0262439
  -3.1200000   -0.0283561
  -3.1000000   -0.0300010
  -3.0800000   -0.0310198
  -3.0600000   -0.0312715
  -3.0400000   -0.0306472
  -3.0200000   -0.0290832
  -3.0000000   -0.0265692
  -2.9800000   -0.0231525
  -2.9600000   -0.0189361
  -2.9400000   -0.0140723
  -2.9200000   -0.0087501
  -2.9000000   -0.0031804
  -2.8800000    0.0024219
  -2.8600000    0.0078553
  -2.8400000    0.0129472
  -2.8200000    0.0175653
  -2.8000000    0.0216232
  -2.7800000    0.0250803
  -2.7600000    0.0279353
  -2.7400000    0.0302155
  -2.7200000    0.0319630
  -2.7000000    0.0332211
  -2.6800000    0.0340225
  -2.6600000    0.0343820
  -2.6400000    0.0342942
  -2.6200000    0.0337382
  -2.6000000    0.0326854
  -2.5800000    0.0311122
  -2.5600000    0.0290126
  -2.5400000    0.0264093
  -2.5200000    0.0233611
  -2.5000000    0.0199646
  -2.4800000    0.0163495
  -2.4600000    0.0126678
  -2.4400000    0.0090785
  -2.4200000    0.0057289
  -2.4000000    0.0027361
  -2.3800000    0.0001701
  -2.3600000   -0.0019587
  -2.3400000   -0.0037053
  -2.3200000   -0.0051892
  -2.3000000   -0.0065859
  -2.2800000   -0.0081117
  -2.2600000   -0.0100035
  -2.2400000   -0.0124951
  -2.2200000   -0.0157934
  -2.2000000   -0.0200566
  -2.1800000   -0.0253756
  -2.1600000   -0.0317630
  -2.1400000   -0.0391472
  -2.1200000   -0.0473748
  -2.1000000   -0.0562195
  -2.0800000   -0.0653964
  -2.0600000   -0.0745800
  -2.0400000   -0.0834245
  -2.0200000   -0.0915852
  -2.0000000   -0.0987376
  -1.9800000   -0.1045946
  -1.9600000   -0.1089210
  -1.9400000   -0.1115429
  -1.9200000   -0.1123538
  -1.9000000   -0.1113167
  -1.8800000   -0.1084616
  -1.8600000   -0.1038799
  -1.8400000   -0.0977161
  -1.8200000   -0.0901565
  -1.8000000   -0.0814177
  -1.7800000   -0.0717332
  -1.7600000   -0.0613424
  -1.7400000   -0.0504795
  -1.7200000   -0.0393660
  -1.7000000   -0.0282055
  -1.6800000   -0.0171810
  -1.6600000   -0.0064558
  -1.6400000    0.0038245
  -1.6200000    0.0135284
  -1.6000000    0.0225347
  -1.5800000    0.0307295
  -1.5600000    0.0380040
  -1.5400000    0.0442549
  -1.5200000    0.0493860
  -1.5000000    0.0533107
  -1.4800000    0.0559566
  -1.4600000    0.0572695
  -1.4400000    0.0572174
  -1.4200000    0.0557933
  -1.4000000    0.0530176
  -1.3800000    0.0489386
  -1.3600000    0.0436316
  -1.3400000    0.0371977
  -1.3200000    0.0297609
  -1.3000000    0.0214647
  -1.2800000    0.0124679
  -1.2600000    0.0029391
  -1.2400000   -0.0069489
  -1.2200000   -0.0170256
  -1.2000000   -0.0271298
  -1.1800000   -0.0371153
  -1.1600000   -0.0468560
  -1.1400000   -0.0562488
  -1.1200000   -0.0652126
  -1.1000000   -0.0736854
  -1.0800000   -0.0816165
  -1.0600000   -0.0889576
  -1.0400000   -0.0956515
  -1.0200000   -0.1016213
  -1.0000000   -0.1067617
  -0.9800000   -0.1109342
  -0.9600000   -0.1139666
  -0.9400000   -0.1156584
  -0.9200000   -0.1157902
  -0.9000000   -0.1141378
  -0.8800000   -0.1104869
  -0.8600000   -0.1046489
  -0.8400000   -0.0964730
  -0.8200000   -0.0858554
  -0.8000000   -0.0727421
  -0.7800000   -0.0571274
  -0.7600000   -0.0390469
  -0.7400000   -0.0185668
  -0.7200000    0.0042284
  -0.7000000    0.0292485
  -0.6800000    0.0564071
  -0.6600000    0.0856284
  -0.6400000    0.1168477
  -0.6200000    0.1500063
  -0.6000000    0.1850394
  -0.5800000    0.2218585
  -0.5600000    0.2603287
  -0.5400000    0.3002419
  -0.5200000    0.3412900
  -0.5000000    0.3830387
  -0.4800000    0.4249075
  -0.4600000    0.4661581
  -0.4400000    0.5058953
  -0.4200000    0.5430836
  -0.4000000    0.5765804
  -0.3800000    0.6051868
  -0.3600000    0.6277124
  -0.3400000    0.6430500
  -0.3200000    0.6502524
  -0.3000000    0.6486045
  -0.2800000    0.6376799
  -0.2600000    0.6173772
  -0.2400000    0.5879290
  -0.2200000    0.5498833
  -0.2000000    0.5040603
  -0.1800000    0.4514891
  -0.1600000    0.3933349
  -0.1400000    0.3308244
  -0.1200000    0.2651801
  -0.1000000    0.1975689
  -0.0800000    0.1290700
  -0.0600000    0.0606607
  -0.0400000   -0.0067809
  -0.0200000   -0.0724624
   0.0000000   -0.1356579
   0.0200000   -0.1956879
   0.0400000   -0.2519038
   0.0600000   -0.3036770
   0.0800000   -0.3503961
   0.1000000   -0.3914706
   0.1200000   -0.4263412
   0.1400000   -0.4544956
   0.1600000   -0.4754895
   0.1800000   -0.4889708
   0.2000000   -0.4947066
   0.2200000   -0.4926104
   0.2400000   -0.4827655
   0.2600000   -0.4654432
   0.2800000   -0.4411098
   0.3000000   -0.4104211
   0.3200000   -0.3742023
   0.3400000   -0.3334147
   0.3600000   -0.2891106
   0.3800000   -0.2423825
   0.4000000   -0.1943119
   0.4200000   -0.1459230
   0.4400000   -0.0981467
   0.4600000   -0.0517992
   0.4800000   -0.0075735
   0.5000000    0.0339556
   0.5200000    0.0723177
   0.5400000    0.1071282
   0.5600000    0.1380714
   0.5800000    0.1648876
   0.6000000    0.1873679
   0.6200000    0.2053572
   0.6400000    0.2187640
   0.6600000    0.2275737
   0.6800000    0.2318622
   0.7000000    0.2318054
   0.7200000    0.2276814
   0.7400000    0.2198636
   0.7600000    0.2088052
   0.7800000    0.1950150
   0.8000000    0.1790297
   0.8200000    0.1613836
   0.8400000    0.1425824
   0.8600000    0.1230812
   0.8800000    0.1032714
   0.9000000    0.0834752
   0.9200000    0.0639478
   0.9400000    0.0448852
   0.9600000    0.0264359
   0.9800000    0.0087121
   1.0000000   -0.0081987
   1.0200000   -0.0242254
   1.0400000   -0.0393064
   1.0600000   -0.0533843
   1.0800000   -0.0664017
   1.1000000   -0.0782956
   1.1200000   -0.0889919
   1.1400000   -0.0983988
   1.1600000   -0.1064015
   1.1800000   -0.1128597
   1.2000000   -0.1176086
   1.2200000   -0.1204671
   1.2400000   -0.1212510
   1.2600000   -0.1197920
   1.2800000   -0.1159600
   1.3000000   -0.1096860
   1.3200000   -0.1009820
   1.3400000   -0.0899556
   1.3600000   -0.0768160
   1.3800000   -0.0618718
   1.4000000   -0.0455189
   1.4200000   -0.0282210
   1.4400000   -0.0104846
   1.4600000    0.0071692
   1.4800000    0.0242329
   1.5000000    0.0402390
   1.5200000    0.0547811
   1.5400000    0.0675303
   1.5600000    0.0782440
   1.5800000    0.0867687
   1.6000000    0.0930360
   1.6200000    0.0970541
   1.6400000    0.0988940
   1.6600000    0.0986741
   1.6800000    0.0965433
   1.7000000    0.0926647
   1.7200000    0.0872007
   1.7400000    0.0803012
   1.7600000    0.0720953
   1.7800000    0.0626863
   1.8000000    0.0521515
   1.8200000    0.0405459
   1.8400000    0.0279087
   1.8600000    0.0142738
   1.8800000   -0.0003181
   1.9000000   -0.0158057
   1.9200000   -0.0320940
   1.9400000   -0.0490413
   1.9600000   -0.0664502
   1.9800000   -0.0840620
   2.0000000   -0.1015565
   2.0200000   -0.1185580
   2.0400000   -0.1346480
   2.0600000   -0.1493835
   2.0800000   -0.1623207
   2.1000000   -0.1730411
   2.1200000   -0.1811792
   2.1400000   -0.1864482
   2.1600000   -0.1886606
   2.1800000   -0.1877427
   2.2000000   -0.1837407
   2.2200000   -0.1768172
   2.2400000   -0.1672400
   2.2600000   -0.1553628
   2.2800000   -0.1416011
   2.3000000   -0.1264053
   2.3200000   -0.1102345
   2.3400000   -0.0935321
   2.3600000   -0.0767066
   2.3800000   -0.0601177
   2.4000000   -0.0440685
   2.4200000   -0.0288033
   2.4400000   -0.0145105
   2.4600000   -0.0013281
   2.4800000    0.0106482
   2.5000000    0.0213570
   2.5200000    0.0307636
   2.5400000    0.0388539
   2.5600000    0.0456305
   2.5800000    0.0511099
   2.6000000    0.0553222
   2.6200000    0.0583110
   2.6400000    0.0601335
   2.6600000    0.0608607
   2.6800000    0.0605766
   2.7000000    0.0593757
   2.7200000    0.0573611
   2.7400000    0.0546408
   2.7600000    0.0513244
   2.7800000    0.0475202
   2.8000000    0.0433329
   2.8200000    0.0388625
   2.8400000    0.0342034
   2.8600000    0.0294448
   2.8800000    0.0246707
   2.9000000    0.0199600
   2.9200000    0.0153864
   2.9400000    0.0110175
   2.9600000    0.0069141
   2.9800000    0.0031290
   3.0000000   -0.0002930
   3.0200000   -0.0033158
   3.0400000   -0.0059108
   3.0600000   -0.0080556
   3.0800000   -0.0097334
   3.1000000   -0.0109310
   3.1200000   -0.0116391
   3.1400000   -0.0118528
   3.1600000   -0.0115731
   3.1800000   -0.0108103
   3.2000000   -0.0095860
   3.2200000   -0.0079366
   3.2400000   -0.0059142
   3.2600000   -0.0035871
   3.2800000   -0.0010376
   3.3000000    0.0016415
   3.3200000    0.0043521
   3.3400000    0.0069962
   3.3600000    0.0094820
   3.3800000    0.0117285
   3.4000000    0.0136687
   3.4200000    0.0152518
   3.4400000    0.0164425
   3.4600000    0.0172198
   3.4800000    0.0175741
   3.5000000    0.0175042
   3.5200000    0.0170130
   3.5400000    0.0161045
   3.5600000    0.0147806
   3.5800000    0.0130375
   3.6000000    0.0108640
   3.6200000    0.0082401
   3.6400000    0.0051369
   3.6600000    0.0015189
   3.6800000   -0.0026517
   3.7000000   -0.0074079
   3.7200000   -0.0127678
   3.7400000   -0.0187239
   3.7600000   -0.0252308
   3.7800000   -0.0321951
   3.8000000   -0.0394683
   3.8200000   -0.0468448
   3.8400000   -0.0540669
   3.8600000   -0.0608362
   3.8800000   -0.0668321
   3.9000000   -0.0717346
   3.9200000   -0.0752492
   3.9400000   -0.0771310
   3.9600000   -0.0772053
   3.9800000   -0.0753809
   4.0000000   -0.0716566
   4.0200000   -0.0661183
   4.0400000   -0.0589293
   4.0600000   -0.0503150
   4.0800000   -0.0405445
   4.1000000   -0.0299114
   4.1200000   -0.0187178
   4.1400000   -0.0072602
   4.1600000    0.0041791
   4.1800000    0.0153373
   4.2000000    0.0259732
   4.2200000    0.0358682
   4.2400000    0.0448272
   4.2600000    0.0526809
   4.2800000    0.0592905
   4.3000000    0.0645535
   4.3200000    0.0684117
   4.3400000    0.0708586
   4.3600000    0.0719442
   4.3800000    0.0717772
   4.4000000    0.0705216
   4.4200000    0.0683881
   4.4400000    0.0656190
   4.4600000    0.0624700
   4.4800000    0.0591878
   4.5000000    0.0559882
   4.5200000    0.0530361
   4.5400000    0.0504300
   4.5600000    0.0481939
   4.5800000    0.0462764
   4.6000000    0.0445590
   4.6200000    0.0428720
   4.6400000    0.0410162
   4.6600000    0.0387888
   4.6800000    0.0360096
   4.7000000    0.0325461
   4.7200000    0.0283321
   4.7400000    0.0233806
   4.7600000    0.0177874
   4.7800000    0.0117262
   4.8000000    0.0054349
   4.8200000   -0.0008036
   4.8400000   -0.0066864
   4.8600000   -0.0119153
   4.8800000   -0.0162222
   4.9000000   -0.0193892
   4.9200000   -0.0212646
   4.9400000   -0.0217714
   4.9600000   -0.0209103
   4.9800000   -0.0187563
   5.0000000   -0.0154510
   5.0200000   -0.0111915
   5.0400000   -0.0062181
   5.0600000   -0.0008007
   5.0800000    0.0047741
   5.1000000    0.0102165
   5.1200000    0.0152466
   5.1400000    0.0196073
   5.1600000    0.0230776
   5.1800000    0.0254851
   5.2000000    0.0267176
   5.2200000    0.0267309
   5.2400000    0.0255539
   5.2600000    0.0232874
   5.2800000    0.0200971
   5.3000000    0.0162009
   5.3200000    0.0118506
   5.3400000    0.0073109
   5.3600000    0.0028371
   5.3800000   -0.0013460
   5.4000000   -0.0050610
   5.4200000   -0.0081887
   5.4400000   -0.0106731
   5.4600000   -0.0125184
   5.4800000   -0.0137810
   5.5000000   -0.0145550
   5.5200000   -0.0149571
   5.5400000   -0.0151089
   5.5600000   -0.0151211
   5.5800000   -0.0150809
   5.6000000   -0.0150430
   5.6200000   -0.0150257
   5.6400000   -0.0150114
   5.6600000   -0.0149524
   5.6800000   -0.0147800
   5.7000000   -0.0144163
   5.7200000   -0.0137873
   5.7400000   -0.0128363
   5.7600000   -0.0115350
   5.7800000   -0.0098922
   5.8000000   -0.0079587
   5.8200000   -0.0058273
   5.8400000   -0.0036282
   5.8600000   -0.0015213
   5.8800000    0.0003162
   5.9000000    0.0017031
   5.9200000    0.0024684
   5.9400000    0.0024647
   5.9600000    0.0015789
   5.9800000   -0.0002595
   6.0000000   -0.0030738
   6.0200000   -0.0068389
   6.0400000   -0.0114835
   6.0600000   -0.0168939
   6.0800000   -0.0229205
   6.1000000   -0.0293839
   6.1200000   -0.0360826
   6.1400000   -0.0427999
   6.1600000   -0.0493105
   6.1800000   -0.0553876
   6.2000000   -0.0608094
   6.2200000   -0.0653662
   6.2400000   -0.0688671
   6.2600000   -0.0711478
   6.2800000   -0.0720780
   6.3000000   -0.0715687
   6.3200000   -0.0695784
   6.3400000   -0.0661193
   6.3600000   -0.0612604
   6.3800000   -0.0551289
   6.4000000   -0.0479085
   6.4200000   -0.0398339
   6.4400000   -0.0311826
   6.4600000   -0.0222619
   6.4800000   -0.0133933
   6.5000000   -0.0048952
   6.5200000    0.0029363
   6.5400000    0.0098449
   6.5600000    0.0156297
   6.5800000    0.0201560
   6.6000000    0.0233599
   6.6200000    0.0252469
   6.6400000    0.0258836
   6.6600000    0.0253833
   6.6800000    0.0238880
   6.7000000    0.0215487
   6.7200000    0.0185069
   6.7400000    0.0148794
   6.7600000    0.0107498
   6.7800000    0.0061656
   6.8000000    0.0011433
   6.8200000   -0.0043208
   6.8400000   -0.0102363
   6.8600000   -0.0166024
   6.8800000   -0.0233938
   6.9000000   -0.0305495
   6.9200000   -0.0379693
   6.9400000   -0.0455149
   6.9600000   -0.0530183
   6.9800000   -0.0602958
   7.0000000   -0.0671630
   7.0200000   -0.0734511
   7.0400000   -0.0790201
   7.0600000   -0.0837672
   7.0800000   -0.0876297
   7.1000000   -0.0905810
   7.1200000   -0.0926219
   7.1400000   -0.0937684
   7.1600000   -0.0940381
   7.1800000   -0.0934383
   7.2000000   -0.0919567
   7.2200000   -0.0895582
   7.2400000   -0.0861870
   7.2600000   -0.0817738
   7.2800000   -0.0762482
   7.3000000   -0.0695538
   7.3200000   -0.0616645
   7.3400000   -0.0525995
   7.3600000   -0.0424361
   7.3800000   -0.0313173
   7.4000000   -0.0194550
   7.4200000   -0.0071271
   7.4400000    0.0053323
   7.4600000    0.0175469
   7.4800000    0.0291181
   7.5000000    0.0396480
   7.5200000    0.0487644
   7.5400000    0.0561457
   7.5600000    0.0615437
   7.5800000    0.0648025
   7.6000000    0.0658708
   7.6200000    0.0648069
   7.6400000    0.0617755
   7.6600000    0.0570360
   7.6800000    0.0509235
   7.7000000    0.0438246
   7.7200000    0.0361495
   7.7400000    0.0283031
   7.7600000    0.0206591
   7.7800000    0.0135375
   7.8000000    0.0071883
   7.8200000    0.0017829
   7.8400000   -0.0025883
   7.8600000   -0.0059103
   7.8800000   -0.0082339
   7.9000000   -0.0096611
   7.9200000   -0.0103292
   7.9400000   -0.0103953
   7.9600000   -0.0100213
   7.9800000   -0.0093626
   8.0000000   -0.0085596
   8.0200000   -0.0077323
   8.0400000   -0.0069786
   8.0600000   -0.0063732
   8.0800000   -0.0059689
   8.1000000   -0.0057972
   8.1200000   -0.0058687
   8.1400000   -0.0061731
   8.1600000   -0.0066785
   8.1800000   -0.0073315
   8.2000000   -0.0080582
   8.2200000   -0.0087678
   8.2400000   -0.0093581
   8.2600000   -0.0097243
   8.2800000   -0.0097700
   8.3000000   -0.0094185
   8.3200000   -0.0086243
   8.3400000   -0.0073812
   8.3600000   -0.0057266
   8.3800000   -0.0037405
   8.4000000   -0.0015386
   8.4200000    0.0007404
   8.4400000    0.0029510
   8.4600000    0.0049594
   8.4800000    0.0066615
   8.5000000    0.0079971
   8.5200000    0.0089595
   8.5400000    0.0095979
   8.5600000    0.0100115
   8.5800000    0.0103379
   8.6000000    0.0107350
   8.6200000    0.0113603
   8.6400000    0.0123502
   8.6600000    0.0138004
   8.6800000    0.0157531
   8.7000000    0.0181887
   8.7200000    0.0210263
   8.7400000    0.0241297
   8.7600000    0.0273201
   8.7800000    0.0303921
   8.8000000    0.0331319
   8.8200000    0.0353343
   8.8400000    0.0368188
   8.8600000    0.0374417
   8.8800000    0.0371035
   8.9000000    0.0357534
   8.9200000    0.0333888
   8.9400000    0.0300524
   8.9600000    0.0258265
   8.9800000    0.0208259
   9.0000000    0.0151902
   9.0200000    0.0090757
   9.0400000    0.0026483
   9.0600000   -0.0039241
   9.0800000   -0.0104770
   9.1000000   -0.0168553
   9.1200000   -0.0229168
   9.1400000   -0.0285365
   9.1600000   -0.0336088
   9.1800000   -0.0380503
   9.2000000   -0.0418010
   9.2200000   -0.0448266
   9.2400000   -0.0471189
   9.2600000   -0.0486964
   9.2800000   -0.0496043
   9.3000000   -0.0499128
   9.3200000   -0.0497138
   9.3400000   -0.0491163
   9.3600000   -0.0482391
   9.3800000   -0.0472024
   9.4000000   -0.0461175
   9.4200000   -0.0450770
   9.4400000   -0.0441450
   9.4600000   -0.0433497
   9.4800000   -0.0426796
   9.5000000   -0.0420833
   9.5200000   -0.0414745
   9.5400000   -0.0407414
   9.5600000   -0.0397600
   9.5800000   -0.0384105
   9.6000000   -0.0365939
   9.6200000   -0.0342491
   9.6400000   -0.0313655
   9.6600000   -0.0279922
   9.6800000   -0.0242409
   9.7000000   -0.0202817
   9.7200000   -0.0163327
   9.7400000   -0.0126440
   9.7600000   -0.0094756
   9.7800000   -0.0070750
   9.8000000   -0.0056525
   9.8200000   -0.0053604
   9.8400000   -0.0062762
   9.8600000   -0.0083924
   9.8800000   -0.0116143
   9.9000000   -0.0157664
   9.9200000   -0.0206058
   9.9400000   -0.0258424
   9.9600000   -0.0311630
   9.9800000   -0.0362573
  10.0000000   -0.0408428
  10.0200000   -0.0446861
  10.0400000   -0.0476192
  10.0600000   -0.0495483
  10.0800000   -0.0504564
  10.1000000   -0.0503982
  10.1200000   -0.0494892
  10.1400000   -0.0478904
  10.1600000   -0.0457893
  10.1800000   -0.0433809
  10.2000000   -0.0408485
  10.2200000   -0.0383471
  10.2400000   -0.0359911
  10.2600000   -0.0338464
  10.2800000   -0.0319279
  10.3000000   -0.0302033
  10.3200000   -0.0286009
  10.3400000   -0.0270229
  10.3600000   -0.0253600
  10.3800000   -0.0235079
  10.4000000   -0.0213816
  10.4200000   -0.0189272
  10.4400000   -0.0161294
  10.4600000   -0.0130127
  10.4800000   -0.0096377
  10.5000000   -0.0060930
  10.5200000   -0.0024832
  10.5400000    0.0010844
  10.5600000    0.0045116
  10.5800000    0.0077191
  10.6000000    0.0106522
  10.6200000    0.0132818
  10.6400000    0.0156013
  10.6600000    0.0176195
  10.6800000    0.0193537
  10.7000000    0.0208212
  10.7200000    0.0220344
  10.7400000    0.0229982
  10.7600000    0.0237120
  10.7800000    0.0241748
  10.8000000    0.0243916
  10.8200000    0.0243815
  10.8400000    0.0241837
  10.8600000    0.0238599
  10.8800000    0.0234933
  10.9000000    0.0231826
  10.9200000    0.0230320
  10.9400000    0.0231392
  10.9600000    0.0235822
  10.9800000    0.0244078
  11.0000000    0.0256240
  11.0200000    0.0271959
  11.0400000    0.0290477
  11.0600000    0.0310694
  11.0800000    0.0331272
  11.1000000    0.0350764
  11.1200000    0.0367748
  11.1400000    0.0380949
  11.1600000    0.0389334
  11.1800000    0.0392176
  11.2000000    0.0389078
  11.2200000    0.0379965
  11.2400000    0.0365048
  11.2600000    0.0344778
  11.2800000    0.0319785
  11.3000000    0.0290826
  11.3200000    0.0258741
  11.3400000    0.0224410
  11.3600000    0.0188731
  11.3800000    0.0152590
  11.4000000    0.0116840
  11.4200000    0.0082273
  11.4400000    0.0049588
  11.4600000    0.0019354
  11.4800000   -0.0008031
  11.5000000   -0.0032368
  11.5200000   -0.0053679
  11.5400000   -0.0072217
  11.5600000   -0.0088440
  11.5800000   -0.0102973
  11.6000000   -0.0116547
  11.6200000   -0.0129920
  11.6400000   -0.0143792
  11.6600000   -0.0158726
  11.6800000   -0.0175075
  11.7000000   -0.0192944
  11.7200000   -0.0212158
  11.7400000   -0.0232279
  11.7600000   -0.0252635
  11.7800000   -0.0272374
  11.8000000   -0.0290536
  11.8200000   -0.0306123
  11.8400000   -0.0318173
  11.8600000   -0.0325817
  11.8800000   -0.0328328
  11.9000000   -0.0325147
  11.9200000   -0.0315894
  11.9400000   -0.0300365
  11.9600000   -0.0278518
  11.9800000   -0.0250451
  12.0000000   -0.0216391
  12.0200000   -0.0176672
  12.0400000   -0.0131739
  12.0600000   -0.0082146
  12.0800000   -0.0028570
  12.1000000    0.0028177
  12.1200000    0.0087137
  12.1400000    0.0147208
  12.1600000    0.0207152
  12.1800000    0.0265635
  12.2000000    0.0321269
  12.2200000    0.0372675
  12.2400000    0.0418558
  12.2600000    0.0457775
  12.2800000    0.0489394
  12.3000000    0.0512743
  12.3200000    0.0527436
  12.3400000    0.0533371
  12.3600000    0.0530724
  12.3800000    0.0519913
  12.4000000    0.0501566
  12.4200000    0.0476484
  12.4400000    0.0445608
  12.4600000    0.0409990
  12.4800000    0.0370774
  12.5000000    0.0329168
  12.5200000    0.0286422
  12.5400000    0.0243795
  12.5600000    0.0202516
  12.5800000    0.0163734
  12.6000000    0.0128471
  12.6200000    0.0097576
  12.6400000    0.0071685
  12.6600000    0.0051210
  12.6800000    0.0036329
  12.7000000    0.0027013
  12.7200000    0.0023056
  12.7400000    0.0024121
  12.7600000    0.0029784
  12.7800000    0.0039572
  12.8000000    0.0052992
  12.8200000    0.0069544
  12.8400000    0.0088725
  12.8600000    0.0110019
  12.8800000    0.0132887
  12.9000000    0.0156762
  12.9200000    0.0181048
  12.9400000    0.0205128
  12.9600000    0.0228379
  12.9800000    0.0250200
  13.0000000    0.0270030
  13.0200000    0.0287373
  13.0400000    0.0301809
  13.0600000    0.0313007
  13.0800000    0.0320718
  13.1000000    0.0324782
  13.1200000    0.0325119
  13.1400000    0.0321735
  13.1600000    0.0314729
  13.1800000    0.0304311
  13.2000000    0.0290823
  13.2200000    0.0274751
  13.2400000    0.0256745
  13.2600000    0.0237604
  13.2800000    0.0218257
  13.3000000    0.0199709
  13.3200000    0.0182964
  13.3400000    0.0168939
  13.3600000    0.0158360
  13.3800000    0.0151672
  13.4000000    0.0148968
  13.4200000    0.0149951
  13.4400000    0.0153941
  13.4600000    0.0159925
  13.4800000    0.0166658
  13.5000000    0.0172786
  13.5200000    0.0177002
  13.5400000    0.0178190
  13.5600000    0.0175560
  13.5800000    0.0168739
  13.6000000    0.0157819
  13.6200000    0.0143347
  13.6400000    0.0126261
  13.6600000    0.0107781
  13.6800000    0.0089257
  13.7000000    0.0072013
  13.7200000    0.0057186
  13.7400000    0.0045593
  13.7600000    0.0037637
  13.7800000    0.0033267
  13.8000000    0.0031995
  13.8200000    0.0032967
  13.8400000    0.0035079
  13.8600000    0.0037131
  13.8800000    0.0037979
  13.9000000    0.0036694
  13.9200000    0.0032687
  13.9400000    0.0025797
  13.9600000    0.0016329
  13.9800000    0.0005039
  14.0000000   -0.0006927
  14.0200000   -0.0018143
  14.0400000   -0.0027044
  14.0600000   -0.0032080
  14.0800000   -0.0031875
  14.1000000   -0.0025370
  14.1200000   -0.0011938
  14.1400000    0.0008546
  14.1600000    0.0035681
  14.1800000    0.0068571
  14.2000000    0.0105901
  14.2200000    0.0146057
  14.2400000    0.0187264
  14.2600000    0.0227735
  14.2800000    0.0265813
  14.3000000    0.0300076
  14.3200000    0.0329417
  14.3400000    0.0353066
  14.3600000    0.0370585
  14.3800000    0.0381815
  14.4000000    0.0386807
  14.4200000    0.0385744
  14.4400000    0.0378861
  14.4600000    0.0366389
  14.4800000    0.0348510
  14.5000000    0.0325338
  14.5200000    0.0296918
  14.5400000    0.0263237
  14.5600000    0.0224247
  14.5800000    0.0179888
  14.6000000    0.0130114
  14.6200000    0.0074924
  14.6400000    0.0014386
  14.6600000   -0.0051327
  14.6800000   -0.0121898
  14.7000000   -0.0196826
  14.7200000   -0.0275387
  14.7400000   -0.0356600
  14.7600000   -0.0439211
  14.7800000   -0.0521700
  14.8000000   -0.0602312
  14.8200000   -0.0679126
  14.8400000   -0.0750140
  14.8600000   -0.0813388
  14.8800000   -0.0867056
  14.9000000   -0.0909602
  14.9200000   -0.0939859
  14.9400000   -0.0957108
  14.9600000   -0.0961123
  14.9800000   -0.0952178
  15.0000000   -0.0931016
  15.0200000   -0.0898799
  15.0400000   -0.0857032
  15.0600000   -0.0807477
  15.0800000   -0.0752073
  15.1000000   -0.0692851
  15.1200000   -0.0631866
  15.1400000   -0.0571129
  15.1600000   -0.0512548
  15.1800000   -0.0457866
  15.2000000   -0.0408605
  15.2200000   -0.0366002
  15.2400000   -0.0330952
  15.2600000   -0.0303961
  15.2800000   -0.0285118
  15.3000000   -0.0274089
  15.3200000   -0.0270158
  15.3400000   -0.0272292
  15.3600000   -0.0279247
  15.3800000   -0.0289693
  15.4000000   -0.0302356
  15.4200000   -0.0316140
  15.4400000   -0.0330228
  15.4600000   -0.0344142
  15.4800000   -0.0357748
  15.5000000   -0.0371208
  15.5200000   -0.0384889
  15.5400000   -0.0399234
  15.5600000   -0.0414619
  15.5800000   -0.0431219
  15.6000000   -0.0448899
  15.6200000   -0.0467148
  15.6400000   -0.0485066
  15.6600000   -0.0501411
  15.6800000   -0.0514703
  15.7000000   -0.0523359
  15.7200000   -0.0525867
  15.7400000   -0.0520956
  15.7600000   -0.0507756
  15.7800000   -0.0485923
  15.8000000   -0.0455705
  15.8200000   -0.0417953
  15.8400000   -0.0374068
  15.8600000   -0.0325876
  15.8800000   -0.0275470
  15.9000000   -0.0225010
  15.9200000   -0.0176524
  15.9400000   -0.0131723
  15.9600000   -0.0091859
  15.9800000   -0.0057639
  16.0000000   -0.0029200
  16.0200000   -0.0006152
  16.0400000    0.0012320
  16.0600000    0.0027322
  16.0800000    0.0040092
  16.1000000    0.0051836
  16.1200000    0.0063593
  16.1400000    0.0076122
  16.1600000    0.0089833
  16.1800000    0.0104758
  16.2000000    0.0120563
  16.2200000    0.0136590
  16.2400000    0.0151938
  16.2600000    0.0165542
  16.2800000    0.0176286
  16.3000000    0.0183096
  16.3200000    0.0185047
  16.3400000    0.0181449
  16.3600000    0.0171916
  16.3800000    0.0156412
  16.4000000    0.0135273
  16.4200000    0.0109196
  16.4400000    0.0079198
  16.4600000    0.0046559
  16.4800000    0.0012735
  16.5000000   -0.0020732
  16.5200000   -0.0052306
  16.5400000   -0.0080543
  16.5600000   -0.0104169
  16.5800000   -0.0122133
  16.6000000   -0.0133652
  16.6200000   -0.0138228
  16.6400000   -0.0135662
  16.6600000   -0.0126051
  16.6800000   -0.0109776
  16.7000000   -0.0087487
  16.7200000   -0.0060082
  16.7400000   -0.0028677
  16.7600000    0.0005439
  16.7800000    0.0040852
  16.8000000    0.0076091
  16.8200000    0.0109709
  16.8400000    0.0140374
  16.8600000    0.0166961
  16.8800000    0.0188640
  16.9000000    0.0204946
  16.9200000    0.0215823
  16.9400000    0.0221632
  16.9600000    0.0223114
  16.9800000    0.0221316
  17.0000000    0.0217475
  17.0200000    0.0212876
  17.0400000    0.0208704
  17.0600000    0.0205899
  17.0800000    0.0205037
  17.1000000    0.0206258
  17.1200000    0.0209243
  17.1400000    0.0213261
  17.1600000    0.0217264
  17.1800000    0.0220039
  17.2000000    0.0220384
  17.2200000    0.0217289
  17.2400000    0.0210105
  17.2600000    0.0198656
  17.2800000    0.0183306
  17.3000000    0.0164934
  17.3200000    0.0144857
  17.3400000    0.0124678
  17.3600000    0.0106107
  17.3800000    0.0090764
  17.4000000    0.0079996
  17.4200000    0.0074746
  17.4400000    0.0075468
  17.4600000    0.0082124
  17.4800000    0.0094231
  17.5000000    0.0110972
  17.5200000    0.0131328
  17.5400000    0.0154230
  17.5600000    0.0178682
  17.5800000    0.0203861
  17.6000000    0.0229170
  17.6200000    0.0254244
  17.6400000    0.0278918
  17.6600000    0.0303158
  17.6800000    0.0326993
  17.7000000    0.0350435
  17.7200000    0.0373432
  17.7400000    0.0395833
  17.7600000    0.0417399
  17.7800000    0.0437831
  17.8000000    0.0456820
  17.8200000    0.0474109
  17.8400000    0.0489539
  17.8600000    0.0503083
  17.8800000    0.0514842
  17.9000000    0.0525015
  17.9200000    0.0533838
  17.9400000    0.0541501
  17.9600000    0.0548058
  17.9800000    0.0553359
  18.0000000    0.0556994
  18.0200000    0.0558292
  18.0400000    0.0556360
  18.0600000    0.0550170
  18.0800000    0.0538685
  18.1000000    0.0521003
  18.1200000    0.0496507
  18.1400000    0.0464989
  18.1600000    0.0426738
  18.1800000    0.0382566
  18.2000000    0.0333783
  18.2200000    0.0282099
  18.2400000    0.0229487
  18.2600000    0.0178009
  18.2800000    0.0129633
  18.3000000    0.0086063
  18.3200000    0.0048597
  18.3400000    0.0018040
  18.3600000   -0.0005331
  18.3800000   -0.0021746
  18.4000000   -0.0031871
  18.4200000   -0.0036698
  18.4400000   -0.0037416
  18.4600000   -0.0035278
  18.4800000   -0.0031476
  18.5000000   -0.0027049
  18.5200000   -0.0022811
  18.5400000   -0.0019324
  18.5600000   -0.0016897
  18.5800000   -0.0015614
  18.6000000   -0.0015381
  18.6200000   -0.0015981
  18.6400000   -0.0017130
  18.6600000   -0.0018528
  18.6800000   -0.0019900
  18.7000000   -0.0021019
  18.7200000   -0.0021717
  18.7400000   -0.0021883
  18.7600000   -0.0021447
  18.7800000   -0.0020358
  18.8000000   -0.0018550
  18.8200000   -0.0015915
  18.8400000   -0.0012276
  18.8600000   -0.0007372
  18.8800000   -0.0000846
  18.9000000    0.0007733
  18.9200000    0.0018847
  18.9400000    0.0032975
  18.9600000    0.0050533
  18.9800000    0.0071798
  19.0000000    0.0096841
  19.0200000    0.0125458
  19.0400000    0.0157137
  19.0600000    0.0191032
  19.0800000    0.0225994
  19.1000000    0.0260612
  19.1200000    0.0293305
  19.1400000    0.0322421
  19.1600000    0.0346360
  19.1800000    0.0363682
  19.2000000    0.0373218
  19.2200000    0.0374141
  19.2400000    0.0366020
  19.2600000    0.0348843
  19.2800000    0.0323000
  19.3000000    0.0289261
  19.3200000    0.0248729
  19.3400000    0.0202787
  19.3600000    0.0153052
  19.3800000    0.0101317
  19.4000000    0.0049506
  19.4200000   -0.0000383
  19.4400000   -0.0046341
  19.4600000   -0.0086429
  19.4800000   -0.0118870
  19.5000000   -0.0142162
  19.5200000   -0.0155192
  19.5400000   -0.0157348
  19.5600000   -0.0148604
  19.5800000   -0.0129576
  19.6000000   -0.0101514
  19.6200000   -0.0066244
  19.6400000   -0.0026038
  19.6600000    0.0016562
  19.6800000    0.0058953
  19.7000000    0.0098698
  19.7200000    0.0133727
  19.7400000    0.0162506
  19.7600000    0.0184129
  19.7800000    0.0198352
  19.8000000    0.0205539
  19.8200000    0.0206556
  19.8400000    0.0202610
  19.8600000    0.0195072
  19.8800000    0.0185312
  19.9000000    0.0174545
  19.9200000    0.0163730
  19.9400000    0.0153517
  19.9600000    0.0144236
  19.9800000    0.0135931
  20.0000000    0.0128418
  20.0200000    0.0121355
  20.0400000    0.0114321
  20.0600000    0.0106876
  20.0800000    0.0098610
  20.1000000    0.0089179
  20.1200000    0.0078321
  20.1400000    0.0065862
  20.1600000    0.0051716
  20.1800000    0.0035873
  20.2000000    0.0018399
  20.2200000   -0.0000581
  20.2400000   -0.0020883
  20.2600000   -0.0042276
  20.2800000   -0.0064480
  20.3000000   -0.0087176
  20.3200000   -0.0110011
  20.3400000   -0.0132602
  20.3600000   -0.0154544
  20.3800000   -0.0175428
  20.4000000   -0.0194847
  20.4200000   -0.0212421
  20.4400000   -0.0227812
  20.4600000   -0.0240746
  20.4800000   -0.0251029
  20.5000000   -0.0258569
  20.5200000   -0.0263379
  20.5400000   -0.0265586
  20.5600000   -0.0265420
  20.5800000   -0.0263208
  20.6000000   -0.0259344
  20.6200000   -0.0254265
  20.6400000   -0.0248418
  20.6600000   -0.0242227
  20.6800000   -0.0236057
  20.7000000   -0.0230194
  20.7200000   -0.0224816
  20.7400000   -0.0219988
  20.7600000   -0.0215651
  20.7800000   -0.0211632
  20.8000000   -0.0207649
  20.8200000   -0.0203331
  20.8400000   -0.0198244
  20.8600000   -0.0191915
  20.8800000   -0.0183868
  20.9000000   -0.0173662
  20.9200000   -0.0160931
  20.9400000   -0.0145427
  20.9600000   -0.0127052
  20.9800000   -0.0105897
  21.0000000   -0.0082254
  21.0200000   -0.0056619
  21.0400000   -0.0029669
  21.0600000   -0.0002223
  21.0800000    0.0024818
  21.1000000    0.0050549
  21.1200000    0.0074133
  21.1400000    0.0094880
  21.1600000    0.0112295
  21.1800000    0.0126115
  21.2000000    0.0136306
  21.2200000    0.0143034
  21.2400000    0.0146609
  21.2600000    0.0147418
  21.2800000    0.0145846
  21.3000000    0.0142217
  21.3200000    0.0136742
  21.3400000    0.0129505
  21.3600000    0.0120472
  21.3800000    0.0109528
  21.4000000    0.0096529
  21.4200000    0.0081366
  21.4400000    0.0064020
  21.4600000    0.0044605
  21.4800000    0.0023387
  21.5000000    0.0000771
  21.5200000   -0.0022722
  21.5400000   -0.0046511
  21.5600000   -0.0070016
  21.5800000   -0.0092709
  21.6000000   -0.0114168
  21.6200000   -0.0134099
  21.6400000   -0.0152341
  21.6600000   -0.0168843
  21.6800000   -0.0183632
  21.7000000   -0.0196756
  21.7200000   -0.0208242
  21.7400000   -0.0218053
  21.7600000   -0.0226067
  21.7800000   -0.0232075
  21.8000000   -0.0235802
  21.8200000   -0.0236938
  21.8400000   -0.0235187
  21.8600000   -0.0230308
  21.8800000   -0.0222152
  21.9000000   -0.0210684
  21.9200000   -0.0195987
  21.9400000   -0.0178255
  21.9600000   -0.0157765
  21.9800000   -0.0134857
  22.0000000   -0.0109898
  22.0200000   -0.0083267
  22.0400000   -0.0055341
  22.0600000   -0.0026490
  22.0800000    0.0002914
  22.1000000    0.0032485
  22.1200000    0.0061811
  22.1400000    0.0090437
  22.1600000    0.0117861
  22.1800000    0.0143527
  22.2000000    0.0166837
  22.2200000    0.0187157
  22.2400000    0.0203835
  22.2600000    0.0216230
  22.2800000    0.0223735
  22.3000000    0.0225812
  22.3200000    0.0222028
  22.3400000    0.0212089
  22.3600000    0.0195879
  22.3800000    0.0173491
  22.4000000    0.0145259
  22.4200000    0.0111771
  22.4400000    0.0073882
  22.4600000    0.0032705
  22.4800000   -0.0010412
  22.5000000   -0.0053922
  22.5200000   -0.0096144
  22.5400000   -0.0135327
  22.5600000   -0.0169747
  22.5800000   -0.0197794
  22.6000000   -0.0218077
  22.6200000   -0.0229521
  22.6400000   -0.0231443
  22.6600000   -0.0223620
  22.6800000   -0.0206326
  22.7000000   -0.0180330
  22.7200000   -0.0146876
  22.7400000   -0.0107617
  22.7600000   -0.0064533
  22.7800000   -0.0019817
  22.8000000    0.0024236
  22.8200000    0.0065361
  22.8400000    0.0101433
  22.8600000    0.0130583
  22.8800000    0.0151280
  22.9000000    0.0162399
  22.9200000    0.0163266
  22.9400000    0.0153673
  22.9600000    0.0133868
  22.9800000    0.0104523
  23.0000000    0.0066688
  23.0200000    0.0021719
  23.0400000   -0.0028785
  23.0600000   -0.0083062
  23.0800000   -0.0139261
  23.1000000   -0.0195507
  23.1200000   -0.0249960
  23.1400000   -0.0300879
  23.1600000   -0.0346661
  23.1800000   -0.0385897
  23.2000000   -0.0417408
  23.2200000   -0.0440285
  23.2400000   -0.0453917
  23.2600000   -0.0458014
  23.2800000   -0.0452613
  23.3000000   -0.0438068
  23.3200000   -0.0415026
  23.3400000   -0.0384394
  23.3600000   -0.0347287
  23.3800000   -0.0304985
  23.4000000   -0.0258878
  23.4200000   -0.0210427
  23.4400000   -0.0161129
  23.4600000   -0.0112488
  23.4800000   -0.0065989
  23.5000000   -0.0023070
  23.5200000    0.0014909
  23.5400000    0.0046719
  23.5600000    0.0071311
  23.5800000    0.0087892
  23.6000000    0.0095986
  23.6200000    0.0095507
  23.6400000    0.0086795
  23.6600000    0.0070636
  23.6800000    0.0048243
  23.7000000    0.0021193
  23.7200000   -0.0008665
  23.7400000   -0.0039337
  23.7600000   -0.0068823
  23.7800000   -0.0095257
  23.8000000   -0.0117032
  23.8200000   -0.0132893
  23.8400000   -0.0141994
  23.8600000   -0.0143914
  23.8800000   -0.0138628
  23.9000000   -0.0126454
  23.9200000   -0.0107970
  23.9400000   -0.0083942
  23.9600000   -0.0055245
  23.9800000   -0.0022814
  24.0000000    0.0012375
  24.0200000    0.0049311
  24.0400000    0.0086915
  24.0600000    0.0124017
  24.0800000    0.0159322
  24.1000000    0.0191414
  24.1200000    0.0218780
  24.1400000    0.0239891
  24.1600000    0.0253307
  24.1800000    0.0257833
  24.2000000    0.0252673
  24.2200000    0.0237585
  24.2400000    0.0212996
  24.2600000    0.0180064
  24.2800000    0.0140662
  24.3000000    0.0097282
  24.3200000    0.0052863
  24.3400000    0.0010561
  24.3600000   -0.0026518
  24.3800000   -0.0055590
  24.4000000   -0.0074435
  24.4200000   -0.0081584
  24.4400000   -0.0076440
  24.4600000   -0.0059313
  24.4800000   -0.0031374
  24.5000000    0.0005449
  24.5200000    0.0048638
  24.5400000    0.0095274
  24.5600000    0.0142245
  24.5800000    0.0186440
  24.6000000    0.0224934
  24.6200000    0.0255146
  24.6400000    0.0274956
  24.6600000    0.0282809
  24.6800000    0.0277765
  24.7000000    0.0259535
  24.7200000    0.0228473
  24.7400000    0.0185548
  24.7600000    0.0132282
  24.7800000    0.0070667
  24.8000000    0.0003058
  24.8200000   -0.0067942
  24.8400000   -0.0139608
  24.8600000   -0.0209226
  24.8800000   -0.0274210
  24.9000000   -0.0332217
  24.9200000   -0.0381242
  24.9400000   -0.0419691
  24.9600000   -0.0446444
  24.9800000   -0.0460880
  25.0000000   -0.0462891
  25.0200000   -0.0452864
  25.0400000   -0.0431646
  25.0600000   -0.0400481
  25.0800000   -0.0360926
  25.1000000   -0.0314759
  25.1200000   -0.0263864
  25.1400000   -0.0210114
  25.1600000   -0.0155265
  25.1800000   -0.0100848
  25.2000000   -0.0048100
  25.2200000    0.0002091
  25.2400000    0.0049189
  25.2600000    0.0092992
  25.2800000    0.0133565
  25.3000000    0.0171159
  25.3200000    0.0206101
  25.3400000    0.0238695
  25.3600000    0.0269125
  25.3800000    0.0297390
  25.4000000    0.0323271
  25.4200000    0.0346334
  25.4400000    0.0365972
  25.4600000    0.0381479
  25.4800000    0.0392136
  25.5000000    0.0397308
  25.5200000    0.0396529
  25.5400000    0.0389572
  25.5600000    0.0376480
  25.5800000    0.0357578
  25.6000000    0.0333449
  25.6200000    0.0304882
  25.6400000    0.0272809
  25.6600000    0.0238229
  25.6800000    0.0202138
  25.7000000    0.0165465
  25.7200000    0.0129033
  25.7400000    0.0093526
  25.7600000    0.0059492
  25.7800000    0.0027347
  25.8000000   -0.0002600
  25.8200000   -0.0030120
  25.8400000   -0.0055043
  25.8600000   -0.0077234
  25.8800000   -0.0096594
  25.9000000   -0.0113058
  25.9200000   -0.0126612
  25.9400000   -0.0137310
  25.9600000   -0.0145288
  25.9800000   -0.0150782
  26.0000000   -0.0154122
  26.0200000   -0.0155723
  26.0400000   -0.0156064
  26.0600000   -0.0155649
  26.0800000   -0.0154971
  26.1000000   -0.0154471
  26.1200000   -0.0154494
  26.1400000   -0.0155266
  26.1600000   -0.0156861
  26.1800000   -0.0159199
  26.2000000   -0.0162041
  26.2200000   -0.0165006
  26.2400000   -0.0167595
  26.2600000   -0.0169230
  26.2800000   -0.0169299
  26.3000000   -0.0167206
  26.3200000   -0.0162422
  26.3400000   -0.0154532
  26.3600000   -0.0143269
  26.3800000   -0.0128528
  26.4000000   -0.0110366
  26.4200000   -0.0088978
  26.4400000   -0.0064658
  26.4600000   -0.0037748
  26.4800000   -0.0008585
  26.5000000    0.0022541
  26.5200000    0.0055418
  26.5400000    0.0089909
  26.5600000    0.0125938
  26.5800000    0.0163442
  26.6000000    0.0202308
  26.6200000    0.0242307
  26.6400000    0.0283033
  26.6600000    0.0323853
  26.6800000    0.0363897
  26.7000000    0.0402063
  26.7200000    0.0437076
  26.7400000    0.0467559
  26.7600000    0.0492138
  26.7800000    0.0509553
  26.8000000    0.0518762
  26.8200000    0.0519039
  26.8400000    0.0510037
  26.8600000    0.0491828
  26.8800000    0.0464897
  26.9000000    0.0430110
  26.9200000    0.0388654
  26.9400000    0.0341951
  26.9600000    0.0291565
  26.9800000    0.0239106
  27.0000000    0.0186144
  27.0200000    0.0134135
  27.0400000    0.0084373
  27.0600000    0.0037956
  27.0800000   -0.0004217
  27.1000000   -0.0041436
  27.1200000   -0.0073154
  27.1400000   -0.0098951
  27.1600000   -0.0118505
  27.1800000   -0.0131565
  27.2000000   -0.0137932
  27.2200000   -0.0137464
  27.2400000   -0.0130087
  27.2600000   -0.0115826
  27.2800000   -0.0094838
  27.3000000   -0.0067450
  27.3200000   -0.0034192
  27.3400000    0.0004186
  27.3600000    0.0046709
  27.3800000    0.0092204
  27.4000000    0.0139328
  27.4200000    0.0186639
  27.4400000    0.0232657
  27.4600000    0.0275944
  27.4800000    0.0315177
  27.5000000    0.0349211
  27.5200000    0.0377126
  27.5400000    0.0398254
  27.5600000    0.0412182
  27.5800000    0.0418735
  27.6000000    0.0417946
  27.6200000    0.0410008
  27.6400000    0.0395232
  27.6600000    0.0373999
  27.6800000    0.0346732
  27.7000000    0.0313870
  27.7200000    0.0275870
  27.7400000    0.0233217
  27.7600000    0.0186445
  27.7800000    0.0136170
  27.8000000    0.0083125
  27.8200000    0.0028184
  27.8400000   -0.0027619
  27.8600000   -0.0083089
  27.8800000   -0.0136883
  27.9000000   -0.0187548
  27.9200000   -0.0233573
  27.9400000   -0.0273457
  27.9600000   -0.0305781
  27.9800000   -0.0329296
  28.0000000   -0.0342993
  28.0200000   -0.0346176
  28.0400000   -0.0338505
  28.0600000   -0.0320038
  28.0800000   -0.0291234
  28.1000000   -0.0252944
  28.1200000   -0.0206378
  28.1400000   -0.0153059
  28.1600000   -0.0094751
  28.1800000   -0.0033388
  28.2000000    0.0029022
  28.2200000    0.0090485
  28.2400000    0.0149135
  28.2600000    0.0203327
  28.2800000    0.0251747
  28.3000000    0.0293494
  28.3200000    0.0328151
  28.3400000    0.0355810
  28.3600000    0.0377072
  28.3800000    0.0392980
  28.4000000    0.0404916
  28.4200000    0.0414447
  28.4400000    0.0423144
  28.4600000    0.0432383
  28.4800000    0.0443160
  28.5000000    0.0455942
  28.5200000    0.0470561
  28.5400000    0.0486195
  28.5600000    0.0501413
  28.5800000    0.0514302
  28.6000000    0.0522664
  28.6200000    0.0524248
  28.6400000    0.0517008
  28.6600000    0.0499352
  28.6800000    0.0470350
  28.7000000    0.0429878
  28.7200000    0.0378688
  28.7400000    0.0318382
  28.7600000    0.0251304
  28.7800000    0.0180344
  28.8000000    0.0108701
  28.8200000    0.0039604
  28.8400000   -0.0023965
  28.8600000   -0.0079515
  28.8800000   -0.0125236
  28.9000000   -0.0160116
  28.9200000   -0.0183972
  28.9400000   -0.0197401
  28.9600000   -0.0201657
  28.9800000   -0.0198473
  29.0000000   -0.0189858
  29.0200000   -0.0177884
  29.0400000   -0.0164497
  29.0600000   -0.0151362
  29.0800000   -0.0139753
  29.1000000   -0.0130501
  29.1200000   -0.0123980
  29.1400000   -0.0120143
  29.1600000   -0.0118576
  29.1800000   -0.0118572
  29.2000000   -0.0119207
  29.2200000   -0.0119416
  29.2400000   -0.0118055
  29.2600000   -0.0113959
  29.2800000   -0.0105994
  29.3000000   -0.0093096
  29.3200000   -0.0074324
  29.3400000   -0.0048899
  29.3600000   -0.0016261
  29.3800000    0.0023881
  29.4000000    0.0071503
  29.4200000    0.0126214
  29.4400000    0.0187238
  29.4600000    0.0253399
  29.4800000    0.0323141
  29.5000000    0.0394580
  29.5200000    0.0465581
  29.5400000    0.0533863
  29.5600000    0.0597126
  29.5800000    0.0653178
  29.6000000    0.0700071
  29.6200000    0.0736201
  29.6400000    0.0760394
  29.6600000    0.0771947
  29.6800000    0.0770621
  29.7000000    0.0756606
  29.7200000    0.0730441
  29.7400000    0.0692920
  29.7600000    0.0644989
  29.7800000    0.0587648
  29.8000000    0.0521879
  29.8200000    0.0448602
  29.8400000    0.0368671
  29.8600000    0.0282898
  29.8800000    0.0192114
  29.9000000    0.0097236
  29.9200000   -0.0000656
  29.9400000   -0.0100264
  29.9600000   -0.0200035
  29.9800000   -0.0298165
  30.0000000   -0.0392647
