 -10.0000000    0.0195015
  -9.9800000    0.0209091
  -9.9600000    0.0220001
  -9.9400000    0.0228137
  -9.9200000    0.0234087
  -9.9000000    0.0238550
  -9.8800000    0.0242258
  -9.8600000    0.0245886
  -9.8400000    0.0249989
  -9.8200000    0.0254942
  -9.8000000    0.0260920
  -9.7800000    0.0267893
  -9.7600000    0.0275646
  -9.7400000    0.0283819
  -9.7200000    0.0291957
  -9.7000000    0.0299554
  -9.6800000    0.0306111
  -9.6600000    0.0311170
  -9.6400000    0.0314347
  -9.6200000    0.0315352
  -9.6000000    0.0313996
  -9.5800000    0.0310192
  -9.5600000    0.0303951
  -9.5400000    0.0295369
  -9.5200000    0.0284614
  -9.5000000    0.0271921
  -9.4800000    0.0257574
  -9.4600000    0.0241901
  -9.4400000    0.0225265
  -9.4200000    0.0208062
  -9.4000000    0.0190711
  -9.3800000    0.0173652
  -9.3600000    0.0157342
  -9.3400000    0.0142246
  -9.3200000    0.0128832
  -9.3000000    0.0117552
  -9.2800000    0.0108836
  -9.2600000    0.0103062
  -9.2400000    0.0100541
  -9.2200000    0.0101481
  -9.2000000    0.0105969
  -9.1800000    0.0113932
  -9.1600000    0.0125122
  -9.1400000    0.0139097
  -9.1200000    0.0155217
  -9.1000000    0.0172655
  -9.0800000    0.0190423
  -9.0600000    0.0207416
  -9.0400000    0.0222472
  -9.0200000    0.0234440
  -9.0000000    0.0242255
  -8.9800000    0.0245016
  -8.9600000    0.0242054
  -8.9400000    0.0232984
  -8.9200000    0.0217745
  -8.9000000    0.0196616
  -8.8800000    0.0170208
  -8.8600000    0.0139435
  -8.8400000    0.0105465
  -8.8200000    0.0069656
  -8.8000000    0.0033480
  -8.7800000   -0.0001564
  -8.7600000   -0.0034033
  -8.7400000   -0.0062619
  -8.7200000   -0.0086225
  -8.7000000   -0.0104022
  -8.6800000   -0.0115490
  -8.6600000   -0.0120449
  -8.6400000   -0.0119058
  -8.6200000   -0.0111807
  -8.6000000   -0.0099484
  -8.5800000   -0.0083130
  -8.5600000   -0.0063981
  -8.5400000   -0.0043400
  -8.5200000   -0.0022806
  -8.5000000   -0.0003597
  -8.4800000    0.0012924
  -8.4600000    0.0025609
  -8.4400000    0.0033524
  -8.4200000    0.0035996
  -8.4000000    0.0032636
  -8.3800000    0.0023357
  -8.3600000    0.0008368
  -8.3400000   -0.0011835
  -8.3200000   -0.0036505
  -8.3000000   -0.0064671
  -8.2800000   -0.0095189
  -8.2600000   -0.0126787
  -8.2400000   -0.0158115
  -8.2200000   -0.0187804
  -8.2000000   -0.0214519
  -8.1800000   -0.0237017
  -8.1600000   -0.0254204
  -8.1400000   -0.0265188
  -8.1200000   -0.0269330
  -8.1000000   -0.0266284
  -8.0800000   -0.0256019
  -8.0600000   -0.0238834
  -8.0400000   -0.0215345
  -8.0200000   -0.0186458
  -8.0000000   -0.0153327
  -7.9800000   -0.0117288
  -7.9600000   -0.0079796
  -7.9400000   -0.0042347
  -7.9200000   -0.0006410
  -7.9000000    0.0026637
  -7.8800000    0.0055565
  -7.8600000    0.0079332
  -7.8400000    0.0097114
  -7.8200000    0.0108329
  -7.8000000    0.0112639
  -7.7800000    0.0109959
  -7.7600000    0.0100450
  -7.7400000    0.0084505
  -7.7200000    0.0062736
  -7.7000000    0.0035948
  -7.6800000    0.0005111
  -7.6600000   -0.0028679
  -7.6400000   -0.0064240
  -7.6200000   -0.0100350
  -7.6000000   -0.0135792
  -7.5800000   -0.0169401
  -7.5600000   -0.0200099
  -7.5400000   -0.0226933
  -7.5200000   -0.0249095
  -7.5000000   -0.0265940
  -7.4800000   -0.0276991
  -7.4600000   -0.0281943
  -7.4400000   -0.0280662
  -7.4200000   -0.0273178
  -7.4000000   -0.0259686
  -7.3800000   -0.0240540
  -7.3600000   -0.0216261
  -7.3400000   -0.0187527
  -7.3200000   -0.0155179
  -7.3000000   -0.0120209
  -7.2800000   -0.0083742
  -7.2600000   -0.0047012
  -7.2400000   -0.0011317
  -7.2200000    0.0022027
  -7.2000000    0.0051748
  -7.1800000    0.0076687
  -7.1600000    0.0095858
  -7.1400000    0.0108513
  -7.1200000    0.0114189
  -7.1000000    0.0112741
  -7.0800000    0.0104355
  -7.0600000    0.0089537
  -7.0400000    0.0069090
  -7.0200000    0.0044054
  -7.0000000    0.0015647
  -6.9800000   -0.0014816
  -6.9600000   -0.0046007
  -6.9400000   -0.0076667
  -6.9200000   -0.0105683
  -6.9000000   -0.0132150
  -6.8800000   -0.0155415
  -6.8600000   -0.0175095
  -6.8400000   -0.0191081
  -6.8200000   -0.0203510
  -6.8000000   -0.0212719
  -6.7800000   -0.0219189
  -6.7600000   -0.0223476
  -6.7400000   -0.0226144
  -6.7200000   -0.0227706
  -6.7000000   -0.0228571
  -6.6800000   -0.0229012
  -6.6600000   -0.0229156
  -6.6400000   -0.0228982
  -6.6200000   -0.0228337
  -6.6000000   -0.0226971
  -6.5800000   -0.0224567
  -6.5600000   -0.0220781
  -6.5400000   -0.0215283
  -6.5200000   -0.0207787
  -6.5000000   -0.0198092
  -6.4800000   -0.0186105
  -6.4600000   -0.0171866
  -6.4400000   -0.0155570
  -6.4200000   -0.0137573
  -6.4000000   -0.0118398
  -6.3800000   -0.0098719
  -6.3600000   -0.0079344
  -6.3400000   -0.0061168
  -6.3200000   -0.0045121
  -6.3000000   -0.0032101
  -6.2800000   -0.0022907
  -6.2600000   -0.0018161
  -6.2400000   -0.0018247
  -6.2200000   -0.0023269
  -6.2000000   -0.0033020
  -6.1800000   -0.0046987
  -6.1600000   -0.0064377
  -6.1400000   -0.0084167
  -6.1200000   -0.0105175
  -6.1000000   -0.0126140
  -6.0800000   -0.0145799
  -6.0600000   -0.0162971
  -6.0400000   -0.0176619
  -6.0200000   -0.0185902
  -6.0000000   -0.0190214
  -5.9800000   -0.0189200
  -5.9600000   -0.0182768
  -5.9400000   -0.0171080
  -5.9200000   -0.0154541
  -5.9000000   -0.0133775
  -5.8800000   -0.0109601
  -5.8600000   -0.0082992
  -5.8400000   -0.0055032
  -5.8200000   -0.0026871
  -5.8000000    0.0000332
  -5.7800000    0.0025468
  -5.7600000    0.0047528
  -5.7400000    0.0065658
  -5.7200000    0.0079199
  -5.7000000    0.0087713
  -5.6800000    0.0091001
  -5.6600000    0.0089104
  -5.6400000    0.0082291
  -5.6200000    0.0071037
  -5.6000000    0.0056003
  -5.5800000    0.0038000
  -5.5600000    0.0017966
  -5.5400000   -0.0003063
  -5.5200000   -0.0023977
  -5.5000000   -0.0043623
  -5.4800000   -0.0060833
  -5.4600000   -0.0074466
  -5.4400000   -0.0083450
  -5.4200000   -0.0086839
  -5.4000000   -0.0083875
  -5.3800000   -0.0074050
  -5.3600000   -0.0057161
  -5.3400000   -0.0033362
  -5.3200000   -0.0003184
  -5.3000000    0.0032460
  -5.2800000    0.0072302
  -5.2600000    0.0114772
  -5.2400000    0.0158074
  -5.2200000    0.0200281
  -5.2000000    0.0239437
  -5.1800000    0.0273666
  -5.1600000    0.0301268
  -5.1400000    0.0320801
  -5.1200000    0.0331158
  -5.1000000    0.0331612
  -5.0800000    0.0321849
  -5.0600000    0.0301983
  -5.0400000    0.0272553
  -5.0200000    0.0234502
  -5.0000000    0.0189143
  -4.9800000    0.0138101
  -4.9600000    0.0083247
  -4.9400000    0.0026607
  -4.9200000   -0.0029732
  -4.9000000   -0.0083734
  -4.8800000   -0.0133522
  -4.8600000   -0.0177475
  -4.8400000   -0.0214315
  -4.8200000   -0.0243165
  -4.8000000   -0.0263580
  -4.7800000   -0.0275541
  -4.7600000   -0.0279424
  -4.7400000   -0.0275942
  -4.7200000   -0.0266063
  -4.7000000   -0.0250926
  -4.6800000   -0.0231753
  -4.6600000   -0.0209773
  -4.6400000   -0.0186151
  -4.6200000   -0.0161942
  -4.6000000   -0.0138056
  -4.5800000   -0.0115233
  -4.5600000   -0.0094038
  -4.5400000   -0.0074855
  -4.5200000   -0.0057900
  -4.5000000   -0.0043226
  -4.4800000   -0.0030749
  -4.4600000   -0.0020272
  -4.4400000   -0.0011523
  -4.4200000   -0.0004196
  -4.4000000    0.0002004
  -4.3800000    0.0007312
  -4.3600000    0.0011867
  -4.3400000    0.0015686
  -4.3200000    0.0018651
  -4.3000000    0.0020524
  -4.2800000    0.0020978
  -4.2600000    0.0019643
  -4.2400000    0.0016171
  -4.2200000    0.0010291
  -4.2000000    0.0001871
  -4.1800000   -0.0009045
  -4.1600000   -0.0022213
  -4.1400000   -0.0037198
  -4.1200000   -0.0053397
  -4.1000000   -0.0070093
  -4.0800000   -0.0086509
  -4.0600000   -0.0101885
  -4.0400000   -0.0115536
  -4.0200000   -0.0126915
  -4.0000000   -0.0135647
  -3.9800000   -0.0141552
  -3.9600000   -0.0144641
  -3.9400000   -0.0145097
  -3.9200000   -0.0143236
  -3.9000000   -0.0139459
  -3.8800000   -0.0134192
  -3.8600000   -0.0127839
  -3.8400000   -0.0120733
  -3.8200000   -0.0113104
  -3.8000000   -0.0105064
  -3.7800000   -0.0096611
  -3.7600000   -0.0087654
  -3.7400000   -0.0078046
  -3.7200000   -0.0067632
  -3.7000000   -0.0056303
  -3.6800000   -0.0044040
  -3.6600000   -0.0030945
  -3.6400000   -0.0017268
  -3.6200000   -0.0003395
  -3.6000000    0.0010161
  -3.5800000    0.0022808
  -3.5600000    0.0033914
  -3.5400000    0.0042869
  -3.5200000    0.0049129
  -3.5000000    0.0052261
  -3.4800000    0.0051975
  -3.4600000    0.0048130
  -3.4400000    0.0040741
  -3.4200000    0.0029956
  -3.4000000    0.0016039
  -3.3800000   -0.0000661
  -3.3600000   -0.0019729
  -3.3400000   -0.0040705
  -3.3200000   -0.0063095
  -3.3000000   -0.0086364
  -3.2800000   -0.0109936
  -3.2600000   -0.0133174
  -3.2400000   -0.0155368
  -3.2200000   -0.0175731
  -3.2000000   -0.0193392
  -3.1800000   -0.0207416
  -3.1600000   -0.0216829
  -3.1400000   -0.0220661
  -3.1200000   -0.0218010
  -3.1000000   -0.0208101
  -3.0800000   -0.0190362
  -3.0600000   -0.0164491
  -3.0400000   -0.0130518
  -3.0200000   -0.0088844
  -3.0000000   -0.0040263
  -2.9800000    0.0014035
  -2.9600000    0.0072502
  -2.9400000    0.0133281
  -2.9200000    0.0194295
  -2.9000000    0.0253337
  -2.8800000    0.0308196
  -2.8600000    0.0356762
  -2.8400000    0.0397150
  -2.8200000    0.0427795
  -2.8000000    0.0447532
  -2.7800000    0.0455644
  -2.7600000    0.0451877
  -2.7400000    0.0436424
  -2.7200000    0.0409878
  -2.7000000    0.0373165
  -2.6800000    0.0327467
  -2.6600000    0.0274141
  -2.6400000    0.0214656
  -2.6200000    0.0150540
  -2.6000000    0.0083353
  -2.5800000    0.0014677
  -2.5600000   -0.0053879
  -2.5400000   -0.0120674
  -2.5200000   -0.0184033
  -2.5000000   -0.0242261
  -2.4800000   -0.0293685
  -2.4600000   -0.0336710
  -2.4400000   -0.0369903
  -2.4200000   -0.0392092
  -2.4000000   -0.0402455
  -2.3800000   -0.0400613
  -2.3600000   -0.0386685
  -2.3400000   -0.0361322
  -2.3200000   -0.0325688
  -2.3000000   -0.0281415
  -2.2800000   -0.0230503
  -2.2600000   -0.0175211
  -2.2400000   -0.0117910
  -2.2200000   -0.0060945
  -2.2000000   -0.0006505
  -2.1800000    0.0043500
  -2.1600000    0.0087518
  -2.1400000    0.0124413
  -2.1200000    0.0153488
  -2.1000000    0.0174471
  -2.0800000    0.0187485
  -2.0600000    0.0192985
  -2.0400000    0.0191694
  -2.0200000    0.0184516
  -2.0000000    0.0172461
  -1.9800000    0.0156563
  -1.9600000    0.0137805
  -1.9400000    0.0117057
  -1.9200000    0.0095028
  -1.9000000    0.0072237
  -1.8800000    0.0048995
  -1.8600000    0.0025425
  -1.8400000    0.0001481
  -1.8200000   -0.0022992
  -1.8000000   -0.0048202
  -1.7800000   -0.0074332
  -1.7600000   -0.0101472
  -1.7400000   -0.0129543
  -1.7200000   -0.0158252
  -1.7000000   -0.0187056
  -1.6800000   -0.0215158
  -1.6600000   -0.0241529
  -1.6400000   -0.0264963
  -1.6200000   -0.0284149
  -1.6000000   -0.0297761
  -1.5800000   -0.0304563
  -1.5600000   -0.0303504
  -1.5400000   -0.0293802
  -1.5200000   -0.0275016
  -1.5000000   -0.0247088
  -1.4800000   -0.0210364
  -1.4600000   -0.0165583
  -1.4400000   -0.0113853
  -1.4200000   -0.0056596
  -1.4000000    0.0004509
  -1.3800000    0.0067613
  -1.3600000    0.0130776
  -1.3400000    0.0192061
  -1.3200000    0.0249630
  -1.3000000    0.0301829
  -1.2800000    0.0347267
  -1.2600000    0.0384872
  -1.2400000    0.0413926
  -1.2200000    0.0434065
  -1.2000000    0.0445244
  -1.1800000    0.0447678
  -1.1600000    0.0441757
  -1.1400000    0.0427958
  -1.1200000    0.0406753
  -1.1000000    0.0378557
  -1.0800000    0.0343693
  -1.0600000    0.0302414
  -1.0400000    0.0254963
  -1.0200000    0.0201667
  -1.0000000    0.0143055
  -0.9800000    0.0079972
  -0.9600000    0.0013673
  -0.9400000   -0.0054123
  -0.9200000   -0.0121235
  -0.9000000   -0.0185079
  -0.8800000   -0.0242790
  -0.8600000   -0.0291382
  -0.8400000   -0.0327934
  -0.8200000   -0.0349789
  -0.8000000   -0.0354721
  -0.7800000   -0.0341089
  -0.7600000   -0.0307926
  -0.7400000   -0.0254998
  -0.7200000   -0.0182802
  -0.7000000   -0.0092538
  -0.6800000    0.0013950
  -0.6600000    0.0134253
  -0.6400000    0.0265479
  -0.6200000    0.0404344
  -0.6000000    0.0547257
  -0.5800000    0.0690418
  -0.5600000    0.0829917
  -0.5400000    0.0961844
  -0.5200000    0.1082406
  -0.5000000    0.1188053
  -0.4800000    0.1275602
  -0.4600000    0.1342355
  -0.4400000    0.1386199
  -0.4200000    0.1405687
  -0.4000000    0.1400087
  -0.3800000    0.1369408
  -0.3600000    0.1314404
  -0.3400000    0.1236552
  -0.3200000    0.1138021
  -0.3000000    0.1021628
  -0.2800000    0.0890787
  -0.2600000    0.0749441
  -0.2400000    0.0601979
  -0.2200000    0.0453137
  -0.2000000    0.0307863
  -0.1800000    0.0171163
  -0.1600000    0.0047910
  -0.1400000   -0.0057368
  -0.1200000   -0.0140708
  -0.1000000   -0.0198950
  -0.0800000   -0.0229956
  -0.0600000   -0.0232803
  -0.0400000   -0.0207932
  -0.0200000   -0.0157235
   0.0000000   -0.0084058
   0.0200000    0.0006891
   0.0400000    0.0109734
   0.0600000    0.0217716
   0.0800000    0.0323583
   0.1000000    0.0420020
   0.1200000    0.0500124
   0.1400000    0.0557851
   0.1600000    0.0588427
   0.1800000    0.0588648
   0.2000000    0.0557085
   0.2200000    0.0494142
   0.2400000    0.0401991
   0.2600000    0.0284386
   0.2800000    0.0146387
   0.3000000   -0.0005986
   0.3200000   -0.0166126
   0.3400000   -0.0327218
   0.3600000   -0.0482603
   0.3800000   -0.0626089
   0.4000000   -0.0752230
   0.4200000   -0.0856535
   0.4400000   -0.0935623
   0.4600000   -0.0987316
   0.4800000   -0.1010670
   0.5000000   -0.1005949
   0.5200000   -0.0974543
   0.5400000   -0.0918831
   0.5600000   -0.0842010
   0.5800000   -0.0747889
   0.6000000   -0.0640666
   0.6200000   -0.0524713
   0.6400000   -0.0404376
   0.6600000   -0.0283792
   0.6800000   -0.0166762
   0.7000000   -0.0056644
   0.7200000    0.0043707
   0.7400000    0.0131975
   0.7600000    0.0206403
   0.7800000    0.0265792
   0.8000000    0.0309513
   0.8200000    0.0337495
   0.8400000    0.0350233
   0.8600000    0.0348760
   0.8800000    0.0334630
   0.9000000    0.0309850
   0.9200000    0.0276810
   0.9400000    0.0238170
   0.9600000    0.0196731
   0.9800000    0.0155289
   1.0000000    0.0116493
   1.0200000    0.0082700
   1.0400000    0.0055860
   1.0600000    0.0037426
   1.0800000    0.0028288
   1.1000000    0.0028762
   1.1200000    0.0038591
   1.1400000    0.0056997
   1.1600000    0.0082748
   1.1800000    0.0114251
   1.2000000    0.0149661
   1.2200000    0.0186996
   1.2400000    0.0224256
   1.2600000    0.0259534
   1.2800000    0.0291122
   1.3000000    0.0317587
   1.3200000    0.0337831
   1.3400000    0.0351121
   1.3600000    0.0357093
   1.3800000    0.0355721
   1.4000000    0.0347279
   1.4200000    0.0332277
   1.4400000    0.0311403
   1.4600000    0.0285463
   1.4800000    0.0255332
   1.5000000    0.0221925
   1.5200000    0.0186174
   1.5400000    0.0149026
   1.5600000    0.0111438
   1.5800000    0.0074371
   1.6000000    0.0038783
   1.6200000    0.0005601
   1.6400000   -0.0024315
   1.6600000   -0.0050211
   1.6800000   -0.0071495
   1.7000000   -0.0087772
   1.7200000   -0.0098877
   1.7400000   -0.0104888
   1.7600000   -0.0106109
   1.7800000   -0.0103045
   1.8000000   -0.0096352
   1.8200000   -0.0086779
   1.8400000   -0.0075109
   1.8600000   -0.0062103
   1.8800000   -0.0048460
   1.9000000   -0.0034784
   1.9200000   -0.0021572
   1.9400000   -0.0009210
   1.9600000    0.0002016
   1.9800000    0.0011910
   2.0000000    0.0020351
   2.0200000    0.0027282
   2.0400000    0.0032693
   2.0600000    0.0036620
   2.0800000    0.0039136
   2.1000000    0.0040341
   2.1200000    0.0040366
   2.1400000    0.0039357
   2.1600000    0.0037481
   2.1800000    0.0034918
   2.2000000    0.0031866
   2.2200000    0.0028548
   2.2400000    0.0025214
   2.2600000    0.0022155
   2.2800000    0.0019705
   2.3000000    0.0018242
   2.3200000    0.0018176
   2.3400000    0.0019931
   2.3600000    0.0023915
   2.3800000    0.0030474
   2.4000000    0.0039856
   2.4200000    0.0052160
   2.4400000    0.0067303
   2.4600000    0.0084990
   2.4800000    0.0104716
   2.5000000    0.0125770
   2.5200000    0.0147272
   2.5400000    0.0168227
   2.5600000    0.0187586
   2.5800000    0.0204326
   2.6000000    0.0217513
   2.6200000    0.0226377
   2.6400000    0.0230354
   2.6600000    0.0229122
   2.6800000    0.0222607
   2.7000000    0.0210973
   2.7200000    0.0194589
   2.7400000    0.0173987
   2.7600000    0.0149809
   2.7800000    0.0122756
   2.8000000    0.0093542
   2.8200000    0.0062855
   2.8400000    0.0031332
   2.8600000   -0.0000449
   2.8800000   -0.0031976
   2.9000000   -0.0062795
   2.9200000   -0.0092502
   2.9400000   -0.0120737
   2.9600000   -0.0147176
   2.9800000   -0.0171541
   3.0000000   -0.0193599
   3.0200000   -0.0213184
   3.0400000   -0.0230201
   3.0600000   -0.0244641
   3.0800000   -0.0256586
   3.1000000   -0.0266199
   3.1200000   -0.0273713
   3.1400000   -0.0279407
   3.1600000   -0.0283572
   3.1800000   -0.0286476
   3.2000000   -0.0288331
   3.2200000   -0.0289264
   3.2400000   -0.0289292
   3.2600000   -0.0288316
   3.2800000   -0.0286121
   3.3000000   -0.0282390
   3.3200000   -0.0276735
   3.3400000   -0.0268735
   3.3600000   -0.0257976
   3.3800000   -0.0244108
   3.4000000   -0.0226892
   3.4200000   -0.0206244
   3.4400000   -0.0182275
   3.4600000   -0.0155307
   3.4800000   -0.0125886
   3.5000000   -0.0094754
   3.5200000   -0.0062817
   3.5400000   -0.0031083
   3.5600000   -0.0000586
   3.5800000    0.0027696
   3.6000000    0.0052928
   3.6200000    0.0074488
   3.6400000    0.0092033
   3.6600000    0.0105524
   3.6800000    0.0115236
   3.7000000    0.0121733
   3.7200000    0.0125815
   3.7400000    0.0128450
   3.7600000    0.0130685
   3.7800000    0.0133558
   3.8000000    0.0138006
   3.8200000    0.0144782
   3.8400000    0.0154397
   3.8600000    0.0167069
   3.8800000    0.0182706
   3.9000000    0.0200907
   3.9200000    0.0220992
   3.9400000    0.0242054
   3.9600000    0.0263035
   3.9800000    0.0282811
   4.0000000    0.0300286
   4.0200000    0.0314483
   4.0400000    0.0324626
   4.0600000    0.0330200
   4.0800000    0.0330980
   4.1000000    0.0327040
   4.1200000    0.0318723
   4.1400000    0.0306594
   4.1600000    0.0291372
   4.1800000    0.0273864
   4.2000000    0.0254887
   4.2200000    0.0235221
   4.2400000    0.0215568
   4.2600000    0.0196534
   4.2800000    0.0178632
   4.3000000    0.0162294
   4.3200000    0.0147896
   4.3400000    0.0135775
   4.3600000    0.0126247
   4.3800000    0.0119604
   4.4000000    0.0116104
   4.4200000    0.0115948
   4.4400000    0.0119238
   4.4600000    0.0125945
   4.4800000    0.0135863
   4.5000000    0.0148590
   4.5200000    0.0163502
   4.5400000    0.0179765
   4.5600000    0.0196360
   4.5800000    0.0212125
   4.6000000    0.0225826
   4.6200000    0.0236238
   4.6400000    0.0242228
   4.6600000    0.0242849
   4.6800000    0.0237416
   4.7000000    0.0225570
   4.7200000    0.0207318
   4.7400000    0.0183040
   4.7600000    0.0153470
   4.7800000    0.0119646
   4.8000000    0.0082839
   4.8200000    0.0044455
   4.8400000    0.0005940
   4.8600000   -0.0031322
   4.8800000   -0.0066095
   4.9000000   -0.0097364
   4.9200000   -0.0124380
   4.9400000   -0.0146680
   4.9600000   -0.0164088
   4.9800000   -0.0176695
   5.0000000   -0.0184819
   5.0200000   -0.0188971
   5.0400000   -0.0189808
   5.0600000   -0.0188094
   5.0800000   -0.0184666
   5.1000000   -0.0180401
   5.1200000   -0.0176183
   5.1400000   -0.0172862
   5.1600000   -0.0171215
   5.1800000   -0.0171893
   5.2000000   -0.0175361
   5.2200000   -0.0181844
   5.2400000   -0.0191279
   5.2600000   -0.0203285
   5.2800000   -0.0217154
   5.3000000   -0.0231887
   5.3200000   -0.0246246
   5.3400000   -0.0258848
   5.3600000   -0.0268272
   5.3800000   -0.0273182
   5.4000000   -0.0272441
   5.4200000   -0.0265203
   5.4400000   -0.0250994
   5.4600000   -0.0229739
   5.4800000   -0.0201768
   5.5000000   -0.0167782
   5.5200000   -0.0128797
   5.5400000   -0.0086068
   5.5600000   -0.0041005
   5.5800000    0.0004917
   5.6000000    0.0050234
   5.6200000    0.0093563
   5.6400000    0.0133660
   5.6600000    0.0169461
   5.6800000    0.0200108
   5.7000000    0.0224968
   5.7200000    0.0243629
   5.7400000    0.0255894
   5.7600000    0.0261759
   5.7800000    0.0261390
   5.8000000    0.0255091
   5.8200000    0.0243269
   5.8400000    0.0226410
   5.8600000    0.0205053
   5.8800000    0.0179768
   5.9000000    0.0151154
   5.9200000    0.0119828
   5.9400000    0.0086439
   5.9600000    0.0051665
   5.9800000    0.0016219
   6.0000000   -0.0019146
   6.0200000   -0.0053650
   6.0400000   -0.0086499
   6.0600000   -0.0116909
   6.0800000   -0.0144133
   6.1000000   -0.0167497
   6.1200000   -0.0186433
   6.1400000   -0.0200510
   6.1600000   -0.0209455
   6.1800000   -0.0213176
   6.2000000   -0.0211764
   6.2200000   -0.0205493
   6.2400000   -0.0194812
   6.2600000   -0.0180318
   6.2800000   -0.0162738
   6.3000000   -0.0142892
   6.3200000   -0.0121659
   6.3400000   -0.0099939
   6.3600000   -0.0078613
   6.3800000   -0.0058511
   6.4000000   -0.0040372
   6.4200000   -0.0024819
   6.4400000   -0.0012332
   6.4600000   -0.0003237
   6.4800000    0.0002305
   6.5000000    0.0004299
   6.5200000    0.0002907
   6.5400000   -0.0001569
   6.5600000   -0.0008701
   6.5800000   -0.0017963
   6.6000000   -0.0028762
   6.6200000   -0.0040465
   6.6400000   -0.0052437
   6.6600000   -0.0064071
   6.6800000   -0.0074821
   6.7000000   -0.0084232
   6.7200000   -0.0091960
   6.7400000   -0.0097785
   6.7600000   -0.0101619
   6.7800000   -0.0103494
   6.8000000   -0.0103547
   6.8200000   -0.0101995
   6.8400000   -0.0099098
   6.8600000   -0.0095130
   6.8800000   -0.0090342
   6.9000000   -0.0084934
   6.9200000   -0.0079037
   6.9400000   -0.0072702
   6.9600000   -0.0065901
   6.9800000   -0.0058541
   7.0000000   -0.0050483
   7.0200000   -0.0041568
   7.0400000   -0.0031655
   7.0600000   -0.0020648
   7.0800000   -0.0008529
   7.1000000    0.0004617
   7.1200000    0.0018588
   7.1400000    0.0033065
   7.1600000    0.0047620
   7.1800000    0.0061750
   7.2000000    0.0074917
   7.2200000    0.0086600
   7.2400000    0.0096352
   7.2600000    0.0103853
   7.2800000    0.0108948
   7.3000000    0.0111673
   7.3200000    0.0112249
   7.3400000    0.0111057
   7.3600000    0.0108592
   7.3800000    0.0105399
   7.4000000    0.0102004
   7.4200000    0.0098856
   7.4400000    0.0096271
   7.4600000    0.0094412
   7.4800000    0.0093277
   7.5000000    0.0092724
   7.5200000    0.0092502
   7.5400000    0.0092299
   7.5600000    0.0091791
   7.5800000    0.0090683
   7.6000000    0.0088742
   7.6200000    0.0085819
   7.6400000    0.0081849
   7.6600000    0.0076853
   7.6800000    0.0070920
   7.7000000    0.0064195
   7.7200000    0.0056863
   7.7400000    0.0049133
   7.7600000    0.0041234
   7.7800000    0.0033401
   7.8000000    0.0025877
   7.8200000    0.0018902
   7.8400000    0.0012713
   7.8600000    0.0007535
   7.8800000    0.0003573
   7.9000000    0.0001005
   7.9200000   -0.0000026
   7.9400000    0.0000580
   7.9600000    0.0002874
   7.9800000    0.0006856
   8.0000000    0.0012469
   8.0200000    0.0019600
   8.0400000    0.0028076
   8.0600000    0.0037664
   8.0800000    0.0048071
   8.1000000    0.0058944
   8.1200000    0.0069876
   8.1400000    0.0080412
   8.1600000    0.0090070
   8.1800000    0.0098361
   8.2000000    0.0104818
   8.2200000    0.0109034
   8.2400000    0.0110699
   8.2600000    0.0109633
   8.2800000    0.0105819
   8.3000000    0.0099413
   8.3200000    0.0090746
   8.3400000    0.0080304
   8.3600000    0.0068684
   8.3800000    0.0056546
   8.4000000    0.0044547
   8.4200000    0.0033279
   8.4400000    0.0023208
   8.4600000    0.0014637
   8.4800000    0.0007684
   8.5000000    0.0002288
   8.5200000   -0.0001764
   8.5400000   -0.0004791
   8.5600000   -0.0007159
   8.5800000   -0.0009216
   8.6000000   -0.0011236
   8.6200000   -0.0013373
   8.6400000   -0.0015633
   8.6600000   -0.0017864
   8.6800000   -0.0019772
   8.7000000   -0.0020945
   8.7200000   -0.0020897
   8.7400000   -0.0019117
   8.7600000   -0.0015116
   8.7800000   -0.0008478
   8.8000000    0.0001106
   8.8200000    0.0013804
   8.8400000    0.0029628
   8.8600000    0.0048425
   8.8800000    0.0069883
   8.9000000    0.0093538
   8.9200000    0.0118803
   8.9400000    0.0144986
   8.9600000    0.0171319
   8.9800000    0.0196994
   9.0000000    0.0221192
   9.0200000    0.0243113
   9.0400000    0.0262011
   9.0600000    0.0277215
   9.0800000    0.0288159
   9.1000000    0.0294399
   9.1200000    0.0295631
   9.1400000    0.0291698
   9.1600000    0.0282600
   9.1800000    0.0268493
   9.2000000    0.0249683
   9.2200000    0.0226619
   9.2400000    0.0199879
   9.2600000    0.0170148
   9.2800000    0.0138196
   9.3000000    0.0104857
   9.3200000    0.0070992
   9.3400000    0.0037469
   9.3600000    0.0005127
   9.3800000   -0.0025243
   9.4000000   -0.0052927
   9.4200000   -0.0077302
   9.4400000   -0.0097853
   9.4600000   -0.0114183
   9.4800000   -0.0126017
   9.5000000   -0.0133210
   9.5200000   -0.0135746
   9.5400000   -0.0133742
   9.5600000   -0.0127440
   9.5800000   -0.0117209
   9.6000000   -0.0103532
   9.6200000   -0.0086997
   9.6400000   -0.0068274
   9.6600000   -0.0048091
   9.6800000   -0.0027202
   9.7000000   -0.0006353
   9.7200000    0.0013761
   9.7400000    0.0032532
   9.7600000    0.0049475
   9.7800000    0.0064249
   9.8000000    0.0076684
   9.8200000    0.0086774
   9.8400000    0.0094675
   9.8600000    0.0100682
   9.8800000    0.0105194
   9.9000000    0.0108674
   9.9200000    0.0111605
   9.9400000    0.0114436
   9.9600000    0.0117545
   9.9800000    0.0121190
  10.0000000    0.0125488
  10.0200000    0.0130390
  10.0400000    0.0135678
  10.0600000    0.0140970
  10.0800000    0.0145748
  10.1000000    0.0149386
  10.1200000    0.0151196
  10.1400000    0.0150481
  10.1600000    0.0146584
  10.1800000    0.0138946
  10.2000000    0.0127152
  10.2200000    0.0110971
  10.2400000    0.0090382
  10.2600000    0.0065595
  10.2800000    0.0037045
  10.3000000    0.0005387
  10.3200000   -0.0028535
  10.3400000   -0.0063726
  10.3600000   -0.0099083
  10.3800000   -0.0133452
  10.4000000   -0.0165689
  10.4200000   -0.0194715
  10.4400000   -0.0219577
  10.4600000   -0.0239493
  10.4800000   -0.0253897
  10.5000000   -0.0262462
  10.5200000   -0.0265108
  10.5400000   -0.0261996
  10.5600000   -0.0253510
  10.5800000   -0.0240216
  10.6000000   -0.0222827
  10.6200000   -0.0202153
  10.6400000   -0.0179060
  10.6600000   -0.0154433
  10.6800000   -0.0129144
  10.7000000   -0.0104028
  10.7200000   -0.0079872
  10.7400000   -0.0057398
  10.7600000   -0.0037254
  10.7800000   -0.0019999
  10.8000000   -0.0006093
  10.8200000    0.0004122
  10.8400000    0.0010441
  10.8600000    0.0012808
  10.8800000    0.0011328
  10.9000000    0.0006270
  10.9200000   -0.0001939
  10.9400000   -0.0012734
  10.9600000   -0.0025438
  10.9800000   -0.0039296
  11.0000000   -0.0053521
  11.0200000   -0.0067338
  11.0400000   -0.0080029
  11.0600000   -0.0090979
  11.0800000   -0.0099705
  11.1000000   -0.0105892
  11.1200000   -0.0109399
  11.1400000   -0.0110268
  11.1600000   -0.0108705
  11.1800000   -0.0105063
  11.2000000   -0.0099797
  11.2200000   -0.0093427
  11.2400000   -0.0086489
  11.2600000   -0.0079477
  11.2800000   -0.0072808
  11.3000000   -0.0066776
  11.3200000   -0.0061532
  11.3400000   -0.0057066
  11.3600000   -0.0053211
  11.3800000   -0.0049663
  11.4000000   -0.0046008
  11.4200000   -0.0041765
  11.4400000   -0.0036435
  11.4600000   -0.0029555
  11.4800000   -0.0020744
  11.5000000   -0.0009750
  11.5200000    0.0003515
  11.5400000    0.0018962
  11.5600000    0.0036315
  11.5800000    0.0055127
  11.6000000    0.0074810
  11.6200000    0.0094676
  11.6400000    0.0113980
  11.6600000    0.0131978
  11.6800000    0.0147972
  11.7000000    0.0161348
  11.7200000    0.0171607
  11.7400000    0.0178381
  11.7600000    0.0181437
  11.7800000    0.0180669
  11.8000000    0.0176088
  11.8200000    0.0167803
  11.8400000    0.0156011
  11.8600000    0.0140980
  11.8800000    0.0123048
  11.9000000    0.0102618
  11.9200000    0.0080160
  11.9400000    0.0056207
  11.9600000    0.0031356
  11.9800000    0.0006262
  12.0000000   -0.0018382
  12.0200000   -0.0041855
  12.0400000   -0.0063442
  12.0600000   -0.0082453
  12.0800000   -0.0098255
  12.1000000   -0.0110296
  12.1200000   -0.0118131
  12.1400000   -0.0121437
  12.1600000   -0.0120033
  12.1800000   -0.0113886
  12.2000000   -0.0103123
  12.2200000   -0.0088030
  12.2400000   -0.0069059
  12.2600000   -0.0046819
  12.2800000   -0.0022070
  12.3000000    0.0004296
  12.3200000    0.0031280
  12.3400000    0.0057813
  12.3600000    0.0082805
  12.3800000    0.0105200
  12.4000000    0.0124043
  12.4200000    0.0138544
  12.4400000    0.0148141
  12.4600000    0.0152549
  12.4800000    0.0151791
  12.5000000    0.0146213
  12.5200000    0.0136456
  12.5400000    0.0123416
  12.5600000    0.0108167
  12.5800000    0.0091869
  12.6000000    0.0075663
  12.6200000    0.0060565
  12.6400000    0.0047375
  12.6600000    0.0036601
  12.6800000    0.0028418
  12.7000000    0.0022659
  12.7200000    0.0018846
  12.7400000    0.0016248
  12.7600000    0.0013972
  12.7800000    0.0011062
  12.8000000    0.0006608
  12.8200000   -0.0000151
  12.8400000   -0.0009746
  12.8600000   -0.0022420
  12.8800000   -0.0038095
  12.9000000   -0.0056380
  12.9200000   -0.0076600
  12.9400000   -0.0097858
  12.9600000   -0.0119113
  12.9800000   -0.0139262
  13.0000000   -0.0157237
  13.0200000   -0.0172085
  13.0400000   -0.0183035
  13.0600000   -0.0189547
  13.0800000   -0.0191339
  13.1000000   -0.0188384
  13.1200000   -0.0180894
  13.1400000   -0.0169277
  13.1600000   -0.0154087
  13.1800000   -0.0135971
  13.2000000   -0.0115609
  13.2200000   -0.0093672
  13.2400000   -0.0070787
  13.2600000   -0.0047519
  13.2800000   -0.0024373
  13.3000000   -0.0001805
  13.3200000    0.0019749
  13.3400000    0.0039842
  13.3600000    0.0057984
  13.3800000    0.0073621
  13.4000000    0.0086115
  13.4200000    0.0094762
  13.4400000    0.0098807
  13.4600000    0.0097498
  13.4800000    0.0090140
  13.5000000    0.0076173
  13.5200000    0.0055243
  13.5400000    0.0027271
  13.5600000   -0.0007494
  13.5800000   -0.0048443
  13.6000000   -0.0094602
  13.6200000   -0.0144658
  13.6400000   -0.0197014
  13.6600000   -0.0249861
  13.6800000   -0.0301281
  13.7000000   -0.0349347
  13.7200000   -0.0392230
  13.7400000   -0.0428298
  13.7600000   -0.0456197
  13.7800000   -0.0474916
  13.8000000   -0.0483825
  13.8200000   -0.0482692
  13.8400000   -0.0471680
  13.8600000   -0.0451322
  13.8800000   -0.0422482
  13.9000000   -0.0386311
  13.9200000   -0.0344185
  13.9400000   -0.0297649
  13.9600000   -0.0248346
  13.9800000   -0.0197959
  14.0000000   -0.0148141
  14.0200000   -0.0100454
  14.0400000   -0.0056310
  14.0600000   -0.0016918
  14.0800000    0.0016759
  14.1000000    0.0044034
  14.1200000    0.0064520
  14.1400000    0.0078131
  14.1600000    0.0085077
  14.1800000    0.0085838
  14.2000000    0.0081132
  14.2200000    0.0071869
  14.2400000    0.0059099
  14.2600000    0.0043951
  14.2800000    0.0027575
  14.3000000    0.0011077
  14.3200000   -0.0004539
  14.3400000   -0.0018424
  14.3600000   -0.0029932
  14.3800000   -0.0038655
  14.4000000   -0.0044443
  14.4200000   -0.0047411
  14.4400000   -0.0047921
  14.4600000   -0.0046556
  14.4800000   -0.0044069
  14.5000000   -0.0041316
  14.5200000   -0.0039187
  14.5400000   -0.0038526
  14.5600000   -0.0040052
  14.5800000   -0.0044298
  14.6000000   -0.0051559
  14.6200000   -0.0061864
  14.6400000   -0.0074972
  14.6600000   -0.0090394
  14.6800000   -0.0107438
  14.7000000   -0.0125271
  14.7200000   -0.0142993
  14.7400000   -0.0159711
  14.7600000   -0.0174615
  14.7800000   -0.0187028
  14.8000000   -0.0196450
  14.8200000   -0.0202574
  14.8400000   -0.0205279
  14.8600000   -0.0204608
  14.8800000   -0.0200728
  14.9000000   -0.0193885
  14.9200000   -0.0184354
  14.9400000   -0.0172404
  14.9600000   -0.0158261
  14.9800000   -0.0142096
  15.0000000   -0.0124025
  15.0200000   -0.0104121
  15.0400000   -0.0082443
  15.0600000   -0.0059067
  15.0800000   -0.0034127
  15.1000000   -0.0007851
  15.1200000    0.0019407
  15.1400000    0.0047139
  15.1600000    0.0074680
  15.1800000    0.0101206
  15.2000000    0.0125761
  15.2200000    0.0147296
  15.2400000    0.0164728
  15.2600000    0.0177012
  15.2800000    0.0183224
  15.3000000    0.0182638
  15.3200000    0.0174806
  15.3400000    0.0159610
  15.3600000    0.0137305
  15.3800000    0.0108517
  15.4000000    0.0074225
  15.4200000    0.0035704
  15.4400000   -0.0005551
  15.4600000   -0.0047921
  15.4800000   -0.0089762
  15.5000000   -0.0129507
  15.5200000   -0.0165755
  15.5400000   -0.0197345
  15.5600000   -0.0223413
  15.5800000   -0.0243419
  15.6000000   -0.0257159
  15.6200000   -0.0264753
  15.6400000   -0.0266612
  15.6600000   -0.0263395
  15.6800000   -0.0255941
  15.7000000   -0.0245208
  15.7200000   -0.0232193
  15.7400000   -0.0217865
  15.7600000   -0.0203096
  15.7800000   -0.0188608
  15.8000000   -0.0174932
  15.8200000   -0.0162388
  15.8400000   -0.0151082
  15.8600000   -0.0140924
  15.8800000   -0.0131660
  15.9000000   -0.0122915
  15.9200000   -0.0114249
  15.9400000   -0.0105207
  15.9600000   -0.0095378
  15.9800000   -0.0084441
  16.0000000   -0.0072204
  16.0200000   -0.0058633
  16.0400000   -0.0043870
  16.0600000   -0.0028235
  16.0800000   -0.0012215
  16.1000000    0.0003555
  16.1200000    0.0018332
  16.1400000    0.0031299
  16.1600000    0.0041622
  16.1800000    0.0048498
  16.2000000    0.0051212
  16.2200000    0.0049190
  16.2400000    0.0042039
  16.2600000    0.0029592
  16.2800000    0.0011933
  16.3000000   -0.0010586
  16.3200000   -0.0037345
  16.3400000   -0.0067463
  16.3600000   -0.0099831
  16.3800000   -0.0133151
  16.4000000   -0.0165992
  16.4200000   -0.0196861
  16.4400000   -0.0224281
  16.4600000   -0.0246871
  16.4800000   -0.0263431
  16.5000000   -0.0273016
  16.5200000   -0.0274993
  16.5400000   -0.0269085
  16.5600000   -0.0255388
  16.5800000   -0.0234361
  16.6000000   -0.0206796
  16.6200000   -0.0173758
  16.6400000   -0.0136520
  16.6600000   -0.0096482
  16.6800000   -0.0055088
  16.7000000   -0.0013749
  16.7200000    0.0026221
  16.7400000    0.0063661
  16.7600000    0.0097602
  16.7800000    0.0127290
  16.8000000    0.0152196
  16.8200000    0.0172014
  16.8400000    0.0186649
  16.8600000    0.0196202
  16.8800000    0.0200938
  16.9000000    0.0201263
  16.9200000    0.0197691
  16.9400000    0.0190812
  16.9600000    0.0181258
  16.9800000    0.0169681
  17.0000000    0.0156722
  17.0200000    0.0142992
  17.0400000    0.0129057
  17.0600000    0.0115423
  17.0800000    0.0102534
  17.1000000    0.0090760
  17.1200000    0.0080398
  17.1400000    0.0071666
  17.1600000    0.0064702
  17.1800000    0.0059563
  17.2000000    0.0056221
  17.2200000    0.0054563
  17.2400000    0.0054396
  17.2600000    0.0055451
  17.2800000    0.0057393
  17.3000000    0.0059833
  17.3200000    0.0062347
  17.3400000    0.0064501
  17.3600000    0.0065869
  17.3800000    0.0066069
  17.4000000    0.0064786
  17.4200000    0.0061799
  17.4400000    0.0057007
  17.4600000    0.0050444
  17.4800000    0.0042291
  17.5000000    0.0032876
  17.5200000    0.0022665
  17.5400000    0.0012236
  17.5600000    0.0002250
  17.5800000   -0.0006593
  17.6000000   -0.0013605
  17.6200000   -0.0018163
  17.6400000   -0.0019757
  17.6600000   -0.0018040
  17.6800000   -0.0012857
  17.7000000   -0.0004268
  17.7200000    0.0007459
  17.7400000    0.0021858
  17.7600000    0.0038306
  17.7800000    0.0056070
  17.8000000    0.0074359
  17.8200000    0.0092382
  17.8400000    0.0109396
  17.8600000    0.0124745
  17.8800000    0.0137885
  17.9000000    0.0148389
  17.9200000    0.0155946
  17.9400000    0.0160346
  17.9600000    0.0161459
  17.9800000    0.0159216
  18.0000000    0.0153592
  18.0200000    0.0144600
  18.0400000    0.0132286
  18.0600000    0.0116737
  18.0800000    0.0098088
  18.1000000    0.0076532
  18.1200000    0.0052328
  18.1400000    0.0025801
  18.1600000   -0.0002659
  18.1800000   -0.0032613
  18.2000000   -0.0063582
  18.2200000   -0.0095075
  18.2400000   -0.0126600
  18.2600000   -0.0157683
  18.2800000   -0.0187880
  18.3000000   -0.0216781
  18.3200000   -0.0244009
  18.3400000   -0.0269217
  18.3600000   -0.0292078
  18.3800000   -0.0312281
  18.4000000   -0.0329523
  18.4200000   -0.0343515
  18.4400000   -0.0353984
  18.4600000   -0.0360688
  18.4800000   -0.0363430
  18.5000000   -0.0362082
  18.5200000   -0.0356598
  18.5400000   -0.0347040
  18.5600000   -0.0333586
  18.5800000   -0.0316539
  18.6000000   -0.0296331
  18.6200000   -0.0273510
  18.6400000   -0.0248726
  18.6600000   -0.0222707
  18.6800000   -0.0196228
  18.7000000   -0.0170079
  18.7200000   -0.0145024
  18.7400000   -0.0121768
  18.7600000   -0.0100923
  18.7800000   -0.0082978
  18.8000000   -0.0068281
  18.8200000   -0.0057020
  18.8400000   -0.0049223
  18.8600000   -0.0044754
  18.8800000   -0.0043323
  18.9000000   -0.0044503
  18.9200000   -0.0047742
  18.9400000   -0.0052396
  18.9600000   -0.0057751
  18.9800000   -0.0063063
  19.0000000   -0.0067594
  19.0200000   -0.0070649
  19.0400000   -0.0071624
  19.0600000   -0.0070041
  19.0800000   -0.0065579
  19.1000000   -0.0058099
  19.1200000   -0.0047654
  19.1400000   -0.0034482
  19.1600000   -0.0018990
  19.1800000   -0.0001718
  19.2000000    0.0016701
  19.2200000    0.0035597
  19.2400000    0.0054310
  19.2600000    0.0072240
  19.2800000    0.0088889
  19.3000000    0.0103884
  19.3200000    0.0116995
  19.3400000    0.0128129
  19.3600000    0.0137316
  19.3800000    0.0144681
  19.4000000    0.0150413
  19.4200000    0.0154728
  19.4400000    0.0157839
  19.4600000    0.0159929
  19.4800000    0.0161139
  19.5000000    0.0161559
  19.5200000    0.0161234
  19.5400000    0.0160177
  19.5600000    0.0158383
  19.5800000    0.0155847
  19.6000000    0.0152574
  19.6200000    0.0148589
  19.6400000    0.0143939
  19.6600000    0.0138690
  19.6800000    0.0132917
  19.7000000    0.0126694
  19.7200000    0.0120085
  19.7400000    0.0113137
  19.7600000    0.0105872
  19.7800000    0.0098290
  19.8000000    0.0090373
  19.8200000    0.0082095
  19.8400000    0.0073433
  19.8600000    0.0064381
  19.8800000    0.0054969
  19.9000000    0.0045271
  19.9200000    0.0035422
  19.9400000    0.0025620
  19.9600000    0.0016132
  19.9800000    0.0007288
  20.0000000   -0.0000539
  20.0200000   -0.0006943
  20.0400000   -0.0011524
  20.0600000   -0.0013907
  20.0800000   -0.0013778
  20.1000000   -0.0010914
  20.1200000   -0.0005198
  20.1400000    0.0003364
  20.1600000    0.0014639
  20.1800000    0.0028374
  20.2000000    0.0044213
  20.2200000    0.0061714
  20.2400000    0.0080375
  20.2600000    0.0099661
  20.2800000    0.0119028
  20.3000000    0.0137939
  20.3200000    0.0155885
  20.3400000    0.0172388
  20.3600000    0.0187010
  20.3800000    0.0199348
  20.4000000    0.0209031
  20.4200000    0.0215718
  20.4400000    0.0219090
  20.4600000    0.0218859
  20.4800000    0.0214772
  20.5000000    0.0206633
  20.5200000    0.0194321
  20.5400000    0.0177823
  20.5600000    0.0157258
  20.5800000    0.0132906
  20.6000000    0.0105219
  20.6200000    0.0074824
  20.6400000    0.0042508
  20.6600000    0.0009189
  20.6800000   -0.0024130
  20.7000000   -0.0056412
  20.7200000   -0.0086645
  20.7400000   -0.0113890
  20.7600000   -0.0137333
  20.7800000   -0.0156311
  20.8000000   -0.0170333
  20.8200000   -0.0179084
  20.8400000   -0.0182417
  20.8600000   -0.0180337
  20.8800000   -0.0172982
  20.9000000   -0.0160599
  20.9200000   -0.0143528
  20.9400000   -0.0122185
  20.9600000   -0.0097053
  20.9800000   -0.0068673
  21.0000000   -0.0037643
  21.0200000   -0.0004608
  21.0400000    0.0029740
  21.0600000    0.0064673
  21.0800000    0.0099439
  21.1000000    0.0133279
  21.1200000    0.0165453
  21.1400000    0.0195256
  21.1600000    0.0222051
  21.1800000    0.0245289
  21.2000000    0.0264531
  21.2200000    0.0279460
  21.2400000    0.0289891
  21.2600000    0.0295769
  21.2800000    0.0297161
  21.3000000    0.0294244
  21.3200000    0.0287284
  21.3400000    0.0276624
  21.3600000    0.0262656
  21.3800000    0.0245815
  21.4000000    0.0226561
  21.4200000    0.0205372
  21.4400000    0.0182737
  21.4600000    0.0159152
  21.4800000    0.0135108
  21.5000000    0.0111084
  21.5200000    0.0087531
  21.5400000    0.0064855
  21.5600000    0.0043395
  21.5800000    0.0023411
  21.6000000    0.0005072
  21.6200000   -0.0011549
  21.6400000   -0.0026460
  21.6600000   -0.0039733
  21.6800000   -0.0051472
  21.7000000   -0.0061783
  21.7200000   -0.0070736
  21.7400000   -0.0078342
  21.7600000   -0.0084541
  21.7800000   -0.0089201
  21.8000000   -0.0092137
  21.8200000   -0.0093144
  21.8400000   -0.0092035
  21.8600000   -0.0088684
  21.8800000   -0.0083065
  21.9000000   -0.0075279
  21.9200000   -0.0065565
  21.9400000   -0.0054300
  21.9600000   -0.0041976
  21.9800000   -0.0029171
  22.0000000   -0.0016509
  22.0200000   -0.0004613
  22.0400000    0.0005938
  22.0600000    0.0014641
  22.0800000    0.0021105
  22.1000000    0.0025067
  22.1200000    0.0026397
  22.1400000    0.0025103
  22.1600000    0.0021311
  22.1800000    0.0015252
  22.2000000    0.0007237
  22.2200000   -0.0002372
  22.2400000   -0.0013186
  22.2600000   -0.0024811
  22.2800000   -0.0036873
  22.3000000   -0.0049027
  22.3200000   -0.0060970
  22.3400000   -0.0072440
  22.3600000   -0.0083217
  22.3800000   -0.0093125
  22.4000000   -0.0102022
  22.4200000   -0.0109803
  22.4400000   -0.0116401
  22.4600000   -0.0121788
  22.4800000   -0.0125976
  22.5000000   -0.0129020
  22.5200000   -0.0131016
  22.5400000   -0.0132097
  22.5600000   -0.0132418
  22.5800000   -0.0132143
  22.6000000   -0.0131417
  22.6200000   -0.0130349
  22.6400000   -0.0128984
  22.6600000   -0.0127284
  22.6800000   -0.0125116
  22.7000000   -0.0122246
  22.7200000   -0.0118348
  22.7400000   -0.0113025
  22.7600000   -0.0105843
  22.7800000   -0.0096370
  22.8000000   -0.0084228
  22.8200000   -0.0069143
  22.8400000   -0.0050998
  22.8600000   -0.0029872
  22.8800000   -0.0006067
  22.9000000    0.0019877
  22.9200000    0.0047194
  22.9400000    0.0074921
  22.9600000    0.0101947
  22.9800000    0.0127075
  23.0000000    0.0149096
  23.0200000    0.0166871
  23.0400000    0.0179402
  23.0600000    0.0185899
  23.0800000    0.0185836
  23.1000000    0.0178978
  23.1200000    0.0165403
  23.1400000    0.0145491
  23.1600000    0.0119901
  23.1800000    0.0089530
  23.2000000    0.0055459
  23.2200000    0.0018894
  23.2400000   -0.0018896
  23.2600000   -0.0056643
  23.2800000   -0.0093126
  23.3000000   -0.0127221
  23.3200000   -0.0157930
  23.3400000   -0.0184403
  23.3600000   -0.0205950
  23.3800000   -0.0222040
  23.4000000   -0.0232298
  23.4200000   -0.0236503
  23.4400000   -0.0234577
  23.4600000   -0.0226585
  23.4800000   -0.0212732
  23.5000000   -0.0193364
  23.5200000   -0.0168972
  23.5400000   -0.0140194
  23.5600000   -0.0107812
  23.5800000   -0.0072748
  23.6000000   -0.0036046
  23.6200000    0.0001153
  23.6400000    0.0037643
  23.6600000    0.0072204
  23.6800000    0.0103651
  23.7000000    0.0130892
  23.7200000    0.0152987
  23.7400000    0.0169199
  23.7600000    0.0179043
  23.7800000    0.0182314
  23.8000000    0.0179107
  23.8200000    0.0169813
  23.8400000    0.0155101
  23.8600000    0.0135882
  23.8800000    0.0113258
  23.9000000    0.0088460
  23.9200000    0.0062775
  23.9400000    0.0037476
  23.9600000    0.0013749
  23.9800000   -0.0007371
  24.0000000   -0.0025052
  24.0200000   -0.0038708
  24.0400000   -0.0048023
  24.0600000   -0.0052950
  24.0800000   -0.0053709
  24.1000000   -0.0050760
  24.1200000   -0.0044761
  24.1400000   -0.0036531
  24.1600000   -0.0026993
  24.1800000   -0.0017126
  24.2000000   -0.0007909
  24.2200000   -0.0000275
  24.2400000    0.0004939
  24.2600000    0.0007036
  24.2800000    0.0005491
  24.3000000   -0.0000013
  24.3200000   -0.0009570
  24.3400000   -0.0023038
  24.3600000   -0.0040044
  24.3800000   -0.0060003
  24.4000000   -0.0082149
  24.4200000   -0.0105582
  24.4400000   -0.0129318
  24.4600000   -0.0152348
  24.4800000   -0.0173693
  24.5000000   -0.0192458
  24.5200000   -0.0207871
  24.5400000   -0.0219311
  24.5600000   -0.0226325
  24.5800000   -0.0228633
  24.6000000   -0.0226121
  24.6200000   -0.0218832
  24.6400000   -0.0206950
  24.6600000   -0.0190783
  24.6800000   -0.0170750
  24.7000000   -0.0147368
  24.7200000   -0.0121229
  24.7400000   -0.0092994
  24.7600000   -0.0063361
  24.7800000   -0.0033049
  24.8000000   -0.0002767
  24.8200000    0.0026813
  24.8400000    0.0055081
  24.8600000    0.0081513
  24.8800000    0.0105679
  24.9000000    0.0127250
  24.9200000    0.0145985
  24.9400000    0.0161720
  24.9600000    0.0174347
  24.9800000    0.0183785
  25.0000000    0.0189971
  25.0200000    0.0192839
  25.0400000    0.0192325
  25.0600000    0.0188374
  25.0800000    0.0180956
  25.1000000    0.0170091
  25.1200000    0.0155876
  25.1400000    0.0138504
  25.1600000    0.0118284
  25.1800000    0.0095646
  25.2000000    0.0071140
  25.2200000    0.0045422
  25.2400000    0.0019232
  25.2600000   -0.0006635
  25.2800000   -0.0031360
  25.3000000   -0.0054136
  25.3200000   -0.0074199
  25.3400000   -0.0090863
  25.3600000   -0.0103548
  25.3800000   -0.0111809
  25.4000000   -0.0115350
  25.4200000   -0.0114045
  25.4400000   -0.0107940
  25.4600000   -0.0097257
  25.4800000   -0.0082379
  25.5000000   -0.0063829
  25.5200000   -0.0042247
  25.5400000   -0.0018349
  25.5600000    0.0007106
  25.5800000    0.0033359
  25.6000000    0.0059681
  25.6200000    0.0085410
  25.6400000    0.0109968
  25.6600000    0.0132873
  25.6800000    0.0153749
  25.7000000    0.0172321
  25.7200000    0.0188404
  25.7400000    0.0201894
  25.7600000    0.0212750
  25.7800000    0.0220984
  25.8000000    0.0226642
  25.8200000    0.0229796
  25.8400000    0.0230537
  25.8600000    0.0228965
  25.8800000    0.0225192
  25.9000000    0.0219343
  25.9200000    0.0211562
  25.9400000    0.0202022
  25.9600000    0.0190928
  25.9800000    0.0178533
  26.0000000    0.0165137
  26.0200000    0.0151093
  26.0400000    0.0136799
  26.0600000    0.0122683
  26.0800000    0.0109191
  26.1000000    0.0096756
  26.1200000    0.0085773
  26.1400000    0.0076572
  26.1600000    0.0069387
  26.1800000    0.0064342
  26.2000000    0.0061435
  26.2200000    0.0060538
  26.2400000    0.0061403
  26.2600000    0.0063680
  26.2800000    0.0066943
  26.3000000    0.0070717
  26.3200000    0.0074518
  26.3400000    0.0077884
  26.3600000    0.0080405
  26.3800000    0.0081755
  26.4000000    0.0081707
  26.4200000    0.0080145
  26.4400000    0.0077064
  26.4600000    0.0072559
  26.4800000    0.0066808
  26.5000000    0.0060050
  26.5200000    0.0052555
  26.5400000    0.0044601
  26.5600000    0.0036449
  26.5800000    0.0028328
  26.6000000    0.0020424
  26.6200000    0.0012878
  26.6400000    0.0005794
  26.6600000   -0.0000758
  26.6800000   -0.0006728
  26.7000000   -0.0012076
  26.7200000   -0.0016769
  26.7400000   -0.0020773
  26.7600000   -0.0024060
  26.7800000   -0.0026609
  26.8000000   -0.0028416
  26.8200000   -0.0029502
  26.8400000   -0.0029921
  26.8600000   -0.0029764
  26.8800000   -0.0029163
  26.9000000   -0.0028285
  26.9200000   -0.0027330
  26.9400000   -0.0026518
  26.9600000   -0.0026077
  26.9800000   -0.0026231
  27.0000000   -0.0027183
  27.0200000   -0.0029106
  27.0400000   -0.0032125
  27.0600000   -0.0036314
  27.0800000   -0.0041683
  27.1000000   -0.0048171
  27.1200000   -0.0055644
  27.1400000   -0.0063890
  27.1600000   -0.0072615
  27.1800000   -0.0081443
  27.2000000   -0.0089918
  27.2200000   -0.0097512
  27.2400000   -0.0103637
  27.2600000   -0.0107670
  27.2800000   -0.0108982
  27.3000000   -0.0106985
  27.3200000   -0.0101176
  27.3400000   -0.0091197
  27.3600000   -0.0076883
  27.3800000   -0.0058311
  27.4000000   -0.0035831
  27.4200000   -0.0010078
  27.4400000    0.0018043
  27.4600000    0.0047393
  27.4800000    0.0076666
  27.5000000    0.0104472
  27.5200000    0.0129431
  27.5400000    0.0150275
  27.5600000    0.0165942
  27.5800000    0.0175649
  27.6000000    0.0178949
  27.6200000    0.0175751
  27.6400000    0.0166315
  27.6600000    0.0151221
  27.6800000    0.0131303
  27.7000000    0.0107575
  27.7200000    0.0081153
  27.7400000    0.0053160
  27.7600000    0.0024663
  27.7800000   -0.0003398
  27.8000000   -0.0030239
  27.8200000   -0.0055259
  27.8400000   -0.0078031
  27.8600000   -0.0098285
  27.8800000   -0.0115875
  27.9000000   -0.0130738
  27.9200000   -0.0142858
  27.9400000   -0.0152232
  27.9600000   -0.0158848
  27.9800000   -0.0162679
  28.0000000   -0.0163684
  28.0200000   -0.0161824
  28.0400000   -0.0157093
  28.0600000   -0.0149537
  28.0800000   -0.0139293
  28.1000000   -0.0126602
  28.1200000   -0.0111834
  28.1400000   -0.0095482
  28.1600000   -0.0078161
  28.1800000   -0.0060583
  28.2000000   -0.0043524
  28.2200000   -0.0027779
  28.2400000   -0.0014116
  28.2600000   -0.0003216
  28.2800000    0.0004382
  28.3000000    0.0008329
  28.3200000    0.0008511
  28.3400000    0.0005073
  28.3600000   -0.0001565
  28.3800000   -0.0010729
  28.4000000   -0.0021520
  28.4200000   -0.0032875
  28.4400000   -0.0043645
  28.4600000   -0.0052688
  28.4800000   -0.0058961
  28.5000000   -0.0061615
  28.5200000   -0.0060078
  28.5400000   -0.0054103
  28.5600000   -0.0043803
  28.5800000   -0.0029637
  28.6000000   -0.0012377
  28.6200000    0.0006964
  28.6400000    0.0027228
  28.6600000    0.0047207
  28.6800000    0.0065758
  28.7000000    0.0081894
  28.7200000    0.0094863
  28.7400000    0.0104198
  28.7600000    0.0109740
  28.7800000    0.0111627
  28.8000000    0.0110260
  28.8200000    0.0106247
  28.8400000    0.0100337
  28.8600000    0.0093344
  28.8800000    0.0086081
  28.9000000    0.0079300
  28.9200000    0.0073643
  28.9400000    0.0069616
  28.9600000    0.0067566
  28.9800000    0.0067687
  29.0000000    0.0070023
  29.0200000    0.0074486
  29.0400000    0.0080880
  29.0600000    0.0088922
  29.0800000    0.0098272
  29.1000000    0.0108555
  29.1200000    0.0119386
  29.1400000    0.0130391
  29.1600000    0.0141227
  29.1800000    0.0151587
  29.2000000    0.0161216
  29.2200000    0.0169903
  29.2400000    0.0177483
  29.2600000    0.0183828
  29.2800000    0.0188829
  29.3000000    0.0192392
  29.3200000    0.0194422
  29.3400000    0.0194817
  29.3600000    0.0193468
  29.3800000    0.0190257
  29.4000000    0.0185068
  29.4200000    0.0177803
  29.4400000    0.0168392
  29.4600000    0.0156816
  29.4800000    0.0143118
  29.5000000    0.0127423
  29.5200000    0.0109943
  29.5400000    0.0090980
  29.5600000    0.0070930
  29.5800000    0.0050273
  29.6000000    0.0029558
  29.6200000    0.0009390
  29.6400000   -0.0009590
  29.6600000   -0.0026733
  29.6800000   -0.0041398
  29.7000000   -0.0052984
  29.7200000   -0.0060952
  29.7400000   -0.0064853
  29.7600000   -0.0064357
  29.7800000   -0.0059279
  29.8000000   -0.0049604
  29.8200000   -0.0035505
  29.8400000   -0.0017358
  29.8600000    0.0004259
  29.8800000    0.0028586
  29.9000000    0.0054711
  29.9200000    0.0081626
  29.9400000    0.0108295
  29.9600000    0.0133727
  29.9800000    0.0157059
  30.0000000    0.0177627
