 -10.0000000    0.0429158
  -9.9800000    0.0435050
  -9.9600000    0.0430362
  -9.9400000    0.0417021
  -9.9200000    0.0397267
  -9.9000000    0.0373507
  -9.8800000    0.0348161
  -9.8600000    0.0323512
  -9.8400000    0.0301574
  -9.8200000    0.0283993
  -9.8000000    0.0271990
  -9.7800000    0.0266342
  -9.7600000    0.0267399
  -9.7400000    0.0275122
  -9.7200000    0.0289140
  -9.7000000    0.0308796
  -9.6800000    0.0333202
  -9.6600000    0.0361270
  -9.6400000    0.0391745
  -9.6200000    0.0423233
  -9.6000000    0.0454226
  -9.5800000    0.0483147
  -9.5600000    0.0508412
  -9.5400000    0.0528494
  -9.5200000    0.0542021
  -9.5000000    0.0547856
  -9.4800000    0.0545176
  -9.4600000    0.0533533
  -9.4400000    0.0512870
  -9.4200000    0.0483500
  -9.4000000    0.0446053
  -9.3800000    0.0401382
  -9.3600000    0.0350460
  -9.3400000    0.0294280
  -9.3200000    0.0233780
  -9.3000000    0.0169795
  -9.2800000    0.0103062
  -9.2600000    0.0034260
  -9.2400000   -0.0035922
  -9.2200000   -0.0106703
  -9.2000000   -0.0177146
  -9.1800000   -0.0246115
  -9.1600000   -0.0312279
  -9.1400000   -0.0374165
  -9.1200000   -0.0430246
  -9.1000000   -0.0479069
  -9.0800000   -0.0519392
  -9.0600000   -0.0550304
  -9.0400000   -0.0571338
  -9.0200000   -0.0582522
  -9.0000000   -0.0584391
  -8.9800000   -0.0577944
  -8.9600000   -0.0564544
  -8.9400000   -0.0545788
  -8.9200000   -0.0523337
  -8.9000000   -0.0498740
  -8.8800000   -0.0473266
  -8.8600000   -0.0447760
  -8.8400000   -0.0422549
  -8.8200000   -0.0397406
  -8.8000000   -0.0371594
  -8.7800000   -0.0343973
  -8.7600000   -0.0313179
  -8.7400000   -0.0277853
  -8.7200000   -0.0236882
  -8.7000000   -0.0189627
  -8.6800000   -0.0136109
  -8.6600000   -0.0077108
  -8.6400000   -0.0014176
  -8.6200000    0.0050461
  -8.6000000    0.0114091
  -8.5800000    0.0173771
  -8.5600000    0.0226621
  -8.5400000    0.0270115
  -8.5200000    0.0302334
  -8.5000000    0.0322142
  -8.4800000    0.0329289
  -8.4600000    0.0324405
  -8.4400000    0.0308916
  -8.4200000    0.0284893
  -8.4000000    0.0254851
  -8.3800000    0.0221533
  -8.3600000    0.0187696
  -8.3400000    0.0155929
  -8.3200000    0.0128497
  -8.3000000    0.0107233
  -8.2800000    0.0093479
  -8.2600000    0.0088052
  -8.2400000    0.0091252
  -8.2200000    0.0102897
  -8.2000000    0.0122370
  -8.1800000    0.0148686
  -8.1600000    0.0180567
  -8.1400000    0.0216519
  -8.1200000    0.0254911
  -8.1000000    0.0294052
  -8.0800000    0.0332252
  -8.0600000    0.0367879
  -8.0400000    0.0399402
  -8.0200000    0.0425422
  -8.0000000    0.0444699
  -7.9800000    0.0456166
  -7.9600000    0.0458964
  -7.9400000    0.0452468
  -7.9200000    0.0436333
  -7.9000000    0.0410548
  -7.8800000    0.0375486
  -7.8600000    0.0331957
  -7.8400000    0.0281233
  -7.8200000    0.0225048
  -7.8000000    0.0165558
  -7.7800000    0.0105258
  -7.7600000    0.0046847
  -7.7400000   -0.0006930
  -7.7200000   -0.0053464
  -7.7000000   -0.0090474
  -7.6800000   -0.0116168
  -7.6600000   -0.0129380
  -7.6400000   -0.0129650
  -7.6200000   -0.0117249
  -7.6000000   -0.0093147
  -7.5800000   -0.0058918
  -7.5600000   -0.0016616
  -7.5400000    0.0031385
  -7.5200000    0.0082562
  -7.5000000    0.0134402
  -7.4800000    0.0184548
  -7.4600000    0.0230919
  -7.4400000    0.0271784
  -7.4200000    0.0305812
  -7.4000000    0.0332075
  -7.3800000    0.0350022
  -7.3600000    0.0359435
  -7.3400000    0.0360354
  -7.3200000    0.0353004
  -7.3000000    0.0337725
  -7.2800000    0.0314902
  -7.2600000    0.0284922
  -7.2400000    0.0248152
  -7.2200000    0.0204938
  -7.2000000    0.0155629
  -7.1800000    0.0100614
  -7.1600000    0.0040376
  -7.1400000   -0.0024459
  -7.1200000   -0.0093077
  -7.1000000   -0.0164453
  -7.0800000   -0.0237340
  -7.0600000   -0.0310289
  -7.0400000   -0.0381691
  -7.0200000   -0.0449836
  -7.0000000   -0.0513000
  -6.9800000   -0.0569527
  -6.9600000   -0.0617928
  -6.9400000   -0.0656969
  -6.9200000   -0.0685748
  -6.9000000   -0.0703759
  -6.8800000   -0.0710930
  -6.8600000   -0.0707638
  -6.8400000   -0.0694700
  -6.8200000   -0.0673332
  -6.8000000   -0.0645095
  -6.7800000   -0.0611817
  -6.7600000   -0.0575507
  -6.7400000   -0.0538259
  -6.7200000   -0.0502154
  -6.7000000   -0.0469161
  -6.6800000   -0.0441041
  -6.6600000   -0.0419255
  -6.6400000   -0.0404873
  -6.6200000   -0.0398496
  -6.6000000   -0.0400193
  -6.5800000   -0.0409462
  -6.5600000   -0.0425224
  -6.5400000   -0.0445865
  -6.5200000   -0.0469325
  -6.5000000   -0.0493249
  -6.4800000   -0.0515180
  -6.4600000   -0.0532797
  -6.4400000   -0.0544164
  -6.4200000   -0.0547970
  -6.4000000   -0.0543723
  -6.3800000   -0.0531874
  -6.3600000   -0.0513839
  -6.3400000   -0.0491919
  -6.3200000   -0.0469100
  -6.3000000   -0.0448762
  -6.2800000   -0.0434323
  -6.2600000   -0.0428854
  -6.2400000   -0.0434713
  -6.2200000   -0.0453242
  -6.2000000   -0.0484565
  -6.1800000   -0.0527515
  -6.1600000   -0.0579684
  -6.1400000   -0.0637616
  -6.1200000   -0.0697091
  -6.1000000   -0.0753475
  -6.0800000   -0.0802108
  -6.0600000   -0.0838663
  -6.0400000   -0.0859455
  -6.0200000   -0.0861674
  -6.0000000   -0.0843520
  -5.9800000   -0.0804243
  -5.9600000   -0.0744098
  -5.9400000   -0.0664234
  -5.9200000   -0.0566544
  -5.9000000   -0.0453491
  -5.8800000   -0.0327946
  -5.8600000   -0.0193034
  -5.8400000   -0.0052025
  -5.8200000    0.0091760
  -5.8000000    0.0235003
  -5.7800000    0.0374435
  -5.7600000    0.0506860
  -5.7400000    0.0629194
  -5.7200000    0.0738507
  -5.7000000    0.0832082
  -5.6800000    0.0907496
  -5.6600000    0.0962713
  -5.6400000    0.0996201
  -5.6200000    0.1007041
  -5.6000000    0.0995049
  -5.5800000    0.0960868
  -5.5600000    0.0906052
  -5.5400000    0.0833097
  -5.5200000    0.0745433
  -5.5000000    0.0647353
  -5.4800000    0.0543878
  -5.4600000    0.0440557
  -5.4400000    0.0343203
  -5.4200000    0.0257582
  -5.4000000    0.0189070
  -5.3800000    0.0142308
  -5.3600000    0.0120872
  -5.3400000    0.0127008
  -5.3200000    0.0161432
  -5.3000000    0.0223241
  -5.2800000    0.0309927
  -5.2600000    0.0417500
  -5.2400000    0.0540717
  -5.2200000    0.0673386
  -5.2000000    0.0808728
  -5.1800000    0.0939772
  -5.1600000    0.1059734
  -5.1400000    0.1162387
  -5.1200000    0.1242364
  -5.1000000    0.1295419
  -5.0800000    0.1318597
  -5.0600000    0.1310349
  -5.0400000    0.1270560
  -5.0200000    0.1200517
  -5.0000000    0.1102800
  -4.9800000    0.0981123
  -4.9600000    0.0840112
  -4.9400000    0.0685044
  -4.9200000    0.0521547
  -4.9000000    0.0355287
  -4.8800000    0.0191660
  -4.8600000    0.0035502
  -4.8400000   -0.0109146
  -4.8200000   -0.0239213
  -4.8000000   -0.0352688
  -4.7800000   -0.0448628
  -4.7600000   -0.0527083
  -4.7400000   -0.0588947
  -4.7200000   -0.0635760
  -4.7000000   -0.0669482
  -4.6800000   -0.0692254
  -4.6600000   -0.0706185
  -4.6400000   -0.0713164
  -4.6200000   -0.0714725
  -4.6000000   -0.0711964
  -4.5800000   -0.0705505
  -4.5600000   -0.0695527
  -4.5400000   -0.0681830
  -4.5200000   -0.0663941
  -4.5000000   -0.0641259
  -4.4800000   -0.0613202
  -4.4600000   -0.0579371
  -4.4400000   -0.0539700
  -4.4200000   -0.0494580
  -4.4000000   -0.0444938
  -4.3800000   -0.0392272
  -4.3600000   -0.0338609
  -4.3400000   -0.0286415
  -4.3200000   -0.0238429
  -4.3000000   -0.0197462
  -4.2800000   -0.0166153
  -4.2600000   -0.0146728
  -4.2400000   -0.0140774
  -4.2200000   -0.0149048
  -4.2000000   -0.0171358
  -4.1800000   -0.0206522
  -4.1600000   -0.0252411
  -4.1400000   -0.0306076
  -4.1200000   -0.0363960
  -4.1000000   -0.0422164
  -4.0800000   -0.0476744
  -4.0600000   -0.0524026
  -4.0400000   -0.0560892
  -4.0200000   -0.0585023
  -4.0000000   -0.0595064
  -3.9800000   -0.0590719
  -3.9600000   -0.0572739
  -3.9400000   -0.0542834
  -3.9200000   -0.0503502
  -3.9000000   -0.0457795
  -3.8800000   -0.0409062
  -3.8600000   -0.0360665
  -3.8400000   -0.0315722
  -3.8200000   -0.0276880
  -3.8000000   -0.0246148
  -3.7800000   -0.0224790
  -3.7600000   -0.0213291
  -3.7400000   -0.0211387
  -3.7200000   -0.0218147
  -3.7000000   -0.0232101
  -3.6800000   -0.0251384
  -3.6600000   -0.0273899
  -3.6400000   -0.0297463
  -3.6200000   -0.0319943
  -3.6000000   -0.0339366
  -3.5800000   -0.0354010
  -3.5600000   -0.0362466
  -3.5400000   -0.0363686
  -3.5200000   -0.0357010
  -3.5000000   -0.0342181
  -3.4800000   -0.0319346
  -3.4600000   -0.0289037
  -3.4400000   -0.0252149
  -3.4200000   -0.0209893
  -3.4000000   -0.0163740
  -3.3800000   -0.0115352
  -3.3600000   -0.0066504
  -3.3400000   -0.0019007
  -3.3200000    0.0025378
  -3.3000000    0.0065024
  -3.2800000    0.0098516
  -3.2600000    0.0124737
  -3.2400000    0.0142939
  -3.2200000    0.0152816
  -3.2000000    0.0154553
  -3.1800000    0.0148858
  -3.1600000    0.0136958
  -3.1400000    0.0120546
  -3.1200000    0.0101694
  -3.1000000    0.0082716
  -3.0800000    0.0065995
  -3.0600000    0.0053810
  -3.0400000    0.0048153
  -3.0200000    0.0050588
  -3.0000000    0.0062149
  -2.9800000    0.0083302
  -2.9600000    0.0113961
  -2.9400000    0.0153558
  -2.9200000    0.0201147
  -2.9000000    0.0255533
  -2.8800000    0.0315387
  -2.8600000    0.0379352
  -2.8400000    0.0446123
  -2.8200000    0.0514489
  -2.8000000    0.0583354
  -2.7800000    0.0651727
  -2.7600000    0.0718700
  -2.7400000    0.0783421
  -2.7200000    0.0845060
  -2.7000000    0.0902788
  -2.6800000    0.0955755
  -2.6600000    0.1003085
  -2.6400000    0.1043890
  -2.6200000    0.1077286
  -2.6000000    0.1102438
  -2.5800000    0.1118603
  -2.5600000    0.1125191
  -2.5400000    0.1121817
  -2.5200000    0.1108352
  -2.5000000    0.1084953
  -2.4800000    0.1052065
  -2.4600000    0.1010407
  -2.4400000    0.0960924
  -2.4200000    0.0904725
  -2.4000000    0.0843008
  -2.3800000    0.0776993
  -2.3600000    0.0707865
  -2.3400000    0.0636738
  -2.3200000    0.0564647
  -2.3000000    0.0492552
  -2.2800000    0.0421371
  -2.2600000    0.0351998
  -2.2400000    0.0285316
  -2.2200000    0.0222194
  -2.2000000    0.0163445
  -2.1800000    0.0109769
  -2.1600000    0.0061671
  -2.1400000    0.0019382
  -2.1200000   -0.0017215
  -2.1000000   -0.0048618
  -2.0800000   -0.0075704
  -2.0600000   -0.0099680
  -2.0400000   -0.0121982
  -2.0200000   -0.0144149
  -2.0000000   -0.0167671
  -1.9800000   -0.0193844
  -1.9600000   -0.0223646
  -1.9400000   -0.0257647
  -1.9200000   -0.0295958
  -1.9000000   -0.0338234
  -1.8800000   -0.0383703
  -1.8600000   -0.0431231
  -1.8400000   -0.0479401
  -1.8200000   -0.0526593
  -1.8000000   -0.0571068
  -1.7800000   -0.0611043
  -1.7600000   -0.0644759
  -1.7400000   -0.0670549
  -1.7200000   -0.0686906
  -1.7000000   -0.0692551
  -1.6800000   -0.0686501
  -1.6600000   -0.0668128
  -1.6400000   -0.0637213
  -1.6200000   -0.0593963
  -1.6000000   -0.0539012
  -1.5800000   -0.0473376
  -1.5600000   -0.0398386
  -1.5400000   -0.0315584
  -1.5200000   -0.0226614
  -1.5000000   -0.0133108
  -1.4800000   -0.0036586
  -1.4600000    0.0061619
  -1.4400000    0.0160407
  -1.4200000    0.0258929
  -1.4000000    0.0356579
  -1.3800000    0.0452979
  -1.3600000    0.0547957
  -1.3400000    0.0641532
  -1.3200000    0.0733909
  -1.3000000    0.0825465
  -1.2800000    0.0916731
  -1.2600000    0.1008340
  -1.2400000    0.1100930
  -1.2200000    0.1194997
  -1.2000000    0.1290690
  -1.1800000    0.1387574
  -1.1600000    0.1484388
  -1.1400000    0.1578834
  -1.1200000    0.1667442
  -1.1000000    0.1745557
  -1.0800000    0.1807472
  -1.0600000    0.1846708
  -1.0400000    0.1856454
  -1.0200000    0.1830105
  -1.0000000    0.1761867
  -0.9800000    0.1647374
  -0.9600000    0.1484237
  -0.9400000    0.1272490
  -0.9200000    0.1014874
  -0.9000000    0.0716937
  -0.8800000    0.0386931
  -0.8600000    0.0035504
  -0.8400000   -0.0324800
  -0.8200000   -0.0680209
  -0.8000000   -0.1016525
  -0.7800000   -0.1320017
  -0.7600000   -0.1578339
  -0.7400000   -0.1781418
  -0.7200000   -0.1922224
  -0.7000000   -0.1997349
  -0.6800000   -0.2007347
  -0.6600000   -0.1956761
  -0.6400000   -0.1853845
  -0.6200000   -0.1709977
  -0.6000000   -0.1538835
  -0.5800000   -0.1355400
  -0.5600000   -0.1174908
  -0.5400000   -0.1011855
  -0.5200000   -0.0879147
  -0.5000000   -0.0787488
  -0.4800000   -0.0745013
  -0.4600000   -0.0757180
  -0.4400000   -0.0826857
  -0.4200000   -0.0954521
  -0.4000000   -0.1138488
  -0.3800000   -0.1375072
  -0.3600000   -0.1658631
  -0.3400000   -0.1981475
  -0.3200000   -0.2333682
  -0.3000000   -0.2702880
  -0.2800000   -0.3074125
  -0.2600000   -0.3429978
  -0.2400000   -0.3750876
  -0.2200000   -0.4015856
  -0.2000000   -0.4203630
  -0.1800000   -0.4293949
  -0.1600000   -0.4269125
  -0.1400000   -0.4115572
  -0.1200000   -0.3825181
  -0.1000000   -0.3396388
  -0.0800000   -0.2834811
  -0.0600000   -0.2153376
  -0.0400000   -0.1371945
  -0.0200000   -0.0516450
   0.0000000    0.0382381
   0.0200000    0.1290607
   0.0400000    0.2172878
   0.0600000    0.2994330
   0.0800000    0.3722482
   0.1000000    0.4329009
   0.1200000    0.4791312
   0.1400000    0.5093757
   0.1600000    0.5228515
   0.1800000    0.5195929
   0.2000000    0.5004364
   0.2200000    0.4669553
   0.2400000    0.4213478
   0.2600000    0.3662885
   0.2800000    0.3047549
   0.3000000    0.2398449
   0.3200000    0.1745981
   0.3400000    0.1118362
   0.3600000    0.0540298
   0.3800000    0.0032020
   0.4000000   -0.0391334
   0.4200000   -0.0719970
   0.4400000   -0.0949370
   0.4600000   -0.1079973
   0.4800000   -0.1116652
   0.5000000   -0.1068054
   0.5200000   -0.0945860
   0.5400000   -0.0763994
   0.5600000   -0.0537831
   0.5800000   -0.0283412
   0.6000000   -0.0016693
   0.6200000    0.0247148
   0.6400000    0.0494335
   0.6600000    0.0713026
   0.6800000    0.0893727
   0.7000000    0.1029580
   0.7200000    0.1116504
   0.7400000    0.1153187
   0.7600000    0.1140940
   0.7800000    0.1083425
   0.8000000    0.0986285
   0.8200000    0.0856704
   0.8400000    0.0702925
   0.8600000    0.0533777
   0.8800000    0.0358200
   0.9000000    0.0184825
   0.9200000    0.0021591
   0.9400000   -0.0124578
   0.9600000   -0.0248037
   0.9800000   -0.0344627
   1.0000000   -0.0411808
   1.0200000   -0.0448730
   1.0400000   -0.0456205
   1.0600000   -0.0436613
   1.0800000   -0.0393692
   1.1000000   -0.0332258
   1.1200000   -0.0257832
   1.1400000   -0.0176225
   1.1600000   -0.0093095
   1.1800000   -0.0013519
   1.2000000    0.0058364
   1.2200000    0.0119626
   1.2400000    0.0168688
   1.2600000    0.0205318
   1.2800000    0.0230492
   1.3000000    0.0246134
   1.3200000    0.0254774
   1.3400000    0.0259171
   1.3600000    0.0261949
   1.3800000    0.0265297
   1.4000000    0.0270764
   1.4200000    0.0279180
   1.4400000    0.0290695
   1.4600000    0.0304940
   1.4800000    0.0321253
   1.5000000    0.0338954
   1.5200000    0.0357611
   1.5400000    0.0377249
   1.5600000    0.0398468
   1.5800000    0.0422458
   1.6000000    0.0450874
   1.6200000    0.0485616
   1.6400000    0.0528512
   1.6600000    0.0580962
   1.6800000    0.0643586
   1.7000000    0.0715932
   1.7200000    0.0796292
   1.7400000    0.0881662
   1.7600000    0.0967872
   1.7800000    0.1049876
   1.8000000    0.1122182
   1.8200000    0.1179388
   1.8400000    0.1216729
   1.8600000    0.1230609
   1.8800000    0.1219006
   1.9000000    0.1181725
   1.9200000    0.1120442
   1.9400000    0.1038546
   1.9600000    0.0940779
   1.9800000    0.0832743
   2.0000000    0.0720324
   2.0200000    0.0609121
   2.0400000    0.0503942
   2.0600000    0.0408444
   2.0800000    0.0324940
   2.1000000    0.0254395
   2.1200000    0.0196588
   2.1400000    0.0150399
   2.1600000    0.0114182
   2.1800000    0.0086138
   2.2000000    0.0064659
   2.2200000    0.0048580
   2.2400000    0.0037330
   2.2600000    0.0030963
   2.2800000    0.0030082
   2.3000000    0.0035677
   2.3200000    0.0048915
   2.3400000    0.0070893
   2.3600000    0.0102406
   2.3800000    0.0143732
   2.4000000    0.0194475
   2.4200000    0.0253461
   2.4400000    0.0318709
   2.4600000    0.0387474
   2.4800000    0.0456361
   2.5000000    0.0521519
   2.5200000    0.0578870
   2.5400000    0.0624400
   2.5600000    0.0654442
   2.5800000    0.0665961
   2.6000000    0.0656792
   2.6200000    0.0625805
   2.6400000    0.0572991
   2.6600000    0.0499444
   2.6800000    0.0407249
   2.7000000    0.0299286
   2.7200000    0.0178973
   2.7400000    0.0049983
   2.7600000   -0.0084038
   2.7800000   -0.0219712
   2.8000000   -0.0354105
   2.8200000   -0.0484824
   2.8400000   -0.0610019
   2.8600000   -0.0728316
   2.8800000   -0.0838675
   2.9000000   -0.0940230
   2.9200000   -0.1032121
   2.9400000   -0.1113365
   2.9600000   -0.1182790
   2.9800000   -0.1239053
   3.0000000   -0.1280736
   3.0200000   -0.1306528
   3.0400000   -0.1315450
   3.0600000   -0.1307091
   3.0800000   -0.1281831
   3.1000000   -0.1240987
   3.1200000   -0.1186875
   3.1400000   -0.1122751
   3.1600000   -0.1052648
   3.1800000   -0.0981107
   3.2000000   -0.0912842
   3.2200000   -0.0852373
   3.2400000   -0.0803665
   3.2600000   -0.0769811
   3.2800000   -0.0752788
   3.3000000   -0.0753317
   3.3200000   -0.0770811
   3.3400000   -0.0803439
   3.3600000   -0.0848277
   3.3800000   -0.0901536
   3.4000000   -0.0958854
   3.4200000   -0.1015624
   3.4400000   -0.1067336
   3.4600000   -0.1109908
   3.4800000   -0.1139973
   3.5000000   -0.1155098
   3.5200000   -0.1153920
   3.5400000   -0.1136164
   3.5600000   -0.1102560
   3.5800000   -0.1054652
   3.6000000   -0.0994540
   3.6200000   -0.0924576
   3.6400000   -0.0847069
   3.6600000   -0.0764036
   3.6800000   -0.0677045
   3.7000000   -0.0587154
   3.7200000   -0.0494968
   3.7400000   -0.0400784
   3.7600000   -0.0304794
   3.7800000   -0.0207311
   3.8000000   -0.0108968
   3.8200000   -0.0010847
   3.8400000    0.0085468
   3.8600000    0.0177949
   3.8800000    0.0264259
   3.9000000    0.0341956
   3.9200000    0.0408738
   3.9400000    0.0462674
   3.9600000    0.0502416
   3.9800000    0.0527349
   4.0000000    0.0537670
   4.0200000    0.0534400
   4.0400000    0.0519324
   4.0600000    0.0494883
   4.0800000    0.0464026
   4.1000000    0.0430046
   4.1200000    0.0396404
   4.1400000    0.0366555
   4.1600000    0.0343776
   4.1800000    0.0331005
   4.2000000    0.0330678
   4.2200000    0.0344577
   4.2400000    0.0373686
   4.2600000    0.0418063
   4.2800000    0.0476748
   4.3000000    0.0547708
   4.3200000    0.0627860
   4.3400000    0.0713150
   4.3600000    0.0798734
   4.3800000    0.0879233
   4.4000000    0.0949057
   4.4200000    0.1002791
   4.4400000    0.1035595
   4.4600000    0.1043593
   4.4800000    0.1024215
   4.5000000    0.0976457
   4.5200000    0.0901023
   4.5400000    0.0800347
   4.5600000    0.0678473
   4.5800000    0.0540818
   4.6000000    0.0393806
   4.6200000    0.0244446
   4.6400000    0.0099846
   4.6600000   -0.0033258
   4.6800000   -0.0148945
   4.7000000   -0.0242467
   4.7200000   -0.0310500
   4.7400000   -0.0351277
   4.7600000   -0.0364589
   4.7800000   -0.0351659
   4.8000000   -0.0314935
   4.8200000   -0.0257796
   4.8400000   -0.0184243
   4.8600000   -0.0098579
   4.8800000   -0.0005126
   4.9000000    0.0092008
   4.9200000    0.0189101
   4.9400000    0.0282935
   4.9600000    0.0370846
   4.9800000    0.0450752
   5.0000000    0.0521139
   5.0200000    0.0581041
   5.0400000    0.0630001
   5.0600000    0.0668032
   5.0800000    0.0695560
   5.1000000    0.0713357
   5.1200000    0.0722456
   5.1400000    0.0724054
   5.1600000    0.0719407
   5.1800000    0.0709727
   5.2000000    0.0696098
   5.2200000    0.0679419
   5.2400000    0.0660382
   5.2600000    0.0639497
   5.2800000    0.0617140
   5.3000000    0.0593639
   5.3200000    0.0569358
   5.3400000    0.0544775
   5.3600000    0.0520537
   5.3800000    0.0497476
   5.4000000    0.0476586
   5.4200000    0.0458959
   5.4400000    0.0445692
   5.4600000    0.0437778
   5.4800000    0.0435992
   5.5000000    0.0440798
   5.5200000    0.0452271
   5.5400000    0.0470066
   5.5600000    0.0493429
   5.5800000    0.0521244
   5.6000000    0.0552122
   5.6200000    0.0584522
   5.6400000    0.0616886
   5.6600000    0.0647773
   5.6800000    0.0675987
   5.7000000    0.0700671
   5.7200000    0.0721370
   5.7400000    0.0738040
   5.7600000    0.0751012
   5.7800000    0.0760914
   5.8000000    0.0768548
   5.8200000    0.0774745
   5.8400000    0.0780221
   5.8600000    0.0785424
   5.8800000    0.0790427
   5.9000000    0.0794850
   5.9200000    0.0797845
   5.9400000    0.0798144
   5.9600000    0.0794159
   5.9800000    0.0784146
   6.0000000    0.0766396
   6.0200000    0.0739448
   6.0400000    0.0702282
   6.0600000    0.0654490
   6.0800000    0.0596377
   6.1000000    0.0528996
   6.1200000    0.0454104
   6.1400000    0.0374043
   6.1600000    0.0291558
   6.1800000    0.0209574
   6.2000000    0.0130961
   6.2200000    0.0058298
   6.2400000   -0.0006313
   6.2600000   -0.0061395
   6.2800000   -0.0106158
   6.3000000   -0.0140493
   6.3200000   -0.0164894
   6.3400000   -0.0180313
   6.3600000   -0.0187977
   6.3800000   -0.0189181
   6.4000000   -0.0185098
   6.4200000   -0.0176620
   6.4400000   -0.0164270
   6.4600000   -0.0148171
   6.4800000   -0.0128115
   6.5000000   -0.0103687
   6.5200000   -0.0074443
   6.5400000   -0.0040111
   6.5600000   -0.0000777
   6.5800000    0.0042968
   6.6000000    0.0089961
   6.6200000    0.0138474
   6.6400000    0.0186318
   6.6600000    0.0231022
   6.6800000    0.0270071
   6.7000000    0.0301162
   6.7200000    0.0322458
   6.7400000    0.0332800
   6.7600000    0.0331856
   6.7800000    0.0320179
   6.8000000    0.0299188
   6.8200000    0.0271060
   6.8400000    0.0238560
   6.8600000    0.0204821
   6.8800000    0.0173100
   6.9000000    0.0146534
   6.9200000    0.0127921
   6.9400000    0.0119526
   6.9600000    0.0122941
   6.9800000    0.0138987
   7.0000000    0.0167671
   7.0200000    0.0208183
   7.0400000    0.0258944
   7.0600000    0.0317682
   7.0800000    0.0381539
   7.1000000    0.0447208
   7.1200000    0.0511087
   7.1400000    0.0569448
   7.1600000    0.0618618
   7.1800000    0.0655167
   7.2000000    0.0676093
   7.2200000    0.0678992
   7.2400000    0.0662206
   7.2600000    0.0624934
   7.2800000    0.0567302
   7.3000000    0.0490373
   7.3200000    0.0396102
   7.3400000    0.0287242
   7.3600000    0.0167198
   7.3800000    0.0039856
   7.4000000   -0.0090610
   7.4200000   -0.0219931
   7.4400000   -0.0343920
   7.4600000   -0.0458638
   7.4800000   -0.0560531
   7.5000000   -0.0646551
   7.5200000   -0.0714258
   7.5400000   -0.0761914
   7.5600000   -0.0788558
   7.5800000   -0.0794078
   7.6000000   -0.0779248
   7.6200000   -0.0745736
   7.6400000   -0.0696061
   7.6600000   -0.0633491
   7.6800000   -0.0561871
   7.7000000   -0.0485397
   7.7200000   -0.0408338
   7.7400000   -0.0334738
   7.7600000   -0.0268128
   7.7800000   -0.0211282
   7.8000000   -0.0166035
   7.8200000   -0.0133203
   7.8400000   -0.0112597
   7.8600000   -0.0103132
   7.8800000   -0.0103016
   7.9000000   -0.0109982
   7.9200000   -0.0121536
   7.9400000   -0.0135191
   7.9600000   -0.0148653
   7.9800000   -0.0159946
   8.0000000   -0.0167472
   8.0200000   -0.0170006
   8.0400000   -0.0166659
   8.0600000   -0.0156811
   8.0800000   -0.0140047
   8.1000000   -0.0116122
   8.1200000   -0.0084951
   8.1400000   -0.0046644
   8.1600000   -0.0001558
   8.1800000    0.0049623
   8.2000000    0.0105824
   8.2200000    0.0165545
   8.2400000    0.0226857
   8.2600000    0.0287470
   8.2800000    0.0344839
   8.3000000    0.0396320
   8.3200000    0.0439357
   8.3400000    0.0471668
   8.3600000    0.0491411
   8.3800000    0.0497320
   8.4000000    0.0488778
   8.4200000    0.0465842
   8.4400000    0.0429209
   8.4600000    0.0380138
   8.4800000    0.0320343
   8.5000000    0.0251875
   8.5200000    0.0177002
   8.5400000    0.0098104
   8.5600000    0.0017583
   8.5800000   -0.0062218
   8.6000000   -0.0139069
   8.6200000   -0.0210925
   8.6400000   -0.0275975
   8.6600000   -0.0332714
   8.6800000   -0.0380009
   8.7000000   -0.0417161
   8.7200000   -0.0443960
   8.7400000   -0.0460714
   8.7600000   -0.0468250
   8.7800000   -0.0467871
   8.8000000   -0.0461276
   8.8200000   -0.0450442
   8.8400000   -0.0437480
   8.8600000   -0.0424469
   8.8800000   -0.0413304
   8.9000000   -0.0405541
   8.9200000   -0.0402292
   8.9400000   -0.0404145
   8.9600000   -0.0411132
   8.9800000   -0.0422748
   9.0000000   -0.0438009
   9.0200000   -0.0455542
   9.0400000   -0.0473708
   9.0600000   -0.0490730
   9.0800000   -0.0504838
   9.1000000   -0.0514389
   9.1200000   -0.0517994
   9.1400000   -0.0514604
   9.1600000   -0.0503585
   9.1800000   -0.0484759
   9.2000000   -0.0458426
   9.2200000   -0.0425348
   9.2400000   -0.0386719
   9.2600000   -0.0344107
   9.2800000   -0.0299367
   9.3000000   -0.0254541
   9.3200000   -0.0211734
   9.3400000   -0.0172980
   9.3600000   -0.0140101
   9.3800000   -0.0114573
   9.4000000   -0.0097400
   9.4200000   -0.0089023
   9.4400000   -0.0089253
   9.4600000   -0.0097254
   9.4800000   -0.0111566
   9.5000000   -0.0130175
   9.5200000   -0.0150628
   9.5400000   -0.0170187
   9.5600000   -0.0186011
   9.5800000   -0.0195358
   9.6000000   -0.0195800
   9.6200000   -0.0185423
   9.6400000   -0.0163007
   9.6600000   -0.0128168
   9.6800000   -0.0081445
   9.7000000   -0.0024315
   9.7200000    0.0040858
   9.7400000    0.0110955
   9.7600000    0.0182291
   9.7800000    0.0250869
   9.8000000    0.0312653
   9.8200000    0.0363855
   9.8400000    0.0401204
   9.8600000    0.0422171
   9.8800000    0.0425138
   9.9000000    0.0409498
   9.9200000    0.0375677
   9.9400000    0.0325084
   9.9600000    0.0260001
   9.9800000    0.0183412
  10.0000000    0.0098806
  10.0200000    0.0009950
  10.0400000   -0.0079343
  10.0600000   -0.0165432
  10.0800000   -0.0245054
  10.1000000   -0.0315495
  10.1200000   -0.0374723
  10.1400000   -0.0421473
  10.1600000   -0.0455284
  10.1800000   -0.0476485
  10.2000000   -0.0486131
  10.2200000   -0.0485892
  10.2400000   -0.0477910
  10.2600000   -0.0464628
  10.2800000   -0.0448609
  10.3000000   -0.0432346
  10.3200000   -0.0418095
  10.3400000   -0.0407726
  10.3600000   -0.0402607
  10.3800000   -0.0403537
  10.4000000   -0.0410713
  10.4200000   -0.0423758
  10.4400000   -0.0441779
  10.4600000   -0.0463472
  10.4800000   -0.0487250
  10.5000000   -0.0511375
  10.5200000   -0.0534102
  10.5400000   -0.0553797
  10.5600000   -0.0569026
  10.5800000   -0.0578622
  10.6000000   -0.0581703
  10.6200000   -0.0577673
  10.6400000   -0.0566197
  10.6600000   -0.0547165
  10.6800000   -0.0520664
  10.7000000   -0.0486952
  10.7200000   -0.0446463
  10.7400000   -0.0399809
  10.7600000   -0.0347813
  10.7800000   -0.0291528
  10.8000000   -0.0232263
  10.8200000   -0.0171583
  10.8400000   -0.0111285
  10.8600000   -0.0053352
  10.8800000    0.0000139
  10.9000000    0.0047117
  10.9200000    0.0085650
  10.9400000    0.0114083
  10.9600000    0.0131167
  10.9800000    0.0136176
  11.0000000    0.0128989
  11.0200000    0.0110137
  11.0400000    0.0080792
  11.0600000    0.0042718
  11.0800000   -0.0001840
  11.1000000   -0.0050303
  11.1200000   -0.0099928
  11.1400000   -0.0148005
  11.1600000   -0.0192034
  11.1800000   -0.0229892
  11.2000000   -0.0259958
  11.2200000   -0.0281191
  11.2400000   -0.0293162
  11.2600000   -0.0296027
  11.2800000   -0.0290462
  11.3000000   -0.0277560
  11.3200000   -0.0258711
  11.3400000   -0.0235465
  11.3600000   -0.0209412
  11.3800000   -0.0182069
  11.4000000   -0.0154794
  11.4200000   -0.0128737
  11.4400000   -0.0104816
  11.4600000   -0.0083726
  11.4800000   -0.0065981
  11.5000000   -0.0051962
  11.5200000   -0.0041978
  11.5400000   -0.0036320
  11.5600000   -0.0035297
  11.5800000   -0.0039250
  11.6000000   -0.0048529
  11.6200000   -0.0063444
  11.6400000   -0.0084195
  11.6600000   -0.0110789
  11.6800000   -0.0142958
  11.7000000   -0.0180111
  11.7200000   -0.0221310
  11.7400000   -0.0265306
  11.7600000   -0.0310614
  11.7800000   -0.0355638
  11.8000000   -0.0398822
  11.8200000   -0.0438802
  11.8400000   -0.0474549
  11.8600000   -0.0505461
  11.8800000   -0.0531405
  11.9000000   -0.0552687
  11.9200000   -0.0569978
  11.9400000   -0.0584182
  11.9600000   -0.0596288
  11.9800000   -0.0607234
  12.0000000   -0.0617782
  12.0200000   -0.0628450
  12.0400000   -0.0639482
  12.0600000   -0.0650869
  12.0800000   -0.0662404
  12.1000000   -0.0673753
  12.1200000   -0.0684531
  12.1400000   -0.0694370
  12.1600000   -0.0702960
  12.1800000   -0.0710080
  12.2000000   -0.0715605
  12.2200000   -0.0719500
  12.2400000   -0.0721819
  12.2600000   -0.0722691
  12.2800000   -0.0722322
  12.3000000   -0.0720989
  12.3200000   -0.0719034
  12.3400000   -0.0716852
  12.3600000   -0.0714857
  12.3800000   -0.0713438
  12.4000000   -0.0712894
  12.4200000   -0.0713358
  12.4400000   -0.0714717
  12.4600000   -0.0716544
  12.4800000   -0.0718043
  12.5000000   -0.0718047
  12.5200000   -0.0715050
  12.5400000   -0.0707296
  12.5600000   -0.0692928
  12.5800000   -0.0670169
  12.6000000   -0.0637536
  12.6200000   -0.0594056
  12.6400000   -0.0539452
  12.6600000   -0.0474277
  12.6800000   -0.0399976
  12.7000000   -0.0318849
  12.7200000   -0.0233926
  12.7400000   -0.0148754
  12.7600000   -0.0067122
  12.7800000    0.0007252
  12.8000000    0.0071024
  12.8200000    0.0121496
  12.8400000    0.0156822
  12.8600000    0.0176115
  12.8800000    0.0179470
  12.9000000    0.0167886
  12.9200000    0.0143111
  12.9400000    0.0107436
  12.9600000    0.0063467
  12.9800000    0.0013896
  13.0000000   -0.0038698
  13.0200000   -0.0092000
  13.0400000   -0.0144062
  13.0600000   -0.0193346
  13.0800000   -0.0238732
  13.1000000   -0.0279482
  13.1200000   -0.0315194
  13.1400000   -0.0345740
  13.1600000   -0.0371218
  13.1800000   -0.0391896
  13.2000000   -0.0408180
  13.2200000   -0.0420579
  13.2400000   -0.0429676
  13.2600000   -0.0436098
  13.2800000   -0.0440485
  13.3000000   -0.0443449
  13.3200000   -0.0445537
  13.3400000   -0.0447190
  13.3600000   -0.0448715
  13.3800000   -0.0450266
  13.4000000   -0.0451843
  13.4200000   -0.0453314
  13.4400000   -0.0454451
  13.4600000   -0.0454983
  13.4800000   -0.0454662
  13.5000000   -0.0453315
  13.5200000   -0.0450896
  13.5400000   -0.0447513
  13.5600000   -0.0443431
  13.5800000   -0.0439052
  13.6000000   -0.0434861
  13.6200000   -0.0431367
  13.6400000   -0.0429018
  13.6600000   -0.0428129
  13.6800000   -0.0428809
  13.7000000   -0.0430916
  13.7200000   -0.0434027
  13.7400000   -0.0437445
  13.7600000   -0.0440230
  13.7800000   -0.0441265
  13.8000000   -0.0439343
  13.8200000   -0.0433277
  13.8400000   -0.0422015
  13.8600000   -0.0404767
  13.8800000   -0.0381111
  13.9000000   -0.0351092
  13.9200000   -0.0315283
  13.9400000   -0.0274808
  13.9600000   -0.0231327
  13.9800000   -0.0186964
  14.0000000   -0.0144197
  14.0200000   -0.0105708
  14.0400000   -0.0074200
  14.0600000   -0.0052214
  14.0800000   -0.0041929
  14.1000000   -0.0045006
  14.1200000   -0.0062446
  14.1400000   -0.0094511
  14.1600000   -0.0140694
  14.1800000   -0.0199742
  14.2000000   -0.0269735
  14.2200000   -0.0348211
  14.2400000   -0.0432309
  14.2600000   -0.0518941
  14.2800000   -0.0604952
  14.3000000   -0.0687271
  14.3200000   -0.0763038
  14.3400000   -0.0829708
  14.3600000   -0.0885123
  14.3800000   -0.0927564
  14.4000000   -0.0955784
  14.4200000   -0.0969029
  14.4400000   -0.0967049
  14.4600000   -0.0950095
  14.4800000   -0.0918913
  14.5000000   -0.0874708
  14.5200000   -0.0819095
  14.5400000   -0.0754020
  14.5600000   -0.0681655
  14.5800000   -0.0604276
  14.6000000   -0.0524135
  14.6200000   -0.0443333
  14.6400000   -0.0363716
  14.6600000   -0.0286794
  14.6800000   -0.0213713
  14.7000000   -0.0145253
  14.7200000   -0.0081870
  14.7400000   -0.0023765
  14.7600000    0.0029035
  14.7800000    0.0076592
  14.8000000    0.0118991
  14.8200000    0.0156283
  14.8400000    0.0188467
  14.8600000    0.0215485
  14.8800000    0.0237255
  14.9000000    0.0253706
  14.9200000    0.0264830
  14.9400000    0.0270732
  14.9600000    0.0271667
  14.9800000    0.0268074
  15.0000000    0.0260582
  15.0200000    0.0250008
  15.0400000    0.0237337
  15.0600000    0.0223681
  15.0800000    0.0210236
  15.1000000    0.0198223
  15.1200000    0.0188816
  15.1400000    0.0183070
  15.1600000    0.0181843
  15.1800000    0.0185716
  15.2000000    0.0194922
  15.2200000    0.0209299
  15.2400000    0.0228252
  15.2600000    0.0250770
  15.2800000    0.0275465
  15.3000000    0.0300657
  15.3200000    0.0324495
  15.3400000    0.0345095
  15.3600000    0.0360690
  15.3800000    0.0369771
  15.4000000    0.0371203
  15.4200000    0.0364300
  15.4400000    0.0348865
  15.4600000    0.0325174
  15.4800000    0.0293930
  15.5000000    0.0256178
  15.5200000    0.0213205
  15.5400000    0.0166433
  15.5600000    0.0117315
  15.5800000    0.0067242
  15.6000000    0.0017467
  15.6200000   -0.0030952
  15.6400000   -0.0077185
  15.6600000   -0.0120644
  15.6800000   -0.0160983
  15.7000000   -0.0198067
  15.7200000   -0.0231931
  15.7400000   -0.0262718
  15.7600000   -0.0290603
  15.7800000   -0.0315711
  15.8000000   -0.0338035
  15.8200000   -0.0357359
  15.8400000   -0.0373206
  15.8600000   -0.0384813
  15.8800000   -0.0391144
  15.9000000   -0.0390942
  15.9200000   -0.0382823
  15.9400000   -0.0365405
  15.9600000   -0.0337452
  15.9800000   -0.0298040
  16.0000000   -0.0246707
  16.0200000   -0.0183583
  16.0400000   -0.0109485
  16.0600000   -0.0025968
  16.0800000    0.0064679
  16.1000000    0.0159489
  16.1200000    0.0254918
  16.1400000    0.0346990
  16.1600000    0.0431483
  16.1800000    0.0504136
  16.2000000    0.0560874
  16.2200000    0.0598044
  16.2400000    0.0612654
  16.2600000    0.0602591
  16.2800000    0.0566822
  16.3000000    0.0505540
  16.3200000    0.0420267
  16.3400000    0.0313858
  16.3600000    0.0190427
  16.3800000    0.0055171
  16.4000000   -0.0085905
  16.4200000   -0.0226341
  16.4400000   -0.0359635
  16.4600000   -0.0479671
  16.4800000   -0.0581134
  16.5000000   -0.0659861
  16.5200000   -0.0713102
  16.5400000   -0.0739657
  16.5600000   -0.0739890
  16.5800000   -0.0715614
  16.6000000   -0.0669869
  16.6200000   -0.0606629
  16.6400000   -0.0530457
  16.6600000   -0.0446163
  16.6800000   -0.0358482
  16.7000000   -0.0271803
  16.7200000   -0.0189961
  16.7400000   -0.0116099
  16.7600000   -0.0052586
  16.7800000   -0.0000995
  16.8000000    0.0037876
  16.8200000    0.0063960
  16.8400000    0.0077847
  16.8600000    0.0080695
  16.8800000    0.0074127
  16.9000000    0.0060118
  16.9200000    0.0040859
  16.9400000    0.0018635
  16.9600000   -0.0004315
  16.9800000   -0.0025920
  17.0000000   -0.0044378
  17.0200000   -0.0058239
  17.0400000   -0.0066447
  17.0600000   -0.0068363
  17.0800000   -0.0063752
  17.1000000   -0.0052757
  17.1200000   -0.0035860
  17.1400000   -0.0013842
  17.1600000    0.0012255
  17.1800000    0.0041164
  17.2000000    0.0071429
  17.2200000    0.0101450
  17.2400000    0.0129535
  17.2600000    0.0153974
  17.2800000    0.0173127
  17.3000000    0.0185530
  17.3200000    0.0190002
  17.3400000    0.0185753
  17.3600000    0.0172468
  17.3800000    0.0150366
  17.4000000    0.0120223
  17.4200000    0.0083351
  17.4400000    0.0041533
  17.4600000   -0.0003072
  17.4800000   -0.0048066
  17.5000000   -0.0090962
  17.5200000   -0.0129355
  17.5400000   -0.0161086
  17.5600000   -0.0184408
  17.5800000   -0.0198124
  17.6000000   -0.0201687
  17.6200000   -0.0195261
  17.6400000   -0.0179722
  17.6600000   -0.0156587
  17.6800000   -0.0127889
  17.7000000   -0.0095984
  17.7200000   -0.0063330
  17.7400000   -0.0032238
  17.7600000   -0.0004646
  17.7800000    0.0018067
  17.8000000    0.0035199
  17.8200000    0.0046748
  17.8400000    0.0053355
  17.8600000    0.0056161
  17.8800000    0.0056599
  17.9000000    0.0056166
  17.9200000    0.0056194
  17.9400000    0.0057660
  17.9600000    0.0061061
  17.9800000    0.0066369
  18.0000000    0.0073065
  18.0200000    0.0080248
  18.0400000    0.0086796
  18.0600000    0.0091546
  18.0800000    0.0093475
  18.1000000    0.0091847
  18.1200000    0.0086307
  18.1400000    0.0076908
  18.1600000    0.0064072
  18.1800000    0.0048498
  18.2000000    0.0031023
  18.2200000    0.0012476
  18.2400000   -0.0006465
  18.2600000   -0.0025374
  18.2800000   -0.0044132
  18.3000000   -0.0062920
  18.3200000   -0.0082152
  18.3400000   -0.0102364
  18.3600000   -0.0124081
  18.3800000   -0.0147671
  18.4000000   -0.0173230
  18.4200000   -0.0200504
  18.4400000   -0.0228868
  18.4600000   -0.0257360
  18.4800000   -0.0284772
  18.5000000   -0.0309787
  18.5200000   -0.0331132
  18.5400000   -0.0347751
  18.5600000   -0.0358955
  18.5800000   -0.0364543
  18.6000000   -0.0364875
  18.6200000   -0.0360892
  18.6400000   -0.0354068
  18.6600000   -0.0346303
  18.6800000   -0.0339763
  18.7000000   -0.0336673
  18.7200000   -0.0339093
  18.7400000   -0.0348695
  18.7600000   -0.0366564
  18.7800000   -0.0393048
  18.8000000   -0.0427676
  18.8200000   -0.0469158
  18.8400000   -0.0515467
  18.8600000   -0.0563988
  18.8800000   -0.0611729
  18.9000000   -0.0655563
  18.9200000   -0.0692479
  18.9400000   -0.0719810
  18.9600000   -0.0735424
  18.9800000   -0.0737859
  19.0000000   -0.0726398
  19.0200000   -0.0701077
  19.0400000   -0.0662639
  19.0600000   -0.0612445
  19.0800000   -0.0552346
  19.1000000   -0.0484543
  19.1200000   -0.0411443
  19.1400000   -0.0335518
  19.1600000   -0.0259187
  19.1800000   -0.0184712
  19.2000000   -0.0114135
  19.2200000   -0.0049225
  19.2400000    0.0008534
  19.2600000    0.0057944
  19.2800000    0.0098078
  19.3000000    0.0128251
  19.3200000    0.0147998
  19.3400000    0.0157055
  19.3600000    0.0155347
  19.3800000    0.0143002
  19.4000000    0.0120366
  19.4200000    0.0088042
  19.4400000    0.0046932
  19.4600000   -0.0001726
  19.4800000   -0.0056323
  19.5000000   -0.0114875
  19.5200000   -0.0175036
  19.5400000   -0.0234159
  19.5600000   -0.0289383
  19.5800000   -0.0337765
  19.6000000   -0.0376436
  19.6200000   -0.0402773
  19.6400000   -0.0414582
  19.6600000   -0.0410255
  19.6800000   -0.0388912
  19.7000000   -0.0350492
  19.7200000   -0.0295795
  19.7400000   -0.0226462
  19.7600000   -0.0144901
  19.7800000   -0.0054165
  19.8000000    0.0042220
  19.8200000    0.0140442
  19.8400000    0.0236612
  19.8600000    0.0326955
  19.8800000    0.0407993
  19.9000000    0.0476693
  19.9200000    0.0530576
  19.9400000    0.0567795
  19.9600000    0.0587167
  19.9800000    0.0588172
  20.0000000    0.0570929
  20.0200000    0.0536142
  20.0400000    0.0485043
  20.0600000    0.0419319
  20.0800000    0.0341044
  20.1000000    0.0252607
  20.1200000    0.0156651
  20.1400000    0.0056007
  20.1600000   -0.0046370
  20.1800000   -0.0147466
  20.2000000   -0.0244288
  20.2200000   -0.0333955
  20.2400000   -0.0413799
  20.2600000   -0.0481479
  20.2800000   -0.0535094
  20.3000000   -0.0573298
  20.3200000   -0.0595390
  20.3400000   -0.0601370
  20.3600000   -0.0591959
  20.3800000   -0.0568572
  20.4000000   -0.0533236
  20.4200000   -0.0488468
  20.4400000   -0.0437117
  20.4600000   -0.0382187
  20.4800000   -0.0326648
  20.5000000   -0.0273264
  20.5200000   -0.0224440
  20.5400000   -0.0182095
  20.5600000   -0.0147590
  20.5800000   -0.0121684
  20.6000000   -0.0104542
  20.6200000   -0.0095789
  20.6400000   -0.0094596
  20.6600000   -0.0099793
  20.6800000   -0.0110011
  20.7000000   -0.0123813
  20.7200000   -0.0139824
  20.7400000   -0.0156836
  20.7600000   -0.0173874
  20.7800000   -0.0190219
  20.8000000   -0.0205395
  20.8200000   -0.0219115
  20.8400000   -0.0231202
  20.8600000   -0.0241500
  20.8800000   -0.0249795
  20.9000000   -0.0255748
  20.9200000   -0.0258862
  20.9400000   -0.0258478
  20.9600000   -0.0253809
  20.9800000   -0.0243994
  21.0000000   -0.0228181
  21.0200000   -0.0205611
  21.0400000   -0.0175703
  21.0600000   -0.0138139
  21.0800000   -0.0092919
  21.1000000   -0.0040411
  21.1200000    0.0018634
  21.1400000    0.0083083
  21.1600000    0.0151451
  21.1800000    0.0221952
  21.2000000    0.0292573
  21.2200000    0.0361162
  21.2400000    0.0425530
  21.2600000    0.0483551
  21.2800000    0.0533272
  21.3000000    0.0572995
  21.3200000    0.0601359
  21.3400000    0.0617396
  21.3600000    0.0620559
  21.3800000    0.0610736
  21.4000000    0.0588243
  21.4200000    0.0553796
  21.4400000    0.0508475
  21.4600000    0.0453671
  21.4800000    0.0391032
  21.5000000    0.0322392
  21.5200000    0.0249702
  21.5400000    0.0174947
  21.5600000    0.0100070
  21.5800000    0.0026892
  21.6000000   -0.0042952
  21.6200000   -0.0108068
  21.6400000   -0.0167334
  21.6600000   -0.0219910
  21.6800000   -0.0265230
  21.7000000   -0.0302974
  21.7200000   -0.0333036
  21.7400000   -0.0355489
  21.7600000   -0.0370560
  21.7800000   -0.0378616
  21.8000000   -0.0380168
  21.8200000   -0.0375881
  21.8400000   -0.0366587
  21.8600000   -0.0353298
  21.8800000   -0.0337198
  21.9000000   -0.0319620
  21.9200000   -0.0301991
  21.9400000   -0.0285765
  21.9600000   -0.0272329
  21.9800000   -0.0262908
  22.0000000   -0.0258468
  22.0200000   -0.0259643
  22.0400000   -0.0266674
  22.0600000   -0.0279389
  22.0800000   -0.0297213
  22.1000000   -0.0319215
  22.1200000   -0.0344177
  22.1400000   -0.0370697
  22.1600000   -0.0397297
  22.1800000   -0.0422536
  22.2000000   -0.0445118
  22.2200000   -0.0463973
  22.2400000   -0.0478327
  22.2600000   -0.0487725
  22.2800000   -0.0492033
  22.3000000   -0.0491406
  22.3200000   -0.0486228
  22.3400000   -0.0477046
  22.3600000   -0.0464488
  22.3800000   -0.0449194
  22.4000000   -0.0431763
  22.4200000   -0.0412716
  22.4400000   -0.0392488
  22.4600000   -0.0371446
  22.4800000   -0.0349910
  22.5000000   -0.0328201
  22.5200000   -0.0306669
  22.5400000   -0.0285717
  22.5600000   -0.0265806
  22.5800000   -0.0247425
  22.6000000   -0.0231048
  22.6200000   -0.0217069
  22.6400000   -0.0205726
  22.6600000   -0.0197024
  22.6800000   -0.0190677
  22.7000000   -0.0186074
  22.7200000   -0.0182272
  22.7400000   -0.0178031
  22.7600000   -0.0171893
  22.7800000   -0.0162286
  22.8000000   -0.0147665
  22.8200000   -0.0126668
  22.8400000   -0.0098274
  22.8600000   -0.0061948
  22.8800000   -0.0017761
  22.9000000    0.0033539
  22.9200000    0.0090513
  22.9400000    0.0151074
  22.9600000    0.0212595
  22.9800000    0.0272072
  23.0000000    0.0326327
  23.0200000    0.0372232
  23.0400000    0.0406931
  23.0600000    0.0428040
  23.0800000    0.0433814
  23.1000000    0.0423252
  23.1200000    0.0396156
  23.1400000    0.0353126
  23.1600000    0.0295510
  23.1800000    0.0225314
  23.2000000    0.0145088
  23.2200000    0.0057788
  23.2400000   -0.0033363
  23.2600000   -0.0125017
  23.2800000   -0.0213837
  23.3000000   -0.0296630
  23.3200000   -0.0370472
  23.3400000   -0.0432815
  23.3600000   -0.0481594
  23.3800000   -0.0515310
  23.4000000   -0.0533092
  23.4200000   -0.0534743
  23.4400000   -0.0520750
  23.4600000   -0.0492265
  23.4800000   -0.0451061
  23.5000000   -0.0399451
  23.5200000   -0.0340182
  23.5400000   -0.0276309
  23.5600000   -0.0211051
  23.5800000   -0.0147637
  23.6000000   -0.0089153
  23.6200000   -0.0038379
  23.6400000    0.0002350
  23.6600000    0.0031281
  23.6800000    0.0047355
  23.7000000    0.0050284
  23.7200000    0.0040595
  23.7400000    0.0019621
  23.7600000   -0.0010562
  23.7800000   -0.0047254
  23.8000000   -0.0087308
  23.8200000   -0.0127354
  23.8400000   -0.0164050
  23.8600000   -0.0194346
  23.8800000   -0.0215725
  23.9000000   -0.0226407
  23.9200000   -0.0225485
  23.9400000   -0.0212977
  23.9600000   -0.0189798
  23.9800000   -0.0157642
  24.0000000   -0.0118799
  24.0200000   -0.0075927
  24.0400000   -0.0031806
  24.0600000    0.0010891
  24.0800000    0.0049789
  24.1000000    0.0082946
  24.1200000    0.0108913
  24.1400000    0.0126728
  24.1600000    0.0135853
  24.1800000    0.0136069
  24.2000000    0.0127358
  24.2200000    0.0109793
  24.2400000    0.0083453
  24.2600000    0.0048383
  24.2800000    0.0004606
  24.3000000   -0.0047823
  24.3200000   -0.0108732
  24.3400000   -0.0177731
  24.3600000   -0.0254114
  24.3800000   -0.0336789
  24.4000000   -0.0424260
  24.4200000   -0.0514650
  24.4400000   -0.0605787
  24.4600000   -0.0695329
  24.4800000   -0.0780926
  24.5000000   -0.0860383
  24.5200000   -0.0931815
  24.5400000   -0.0993764
  24.5600000   -0.1045260
  24.5800000   -0.1085834
  24.6000000   -0.1115460
  24.6200000   -0.1134459
  24.6400000   -0.1143363
  24.6600000   -0.1142774
  24.6800000   -0.1133231
  24.7000000   -0.1115108
  24.7200000   -0.1088552
  24.7400000   -0.1053482
  24.7600000   -0.1009631
  24.7800000   -0.0956640
  24.8000000   -0.0894178
  24.8200000   -0.0822083
  24.8400000   -0.0740494
  24.8600000   -0.0649967
  24.8800000   -0.0551552
  24.9000000   -0.0446822
  24.9200000   -0.0337856
  24.9400000   -0.0227165
  24.9600000   -0.0117575
  24.9800000   -0.0012070
  25.0000000    0.0086390
  25.0200000    0.0175063
  25.0400000    0.0251618
  25.0600000    0.0314306
  25.0800000    0.0362104
  25.1000000    0.0394806
  25.1200000    0.0413069
  25.1400000    0.0418382
  25.1600000    0.0412985
  25.1800000    0.0399720
  25.2000000    0.0381834
  25.2200000    0.0362742
  25.2400000    0.0345782
  25.2600000    0.0333966
  25.2800000    0.0329761
  25.3000000    0.0334911
  25.3200000    0.0350325
  25.3400000    0.0376028
  25.3600000    0.0411193
  25.3800000    0.0454230
  25.4000000    0.0502950
  25.4200000    0.0554756
  25.4400000    0.0606870
  25.4600000    0.0656549
  25.4800000    0.0701288
  25.5000000    0.0738978
  25.5200000    0.0768014
  25.5400000    0.0787337
  25.5600000    0.0796423
  25.5800000    0.0795221
  25.6000000    0.0784051
  25.6200000    0.0763491
  25.6400000    0.0734265
  25.6600000    0.0697149
  25.6800000    0.0652914
  25.7000000    0.0602299
  25.7200000    0.0546022
  25.7400000    0.0484827
  25.7600000    0.0419533
  25.7800000    0.0351098
  25.8000000    0.0280660
  25.8200000    0.0209568
  25.8400000    0.0139366
  25.8600000    0.0071761
  25.8800000    0.0008550
  25.9000000   -0.0048469
  25.9200000   -0.0097601
  25.9400000   -0.0137353
  25.9600000   -0.0166527
  25.9800000   -0.0184285
  26.0000000   -0.0190195
  26.0200000   -0.0184239
  26.0400000   -0.0166806
  26.0600000   -0.0138653
  26.0800000   -0.0100861
  26.1000000   -0.0054786
  26.1200000   -0.0002016
  26.1400000    0.0055676
  26.1600000    0.0116356
  26.1800000    0.0177957
  26.2000000    0.0238313
  26.2200000    0.0295199
  26.2400000    0.0346385
  26.2600000    0.0389728
  26.2800000    0.0423268
  26.3000000    0.0445365
  26.3200000    0.0454825
  26.3400000    0.0451035
  26.3600000    0.0434070
  26.3800000    0.0404757
  26.4000000    0.0364692
  26.4200000    0.0316181
  26.4400000    0.0262125
  26.4600000    0.0205834
  26.4800000    0.0150795
  26.5000000    0.0100421
  26.5200000    0.0057787
  26.5400000    0.0025404
  26.5600000    0.0005036
  26.5800000   -0.0002407
  26.6000000    0.0003101
  26.6200000    0.0020750
  26.6400000    0.0049024
  26.6600000    0.0085872
  26.6800000    0.0128916
  26.7000000    0.0175667
  26.7200000    0.0223711
  26.7400000    0.0270870
  26.7600000    0.0315307
  26.7800000    0.0355575
  26.8000000    0.0390621
  26.8200000    0.0419744
  26.8400000    0.0442535
  26.8600000    0.0458796
  26.8800000    0.0468472
  26.9000000    0.0471589
  26.9200000    0.0468217
  26.9400000    0.0458456
  26.9600000    0.0442442
  26.9800000    0.0420366
  27.0000000    0.0392504
  27.0200000    0.0359239
  27.0400000    0.0321093
  27.0600000    0.0278733
  27.0800000    0.0232978
  27.1000000    0.0184797
  27.1200000    0.0135299
  27.1400000    0.0085723
  27.1600000    0.0037435
  27.1800000   -0.0008086
  27.2000000   -0.0049253
  27.2200000   -0.0084393
  27.2400000   -0.0111794
  27.2600000   -0.0129766
  27.2800000   -0.0136746
  27.3000000   -0.0131431
  27.3200000   -0.0112934
  27.3400000   -0.0080952
  27.3600000   -0.0035917
  27.3800000    0.0020894
  27.4000000    0.0087311
  27.4200000    0.0160311
  27.4400000    0.0236152
  27.4600000    0.0310605
  27.4800000    0.0379258
  27.5000000    0.0437869
  27.5200000    0.0482737
  27.5400000    0.0511029
  27.5600000    0.0521054
  27.5800000    0.0512415
  27.6000000    0.0486057
  27.6200000    0.0444178
  27.6400000    0.0390024
  27.6600000    0.0327601
  27.6800000    0.0261317
  27.7000000    0.0195611
  27.7200000    0.0134598
  27.7400000    0.0081764
  27.7600000    0.0039744
  27.7800000    0.0010189
  27.8000000   -0.0006269
  27.8200000   -0.0009958
  27.8400000   -0.0002025
  27.8600000    0.0015747
  27.8800000    0.0041166
  27.9000000    0.0071850
  27.9200000    0.0105433
  27.9400000    0.0139730
  27.9600000    0.0172847
  27.9800000    0.0203242
  28.0000000    0.0229737
  28.0200000    0.0251482
  28.0400000    0.0267904
  28.0600000    0.0278642
  28.0800000    0.0283480
  28.1000000    0.0282306
  28.1200000    0.0275083
  28.1400000    0.0261836
  28.1600000    0.0242665
  28.1800000    0.0217752
  28.2000000    0.0187379
  28.2200000    0.0151935
  28.2400000    0.0111914
  28.2600000    0.0067906
  28.2800000    0.0020580
  28.3000000   -0.0029328
  28.3200000   -0.0081032
  28.3400000   -0.0133697
  28.3600000   -0.0186434
  28.3800000   -0.0238290
  28.4000000   -0.0288238
  28.4200000   -0.0335169
  28.4400000   -0.0377907
  28.4600000   -0.0415235
  28.4800000   -0.0445946
  28.5000000   -0.0468918
  28.5200000   -0.0483188
  28.5400000   -0.0488043
  28.5600000   -0.0483088
  28.5800000   -0.0468296
  28.6000000   -0.0444023
  28.6200000   -0.0410994
  28.6400000   -0.0370250
  28.6600000   -0.0323071
  28.6800000   -0.0270881
  28.7000000   -0.0215160
  28.7200000   -0.0157357
  28.7400000   -0.0098823
  28.7600000   -0.0040776
  28.7800000    0.0015720
  28.8000000    0.0069757
  28.8200000    0.0120566
  28.8400000    0.0167505
  28.8600000    0.0210049
  28.8800000    0.0247788
  28.9000000    0.0280431
  28.9200000    0.0307822
  28.9400000    0.0329952
  28.9600000    0.0346977
  28.9800000    0.0359210
  29.0000000    0.0367115
  29.0200000    0.0371275
  29.0400000    0.0372350
  29.0600000    0.0371025
  29.0800000    0.0367947
  29.1000000    0.0363678
  29.1200000    0.0358642
  29.1400000    0.0353100
  29.1600000    0.0347127
  29.1800000    0.0340617
  29.2000000    0.0333298
  29.2200000    0.0324747
  29.2400000    0.0314418
  29.2600000    0.0301665
  29.2800000    0.0285752
  29.3000000    0.0265873
  29.3200000    0.0241159
  29.3400000    0.0210705
  29.3600000    0.0173598
  29.3800000    0.0128982
  29.4000000    0.0076141
  29.4200000    0.0014614
  29.4400000   -0.0055674
  29.4600000   -0.0134281
  29.4800000   -0.0220122
  29.5000000   -0.0311401
  29.5200000   -0.0405586
  29.5400000   -0.0499480
  29.5600000   -0.0589364
  29.5800000   -0.0671227
  29.6000000   -0.0741053
  29.6200000   -0.0795139
  29.6400000   -0.0830409
  29.6600000   -0.0844678
  29.6800000   -0.0836840
  29.7000000   -0.0806955
  29.7200000   -0.0756219
  29.7400000   -0.0686844
  29.7600000   -0.0601847
  29.7800000   -0.0504792
  29.8000000   -0.0399526
  29.8200000   -0.0289929
  29.8400000   -0.0179712
  29.8600000   -0.0072263
  29.8800000    0.0029434
  29.9000000    0.0122857
  29.9200000    0.0205954
  29.9400000    0.0277158
  29.9600000    0.0335392
  29.9800000    0.0380080
  30.0000000    0.0411173
