 -10.0000000    0.0232929
  -9.9800000    0.0263835
  -9.9600000    0.0292997
  -9.9400000    0.0319472
  -9.9200000    0.0342356
  -9.9000000    0.0360840
  -9.8800000    0.0374255
  -9.8600000    0.0382118
  -9.8400000    0.0384159
  -9.8200000    0.0380337
  -9.8000000    0.0370846
  -9.7800000    0.0356100
  -9.7600000    0.0336708
  -9.7400000    0.0313432
  -9.7200000    0.0287139
  -9.7000000    0.0258746
  -9.6800000    0.0229165
  -9.6600000    0.0199252
  -9.6400000    0.0169765
  -9.6200000    0.0141334
  -9.6000000    0.0114448
  -9.5800000    0.0089458
  -9.5600000    0.0066586
  -9.5400000    0.0045958
  -9.5200000    0.0027628
  -9.5000000    0.0011617
  -9.4800000   -0.0002063
  -9.4600000   -0.0013386
  -9.4400000   -0.0022299
  -9.4200000   -0.0028717
  -9.4000000   -0.0032532
  -9.3800000   -0.0033617
  -9.3600000   -0.0031840
  -9.3400000   -0.0027078
  -9.3200000   -0.0019229
  -9.3000000   -0.0008223
  -9.2800000    0.0005961
  -9.2600000    0.0023286
  -9.2400000    0.0043635
  -9.2200000    0.0066801
  -9.2000000    0.0092466
  -9.1800000    0.0120195
  -9.1600000    0.0149432
  -9.1400000    0.0179510
  -9.1200000    0.0209674
  -9.1000000    0.0239113
  -9.0800000    0.0267005
  -9.0600000    0.0292570
  -9.0400000    0.0315121
  -9.0200000    0.0334108
  -9.0000000    0.0349153
  -8.9800000    0.0360072
  -8.9600000    0.0366873
  -8.9400000    0.0369735
  -8.9200000    0.0368979
  -8.9000000    0.0365017
  -8.8800000    0.0358297
  -8.8600000    0.0349247
  -8.8400000    0.0338226
  -8.8200000    0.0325477
  -8.8000000    0.0311108
  -8.7800000    0.0295075
  -8.7600000    0.0277196
  -8.7400000    0.0257168
  -8.7200000    0.0234605
  -8.7000000    0.0209077
  -8.6800000    0.0180158
  -8.6600000    0.0147470
  -8.6400000    0.0110716
  -8.6200000    0.0069717
  -8.6000000    0.0024437
  -8.5800000   -0.0025002
  -8.5600000   -0.0078295
  -8.5400000   -0.0134946
  -8.5200000   -0.0194243
  -8.5000000   -0.0255246
  -8.4800000   -0.0316776
  -8.4600000   -0.0377404
  -8.4400000   -0.0435471
  -8.4200000   -0.0489113
  -8.4000000   -0.0536328
  -8.3800000   -0.0575058
  -8.3600000   -0.0603310
  -8.3400000   -0.0619286
  -8.3200000   -0.0621522
  -8.3000000   -0.0609028
  -8.2800000   -0.0581393
  -8.2600000   -0.0538865
  -8.2400000   -0.0482374
  -8.2200000   -0.0413509
  -8.2000000   -0.0334439
  -8.1800000   -0.0247791
  -8.1600000   -0.0156495
  -8.1400000   -0.0063614
  -8.1200000    0.0027825
  -8.1000000    0.0114987
  -8.0800000    0.0195348
  -8.0600000    0.0266785
  -8.0400000    0.0327620
  -8.0200000    0.0376636
  -8.0000000    0.0413062
  -7.9800000    0.0436535
  -7.9600000    0.0447062
  -7.9400000    0.0444979
  -7.9200000    0.0430910
  -7.9000000    0.0405743
  -7.8800000    0.0370608
  -7.8600000    0.0326862
  -7.8400000    0.0276066
  -7.8200000    0.0219966
  -7.8000000    0.0160457
  -7.7800000    0.0099540
  -7.7600000    0.0039263
  -7.7400000   -0.0018345
  -7.7200000   -0.0071349
  -7.7000000   -0.0117986
  -7.6800000   -0.0156742
  -7.6600000   -0.0186424
  -7.6400000   -0.0206217
  -7.6200000   -0.0215734
  -7.6000000   -0.0215039
  -7.5800000   -0.0204647
  -7.5600000   -0.0185506
  -7.5400000   -0.0158944
  -7.5200000   -0.0126593
  -7.5000000   -0.0090293
  -7.4800000   -0.0051975
  -7.4600000   -0.0013543
  -7.4400000    0.0023252
  -7.4200000    0.0056910
  -7.4000000    0.0086273
  -7.3800000    0.0110573
  -7.3600000    0.0129449
  -7.3400000    0.0142932
  -7.3200000    0.0151386
  -7.3000000    0.0155441
  -7.2800000    0.0155894
  -7.2600000    0.0153616
  -7.2400000    0.0149462
  -7.2200000    0.0144203
  -7.2000000    0.0138471
  -7.1800000    0.0132738
  -7.1600000    0.0127315
  -7.1400000    0.0122377
  -7.1200000    0.0117999
  -7.1000000    0.0114195
  -7.0800000    0.0110965
  -7.0600000    0.0108330
  -7.0400000    0.0106345
  -7.0200000    0.0105114
  -7.0000000    0.0104769
  -6.9800000    0.0105451
  -6.9600000    0.0107272
  -6.9400000    0.0110277
  -6.9200000    0.0114411
  -6.9000000    0.0119491
  -6.8800000    0.0125196
  -6.8600000    0.0131074
  -6.8400000    0.0136566
  -6.8200000    0.0141050
  -6.8000000    0.0143897
  -6.7800000    0.0144533
  -6.7600000    0.0142500
  -6.7400000    0.0137520
  -6.7200000    0.0129530
  -6.7000000    0.0118706
  -6.6800000    0.0105465
  -6.6600000    0.0090435
  -6.6400000    0.0074414
  -6.6200000    0.0058297
  -6.6000000    0.0043003
  -6.5800000    0.0029393
  -6.5600000    0.0018193
  -6.5400000    0.0009931
  -6.5200000    0.0004892
  -6.5000000    0.0003098
  -6.4800000    0.0004316
  -6.4600000    0.0008080
  -6.4400000    0.0013744
  -6.4200000    0.0020540
  -6.4000000    0.0027640
  -6.3800000    0.0034217
  -6.3600000    0.0039495
  -6.3400000    0.0042791
  -6.3200000    0.0043531
  -6.3000000    0.0041261
  -6.2800000    0.0035651
  -6.2600000    0.0026482
  -6.2400000    0.0013650
  -6.2200000   -0.0002846
  -6.2000000   -0.0022887
  -6.1800000   -0.0046229
  -6.1600000   -0.0072485
  -6.1400000   -0.0101104
  -6.1200000   -0.0131363
  -6.1000000   -0.0162367
  -6.0800000   -0.0193058
  -6.0600000   -0.0222256
  -6.0400000   -0.0248706
  -6.0200000   -0.0271154
  -6.0000000   -0.0288423
  -5.9800000   -0.0299506
  -5.9600000   -0.0303646
  -5.9400000   -0.0300410
  -5.9200000   -0.0289735
  -5.9000000   -0.0271956
  -5.8800000   -0.0247792
  -5.8600000   -0.0218308
  -5.8400000   -0.0184840
  -5.8200000   -0.0148900
  -5.8000000   -0.0112059
  -5.7800000   -0.0075835
  -5.7600000   -0.0041568
  -5.7400000   -0.0010335
  -5.7200000    0.0017132
  -5.7000000    0.0040472
  -5.6800000    0.0059697
  -5.6600000    0.0075150
  -5.6400000    0.0087434
  -5.6200000    0.0097315
  -5.6000000    0.0105612
  -5.5800000    0.0113102
  -5.5600000    0.0120421
  -5.5400000    0.0128006
  -5.5200000    0.0136063
  -5.5000000    0.0144567
  -5.4800000    0.0153290
  -5.4600000    0.0161857
  -5.4400000    0.0169805
  -5.4200000    0.0176650
  -5.4000000    0.0181939
  -5.3800000    0.0185289
  -5.3600000    0.0186404
  -5.3400000    0.0185079
  -5.3200000    0.0181177
  -5.3000000    0.0174614
  -5.2800000    0.0165327
  -5.2600000    0.0153258
  -5.2400000    0.0138345
  -5.2200000    0.0120528
  -5.2000000    0.0099766
  -5.1800000    0.0076063
  -5.1600000    0.0049506
  -5.1400000    0.0020293
  -5.1200000   -0.0011233
  -5.1000000   -0.0044564
  -5.0800000   -0.0079026
  -5.0600000   -0.0113778
  -5.0400000   -0.0147838
  -5.0200000   -0.0180121
  -5.0000000   -0.0209484
  -4.9800000   -0.0234789
  -4.9600000   -0.0254970
  -4.9400000   -0.0269102
  -4.9200000   -0.0276467
  -4.9000000   -0.0276615
  -4.8800000   -0.0269405
  -4.8600000   -0.0255035
  -4.8400000   -0.0234039
  -4.8200000   -0.0207269
  -4.8000000   -0.0175847
  -4.7800000   -0.0141096
  -4.7600000   -0.0104458
  -4.7400000   -0.0067408
  -4.7200000   -0.0031355
  -4.7000000    0.0002432
  -4.6800000    0.0032896
  -4.6600000    0.0059241
  -4.6400000    0.0080950
  -4.6200000    0.0097791
  -4.6000000    0.0109795
  -4.5800000    0.0117217
  -4.5600000    0.0120483
  -4.5400000    0.0120139
  -4.5200000    0.0116790
  -4.5000000    0.0111052
  -4.4800000    0.0103516
  -4.4600000    0.0094713
  -4.4400000    0.0085110
  -4.4200000    0.0075103
  -4.4000000    0.0065029
  -4.3800000    0.0055179
  -4.3600000    0.0045814
  -4.3400000    0.0037182
  -4.3200000    0.0029528
  -4.3000000    0.0023090
  -4.2800000    0.0018099
  -4.2600000    0.0014762
  -4.2400000    0.0013238
  -4.2200000    0.0013616
  -4.2000000    0.0015884
  -4.1800000    0.0019910
  -4.1600000    0.0025419
  -4.1400000    0.0031988
  -4.1200000    0.0039051
  -4.1000000    0.0045915
  -4.0800000    0.0051796
  -4.0600000    0.0055859
  -4.0400000    0.0057278
  -4.0200000    0.0055296
  -4.0000000    0.0049292
  -3.9800000    0.0038840
  -3.9600000    0.0023761
  -3.9400000    0.0004161
  -3.9200000   -0.0019546
  -3.9000000   -0.0046644
  -3.8800000   -0.0076137
  -3.8600000   -0.0106788
  -3.8400000   -0.0137185
  -3.8200000   -0.0165810
  -3.8000000   -0.0191127
  -3.7800000   -0.0211655
  -3.7600000   -0.0226054
  -3.7400000   -0.0233193
  -3.7200000   -0.0232205
  -3.7000000   -0.0222531
  -3.6800000   -0.0203950
  -3.6600000   -0.0176588
  -3.6400000   -0.0140918
  -3.6200000   -0.0097741
  -3.6000000   -0.0048163
  -3.5800000    0.0006451
  -3.5600000    0.0064523
  -3.5400000    0.0124320
  -3.5200000    0.0184020
  -3.5000000    0.0241782
  -3.4800000    0.0295819
  -3.4600000    0.0344466
  -3.4400000    0.0386250
  -3.4200000    0.0419945
  -3.4000000    0.0444618
  -3.3800000    0.0459663
  -3.3600000    0.0464819
  -3.3400000    0.0460174
  -3.3200000    0.0446155
  -3.3000000    0.0423503
  -3.2800000    0.0393246
  -3.2600000    0.0356655
  -3.2400000    0.0315196
  -3.2200000    0.0270480
  -3.2000000    0.0224204
  -3.1800000    0.0178093
  -3.1600000    0.0133835
  -3.1400000    0.0093026
  -3.1200000    0.0057110
  -3.1000000    0.0027331
  -3.0800000    0.0004690
  -3.0600000   -0.0010081
  -3.0400000   -0.0016540
  -3.0200000   -0.0014540
  -3.0000000   -0.0004226
  -2.9800000    0.0013976
  -2.9600000    0.0039380
  -2.9400000    0.0071056
  -2.9200000    0.0107865
  -2.9000000    0.0148481
  -2.8800000    0.0191431
  -2.8600000    0.0235133
  -2.8400000    0.0277950
  -2.8200000    0.0318241
  -2.8000000    0.0354427
  -2.7800000    0.0385060
  -2.7600000    0.0408883
  -2.7400000    0.0424894
  -2.7200000    0.0432393
  -2.7000000    0.0431016
  -2.6800000    0.0420753
  -2.6600000    0.0401943
  -2.6400000    0.0375258
  -2.6200000    0.0341670
  -2.6000000    0.0302408
  -2.5800000    0.0258910
  -2.5600000    0.0212762
  -2.5400000    0.0165643
  -2.5200000    0.0119260
  -2.5000000    0.0075287
  -2.4800000    0.0035296
  -2.4600000    0.0000695
  -2.4400000   -0.0027333
  -2.4200000   -0.0047886
  -2.4000000   -0.0060382
  -2.3800000   -0.0064591
  -2.3600000   -0.0060643
  -2.3400000   -0.0049022
  -2.3200000   -0.0030547
  -2.3000000   -0.0006331
  -2.2800000    0.0022265
  -2.2600000    0.0053690
  -2.2400000    0.0086267
  -2.2200000    0.0118259
  -2.2000000    0.0147938
  -2.1800000    0.0173663
  -2.1600000    0.0193944
  -2.1400000    0.0207518
  -2.1200000    0.0213409
  -2.1000000    0.0210982
  -2.0800000    0.0199982
  -2.0600000    0.0180548
  -2.0400000    0.0153205
  -2.0200000    0.0118828
  -2.0000000    0.0078585
  -1.9800000    0.0033850
  -1.9600000   -0.0013884
  -1.9400000   -0.0063106
  -1.9200000   -0.0112375
  -1.9000000   -0.0160394
  -1.8800000   -0.0206058
  -1.8600000   -0.0248473
  -1.8400000   -0.0286954
  -1.8200000   -0.0320995
  -1.8000000   -0.0350225
  -1.7800000   -0.0374364
  -1.7600000   -0.0393178
  -1.7400000   -0.0406449
  -1.7200000   -0.0413960
  -1.7000000   -0.0415494
  -1.6800000   -0.0410845
  -1.6600000   -0.0399835
  -1.6400000   -0.0382325
  -1.6200000   -0.0358223
  -1.6000000   -0.0327477
  -1.5800000   -0.0290061
  -1.5600000   -0.0245963
  -1.5400000   -0.0195173
  -1.5200000   -0.0137692
  -1.5000000   -0.0073569
  -1.4800000   -0.0002962
  -1.4600000    0.0073767
  -1.4400000    0.0155948
  -1.4200000    0.0242491
  -1.4000000    0.0331799
  -1.3800000    0.0421720
  -1.3600000    0.0509557
  -1.3400000    0.0592155
  -1.3200000    0.0666046
  -1.3000000    0.0727659
  -1.2800000    0.0773570
  -1.2600000    0.0800746
  -1.2400000    0.0806775
  -1.2200000    0.0790040
  -1.2000000    0.0749813
  -1.1800000    0.0686274
  -1.1600000    0.0600445
  -1.1400000    0.0494067
  -1.1200000    0.0369441
  -1.1000000    0.0229263
  -1.0800000    0.0076488
  -1.0600000   -0.0085769
  -1.0400000   -0.0254275
  -1.0200000   -0.0425669
  -1.0000000   -0.0596423
  -0.9800000   -0.0762797
  -0.9600000   -0.0920806
  -0.9400000   -0.1066246
  -0.9200000   -0.1194780
  -0.9000000   -0.1302093
  -0.8800000   -0.1384121
  -0.8600000   -0.1437311
  -0.8400000   -0.1458906
  -0.8200000   -0.1447187
  -0.8000000   -0.1401660
  -0.7800000   -0.1323146
  -0.7600000   -0.1213756
  -0.7400000   -0.1076754
  -0.7200000   -0.0916315
  -0.7000000   -0.0737222
  -0.6800000   -0.0544524
  -0.6600000   -0.0343214
  -0.6400000   -0.0137959
  -0.6200000    0.0067082
  -0.6000000    0.0268334
  -0.5800000    0.0462780
  -0.5600000    0.0647836
  -0.5400000    0.0821172
  -0.5200000    0.0980495
  -0.5000000    0.1123354
  -0.4800000    0.1246980
  -0.4600000    0.1348204
  -0.4400000    0.1423452
  -0.4200000    0.1468830
  -0.4000000    0.1480281
  -0.3800000    0.1453793
  -0.3600000    0.1385655
  -0.3400000    0.1272720
  -0.3200000    0.1112683
  -0.3000000    0.0904343
  -0.2800000    0.0647868
  -0.2600000    0.0345043
  -0.2400000   -0.0000515
  -0.2200000   -0.0383182
  -0.2000000   -0.0795223
  -0.1800000   -0.1226816
  -0.1600000   -0.1666220
  -0.1400000   -0.2100136
  -0.1200000   -0.2514272
  -0.1000000   -0.2894089
  -0.0800000   -0.3225697
  -0.0600000   -0.3496814
  -0.0400000   -0.3697680
  -0.0200000   -0.3821828
   0.0000000   -0.3866602
   0.0200000   -0.3833343
   0.0400000   -0.3727216
   0.0600000   -0.3556681
   0.0800000   -0.3332676
   0.1000000   -0.3067613
   0.1200000   -0.2774307
   0.1400000   -0.2464956
   0.1600000   -0.2150307
   0.1800000   -0.1839060
   0.2000000   -0.1537571
   0.2200000   -0.1249858
   0.2400000   -0.0977851
   0.2600000   -0.0721847
   0.2800000   -0.0481069
   0.3000000   -0.0254258
   0.3200000   -0.0040214
   0.3400000    0.0161774
   0.3600000    0.0351647
   0.3800000    0.0528453
   0.4000000    0.0690394
   0.4200000    0.0834999
   0.4400000    0.0959401
   0.4600000    0.1060661
   0.4800000    0.1136105
   0.5000000    0.1183627
   0.5200000    0.1201926
   0.5400000    0.1190660
   0.5600000    0.1150513
   0.5800000    0.1083171
   0.6000000    0.0991233
   0.6200000    0.0878065
   0.6400000    0.0747632
   0.6600000    0.0604315
   0.6800000    0.0452732
   0.7000000    0.0297580
   0.7200000    0.0143484
   0.7400000   -0.0005131
   0.7600000   -0.0144162
   0.7800000   -0.0269936
   0.8000000   -0.0379318
   0.8200000   -0.0469804
   0.8400000   -0.0539605
   0.8600000   -0.0587703
   0.8800000   -0.0613888
   0.9000000   -0.0618750
   0.9200000   -0.0603640
   0.9400000   -0.0570590
   0.9600000   -0.0522203
   0.9800000   -0.0461515
   1.0000000   -0.0391846
   1.0200000   -0.0316639
   1.0400000   -0.0239310
   1.0600000   -0.0163107
   1.0800000   -0.0090987
   1.1000000   -0.0025506
   1.1200000    0.0031255
   1.1400000    0.0077754
   1.1600000    0.0113028
   1.1800000    0.0136702
   1.2000000    0.0148988
   1.2200000    0.0150646
   1.2400000    0.0142937
   1.2600000    0.0127538
   1.2800000    0.0106444
   1.3000000    0.0081849
   1.3200000    0.0056011
   1.3400000    0.0031109
   1.3600000    0.0009108
   1.3800000   -0.0008377
   1.4000000   -0.0020179
   1.4200000   -0.0025662
   1.4400000   -0.0024745
   1.4600000   -0.0017900
   1.4800000   -0.0006089
   1.5000000    0.0009329
   1.5200000    0.0026733
   1.5400000    0.0044384
   1.5600000    0.0060587
   1.5800000    0.0073834
   1.6000000    0.0082925
   1.6200000    0.0087056
   1.6400000    0.0085865
   1.6600000    0.0079431
   1.6800000    0.0068236
   1.7000000    0.0053098
   1.7200000    0.0035078
   1.7400000    0.0015379
   1.7600000   -0.0004747
   1.7800000   -0.0024084
   1.8000000   -0.0041517
   1.8200000   -0.0056080
   1.8400000   -0.0066977
   1.8600000   -0.0073600
   1.8800000   -0.0075528
   1.9000000   -0.0072536
   1.9200000   -0.0064598
   1.9400000   -0.0051893
   1.9600000   -0.0034825
   1.9800000   -0.0014024
   2.0000000    0.0009641
   2.0200000    0.0035083
   2.0400000    0.0061018
   2.0600000    0.0086027
   2.0800000    0.0108625
   2.1000000    0.0127354
   2.1200000    0.0140887
   2.1400000    0.0148132
   2.1600000    0.0148320
   2.1800000    0.0141078
   2.2000000    0.0126473
   2.2200000    0.0105013
   2.2400000    0.0077616
   2.2600000    0.0045550
   2.2800000    0.0010330
   2.3000000   -0.0026387
   2.3200000   -0.0062926
   2.3400000   -0.0097712
   2.3600000   -0.0129372
   2.3800000   -0.0156817
   2.4000000   -0.0179288
   2.4200000   -0.0196375
   2.4400000   -0.0208005
   2.4600000   -0.0214399
   2.4800000   -0.0216013
   2.5000000   -0.0213468
   2.5200000   -0.0207478
   2.5400000   -0.0198786
   2.5600000   -0.0188115
   2.5800000   -0.0176135
   2.6000000   -0.0163455
   2.6200000   -0.0150615
   2.6400000   -0.0138101
   2.6600000   -0.0126353
   2.6800000   -0.0115766
   2.7000000   -0.0106687
   2.7200000   -0.0099392
   2.7400000   -0.0094053
   2.7600000   -0.0090701
   2.7800000   -0.0089182
   2.8000000   -0.0089132
   2.8200000   -0.0089967
   2.8400000   -0.0090897
   2.8600000   -0.0090975
   2.8800000   -0.0089171
   2.9000000   -0.0084474
   2.9200000   -0.0075998
   2.9400000   -0.0063098
   2.9600000   -0.0045464
   2.9800000   -0.0023188
   3.0000000    0.0003208
   3.0200000    0.0032785
   3.0400000    0.0064245
   3.0600000    0.0096023
   3.0800000    0.0126408
   3.1000000    0.0153671
   3.1200000    0.0176197
   3.1400000    0.0192600
   3.1600000    0.0201813
   3.1800000    0.0203155
   3.2000000    0.0196361
   3.2200000    0.0181589
   3.2400000    0.0159396
   3.2600000    0.0130695
   3.2800000    0.0096696
   3.3000000    0.0058841
   3.3200000    0.0018720
   3.3400000   -0.0021999
   3.3600000   -0.0061653
   3.3800000   -0.0098661
   3.4000000   -0.0131585
   3.4200000   -0.0159202
   3.4400000   -0.0180544
   3.4600000   -0.0194945
   3.4800000   -0.0202060
   3.5000000   -0.0201874
   3.5200000   -0.0194703
   3.5400000   -0.0181162
   3.5600000   -0.0162137
   3.5800000   -0.0138724
   3.6000000   -0.0112170
   3.6200000   -0.0083794
   3.6400000   -0.0054904
   3.6600000   -0.0026720
   3.6800000   -0.0000288
   3.7000000    0.0023582
   3.7200000    0.0044365
   3.7400000    0.0061847
   3.7600000    0.0076123
   3.7800000    0.0087567
   3.8000000    0.0096775
   3.8200000    0.0104487
   3.8400000    0.0111491
   3.8600000    0.0118536
   3.8800000    0.0126237
   3.9000000    0.0135009
   3.9200000    0.0145024
   3.9400000    0.0156198
   3.9600000    0.0168209
   3.9800000    0.0180541
   4.0000000    0.0192547
   4.0200000    0.0203522
   4.0400000    0.0212773
   4.0600000    0.0219681
   4.0800000    0.0223744
   4.1000000    0.0224608
   4.1200000    0.0222071
   4.1400000    0.0216080
   4.1600000    0.0206721
   4.1800000    0.0194198
   4.2000000    0.0178820
   4.2200000    0.0160988
   4.2400000    0.0141181
   4.2600000    0.0119953
   4.2800000    0.0097917
   4.3000000    0.0075733
   4.3200000    0.0054090
   4.3400000    0.0033680
   4.3600000    0.0015170
   4.3800000   -0.0000829
   4.4000000   -0.0013789
   4.4200000   -0.0023291
   4.4400000   -0.0029049
   4.4600000   -0.0030923
   4.4800000   -0.0028932
   4.5000000   -0.0023256
   4.5200000   -0.0014237
   4.5400000   -0.0002378
   4.5600000    0.0011666
   4.5800000    0.0027105
   4.6000000    0.0043031
   4.6200000    0.0058447
   4.6400000    0.0072305
   4.6600000    0.0083551
   4.6800000    0.0091180
   4.7000000    0.0094293
   4.7200000    0.0092167
   4.7400000    0.0084309
   4.7600000    0.0070514
   4.7800000    0.0050901
   4.8000000    0.0025931
   4.8200000   -0.0003598
   4.8400000   -0.0036585
   4.8600000   -0.0071686
   4.8800000   -0.0107397
   4.9000000   -0.0142144
   4.9200000   -0.0174389
   4.9400000   -0.0202717
   4.9600000   -0.0225918
   4.9800000   -0.0243046
   5.0000000   -0.0253446
   5.0200000   -0.0256772
   5.0400000   -0.0252972
   5.0600000   -0.0242272
   5.0800000   -0.0225154
   5.1000000   -0.0202326
   5.1200000   -0.0174706
   5.1400000   -0.0143401
   5.1600000   -0.0109693
   5.1800000   -0.0075005
   5.2000000   -0.0040872
   5.2200000   -0.0008877
   5.2400000    0.0019421
   5.2600000    0.0042579
   5.2800000    0.0059373
   5.3000000    0.0068897
   5.3200000    0.0070657
   5.3400000    0.0064631
   5.3600000    0.0051299
   5.3800000    0.0031631
   5.4000000    0.0007032
   5.4200000   -0.0020755
   5.4400000   -0.0049774
   5.4600000   -0.0078001
   5.4800000   -0.0103490
   5.5000000   -0.0124516
   5.5200000   -0.0139681
   5.5400000   -0.0148003
   5.5600000   -0.0148956
   5.5800000   -0.0142481
   5.6000000   -0.0128958
   5.6200000   -0.0109153
   5.6400000   -0.0084151
   5.6600000   -0.0055269
   5.6800000   -0.0023983
   5.7000000    0.0008153
   5.7200000    0.0039576
   5.7400000    0.0068775
   5.7600000    0.0094343
   5.7800000    0.0115026
   5.8000000    0.0129772
   5.8200000    0.0137774
   5.8400000    0.0138518
   5.8600000    0.0131823
   5.8800000    0.0117873
   5.9000000    0.0097238
   5.9200000    0.0070868
   5.9400000    0.0040073
   5.9600000    0.0006463
   5.9800000   -0.0028135
   6.0000000   -0.0061775
   6.0200000   -0.0092519
   6.0400000   -0.0118556
   6.0600000   -0.0138321
   6.0800000   -0.0150591
   6.1000000   -0.0154556
   6.1200000   -0.0149861
   6.1400000   -0.0136609
   6.1600000   -0.0115329
   6.1800000   -0.0086931
   6.2000000   -0.0052626
   6.2200000   -0.0013851
   6.2400000    0.0027820
   6.2600000    0.0070755
   6.2800000    0.0113333
   6.3000000    0.0154007
   6.3200000    0.0191352
   6.3400000    0.0224109
   6.3600000    0.0251217
   6.3800000    0.0271837
   6.4000000    0.0285380
   6.4200000    0.0291520
   6.4400000    0.0290202
   6.4600000    0.0281646
   6.4800000    0.0266335
   6.5000000    0.0244992
   6.5200000    0.0218549
   6.5400000    0.0188098
   6.5600000    0.0154845
   6.5800000    0.0120047
   6.6000000    0.0084958
   6.6200000    0.0050773
   6.6400000    0.0018583
   6.6600000   -0.0010663
   6.6800000   -0.0036187
   6.7000000   -0.0057401
   6.7200000   -0.0073913
   6.7400000   -0.0085533
   6.7600000   -0.0092265
   6.7800000   -0.0094302
   6.8000000   -0.0092004
   6.8200000   -0.0085891
   6.8400000   -0.0076608
   6.8600000   -0.0064908
   6.8800000   -0.0051617
   6.9000000   -0.0037596
   6.9200000   -0.0023711
   6.9400000   -0.0010785
   6.9600000    0.0000435
   6.9800000    0.0009314
   7.0000000    0.0015366
   7.0200000    0.0018272
   7.0400000    0.0017895
   7.0600000    0.0014290
   7.0800000    0.0007691
   7.1000000   -0.0001506
   7.1200000   -0.0012767
   7.1400000   -0.0025464
   7.1600000   -0.0038916
   7.1800000   -0.0052438
   7.2000000   -0.0065387
   7.2200000   -0.0077215
   7.2400000   -0.0087500
   7.2600000   -0.0095978
   7.2800000   -0.0102562
   7.3000000   -0.0107332
   7.3200000   -0.0110528
   7.3400000   -0.0112510
   7.3600000   -0.0113717
   7.3800000   -0.0114611
   7.4000000   -0.0115627
   7.4200000   -0.0117118
   7.4400000   -0.0119322
   7.4600000   -0.0122337
   7.4800000   -0.0126119
   7.5000000   -0.0130507
   7.5200000   -0.0135258
   7.5400000   -0.0140098
   7.5600000   -0.0144786
   7.5800000   -0.0149168
   7.6000000   -0.0153219
   7.6200000   -0.0157072
   7.6400000   -0.0161017
   7.6600000   -0.0165471
   7.6800000   -0.0170926
   7.7000000   -0.0177871
   7.7200000   -0.0186709
   7.7400000   -0.0197668
   7.7600000   -0.0210729
   7.7800000   -0.0225576
   7.8000000   -0.0241581
   7.8200000   -0.0257824
   7.8400000   -0.0273149
   7.8600000   -0.0286260
   7.8800000   -0.0295831
   7.9000000   -0.0300632
   7.9200000   -0.0299650
   7.9400000   -0.0292199
   7.9600000   -0.0277989
   7.9800000   -0.0257174
   8.0000000   -0.0230349
   8.0200000   -0.0198514
   8.0400000   -0.0162998
   8.0600000   -0.0125361
   8.0800000   -0.0087278
   8.1000000   -0.0050418
   8.1200000   -0.0016327
   8.1400000    0.0013666
   8.1600000    0.0038535
   8.1800000    0.0057603
   8.2000000    0.0070567
   8.2200000    0.0077501
   8.2400000    0.0078833
   8.2600000    0.0075296
   8.2800000    0.0067873
   8.3000000    0.0057730
   8.3200000    0.0046129
   8.3400000    0.0034348
   8.3600000    0.0023600
   8.3800000    0.0014946
   8.4000000    0.0009227
   8.4200000    0.0007005
   8.4400000    0.0008522
   8.4600000    0.0013687
   8.4800000    0.0022079
   8.5000000    0.0032984
   8.5200000    0.0045449
   8.5400000    0.0058359
   8.5600000    0.0070527
   8.5800000    0.0080784
   8.6000000    0.0088069
   8.6200000    0.0091511
   8.6400000    0.0090489
   8.6600000    0.0084676
   8.6800000    0.0074055
   8.7000000    0.0058914
   8.7200000    0.0039822
   8.7400000    0.0017590
   8.7600000   -0.0006783
   8.7800000   -0.0032163
   8.8000000   -0.0057343
   8.8200000   -0.0081090
   8.8400000   -0.0102202
   8.8600000   -0.0119549
   8.8800000   -0.0132118
   8.9000000   -0.0139052
   8.9200000   -0.0139686
   8.9400000   -0.0133587
   8.9600000   -0.0120582
   8.9800000   -0.0100788
   9.0000000   -0.0074618
   9.0200000   -0.0042783
   9.0400000   -0.0006267
   9.0600000    0.0033718
   9.0800000    0.0075792
   9.1000000    0.0118492
   9.1200000    0.0160356
   9.1400000    0.0200016
   9.1600000    0.0236280
   9.1800000    0.0268197
   9.2000000    0.0295106
   9.2200000    0.0316656
   9.2400000    0.0332796
   9.2600000    0.0343753
   9.2800000    0.0349981
   9.3000000    0.0352100
   9.3200000    0.0350832
   9.3400000    0.0346936
   9.3600000    0.0341142
   9.3800000    0.0334109
   9.4000000    0.0326384
   9.4200000    0.0318379
   9.4400000    0.0310357
   9.4600000    0.0302436
   9.4800000    0.0294593
   9.5000000    0.0286679
   9.5200000    0.0278446
   9.5400000    0.0269566
   9.5600000    0.0259663
   9.5800000    0.0248354
   9.6000000    0.0235278
   9.6200000    0.0220141
   9.6400000    0.0202747
   9.6600000    0.0183033
   9.6800000    0.0161083
   9.7000000    0.0137139
   9.7200000    0.0111584
   9.7400000    0.0084921
   9.7600000    0.0057733
   9.7800000    0.0030632
   9.8000000    0.0004217
   9.8200000   -0.0020975
   9.8400000   -0.0044499
   9.8600000   -0.0066020
   9.8800000   -0.0085319
   9.9000000   -0.0102276
   9.9200000   -0.0116849
   9.9400000   -0.0129048
   9.9600000   -0.0138902
   9.9800000   -0.0146435
  10.0000000   -0.0151651
  10.0200000   -0.0154524
  10.0400000   -0.0154995
  10.0600000   -0.0152988
  10.0800000   -0.0148416
  10.1000000   -0.0141205
  10.1200000   -0.0131308
  10.1400000   -0.0118730
  10.1600000   -0.0103546
  10.1800000   -0.0085921
  10.2000000   -0.0066125
  10.2200000   -0.0044547
  10.2400000   -0.0021699
  10.2600000    0.0001785
  10.2800000    0.0025170
  10.3000000    0.0047641
  10.3200000    0.0068343
  10.3400000    0.0086431
  10.3600000    0.0101120
  10.3800000    0.0111736
  10.4000000    0.0117766
  10.4200000    0.0118892
  10.4400000    0.0115008
  10.4600000    0.0106232
  10.4800000    0.0092889
  10.5000000    0.0075486
  10.5200000    0.0054680
  10.5400000    0.0031232
  10.5600000    0.0005963
  10.5800000   -0.0020287
  10.6000000   -0.0046700
  10.6200000   -0.0072517
  10.6400000   -0.0097056
  10.6600000   -0.0119736
  10.6800000   -0.0140085
  10.7000000   -0.0157739
  10.7200000   -0.0172435
  10.7400000   -0.0183994
  10.7600000   -0.0192306
  10.7800000   -0.0197297
  10.8000000   -0.0198914
  10.8200000   -0.0197099
  10.8400000   -0.0191781
  10.8600000   -0.0182869
  10.8800000   -0.0170267
  10.9000000   -0.0153895
  10.9200000   -0.0133718
  10.9400000   -0.0109792
  10.9600000   -0.0082303
  10.9800000   -0.0051599
  11.0000000   -0.0018223
  11.0200000    0.0017085
  11.0400000    0.0053395
  11.0600000    0.0089618
  11.0800000    0.0124561
  11.1000000    0.0156990
  11.1200000    0.0185710
  11.1400000    0.0209643
  11.1600000    0.0227902
  11.1800000    0.0239854
  11.2000000    0.0245165
  11.2200000    0.0243831
  11.2400000    0.0236175
  11.2600000    0.0222835
  11.2800000    0.0204728
  11.3000000    0.0182995
  11.3200000    0.0158936
  11.3400000    0.0133940
  11.3600000    0.0109404
  11.3800000    0.0086657
  11.4000000    0.0066885
  11.4200000    0.0051067
  11.4400000    0.0039918
  11.4600000    0.0033849
  11.4800000    0.0032947
  11.5000000    0.0036959
  11.5200000    0.0045314
  11.5400000    0.0057146
  11.5600000    0.0071346
  11.5800000    0.0086626
  11.6000000    0.0101597
  11.6200000    0.0114855
  11.6400000    0.0125073
  11.6600000    0.0131086
  11.6800000    0.0131971
  11.7000000    0.0127112
  11.7200000    0.0116240
  11.7400000    0.0099453
  11.7600000    0.0077215
  11.7800000    0.0050325
  11.8000000    0.0019872
  11.8200000   -0.0012829
  11.8400000   -0.0046303
  11.8600000   -0.0078998
  11.8800000   -0.0109354
  11.9000000   -0.0135883
  11.9200000   -0.0157229
  11.9400000   -0.0172232
  11.9600000   -0.0179978
  11.9800000   -0.0179837
  12.0000000   -0.0171486
  12.0200000   -0.0154933
  12.0400000   -0.0130504
  12.0600000   -0.0098836
  12.0800000   -0.0060842
  12.1000000   -0.0017672
  12.1200000    0.0029347
  12.1400000    0.0078768
  12.1600000    0.0129092
  12.1800000    0.0178833
  12.2000000    0.0226585
  12.2200000    0.0271075
  12.2400000    0.0311208
  12.2600000    0.0346103
  12.2800000    0.0375104
  12.3000000    0.0397789
  12.3200000    0.0413948
  12.3400000    0.0423560
  12.3600000    0.0426754
  12.3800000    0.0423766
  12.4000000    0.0414895
  12.4200000    0.0400472
  12.4400000    0.0380832
  12.4600000    0.0356307
  12.4800000    0.0327230
  12.5000000    0.0293956
  12.5200000    0.0256888
  12.5400000    0.0216513
  12.5600000    0.0173425
  12.5800000    0.0128348
  12.6000000    0.0082130
  12.6200000    0.0035732
  12.6400000   -0.0009811
  12.6600000   -0.0053437
  12.6800000   -0.0094124
  12.7000000   -0.0130944
  12.7200000   -0.0163128
  12.7400000   -0.0190105
  12.7600000   -0.0211537
  12.7800000   -0.0227325
  12.8000000   -0.0237603
  12.8200000   -0.0242714
  12.8400000   -0.0243171
  12.8600000   -0.0239616
  12.8800000   -0.0232768
  12.9000000   -0.0223375
  12.9200000   -0.0212168
  12.9400000   -0.0199818
  12.9600000   -0.0186896
  12.9800000   -0.0173838
  13.0000000   -0.0160925
  13.0200000   -0.0148262
  13.0400000   -0.0135776
  13.0600000   -0.0123225
  13.0800000   -0.0110226
  13.1000000   -0.0096293
  13.1200000   -0.0080895
  13.1400000   -0.0063517
  13.1600000   -0.0043733
  13.1800000   -0.0021262
  13.2000000    0.0003969
  13.2200000    0.0031798
  13.2400000    0.0061803
  13.2600000    0.0093316
  13.2800000    0.0125449
  13.3000000    0.0157144
  13.3200000    0.0187239
  13.3400000    0.0214536
  13.3600000    0.0237878
  13.3800000    0.0256220
  13.4000000    0.0268689
  13.4200000    0.0274635
  13.4400000    0.0273669
  13.4600000    0.0265680
  13.4800000    0.0250841
  13.5000000    0.0229604
  13.5200000    0.0202678
  13.5400000    0.0171000
  13.5600000    0.0135699
  13.5800000    0.0098057
  13.6000000    0.0059458
  13.6200000    0.0021347
  13.6400000   -0.0014818
  13.6600000   -0.0047617
  13.6800000   -0.0075708
  13.7000000   -0.0097881
  13.7200000   -0.0113097
  13.7400000   -0.0120536
  13.7600000   -0.0119634
  13.7800000   -0.0110127
  13.8000000   -0.0092073
  13.8200000   -0.0065880
  13.8400000   -0.0032306
  13.8600000    0.0007545
  13.8800000    0.0052256
  13.9000000    0.0100146
  13.9200000    0.0149341
  13.9400000    0.0197859
  13.9600000    0.0243712
  13.9800000    0.0285011
  14.0000000    0.0320068
  14.0200000    0.0347482
  14.0400000    0.0366219
  14.0600000    0.0375654
  14.0800000    0.0375588
  14.1000000    0.0366248
  14.1200000    0.0348248
  14.1400000    0.0322538
  14.1600000    0.0290343
  14.1800000    0.0253089
  14.2000000    0.0212332
  14.2200000    0.0169697
  14.2400000    0.0126813
  14.2600000    0.0085265
  14.2800000    0.0046549
  14.3000000    0.0012030
  14.3200000   -0.0017091
  14.3400000   -0.0039815
  14.3600000   -0.0055378
  14.3800000   -0.0063285
  14.4000000   -0.0063338
  14.4200000   -0.0055652
  14.4400000   -0.0040672
  14.4600000   -0.0019168
  14.4800000    0.0007788
  14.5000000    0.0038853
  14.5200000    0.0072472
  14.5400000    0.0106944
  14.5600000    0.0140512
  14.5800000    0.0171450
  14.6000000    0.0198165
  14.6200000    0.0219289
  14.6400000    0.0233772
  14.6600000    0.0240948
  14.6800000    0.0240587
  14.7000000    0.0232917
  14.7200000    0.0218613
  14.7400000    0.0198753
  14.7600000    0.0174745
  14.7800000    0.0148227
  14.8000000    0.0120940
  14.8200000    0.0094604
  14.8400000    0.0070783
  14.8600000    0.0050776
  14.8800000    0.0035519
  14.9000000    0.0025528
  14.9200000    0.0020875
  14.9400000    0.0021203
  14.9600000    0.0025776
  14.9800000    0.0033564
  15.0000000    0.0043345
  15.0200000    0.0053820
  15.0400000    0.0063735
  15.0600000    0.0071983
  15.0800000    0.0077695
  15.1000000    0.0080295
  15.1200000    0.0079536
  15.1400000    0.0075489
  15.1600000    0.0068518
  15.1800000    0.0059215
  15.2000000    0.0048337
  15.2200000    0.0036719
  15.2400000    0.0025199
  15.2600000    0.0014551
  15.2800000    0.0005428
  15.3000000   -0.0001672
  15.3200000   -0.0006425
  15.3400000   -0.0008683
  15.3600000   -0.0008460
  15.3800000   -0.0005910
  15.4000000   -0.0001301
  15.4200000    0.0005019
  15.4400000    0.0012648
  15.4600000    0.0021156
  15.4800000    0.0030108
  15.5000000    0.0039072
  15.5200000    0.0047633
  15.5400000    0.0055393
  15.5600000    0.0061967
  15.5800000    0.0066980
  15.6000000    0.0070063
  15.6200000    0.0070850
  15.6400000    0.0068976
  15.6600000    0.0064091
  15.6800000    0.0055862
  15.7000000    0.0044002
  15.7200000    0.0028282
  15.7400000    0.0008558
  15.7600000   -0.0015206
  15.7800000   -0.0042918
  15.8000000   -0.0074344
  15.8200000   -0.0109097
  15.8400000   -0.0146632
  15.8600000   -0.0186242
  15.8800000   -0.0227076
  15.9000000   -0.0268139
  15.9200000   -0.0308324
  15.9400000   -0.0346435
  15.9600000   -0.0381227
  15.9800000   -0.0411456
  16.0000000   -0.0435928
  16.0200000   -0.0453567
  16.0400000   -0.0463470
  16.0600000   -0.0464965
  16.0800000   -0.0457657
  16.1000000   -0.0441456
  16.1200000   -0.0416594
  16.1400000   -0.0383615
  16.1600000   -0.0343356
  16.1800000   -0.0296904
  16.2000000   -0.0245551
  16.2200000   -0.0190742
  16.2400000   -0.0134014
  16.2600000   -0.0076944
  16.2800000   -0.0021095
  16.3000000    0.0032037
  16.3200000    0.0081069
  16.3400000    0.0124778
  16.3600000    0.0162143
  16.3800000    0.0192374
  16.4000000    0.0214940
  16.4200000    0.0229579
  16.4400000    0.0236294
  16.4600000    0.0235335
  16.4800000    0.0227168
  16.5000000    0.0212437
  16.5200000    0.0191914
  16.5400000    0.0166455
  16.5600000    0.0136961
  16.5800000    0.0104350
  16.6000000    0.0069536
  16.6200000    0.0033422
  16.6400000   -0.0003096
  16.6600000   -0.0039124
  16.6800000   -0.0073761
  16.7000000   -0.0106101
  16.7200000   -0.0135239
  16.7400000   -0.0160290
  16.7600000   -0.0180419
  16.7800000   -0.0194885
  16.8000000   -0.0203088
  16.8200000   -0.0204613
  16.8400000   -0.0199281
  16.8600000   -0.0187177
  16.8800000   -0.0168669
  16.9000000   -0.0144405
  16.9200000   -0.0115293
  16.9400000   -0.0082454
  16.9600000   -0.0047167
  16.9800000   -0.0010794
  17.0000000    0.0025303
  17.0200000    0.0059838
  17.0400000    0.0091679
  17.0600000    0.0119912
  17.0800000    0.0143882
  17.1000000    0.0163224
  17.1200000    0.0177860
  17.1400000    0.0187984
  17.1600000    0.0194022
  17.1800000    0.0196581
  17.2000000    0.0196382
  17.2200000    0.0194202
  17.2400000    0.0190809
  17.2600000    0.0186909
  17.2800000    0.0183110
  17.3000000    0.0179892
  17.3200000    0.0177595
  17.3400000    0.0176418
  17.3600000    0.0176424
  17.3800000    0.0177548
  17.4000000    0.0179615
  17.4200000    0.0182350
  17.4400000    0.0185393
  17.4600000    0.0188310
  17.4800000    0.0190615
  17.5000000    0.0191783
  17.5200000    0.0191280
  17.5400000    0.0188591
  17.5600000    0.0183255
  17.5800000    0.0174899
  17.6000000    0.0163275
  17.6200000    0.0148289
  17.6400000    0.0130024
  17.6600000    0.0108750
  17.6800000    0.0084924
  17.7000000    0.0059171
  17.7200000    0.0032262
  17.7400000    0.0005069
  17.7600000   -0.0021482
  17.7800000   -0.0046466
  17.8000000   -0.0069014
  17.8200000   -0.0088370
  17.8400000   -0.0103940
  17.8600000   -0.0115328
  17.8800000   -0.0122366
  17.9000000   -0.0125125
  17.9200000   -0.0123907
  17.9400000   -0.0119224
  17.9600000   -0.0111759
  17.9800000   -0.0102310
  18.0000000   -0.0091730
  18.0200000   -0.0080859
  18.0400000   -0.0070458
  18.0600000   -0.0061158
  18.0800000   -0.0053417
  18.1000000   -0.0047502
  18.1200000   -0.0043502
  18.1400000   -0.0041349
  18.1600000   -0.0040865
  18.1800000   -0.0041824
  18.2000000   -0.0044002
  18.2200000   -0.0047232
  18.2400000   -0.0051424
  18.2600000   -0.0056581
  18.2800000   -0.0062777
  18.3000000   -0.0070118
  18.3200000   -0.0078696
  18.3400000   -0.0088534
  18.3600000   -0.0099538
  18.3800000   -0.0111476
  18.4000000   -0.0123966
  18.4200000   -0.0136494
  18.4400000   -0.0148452
  18.4600000   -0.0159190
  18.4800000   -0.0168073
  18.5000000   -0.0174537
  18.5200000   -0.0178139
  18.5400000   -0.0178589
  18.5600000   -0.0175769
  18.5800000   -0.0169736
  18.6000000   -0.0160710
  18.6200000   -0.0149044
  18.6400000   -0.0135199
  18.6600000   -0.0119701
  18.6800000   -0.0103103
  18.7000000   -0.0085950
  18.7200000   -0.0068753
  18.7400000   -0.0051962
  18.7600000   -0.0035956
  18.7800000   -0.0021045
  18.8000000   -0.0007470
  18.8200000    0.0004584
  18.8400000    0.0014977
  18.8600000    0.0023603
  18.8800000    0.0030394
  18.9000000    0.0035318
  18.9200000    0.0038394
  18.9400000    0.0039709
  18.9600000    0.0039435
  18.9800000    0.0037839
  19.0000000    0.0035288
  19.0200000    0.0032238
  19.0400000    0.0029210
  19.0600000    0.0026752
  19.0800000    0.0025389
  19.1000000    0.0025574
  19.1200000    0.0027631
  19.1400000    0.0031711
  19.1600000    0.0037765
  19.1800000    0.0045524
  19.2000000    0.0054508
  19.2200000    0.0064053
  19.2400000    0.0073350
  19.2600000    0.0081509
  19.2800000    0.0087629
  19.3000000    0.0090868
  19.3200000    0.0090514
  19.3400000    0.0086055
  19.3600000    0.0077220
  19.3800000    0.0064014
  19.4000000    0.0046730
  19.4200000    0.0025934
  19.4400000    0.0002433
  19.4600000   -0.0022774
  19.4800000   -0.0048562
  19.5000000   -0.0073756
  19.5200000   -0.0097207
  19.5400000   -0.0117867
  19.5600000   -0.0134862
  19.5800000   -0.0147543
  19.6000000   -0.0155529
  19.6200000   -0.0158727
  19.6400000   -0.0157337
  19.6600000   -0.0151827
  19.6800000   -0.0142894
  19.7000000   -0.0131413
  19.7200000   -0.0118362
  19.7400000   -0.0104750
  19.7600000   -0.0091540
  19.7800000   -0.0079582
  19.8000000   -0.0069556
  19.8200000   -0.0061933
  19.8400000   -0.0056961
  19.8600000   -0.0054663
  19.8800000   -0.0054867
  19.9000000   -0.0057238
  19.9200000   -0.0061331
  19.9400000   -0.0066640
  19.9600000   -0.0072653
  19.9800000   -0.0078891
  20.0000000   -0.0084949
  20.0200000   -0.0090514
  20.0400000   -0.0095377
  20.0600000   -0.0099437
  20.0800000   -0.0102685
  20.1000000   -0.0105193
  20.1200000   -0.0107088
  20.1400000   -0.0108525
  20.1600000   -0.0109657
  20.1800000   -0.0110611
  20.2000000   -0.0111458
  20.2200000   -0.0112199
  20.2400000   -0.0112759
  20.2600000   -0.0112984
  20.2800000   -0.0112667
  20.3000000   -0.0111569
  20.3200000   -0.0109463
  20.3400000   -0.0106177
  20.3600000   -0.0101631
  20.3800000   -0.0095874
  20.4000000   -0.0089106
  20.4200000   -0.0081678
  20.4400000   -0.0074079
  20.4600000   -0.0066904
  20.4800000   -0.0060806
  20.5000000   -0.0056443
  20.5200000   -0.0054418
  20.5400000   -0.0055228
  20.5600000   -0.0059213
  20.5800000   -0.0066525
  20.6000000   -0.0077101
  20.6200000   -0.0090667
  20.6400000   -0.0106737
  20.6600000   -0.0124641
  20.6800000   -0.0143561
  20.7000000   -0.0162575
  20.7200000   -0.0180714
  20.7400000   -0.0197022
  20.7600000   -0.0210618
  20.7800000   -0.0220760
  20.8000000   -0.0226895
  20.8200000   -0.0228697
  20.8400000   -0.0226094
  20.8600000   -0.0219267
  20.8800000   -0.0208631
  20.9000000   -0.0194796
  20.9200000   -0.0178509
  20.9400000   -0.0160589
  20.9600000   -0.0141855
  20.9800000   -0.0123063
  21.0000000   -0.0104855
  21.0200000   -0.0087718
  21.0400000   -0.0071975
  21.0600000   -0.0057783
  21.0800000   -0.0045160
  21.1000000   -0.0034011
  21.1200000   -0.0024171
  21.1400000   -0.0015436
  21.1600000   -0.0007598
  21.1800000   -0.0000458
  21.2000000    0.0006158
  21.2200000    0.0012408
  21.2400000    0.0018434
  21.2600000    0.0024375
  21.2800000    0.0030369
  21.3000000    0.0036555
  21.3200000    0.0043061
  21.3400000    0.0049988
  21.3600000    0.0057380
  21.3800000    0.0065208
  21.4000000    0.0073343
  21.4200000    0.0081545
  21.4400000    0.0089469
  21.4600000    0.0096679
  21.4800000    0.0102682
  21.5000000    0.0106967
  21.5200000    0.0109063
  21.5400000    0.0108580
  21.5600000    0.0105263
  21.5800000    0.0099025
  21.6000000    0.0089964
  21.6200000    0.0078367
  21.6400000    0.0064699
  21.6600000    0.0049562
  21.6800000    0.0033657
  21.7000000    0.0017724
  21.7200000    0.0002484
  21.7400000   -0.0011419
  21.7600000   -0.0023464
  21.7800000   -0.0033292
  21.8000000   -0.0040722
  21.8200000   -0.0045751
  21.8400000   -0.0048532
  21.8600000   -0.0049344
  21.8800000   -0.0048538
  21.9000000   -0.0046489
  21.9200000   -0.0043544
  21.9400000   -0.0039983
  21.9600000   -0.0035993
  21.9800000   -0.0031658
  22.0000000   -0.0026968
  22.0200000   -0.0021855
  22.0400000   -0.0016221
  22.0600000   -0.0009996
  22.0800000   -0.0003176
  22.1000000    0.0004135
  22.1200000    0.0011704
  22.1400000    0.0019160
  22.1600000    0.0026005
  22.1800000    0.0031643
  22.2000000    0.0035416
  22.2200000    0.0036655
  22.2400000    0.0034725
  22.2600000    0.0029075
  22.2800000    0.0019274
  22.3000000    0.0005035
  22.3200000   -0.0013759
  22.3400000   -0.0037051
  22.3600000   -0.0064610
  22.3800000   -0.0096030
  22.4000000   -0.0130740
  22.4200000   -0.0168014
  22.4400000   -0.0206979
  22.4600000   -0.0246635
  22.4800000   -0.0285873
  22.5000000   -0.0323505
  22.5200000   -0.0358306
  22.5400000   -0.0389055
  22.5600000   -0.0414599
  22.5800000   -0.0433908
  22.6000000   -0.0446140
  22.6200000   -0.0450690
  22.6400000   -0.0447237
  22.6600000   -0.0435765
  22.6800000   -0.0416573
  22.7000000   -0.0390263
  22.7200000   -0.0357703
  22.7400000   -0.0319982
  22.7600000   -0.0278351
  22.7800000   -0.0234161
  22.8000000   -0.0188792
  22.8200000   -0.0143597
  22.8400000   -0.0099834
  22.8600000   -0.0058624
  22.8800000   -0.0020909
  22.9000000    0.0012586
  22.9200000    0.0041363
  22.9400000    0.0065165
  22.9600000    0.0083973
  22.9800000    0.0097986
  23.0000000    0.0107596
  23.0200000    0.0113353
  23.0400000    0.0115924
  23.0600000    0.0116039
  23.0800000    0.0114451
  23.1000000    0.0111888
  23.1200000    0.0109012
  23.1400000    0.0106392
  23.1600000    0.0104474
  23.1800000    0.0103571
  23.2000000    0.0103859
  23.2200000    0.0105379
  23.2400000    0.0108048
  23.2600000    0.0111681
  23.2800000    0.0116012
  23.3000000    0.0120723
  23.3200000    0.0125477
  23.3400000    0.0129950
  23.3600000    0.0133865
  23.3800000    0.0137016
  23.4000000    0.0139294
  23.4200000    0.0140696
  23.4400000    0.0141328
  23.4600000    0.0141393
  23.4800000    0.0141169
  23.5000000    0.0140975
  23.5200000    0.0141128
  23.5400000    0.0141908
  23.5600000    0.0143511
  23.5800000    0.0146021
  23.6000000    0.0149392
  23.6200000    0.0153446
  23.6400000    0.0157886
  23.6600000    0.0162331
  23.6800000    0.0166355
  23.7000000    0.0169542
  23.7200000    0.0171534
  23.7400000    0.0172081
  23.7600000    0.0171070
  23.7800000    0.0168548
  23.8000000    0.0164718
  23.8200000    0.0159922
  23.8400000    0.0154605
  23.8600000    0.0149269
  23.8800000    0.0144422
  23.9000000    0.0140520
  23.9200000    0.0137924
  23.9400000    0.0136853
  23.9600000    0.0137361
  23.9800000    0.0139326
  24.0000000    0.0142448
  24.0200000    0.0146271
  24.0400000    0.0150214
  24.0600000    0.0153614
  24.0800000    0.0155779
  24.1000000    0.0156038
  24.1200000    0.0153796
  24.1400000    0.0148583
  24.1600000    0.0140085
  24.1800000    0.0128178
  24.2000000    0.0112932
  24.2200000    0.0094611
  24.2400000    0.0073658
  24.2600000    0.0050663
  24.2800000    0.0026329
  24.3000000    0.0001432
  24.3200000   -0.0023232
  24.3400000   -0.0046880
  24.3600000   -0.0068795
  24.3800000   -0.0088355
  24.4000000   -0.0105068
  24.4200000   -0.0118593
  24.4400000   -0.0128754
  24.4600000   -0.0135540
  24.4800000   -0.0139103
  24.5000000   -0.0139739
  24.5200000   -0.0137854
  24.5400000   -0.0133936
  24.5600000   -0.0128507
  24.5800000   -0.0122075
  24.6000000   -0.0115096
  24.6200000   -0.0107925
  24.6400000   -0.0100788
  24.6600000   -0.0093765
  24.6800000   -0.0086781
  24.7000000   -0.0079622
  24.7200000   -0.0071960
  24.7400000   -0.0063399
  24.7600000   -0.0053526
  24.7800000   -0.0041970
  24.8000000   -0.0028465
  24.8200000   -0.0012899
  24.8400000    0.0004638
  24.8600000    0.0023824
  24.8800000    0.0044102
  24.9000000    0.0064690
  24.9200000    0.0084612
  24.9400000    0.0102763
  24.9600000    0.0117973
  24.9800000    0.0129099
  25.0000000    0.0135109
  25.0200000    0.0135173
  25.0400000    0.0128737
  25.0600000    0.0115581
  25.0800000    0.0095855
  25.1000000    0.0070077
  25.1200000    0.0039115
  25.1400000    0.0004125
  25.1600000   -0.0033524
  25.1800000   -0.0072347
  25.2000000   -0.0110852
  25.2200000   -0.0147642
  25.2400000   -0.0181511
  25.2600000   -0.0211509
  25.2800000   -0.0236998
  25.3000000   -0.0257659
  25.3200000   -0.0273479
  25.3400000   -0.0284711
  25.3600000   -0.0291806
  25.3800000   -0.0295340
  25.4000000   -0.0295938
  25.4200000   -0.0294196
  25.4400000   -0.0290628
  25.4600000   -0.0285627
  25.4800000   -0.0279440
  25.5000000   -0.0272174
  25.5200000   -0.0263811
  25.5400000   -0.0254240
  25.5600000   -0.0243296
  25.5800000   -0.0230796
  25.6000000   -0.0216581
  25.6200000   -0.0200547
  25.6400000   -0.0182665
  25.6600000   -0.0163004
  25.6800000   -0.0141727
  25.7000000   -0.0119091
  25.7200000   -0.0095435
  25.7400000   -0.0071162
  25.7600000   -0.0046713
  25.7800000   -0.0022546
  25.8000000    0.0000892
  25.8200000    0.0023187
  25.8400000    0.0043976
  25.8600000    0.0062965
  25.8800000    0.0079934
  25.9000000    0.0094744
  25.9200000    0.0107329
  25.9400000    0.0117691
  25.9600000    0.0125887
  25.9800000    0.0132014
  26.0000000    0.0136193
  26.0200000    0.0138553
  26.0400000    0.0139220
  26.0600000    0.0138309
  26.0800000    0.0135914
  26.1000000    0.0132115
  26.1200000    0.0126972
  26.1400000    0.0120540
  26.1600000    0.0112868
  26.1800000    0.0104015
  26.2000000    0.0094047
  26.2200000    0.0083051
  26.2400000    0.0071137
  26.2600000    0.0058439
  26.2800000    0.0045122
  26.3000000    0.0031379
  26.3200000    0.0017431
  26.3400000    0.0003528
  26.3600000   -0.0010063
  26.3800000   -0.0023066
  26.4000000   -0.0035204
  26.4200000   -0.0046224
  26.4400000   -0.0055902
  26.4600000   -0.0064066
  26.4800000   -0.0070601
  26.5000000   -0.0075456
  26.5200000   -0.0078640
  26.5400000   -0.0080215
  26.5600000   -0.0080282
  26.5800000   -0.0078962
  26.6000000   -0.0076381
  26.6200000   -0.0072657
  26.6400000   -0.0067890
  26.6600000   -0.0062160
  26.6800000   -0.0055529
  26.7000000   -0.0048050
  26.7200000   -0.0039776
  26.7400000   -0.0030774
  26.7600000   -0.0021127
  26.7800000   -0.0010946
  26.8000000   -0.0000364
  26.8200000    0.0010464
  26.8400000    0.0021370
  26.8600000    0.0032181
  26.8800000    0.0042724
  26.9000000    0.0052835
  26.9200000    0.0062360
  26.9400000    0.0071153
  26.9600000    0.0079074
  26.9800000    0.0085984
  27.0000000    0.0091742
  27.0200000    0.0096199
  27.0400000    0.0099198
  27.0600000    0.0100583
  27.0800000    0.0100203
  27.1000000    0.0097927
  27.1200000    0.0093666
  27.1400000    0.0087389
  27.1600000    0.0079149
  27.1800000    0.0069106
  27.2000000    0.0057538
  27.2200000    0.0044858
  27.2400000    0.0031604
  27.2600000    0.0018427
  27.2800000    0.0006059
  27.3000000   -0.0004741
  27.3200000   -0.0013243
  27.3400000   -0.0018822
  27.3600000   -0.0021027
  27.3800000   -0.0019651
  27.4000000   -0.0014775
  27.4200000   -0.0006796
  27.4400000    0.0003584
  27.4600000    0.0015389
  27.4800000    0.0027448
  27.5000000    0.0038486
  27.5200000    0.0047232
  27.5400000    0.0052535
  27.5600000    0.0053462
  27.5800000    0.0049379
  27.6000000    0.0040000
  27.6200000    0.0025403
  27.6400000    0.0006010
  27.6600000   -0.0017457
  27.6800000   -0.0044047
  27.7000000   -0.0072658
  27.7200000   -0.0102114
  27.7400000   -0.0131242
  27.7600000   -0.0158930
  27.7800000   -0.0184172
  27.8000000   -0.0206101
  27.8200000   -0.0224006
  27.8400000   -0.0237343
  27.8600000   -0.0245740
  27.8800000   -0.0248995
  27.9000000   -0.0247083
  27.9200000   -0.0240148
  27.9400000   -0.0228497
  27.9600000   -0.0212596
  27.9800000   -0.0193045
  28.0000000   -0.0170555
  28.0200000   -0.0145920
  28.0400000   -0.0119973
  28.0600000   -0.0093547
  28.0800000   -0.0067438
  28.1000000   -0.0042358
  28.1200000   -0.0018911
  28.1400000    0.0002438
  28.1600000    0.0021378
  28.1800000    0.0037759
  28.2000000    0.0051590
  28.2200000    0.0063022
  28.2400000    0.0072329
  28.2600000    0.0079878
  28.2800000    0.0086089
  28.3000000    0.0091399
  28.3200000    0.0096217
  28.3400000    0.0100889
  28.3600000    0.0105665
  28.3800000    0.0110677
  28.4000000    0.0115927
  28.4200000    0.0121290
  28.4400000    0.0126532
  28.4600000    0.0131329
  28.4800000    0.0135308
  28.5000000    0.0138082
  28.5200000    0.0139289
  28.5400000    0.0138628
  28.5600000    0.0135888
  28.5800000    0.0130965
  28.6000000    0.0123873
  28.6200000    0.0114738
  28.6400000    0.0103791
  28.6600000    0.0091346
  28.6800000    0.0077777
  28.7000000    0.0063496
  28.7200000    0.0048931
  28.7400000    0.0034501
  28.7600000    0.0020611
  28.7800000    0.0007634
  28.8000000   -0.0004092
  28.8200000   -0.0014271
  28.8400000   -0.0022656
  28.8600000   -0.0029057
  28.8800000   -0.0033358
  28.9000000   -0.0035523
  28.9200000   -0.0035617
  28.9400000   -0.0033811
  28.9600000   -0.0030382
  28.9800000   -0.0025707
  29.0000000   -0.0020236
  29.0200000   -0.0014463
  29.0400000   -0.0008876
  29.0600000   -0.0003920
  29.0800000    0.0000056
  29.1000000    0.0002823
  29.1200000    0.0004294
  29.1400000    0.0004523
  29.1600000    0.0003679
  29.1800000    0.0002019
  29.2000000   -0.0000166
  29.2200000   -0.0002594
  29.2400000   -0.0005039
  29.2600000   -0.0007359
  29.2800000   -0.0009518
  29.3000000   -0.0011581
  29.3200000   -0.0013703
  29.3400000   -0.0016096
  29.3600000   -0.0018997
  29.3800000   -0.0022628
  29.4000000   -0.0027156
  29.4200000   -0.0032667
  29.4400000   -0.0039145
  29.4600000   -0.0046459
  29.4800000   -0.0054373
  29.5000000   -0.0062556
  29.5200000   -0.0070615
  29.5400000   -0.0078124
  29.5600000   -0.0084668
  29.5800000   -0.0089874
  29.6000000   -0.0093450
  29.6200000   -0.0095201
  29.6400000   -0.0095040
  29.6600000   -0.0092980
  29.6800000   -0.0089114
  29.7000000   -0.0083580
  29.7200000   -0.0076529
  29.7400000   -0.0068082
  29.7600000   -0.0058302
  29.7800000   -0.0047172
  29.8000000   -0.0034593
  29.8200000   -0.0020393
  29.8400000   -0.0004355
  29.8600000    0.0013752
  29.8800000    0.0034124
  29.9000000    0.0056880
  29.9200000    0.0082025
  29.9400000    0.0109420
  29.9600000    0.0138759
  29.9800000    0.0169569
  30.0000000    0.0201216
