 -10.0000000   -0.0038502
  -9.9800000   -0.0024513
  -9.9600000   -0.0008630
  -9.9400000    0.0008705
  -9.9200000    0.0027028
  -9.9000000    0.0045863
  -9.8800000    0.0064734
  -9.8600000    0.0083164
  -9.8400000    0.0100691
  -9.8200000    0.0116869
  -9.8000000    0.0131284
  -9.7800000    0.0143560
  -9.7600000    0.0153379
  -9.7400000    0.0160491
  -9.7200000    0.0164731
  -9.7000000    0.0166032
  -9.6800000    0.0164428
  -9.6600000    0.0160061
  -9.6400000    0.0153179
  -9.6200000    0.0144122
  -9.6000000    0.0133308
  -9.5800000    0.0121218
  -9.5600000    0.0108369
  -9.5400000    0.0095292
  -9.5200000    0.0082509
  -9.5000000    0.0070513
  -9.4800000    0.0059745
  -9.4600000    0.0050579
  -9.4400000    0.0043305
  -9.4200000    0.0038119
  -9.4000000    0.0035109
  -9.3800000    0.0034251
  -9.3600000    0.0035411
  -9.3400000    0.0038338
  -9.3200000    0.0042685
  -9.3000000    0.0048016
  -9.2800000    0.0053830
  -9.2600000    0.0059591
  -9.2400000    0.0064758
  -9.2200000    0.0068818
  -9.2000000    0.0071325
  -9.1800000    0.0071927
  -9.1600000    0.0070393
  -9.1400000    0.0066634
  -9.1200000    0.0060711
  -9.1000000    0.0052836
  -9.0800000    0.0043357
  -9.0600000    0.0032739
  -9.0400000    0.0021531
  -9.0200000    0.0010326
  -9.0000000   -0.0000286
  -8.9800000   -0.0009764
  -8.9600000   -0.0017665
  -8.9400000   -0.0023685
  -8.9200000   -0.0027690
  -8.9000000   -0.0029735
  -8.8800000   -0.0030062
  -8.8600000   -0.0029084
  -8.8400000   -0.0027354
  -8.8200000   -0.0025510
  -8.8000000   -0.0024220
  -8.7800000   -0.0024119
  -8.7600000   -0.0025751
  -8.7400000   -0.0029516
  -8.7200000   -0.0035637
  -8.7000000   -0.0044144
  -8.6800000   -0.0054870
  -8.6600000   -0.0067478
  -8.6400000   -0.0081486
  -8.6200000   -0.0096312
  -8.6000000   -0.0111322
  -8.5800000   -0.0125872
  -8.5600000   -0.0139351
  -8.5400000   -0.0151219
  -8.5200000   -0.0161027
  -8.5000000   -0.0168439
  -8.4800000   -0.0173245
  -8.4600000   -0.0175360
  -8.4400000   -0.0174830
  -8.4200000   -0.0171822
  -8.4000000   -0.0166616
  -8.3800000   -0.0159591
  -8.3600000   -0.0151199
  -8.3400000   -0.0141942
  -8.3200000   -0.0132334
  -8.3000000   -0.0122864
  -8.2800000   -0.0113950
  -8.2600000   -0.0105909
  -8.2400000   -0.0098913
  -8.2200000   -0.0092976
  -8.2000000   -0.0087947
  -8.1800000   -0.0083519
  -8.1600000   -0.0079260
  -8.1400000   -0.0074655
  -8.1200000   -0.0069167
  -8.1000000   -0.0062286
  -8.0800000   -0.0053593
  -8.0600000   -0.0042802
  -8.0400000   -0.0029796
  -8.0200000   -0.0014637
  -8.0000000    0.0002428
  -7.9800000    0.0020991
  -7.9600000    0.0040509
  -7.9400000    0.0060341
  -7.9200000    0.0079795
  -7.9000000    0.0098165
  -7.8800000    0.0114777
  -7.8600000    0.0129023
  -7.8400000    0.0140395
  -7.8200000    0.0148515
  -7.8000000    0.0153147
  -7.7800000    0.0154219
  -7.7600000    0.0151820
  -7.7400000    0.0146197
  -7.7200000    0.0137741
  -7.7000000    0.0126956
  -7.6800000    0.0114430
  -7.6600000    0.0100795
  -7.6400000    0.0086684
  -7.6200000    0.0072692
  -7.6000000    0.0059347
  -7.5800000    0.0047080
  -7.5600000    0.0036211
  -7.5400000    0.0026949
  -7.5200000    0.0019396
  -7.5000000    0.0013561
  -7.4800000    0.0009379
  -7.4600000    0.0006733
  -7.4400000    0.0005472
  -7.4200000    0.0005427
  -7.4000000    0.0006425
  -7.3800000    0.0008290
  -7.3600000    0.0010845
  -7.3400000    0.0013915
  -7.3200000    0.0017322
  -7.3000000    0.0020881
  -7.2800000    0.0024408
  -7.2600000    0.0027720
  -7.2400000    0.0030643
  -7.2200000    0.0033024
  -7.2000000    0.0034741
  -7.1800000    0.0035712
  -7.1600000    0.0035901
  -7.1400000    0.0035318
  -7.1200000    0.0034024
  -7.1000000    0.0032116
  -7.0800000    0.0029724
  -7.0600000    0.0026999
  -7.0400000    0.0024104
  -7.0200000    0.0021205
  -7.0000000    0.0018463
  -6.9800000    0.0016030
  -6.9600000    0.0014046
  -6.9400000    0.0012633
  -6.9200000    0.0011894
  -6.9000000    0.0011907
  -6.8800000    0.0012719
  -6.8600000    0.0014347
  -6.8400000    0.0016770
  -6.8200000    0.0019929
  -6.8000000    0.0023734
  -6.7800000    0.0028062
  -6.7600000    0.0032768
  -6.7400000    0.0037688
  -6.7200000    0.0042646
  -6.7000000    0.0047460
  -6.6800000    0.0051940
  -6.6600000    0.0055892
  -6.6400000    0.0059117
  -6.6200000    0.0061415
  -6.6000000    0.0062594
  -6.5800000    0.0062480
  -6.5600000    0.0060935
  -6.5400000    0.0057882
  -6.5200000    0.0053323
  -6.5000000    0.0047357
  -6.4800000    0.0040192
  -6.4600000    0.0032141
  -6.4400000    0.0023611
  -6.4200000    0.0015075
  -6.4000000    0.0007034
  -6.3800000   -0.0000027
  -6.3600000   -0.0005683
  -6.3400000   -0.0009610
  -6.3200000   -0.0011615
  -6.3000000   -0.0011654
  -6.2800000   -0.0009829
  -6.2600000   -0.0006377
  -6.2400000   -0.0001632
  -6.2200000    0.0004010
  -6.2000000    0.0010138
  -6.1800000    0.0016377
  -6.1600000    0.0022425
  -6.1400000    0.0028085
  -6.1200000    0.0033282
  -6.1000000    0.0038069
  -6.0800000    0.0042612
  -6.0600000    0.0047168
  -6.0400000    0.0052050
  -6.0200000    0.0057590
  -6.0000000    0.0064096
  -5.9800000    0.0071821
  -5.9600000    0.0080922
  -5.9400000    0.0091447
  -5.9200000    0.0103313
  -5.9000000    0.0116308
  -5.8800000    0.0130096
  -5.8600000    0.0144233
  -5.8400000    0.0158191
  -5.8200000    0.0171394
  -5.8000000    0.0183253
  -5.7800000    0.0193211
  -5.7600000    0.0200785
  -5.7400000    0.0205611
  -5.7200000    0.0207478
  -5.7000000    0.0206354
  -5.6800000    0.0202399
  -5.6600000    0.0195958
  -5.6400000    0.0187540
  -5.6200000    0.0177775
  -5.6000000    0.0167360
  -5.5800000    0.0156988
  -5.5600000    0.0147280
  -5.5400000    0.0138711
  -5.5200000    0.0131560
  -5.5000000    0.0125862
  -5.4800000    0.0121392
  -5.4600000    0.0117674
  -5.4400000    0.0114014
  -5.4200000    0.0109556
  -5.4000000    0.0103366
  -5.3800000    0.0094523
  -5.3600000    0.0082210
  -5.3400000    0.0065815
  -5.3200000    0.0045004
  -5.3000000    0.0019777
  -5.2800000   -0.0009505
  -5.2600000   -0.0042123
  -5.2400000   -0.0077048
  -5.2200000   -0.0113004
  -5.2000000   -0.0148566
  -5.1800000   -0.0182270
  -5.1600000   -0.0212725
  -5.1400000   -0.0238721
  -5.1200000   -0.0259321
  -5.1000000   -0.0273929
  -5.0800000   -0.0282327
  -5.0600000   -0.0284686
  -5.0400000   -0.0281547
  -5.0200000   -0.0273776
  -5.0000000   -0.0262499
  -4.9800000   -0.0249019
  -4.9600000   -0.0234729
  -4.9400000   -0.0221011
  -4.9200000   -0.0209140
  -4.9000000   -0.0200196
  -4.8800000   -0.0194981
  -4.8600000   -0.0193963
  -4.8400000   -0.0197229
  -4.8200000   -0.0204486
  -4.8000000   -0.0215081
  -4.7800000   -0.0228060
  -4.7600000   -0.0242252
  -4.7400000   -0.0256383
  -4.7200000   -0.0269187
  -4.7000000   -0.0279532
  -4.6800000   -0.0286517
  -4.6600000   -0.0289546
  -4.6400000   -0.0288371
  -4.6200000   -0.0283091
  -4.6000000   -0.0274119
  -4.5800000   -0.0262114
  -4.5600000   -0.0247901
  -4.5400000   -0.0232378
  -4.5200000   -0.0216433
  -4.5000000   -0.0200869
  -4.4800000   -0.0186358
  -4.4600000   -0.0173413
  -4.4400000   -0.0162380
  -4.4200000   -0.0153454
  -4.4000000   -0.0146703
  -4.3800000   -0.0142092
  -4.3600000   -0.0139513
  -4.3400000   -0.0138805
  -4.3200000   -0.0139766
  -4.3000000   -0.0142156
  -4.2800000   -0.0145693
  -4.2600000   -0.0150049
  -4.2400000   -0.0154844
  -4.2200000   -0.0159640
  -4.2000000   -0.0163953
  -4.1800000   -0.0167265
  -4.1600000   -0.0169051
  -4.1400000   -0.0168811
  -4.1200000   -0.0166111
  -4.1000000   -0.0160622
  -4.0800000   -0.0152160
  -4.0600000   -0.0140712
  -4.0400000   -0.0126458
  -4.0200000   -0.0109770
  -4.0000000   -0.0091201
  -3.9800000   -0.0071453
  -3.9600000   -0.0051338
  -3.9400000   -0.0031721
  -3.9200000   -0.0013464
  -3.9000000    0.0002639
  -3.8800000    0.0015916
  -3.8600000    0.0025866
  -3.8400000    0.0032192
  -3.8200000    0.0034827
  -3.8000000    0.0033928
  -3.7800000    0.0029867
  -3.7600000    0.0023198
  -3.7400000    0.0014614
  -3.7200000    0.0004894
  -3.7000000   -0.0005152
  -3.6800000   -0.0014737
  -3.6600000   -0.0023150
  -3.6400000   -0.0029792
  -3.6200000   -0.0034213
  -3.6000000   -0.0036123
  -3.5800000   -0.0035404
  -3.5600000   -0.0032104
  -3.5400000   -0.0026421
  -3.5200000   -0.0018685
  -3.5000000   -0.0009334
  -3.4800000    0.0001117
  -3.4600000    0.0012106
  -3.4400000    0.0023052
  -3.4200000    0.0033385
  -3.4000000    0.0042574
  -3.3800000    0.0050149
  -3.3600000    0.0055726
  -3.3400000    0.0059020
  -3.3200000    0.0059860
  -3.3000000    0.0058190
  -3.2800000    0.0054075
  -3.2600000    0.0047688
  -3.2400000    0.0039302
  -3.2200000    0.0029267
  -3.2000000    0.0017994
  -3.1800000    0.0005930
  -3.1600000   -0.0006461
  -3.1400000   -0.0018718
  -3.1200000   -0.0030399
  -3.1000000   -0.0041092
  -3.0800000   -0.0050425
  -3.0600000   -0.0058074
  -3.0400000   -0.0063767
  -3.0200000   -0.0067292
  -3.0000000   -0.0068506
  -2.9800000   -0.0067337
  -2.9600000   -0.0063796
  -2.9400000   -0.0057975
  -2.9200000   -0.0050052
  -2.9000000   -0.0040278
  -2.8800000   -0.0028970
  -2.8600000   -0.0016487
  -2.8400000   -0.0003204
  -2.8200000    0.0010514
  -2.8000000    0.0024346
  -2.7800000    0.0038045
  -2.7600000    0.0051459
  -2.7400000    0.0064549
  -2.7200000    0.0077395
  -2.7000000    0.0090189
  -2.6800000    0.0103220
  -2.6600000    0.0116840
  -2.6400000    0.0131432
  -2.6200000    0.0147358
  -2.6000000    0.0164918
  -2.5800000    0.0184302
  -2.5600000    0.0205551
  -2.5400000    0.0228530
  -2.5200000    0.0252912
  -2.5000000    0.0278187
  -2.4800000    0.0303677
  -2.4600000    0.0328581
  -2.4400000    0.0352027
  -2.4200000    0.0373143
  -2.4000000    0.0391129
  -2.3800000    0.0405323
  -2.3600000    0.0415269
  -2.3400000    0.0420756
  -2.3200000    0.0421846
  -2.3000000    0.0418864
  -2.2800000    0.0412374
  -2.2600000    0.0403125
  -2.2400000    0.0391985
  -2.2200000    0.0379865
  -2.2000000    0.0367641
  -2.1800000    0.0356095
  -2.1600000    0.0345857
  -2.1400000    0.0337383
  -2.1200000    0.0330944
  -2.1000000    0.0326636
  -2.0800000    0.0324409
  -2.0600000    0.0324099
  -2.0400000    0.0325466
  -2.0200000    0.0328231
  -2.0000000    0.0332098
  -1.9800000    0.0336776
  -1.9600000    0.0341987
  -1.9400000    0.0347462
  -1.9200000    0.0352936
  -1.9000000    0.0358139
  -1.8800000    0.0362774
  -1.8600000    0.0366513
  -1.8400000    0.0368972
  -1.8200000    0.0369704
  -1.8000000    0.0368183
  -1.7800000    0.0363791
  -1.7600000    0.0355808
  -1.7400000    0.0343407
  -1.7200000    0.0325654
  -1.7000000    0.0301519
  -1.6800000    0.0269897
  -1.6600000    0.0229644
  -1.6400000    0.0179621
  -1.6200000    0.0118753
  -1.6000000    0.0046093
  -1.5800000   -0.0039110
  -1.5600000   -0.0137350
  -1.5400000   -0.0248795
  -1.5200000   -0.0373243
  -1.5000000   -0.0510071
  -1.4800000   -0.0658200
  -1.4600000   -0.0816067
  -1.4400000   -0.0981602
  -1.4200000   -0.1152225
  -1.4000000   -0.1324853
  -1.3800000   -0.1495946
  -1.3600000   -0.1661579
  -1.3400000   -0.1817564
  -1.3200000   -0.1959619
  -1.3000000   -0.2083582
  -1.2800000   -0.2185654
  -1.2600000   -0.2262652
  -1.2400000   -0.2312251
  -1.2200000   -0.2333177
  -1.2000000   -0.2325329
  -1.1800000   -0.2289810
  -1.1600000   -0.2228861
  -1.1400000   -0.2145695
  -1.1200000   -0.2044258
  -1.1000000   -0.1928937
  -1.0800000   -0.1804250
  -1.0600000   -0.1674557
  -1.0400000   -0.1543809
  -1.0200000   -0.1415367
  -1.0000000   -0.1291897
  -0.9800000   -0.1175338
  -0.9600000   -0.1066936
  -0.9400000   -0.0967326
  -0.9200000   -0.0876650
  -0.9000000   -0.0794673
  -0.8800000   -0.0720910
  -0.8600000   -0.0654726
  -0.8400000   -0.0595417
  -0.8200000   -0.0542269
  -0.8000000   -0.0494591
  -0.7800000   -0.0451736
  -0.7600000   -0.0413104
  -0.7400000   -0.0378138
  -0.7200000   -0.0346324
  -0.7000000   -0.0317185
  -0.6800000   -0.0290273
  -0.6600000   -0.0265170
  -0.6400000   -0.0241485
  -0.6200000   -0.0218852
  -0.6000000   -0.0196919
  -0.5800000   -0.0175342
  -0.5600000   -0.0153765
  -0.5400000   -0.0131801
  -0.5200000   -0.0109001
  -0.5000000   -0.0084821
  -0.4800000   -0.0058591
  -0.4600000   -0.0029483
  -0.4400000    0.0003519
  -0.4200000    0.0041633
  -0.4000000    0.0086271
  -0.3800000    0.0139018
  -0.3600000    0.0201572
  -0.3400000    0.0275660
  -0.3200000    0.0362915
  -0.3000000    0.0464731
  -0.2800000    0.0582094
  -0.2600000    0.0715409
  -0.2400000    0.0864338
  -0.2200000    0.1027676
  -0.2000000    0.1203271
  -0.1800000    0.1388028
  -0.1600000    0.1577989
  -0.1400000    0.1768498
  -0.1200000    0.1954448
  -0.1000000    0.2130579
  -0.0800000    0.2291803
  -0.0600000    0.2433520
  -0.0400000    0.2551892
  -0.0200000    0.2644047
   0.0000000    0.2708184
   0.0200000    0.2743595
   0.0400000    0.2750581
   0.0600000    0.2730321
   0.0800000    0.2684685
   0.1000000    0.2616040
   0.1200000    0.2527074
   0.1400000    0.2420650
   0.1600000    0.2299693
   0.1800000    0.2167122
   0.2000000    0.2025811
   0.2200000    0.1878556
   0.2400000    0.1728061
   0.2600000    0.1576900
   0.2800000    0.1427490
   0.3000000    0.1282043
   0.3200000    0.1142517
   0.3400000    0.1010582
   0.3600000    0.0887582
   0.3800000    0.0774522
   0.4000000    0.0672063
   0.4200000    0.0580539
   0.4400000    0.0499968
   0.4600000    0.0430084
   0.4800000    0.0370359
   0.5000000    0.0320025
   0.5200000    0.0278105
   0.5400000    0.0243435
   0.5600000    0.0214699
   0.5800000    0.0190464
   0.6000000    0.0169230
   0.6200000    0.0149478
   0.6400000    0.0129730
   0.6600000    0.0108604
   0.6800000    0.0084867
   0.7000000    0.0057481
   0.7200000    0.0025630
   0.7400000   -0.0011257
   0.7600000   -0.0053508
   0.7800000   -0.0101214
   0.8000000   -0.0154257
   0.8200000   -0.0212335
   0.8400000   -0.0274998
   0.8600000   -0.0341679
   0.8800000   -0.0411726
   0.9000000   -0.0484426
   0.9200000   -0.0559015
   0.9400000   -0.0634690
   0.9600000   -0.0710607
   0.9800000   -0.0785880
   1.0000000   -0.0859575
   1.0200000   -0.0930710
   1.0400000   -0.0998262
   1.0600000   -0.1061184
   1.0800000   -0.1118427
   1.1000000   -0.1168977
   1.1200000   -0.1211891
   1.1400000   -0.1246344
   1.1600000   -0.1271667
   1.1800000   -0.1287378
   1.2000000   -0.1293208
   1.2200000   -0.1289110
   1.2400000   -0.1275261
   1.2600000   -0.1252053
   1.2800000   -0.1220072
   1.3000000   -0.1180082
   1.3200000   -0.1132999
   1.3400000   -0.1079868
   1.3600000   -0.1021843
   1.3800000   -0.0960155
   1.4000000   -0.0896089
   1.4200000   -0.0830941
   1.4400000   -0.0765980
   1.4600000   -0.0702394
   1.4800000   -0.0641239
   1.5000000   -0.0583381
   1.5200000   -0.0529449
   1.5400000   -0.0479807
   1.5600000   -0.0434531
   1.5800000   -0.0393421
   1.6000000   -0.0356032
   1.6200000   -0.0321729
   1.6400000   -0.0289753
   1.6600000   -0.0259301
   1.6800000   -0.0229603
   1.7000000   -0.0199984
   1.7200000   -0.0169921
   1.7400000   -0.0139059
   1.7600000   -0.0107224
   1.7800000   -0.0074392
   1.8000000   -0.0040657
   1.8200000   -0.0006175
   1.8400000    0.0028888
   1.8600000    0.0064411
   1.8800000    0.0100355
   1.9000000    0.0136788
   1.9200000    0.0173890
   1.9400000    0.0211935
   1.9600000    0.0251255
   1.9800000    0.0292189
   2.0000000    0.0335022
   2.0200000    0.0379920
   2.0400000    0.0426871
   2.0600000    0.0475639
   2.0800000    0.0525736
   2.1000000    0.0576410
   2.1200000    0.0626671
   2.1400000    0.0675327
   2.1600000    0.0721052
   2.1800000    0.0762467
   2.2000000    0.0798232
   2.2200000    0.0827137
   2.2400000    0.0848189
   2.2600000    0.0860681
   2.2800000    0.0864245
   2.3000000    0.0858869
   2.3200000    0.0844900
   2.3400000    0.0823007
   2.3600000    0.0794128
   2.3800000    0.0759398
   2.4000000    0.0720069
   2.4200000    0.0677425
   2.4400000    0.0632703
   2.4600000    0.0587028
   2.4800000    0.0541366
   2.5000000    0.0496492
   2.5200000    0.0452982
   2.5400000    0.0411223
   2.5600000    0.0371432
   2.5800000    0.0333693
   2.6000000    0.0297987
   2.6200000    0.0264231
   2.6400000    0.0232306
   2.6600000    0.0202073
   2.6800000    0.0173392
   2.7000000    0.0146119
   2.7200000    0.0120108
   2.7400000    0.0095201
   2.7600000    0.0071224
   2.7800000    0.0047981
   2.8000000    0.0025258
   2.8200000    0.0002826
   2.8400000   -0.0019551
   2.8600000   -0.0042102
   2.8800000   -0.0065039
   2.9000000   -0.0088543
   2.9200000   -0.0112759
   2.9400000   -0.0137784
   2.9600000   -0.0163667
   2.9800000   -0.0190406
   3.0000000   -0.0217944
   3.0200000   -0.0246173
   3.0400000   -0.0274930
   3.0600000   -0.0304003
   3.0800000   -0.0333134
   3.1000000   -0.0362027
   3.1200000   -0.0390357
   3.1400000   -0.0417791
   3.1600000   -0.0443998
   3.1800000   -0.0468674
   3.2000000   -0.0491554
   3.2200000   -0.0512430
   3.2400000   -0.0531150
   3.2600000   -0.0547625
   3.2800000   -0.0561808
   3.3000000   -0.0573682
   3.3200000   -0.0583234
   3.3400000   -0.0590426
   3.3600000   -0.0595172
   3.3800000   -0.0597319
   3.4000000   -0.0596643
   3.4200000   -0.0592851
   3.4400000   -0.0585609
   3.4600000   -0.0574567
   3.4800000   -0.0559407
   3.5000000   -0.0539889
   3.5200000   -0.0515885
   3.5400000   -0.0487423
   3.5600000   -0.0454694
   3.5800000   -0.0418061
   3.6000000   -0.0378039
   3.6200000   -0.0335264
   3.6400000   -0.0290455
   3.6600000   -0.0244363
   3.6800000   -0.0197735
   3.7000000   -0.0151267
   3.7200000   -0.0105582
   3.7400000   -0.0061209
   3.7600000   -0.0018570
   3.7800000    0.0022015
   3.8000000    0.0060332
   3.8200000    0.0096263
   3.8400000    0.0129782
   3.8600000    0.0160950
   3.8800000    0.0189897
   3.9000000    0.0216817
   3.9200000    0.0241943
   3.9400000    0.0265521
   3.9600000    0.0287784
   3.9800000    0.0308914
   4.0000000    0.0329014
   4.0200000    0.0348078
   4.0400000    0.0365978
   4.0600000    0.0382463
   4.0800000    0.0397175
   4.1000000    0.0409673
   4.1200000    0.0419486
   4.1400000    0.0426158
   4.1600000    0.0429304
   4.1800000    0.0428660
   4.2000000    0.0424118
   4.2200000    0.0415753
   4.2400000    0.0403823
   4.2600000    0.0388756
   4.2800000    0.0371118
   4.3000000    0.0351565
   4.3200000    0.0330792
   4.3400000    0.0309476
   4.3600000    0.0288225
   4.3800000    0.0267530
   4.4000000    0.0247744
   4.4200000    0.0229056
   4.4400000    0.0211503
   4.4600000    0.0194980
   4.4800000    0.0179276
   4.5000000    0.0164110
   4.5200000    0.0149183
   4.5400000    0.0134219
   4.5600000    0.0119012
   4.5800000    0.0103451
   4.6000000    0.0087542
   4.6200000    0.0071408
   4.6400000    0.0055269
   4.6600000    0.0039414
   4.6800000    0.0024158
   4.7000000    0.0009788
   4.7200000   -0.0003476
   4.7400000   -0.0015530
   4.7600000   -0.0026403
   4.7800000   -0.0036272
   4.8000000   -0.0045448
   4.8200000   -0.0054346
   4.8400000   -0.0063445
   4.8600000   -0.0073239
   4.8800000   -0.0084186
   4.9000000   -0.0096658
   4.9200000   -0.0110915
   4.9400000   -0.0127075
   4.9600000   -0.0145112
   4.9800000   -0.0164856
   5.0000000   -0.0186013
   5.0200000   -0.0208182
   5.0400000   -0.0230879
   5.0600000   -0.0253564
   5.0800000   -0.0275661
   5.1000000   -0.0296579
   5.1200000   -0.0315735
   5.1400000   -0.0332569
   5.1600000   -0.0346569
   5.1800000   -0.0357283
   5.2000000   -0.0364341
   5.2200000   -0.0367472
   5.2400000   -0.0366516
   5.2600000   -0.0361433
   5.2800000   -0.0352306
   5.3000000   -0.0339340
   5.3200000   -0.0322852
   5.3400000   -0.0303255
   5.3600000   -0.0281045
   5.3800000   -0.0256770
   5.4000000   -0.0231012
   5.4200000   -0.0204359
   5.4400000   -0.0177380
   5.4600000   -0.0150604
   5.4800000   -0.0124498
   5.5000000   -0.0099450
   5.5200000   -0.0075762
   5.5400000   -0.0053636
   5.5600000   -0.0033179
   5.5800000   -0.0014400
   5.6000000    0.0002777
   5.6200000    0.0018507
   5.6400000    0.0033003
   5.6600000    0.0046520
   5.6800000    0.0059334
   5.7000000    0.0071713
   5.7200000    0.0083895
   5.7400000    0.0096063
   5.7600000    0.0108323
   5.7800000    0.0120689
   5.8000000    0.0133070
   5.8200000    0.0145279
   5.8400000    0.0157042
   5.8600000    0.0168024
   5.8800000    0.0177859
   5.9000000    0.0186195
   5.9200000    0.0192729
   5.9400000    0.0197245
   5.9600000    0.0199644
   5.9800000    0.0199956
   6.0000000    0.0198344
   6.0200000    0.0195094
   6.0400000    0.0190586
   6.0600000    0.0185263
   6.0800000    0.0179594
   6.1000000    0.0174029
   6.1200000    0.0168972
   6.1400000    0.0164741
   6.1600000    0.0161556
   6.1800000    0.0159520
   6.2000000    0.0158621
   6.2200000    0.0158736
   6.2400000    0.0159642
   6.2600000    0.0161035
   6.2800000    0.0162552
   6.3000000    0.0163797
   6.3200000    0.0164364
   6.3400000    0.0163865
   6.3600000    0.0161950
   6.3800000    0.0158333
   6.4000000    0.0152802
   6.4200000    0.0145236
   6.4400000    0.0135603
   6.4600000    0.0123967
   6.4800000    0.0110477
   6.5000000    0.0095355
   6.5200000    0.0078887
   6.5400000    0.0061405
   6.5600000    0.0043270
   6.5800000    0.0024862
   6.6000000    0.0006564
   6.6200000   -0.0011248
   6.6400000   -0.0028215
   6.6600000   -0.0044003
   6.6800000   -0.0058314
   6.7000000   -0.0070899
   6.7200000   -0.0081566
   6.7400000   -0.0090194
   6.7600000   -0.0096748
   6.7800000   -0.0101285
   6.8000000   -0.0103963
   6.8200000   -0.0105036
   6.8400000   -0.0104850
   6.8600000   -0.0103826
   6.8800000   -0.0102434
   6.9000000   -0.0101167
   6.9200000   -0.0100504
   6.9400000   -0.0100874
   6.9600000   -0.0102626
   6.9800000   -0.0105992
   7.0000000   -0.0111072
   7.0200000   -0.0117821
   7.0400000   -0.0126044
   7.0600000   -0.0135413
   7.0800000   -0.0145487
   7.1000000   -0.0155747
   7.1200000   -0.0165634
   7.1400000   -0.0174587
   7.1600000   -0.0182089
   7.1800000   -0.0187699
   7.2000000   -0.0191075
   7.2200000   -0.0191995
   7.2400000   -0.0190358
   7.2600000   -0.0186175
   7.2800000   -0.0179559
   7.3000000   -0.0170697
   7.3200000   -0.0159827
   7.3400000   -0.0147211
   7.3600000   -0.0133106
   7.3800000   -0.0117751
   7.4000000   -0.0101340
   7.4200000   -0.0084021
   7.4400000   -0.0065884
   7.4600000   -0.0046967
   7.4800000   -0.0027254
   7.5000000   -0.0006690
   7.5200000    0.0014810
   7.5400000    0.0037348
   7.5600000    0.0061020
   7.5800000    0.0085905
   7.6000000    0.0112037
   7.6200000    0.0139391
   7.6400000    0.0167858
   7.6600000    0.0197233
   7.6800000    0.0227203
   7.7000000    0.0257345
   7.7200000    0.0287133
   7.7400000    0.0315958
   7.7600000    0.0343160
   7.7800000    0.0368066
   7.8000000    0.0390035
   7.8200000    0.0408506
   7.8400000    0.0423042
   7.8600000    0.0433358
   7.8800000    0.0439344
   7.9000000    0.0441067
   7.9200000    0.0438759
   7.9400000    0.0432787
   7.9600000    0.0423624
   7.9800000    0.0411803
   8.0000000    0.0397880
   8.0200000    0.0382400
   8.0400000    0.0365877
   8.0600000    0.0348773
   8.0800000    0.0331502
   8.1000000    0.0314425
   8.1200000    0.0297864
   8.1400000    0.0282107
   8.1600000    0.0267410
   8.1800000    0.0254000
   8.2000000    0.0242065
   8.2200000    0.0231741
   8.2400000    0.0223098
   8.2600000    0.0216117
   8.2800000    0.0210679
   8.3000000    0.0206558
   8.3200000    0.0203416
   8.3400000    0.0200817
   8.3600000    0.0198251
   8.3800000    0.0195161
   8.4000000    0.0190991
   8.4200000    0.0185221
   8.4400000    0.0177421
   8.4600000    0.0167285
   8.4800000    0.0154662
   8.5000000    0.0139580
   8.5200000    0.0122248
   8.5400000    0.0103046
   8.5600000    0.0082497
   8.5800000    0.0061236
   8.6000000    0.0039956
   8.6200000    0.0019360
   8.6400000    0.0000113
   8.6600000   -0.0017207
   8.6800000   -0.0032144
   8.7000000   -0.0044391
   8.7200000   -0.0053803
   8.7400000   -0.0060399
   8.7600000   -0.0064353
   8.7800000   -0.0065976
   8.8000000   -0.0065691
   8.8200000   -0.0064003
   8.8400000   -0.0061470
   8.8600000   -0.0058669
   8.8800000   -0.0056163
   8.9000000   -0.0054475
   8.9200000   -0.0054057
   8.9400000   -0.0055271
   8.9600000   -0.0058371
   8.9800000   -0.0063495
   9.0000000   -0.0070658
   9.0200000   -0.0079763
   9.0400000   -0.0090604
   9.0600000   -0.0102884
   9.0800000   -0.0116237
   9.1000000   -0.0130239
   9.1200000   -0.0144438
   9.1400000   -0.0158366
   9.1600000   -0.0171558
   9.1800000   -0.0183571
   9.2000000   -0.0194002
   9.2200000   -0.0202499
   9.2400000   -0.0208784
   9.2600000   -0.0212667
   9.2800000   -0.0214058
   9.3000000   -0.0212981
   9.3200000   -0.0209573
   9.3400000   -0.0204080
   9.3600000   -0.0196843
   9.3800000   -0.0188272
   9.4000000   -0.0178816
   9.4200000   -0.0168925
   9.4400000   -0.0159010
   9.4600000   -0.0149416
   9.4800000   -0.0140390
   9.5000000   -0.0132073
   9.5200000   -0.0124488
   9.5400000   -0.0117559
   9.5600000   -0.0111123
   9.5800000   -0.0104961
   9.6000000   -0.0098825
   9.6200000   -0.0092468
   9.6400000   -0.0085668
   9.6600000   -0.0078251
   9.6800000   -0.0070099
   9.7000000   -0.0061161
   9.7200000   -0.0051454
   9.7400000   -0.0041062
   9.7600000   -0.0030137
   9.7800000   -0.0018894
   9.8000000   -0.0007614
   9.8200000    0.0003364
   9.8400000    0.0013649
   9.8600000    0.0022813
   9.8800000    0.0030418
   9.9000000    0.0036049
   9.9200000    0.0039352
   9.9400000    0.0040086
   9.9600000    0.0038165
   9.9800000    0.0033693
  10.0000000    0.0026984
  10.0200000    0.0018561
  10.0400000    0.0009129
  10.0600000   -0.0000481
  10.0800000   -0.0009377
  10.1000000   -0.0016700
  10.1200000   -0.0021709
  10.1400000   -0.0023862
  10.1600000   -0.0022878
  10.1800000   -0.0018774
  10.2000000   -0.0011868
  10.2200000   -0.0002753
  10.2400000    0.0007754
  10.2600000    0.0018692
  10.2800000    0.0029034
  10.3000000    0.0037778
  10.3200000    0.0044021
  10.3400000    0.0047024
  10.3600000    0.0046256
  10.3800000    0.0041418
  10.4000000    0.0032447
  10.4200000    0.0019509
  10.4400000    0.0002972
  10.4600000   -0.0016627
  10.4800000   -0.0038622
  10.5000000   -0.0062260
  10.5200000   -0.0086749
  10.5400000   -0.0111308
  10.5600000   -0.0135208
  10.5800000   -0.0157819
  10.6000000   -0.0178641
  10.6200000   -0.0197333
  10.6400000   -0.0213718
  10.6600000   -0.0227777
  10.6800000   -0.0239626
  10.7000000   -0.0249474
  10.7200000   -0.0257575
  10.7400000   -0.0264171
  10.7600000   -0.0269442
  10.7800000   -0.0273463
  10.8000000   -0.0276186
  10.8200000   -0.0277432
  10.8400000   -0.0276913
  10.8600000   -0.0274274
  10.8800000   -0.0269146
  10.9000000   -0.0261203
  10.9200000   -0.0250226
  10.9400000   -0.0236148
  10.9600000   -0.0219087
  10.9800000   -0.0199362
  11.0000000   -0.0177482
  11.0200000   -0.0154120
  11.0400000   -0.0130076
  11.0600000   -0.0106220
  11.0800000   -0.0083441
  11.1000000   -0.0062596
  11.1200000   -0.0044458
  11.1400000   -0.0029682
  11.1600000   -0.0018771
  11.1800000   -0.0012057
  11.2000000   -0.0009683
  11.2200000   -0.0011605
  11.2400000   -0.0017586
  11.2600000   -0.0027202
  11.2800000   -0.0039858
  11.3000000   -0.0054806
  11.3200000   -0.0071169
  11.3400000   -0.0087976
  11.3600000   -0.0104207
  11.3800000   -0.0118832
  11.4000000   -0.0130869
  11.4200000   -0.0139435
  11.4400000   -0.0143793
  11.4600000   -0.0143400
  11.4800000   -0.0137939
  11.5000000   -0.0127339
  11.5200000   -0.0111781
  11.5400000   -0.0091687
  11.5600000   -0.0067689
  11.5800000   -0.0040590
  11.6000000   -0.0011308
  11.6200000    0.0019182
  11.6400000    0.0049912
  11.6600000    0.0079971
  11.6800000    0.0108562
  11.7000000    0.0135028
  11.7200000    0.0158880
  11.7400000    0.0179799
  11.7600000    0.0197629
  11.7800000    0.0212355
  11.8000000    0.0224080
  11.8200000    0.0232988
  11.8400000    0.0239318
  11.8600000    0.0243328
  11.8800000    0.0245280
  11.9000000    0.0245418
  11.9200000    0.0243966
  11.9400000    0.0241125
  11.9600000    0.0237081
  11.9800000    0.0232014
  12.0000000    0.0226106
  12.0200000    0.0219552
  12.0400000    0.0212559
  12.0600000    0.0205348
  12.0800000    0.0198138
  12.1000000    0.0191134
  12.1200000    0.0184509
  12.1400000    0.0178377
  12.1600000    0.0172778
  12.1800000    0.0167660
  12.2000000    0.0162879
  12.2200000    0.0158192
  12.2400000    0.0153281
  12.2600000    0.0147768
  12.2800000    0.0141248
  12.3000000    0.0133326
  12.3200000    0.0123649
  12.3400000    0.0111944
  12.3600000    0.0098047
  12.3800000    0.0081925
  12.4000000    0.0063687
  12.4200000    0.0043593
  12.4400000    0.0022041
  12.4600000   -0.0000446
  12.4800000   -0.0023250
  12.5000000   -0.0045686
  12.5200000   -0.0067048
  12.5400000   -0.0086647
  12.5600000   -0.0103859
  12.5800000   -0.0118162
  12.6000000   -0.0129177
  12.6200000   -0.0136686
  12.6400000   -0.0140655
  12.6600000   -0.0141229
  12.6800000   -0.0138724
  12.7000000   -0.0133599
  12.7200000   -0.0126432
  12.7400000   -0.0117872
  12.7600000   -0.0108609
  12.7800000   -0.0099327
  12.8000000   -0.0090679
  12.8200000   -0.0083249
  12.8400000   -0.0077534
  12.8600000   -0.0073919
  12.8800000   -0.0072666
  12.9000000   -0.0073899
  12.9200000   -0.0077593
  12.9400000   -0.0083575
  12.9600000   -0.0091521
  12.9800000   -0.0100966
  13.0000000   -0.0111326
  13.0200000   -0.0121925
  13.0400000   -0.0132038
  13.0600000   -0.0140931
  13.0800000   -0.0147919
  13.1000000   -0.0152415
  13.1200000   -0.0153975
  13.1400000   -0.0152338
  13.1600000   -0.0147451
  13.1800000   -0.0139474
  13.2000000   -0.0128776
  13.2200000   -0.0115910
  13.2400000   -0.0101573
  13.2600000   -0.0086557
  13.2800000   -0.0071691
  13.3000000   -0.0057783
  13.3200000   -0.0045563
  13.3400000   -0.0035630
  13.3600000   -0.0028416
  13.3800000   -0.0024154
  13.4000000   -0.0022871
  13.4200000   -0.0024387
  13.4400000   -0.0028339
  13.4600000   -0.0034204
  13.4800000   -0.0041343
  13.5000000   -0.0049049
  13.5200000   -0.0056592
  13.5400000   -0.0063268
  13.5600000   -0.0068441
  13.5800000   -0.0071582
  13.6000000   -0.0072296
  13.6200000   -0.0070340
  13.6400000   -0.0065630
  13.6600000   -0.0058243
  13.6800000   -0.0048404
  13.7000000   -0.0036470
  13.7200000   -0.0022909
  13.7400000   -0.0008270
  13.7600000    0.0006847
  13.7800000    0.0021818
  13.8000000    0.0036026
  13.8200000    0.0048888
  13.8400000    0.0059876
  13.8600000    0.0068541
  13.8800000    0.0074529
  13.9000000    0.0077593
  13.9200000    0.0077605
  13.9400000    0.0074561
  13.9600000    0.0068586
  13.9800000    0.0059933
  14.0000000    0.0048971
  14.0200000    0.0036177
  14.0400000    0.0022112
  14.0600000    0.0007392
  14.0800000   -0.0007343
  14.1000000   -0.0021468
  14.1200000   -0.0034415
  14.1400000   -0.0045709
  14.1600000   -0.0054998
  14.1800000   -0.0062080
  14.2000000   -0.0066910
  14.2200000   -0.0069600
  14.2400000   -0.0070400
  14.2600000   -0.0069675
  14.2800000   -0.0067865
  14.3000000   -0.0065445
  14.3200000   -0.0062880
  14.3400000   -0.0060591
  14.3600000   -0.0058917
  14.3800000   -0.0058098
  14.4000000   -0.0058262
  14.4200000   -0.0059422
  14.4400000   -0.0061494
  14.4600000   -0.0064305
  14.4800000   -0.0067621
  14.5000000   -0.0071173
  14.5200000   -0.0074671
  14.5400000   -0.0077833
  14.5600000   -0.0080394
  14.5800000   -0.0082122
  14.6000000   -0.0082819
  14.6200000   -0.0082325
  14.6400000   -0.0080524
  14.6600000   -0.0077340
  14.6800000   -0.0072743
  14.7000000   -0.0066750
  14.7200000   -0.0059431
  14.7400000   -0.0050916
  14.7600000   -0.0041396
  14.7800000   -0.0031125
  14.8000000   -0.0020414
  14.8200000   -0.0009626
  14.8400000    0.0000842
  14.8600000    0.0010580
  14.8800000    0.0019190
  14.9000000    0.0026308
  14.9200000    0.0031635
  14.9400000    0.0034952
  14.9600000    0.0036134
  14.9800000    0.0035163
  15.0000000    0.0032120
  15.0200000    0.0027180
  15.0400000    0.0020597
  15.0600000    0.0012689
  15.0800000    0.0003813
  15.1000000   -0.0005643
  15.1200000   -0.0015287
  15.1400000   -0.0024730
  15.1600000   -0.0033599
  15.1800000   -0.0041547
  15.2000000   -0.0048260
  15.2200000   -0.0053467
  15.2400000   -0.0056946
  15.2600000   -0.0058527
  15.2800000   -0.0058104
  15.3000000   -0.0055634
  15.3200000   -0.0051141
  15.3400000   -0.0044718
  15.3600000   -0.0036520
  15.3800000   -0.0026765
  15.4000000   -0.0015718
  15.4200000   -0.0003687
  15.4400000    0.0008995
  15.4600000    0.0021982
  15.4800000    0.0034940
  15.5000000    0.0047557
  15.5200000    0.0059570
  15.5400000    0.0070775
  15.5600000    0.0081041
  15.5800000    0.0090312
  15.6000000    0.0098600
  15.6200000    0.0105973
  15.6400000    0.0112529
  15.6600000    0.0118368
  15.6800000    0.0123562
  15.7000000    0.0128128
  15.7200000    0.0132011
  15.7400000    0.0135076
  15.7600000    0.0137120
  15.7800000    0.0137894
  15.8000000    0.0137138
  15.8200000    0.0134625
  15.8400000    0.0130208
  15.8600000    0.0123854
  15.8800000    0.0115677
  15.9000000    0.0105943
  15.9200000    0.0095071
  15.9400000    0.0083599
  15.9600000    0.0072150
  15.9800000    0.0061373
  16.0000000    0.0051890
  16.0200000    0.0044238
  16.0400000    0.0038818
  16.0600000    0.0035863
  16.0800000    0.0035417
  16.1000000    0.0037330
  16.1200000    0.0041276
  16.1400000    0.0046781
  16.1600000    0.0053265
  16.1800000    0.0060090
  16.2000000    0.0066612
  16.2200000    0.0072231
  16.2400000    0.0076434
  16.2600000    0.0078832
  16.2800000    0.0079186
  16.3000000    0.0077415
  16.3200000    0.0073601
  16.3400000    0.0067968
  16.3600000    0.0060864
  16.3800000    0.0052716
  16.4000000    0.0043996
  16.4200000    0.0035170
  16.4400000    0.0026657
  16.4600000    0.0018789
  16.4800000    0.0011781
  16.5000000    0.0005713
  16.5200000    0.0000529
  16.5400000   -0.0003952
  16.5600000   -0.0008013
  16.5800000   -0.0012001
  16.6000000   -0.0016289
  16.6200000   -0.0021226
  16.6400000   -0.0027104
  16.6600000   -0.0034117
  16.6800000   -0.0042343
  16.7000000   -0.0051727
  16.7200000   -0.0062090
  16.7400000   -0.0073136
  16.7600000   -0.0084479
  16.7800000   -0.0095679
  16.8000000   -0.0106271
  16.8200000   -0.0115810
  16.8400000   -0.0123904
  16.8600000   -0.0130241
  16.8800000   -0.0134619
  16.9000000   -0.0136951
  16.9200000   -0.0137275
  16.9400000   -0.0135746
  16.9600000   -0.0132617
  16.9800000   -0.0128218
  17.0000000   -0.0122928
  17.0200000   -0.0117140
  17.0400000   -0.0111234
  17.0600000   -0.0105546
  17.0800000   -0.0100345
  17.1000000   -0.0095822
  17.1200000   -0.0092080
  17.1400000   -0.0089138
  17.1600000   -0.0086942
  17.1800000   -0.0085383
  17.2000000   -0.0084316
  17.2200000   -0.0083593
  17.2400000   -0.0083078
  17.2600000   -0.0082673
  17.2800000   -0.0082332
  17.3000000   -0.0082069
  17.3200000   -0.0081958
  17.3400000   -0.0082121
  17.3600000   -0.0082712
  17.3800000   -0.0083889
  17.4000000   -0.0085787
  17.4200000   -0.0088486
  17.4400000   -0.0091982
  17.4600000   -0.0096171
  17.4800000   -0.0100834
  17.5000000   -0.0105646
  17.5200000   -0.0110196
  17.5400000   -0.0114020
  17.5600000   -0.0116647
  17.5800000   -0.0117655
  17.6000000   -0.0116722
  17.6200000   -0.0113678
  17.6400000   -0.0108534
  17.6600000   -0.0101502
  17.6800000   -0.0092989
  17.7000000   -0.0083566
  17.7200000   -0.0073925
  17.7400000   -0.0064808
  17.7600000   -0.0056944
  17.7800000   -0.0050972
  17.8000000   -0.0047382
  17.8200000   -0.0046465
  17.8400000   -0.0048284
  17.8600000   -0.0052673
  17.8800000   -0.0059255
  17.9000000   -0.0067477
  17.9200000   -0.0076670
  17.9400000   -0.0086116
  17.9600000   -0.0095110
  17.9800000   -0.0103028
  18.0000000   -0.0109379
  18.0200000   -0.0113838
  18.0400000   -0.0116264
  18.0600000   -0.0116690
  18.0800000   -0.0115305
  18.1000000   -0.0112405
  18.1200000   -0.0108352
  18.1400000   -0.0103518
  18.1600000   -0.0098240
  18.1800000   -0.0092787
  18.2000000   -0.0087336
  18.2200000   -0.0081975
  18.2400000   -0.0076714
  18.2600000   -0.0071517
  18.2800000   -0.0066336
  18.3000000   -0.0061146
  18.3200000   -0.0055980
  18.3400000   -0.0050942
  18.3600000   -0.0046217
  18.3800000   -0.0042058
  18.4000000   -0.0038761
  18.4200000   -0.0036629
  18.4400000   -0.0035940
  18.4600000   -0.0036902
  18.4800000   -0.0039634
  18.5000000   -0.0044139
  18.5200000   -0.0050302
  18.5400000   -0.0057897
  18.5600000   -0.0066600
  18.5800000   -0.0076014
  18.6000000   -0.0085694
  18.6200000   -0.0095177
  18.6400000   -0.0104008
  18.6600000   -0.0111767
  18.6800000   -0.0118093
  18.7000000   -0.0122701
  18.7200000   -0.0125398
  18.7400000   -0.0126100
  18.7600000   -0.0124832
  18.7800000   -0.0121730
  18.8000000   -0.0117031
  18.8200000   -0.0111056
  18.8400000   -0.0104184
  18.8600000   -0.0096818
  18.8800000   -0.0089354
  18.9000000   -0.0082142
  18.9200000   -0.0075457
  18.9400000   -0.0069476
  18.9600000   -0.0064266
  18.9800000   -0.0059786
  19.0000000   -0.0055898
  19.0200000   -0.0052395
  19.0400000   -0.0049029
  19.0600000   -0.0045555
  19.0800000   -0.0041759
  19.1000000   -0.0037498
  19.1200000   -0.0032718
  19.1400000   -0.0027467
  19.1600000   -0.0021895
  19.1800000   -0.0016237
  19.2000000   -0.0010787
  19.2200000   -0.0005864
  19.2400000   -0.0001769
  19.2600000    0.0001251
  19.2800000    0.0003044
  19.3000000    0.0003574
  19.3200000    0.0002935
  19.3400000    0.0001348
  19.3600000   -0.0000858
  19.3800000   -0.0003280
  19.4000000   -0.0005481
  19.4200000   -0.0007039
  19.4400000   -0.0007591
  19.4600000   -0.0006872
  19.4800000   -0.0004732
  19.5000000   -0.0001154
  19.5200000    0.0003765
  19.5400000    0.0009828
  19.5600000    0.0016777
  19.5800000    0.0024323
  19.6000000    0.0032184
  19.6200000    0.0040108
  19.6400000    0.0047889
  19.6600000    0.0055369
  19.6800000    0.0062431
  19.7000000    0.0068983
  19.7200000    0.0074940
  19.7400000    0.0080208
  19.7600000    0.0084678
  19.7800000    0.0088226
  19.8000000    0.0090719
  19.8200000    0.0092035
  19.8400000    0.0092086
  19.8600000    0.0090835
  19.8800000    0.0088312
  19.9000000    0.0084627
  19.9200000    0.0079966
  19.9400000    0.0074581
  19.9600000    0.0068765
  19.9800000    0.0062828
  20.0000000    0.0057062
  20.0200000    0.0051712
  20.0400000    0.0046946
  20.0600000    0.0042834
  20.0800000    0.0039342
  20.1000000    0.0036326
  20.1200000    0.0033554
  20.1400000    0.0030724
  20.1600000    0.0027504
  20.1800000    0.0023565
  20.2000000    0.0018628
  20.2200000    0.0012494
  20.2400000    0.0005076
  20.2600000   -0.0003583
  20.2800000   -0.0013311
  20.3000000   -0.0023813
  20.3200000   -0.0034694
  20.3400000   -0.0045493
  20.3600000   -0.0055719
  20.3800000   -0.0064885
  20.4000000   -0.0072550
  20.4200000   -0.0078339
  20.4400000   -0.0081967
  20.4600000   -0.0083249
  20.4800000   -0.0082098
  20.5000000   -0.0078515
  20.5200000   -0.0072577
  20.5400000   -0.0064419
  20.5600000   -0.0054210
  20.5800000   -0.0042139
  20.6000000   -0.0028393
  20.6200000   -0.0013156
  20.6400000    0.0003406
  20.6600000    0.0021135
  20.6800000    0.0039875
  20.7000000    0.0059460
  20.7200000    0.0079699
  20.7400000    0.0100355
  20.7600000    0.0121139
  20.7800000    0.0141700
  20.8000000    0.0161627
  20.8200000    0.0180461
  20.8400000    0.0197715
  20.8600000    0.0212901
  20.8800000    0.0225564
  20.9000000    0.0235311
  20.9200000    0.0241840
  20.9400000    0.0244960
  20.9600000    0.0244601
  20.9800000    0.0240813
  21.0000000    0.0233751
  21.0200000    0.0223662
  21.0400000    0.0210856
  21.0600000    0.0195680
  21.0800000    0.0178500
  21.1000000    0.0159678
  21.1200000    0.0139561
  21.1400000    0.0118477
  21.1600000    0.0096734
  21.1800000    0.0074624
  21.2000000    0.0052431
  21.2200000    0.0030434
  21.2400000    0.0008911
  21.2600000   -0.0011858
  21.2800000   -0.0031603
  21.3000000   -0.0050069
  21.3200000   -0.0067032
  21.3400000   -0.0082313
  21.3600000   -0.0095796
  21.3800000   -0.0107434
  21.4000000   -0.0117260
  21.4200000   -0.0125377
  21.4400000   -0.0131954
  21.4600000   -0.0137197
  21.4800000   -0.0141325
  21.5000000   -0.0144539
  21.5200000   -0.0146990
  21.5400000   -0.0148753
  21.5600000   -0.0149815
  21.5800000   -0.0150069
  21.6000000   -0.0149328
  21.6200000   -0.0147350
  21.6400000   -0.0143873
  21.6600000   -0.0138660
  21.6800000   -0.0131538
  21.7000000   -0.0122434
  21.7200000   -0.0111408
  21.7400000   -0.0098656
  21.7600000   -0.0084513
  21.7800000   -0.0069435
  21.8000000   -0.0053967
  21.8200000   -0.0038708
  21.8400000   -0.0024272
  21.8600000   -0.0011251
  21.8800000   -0.0000182
  21.9000000    0.0008476
  21.9200000    0.0014357
  21.9400000    0.0017197
  21.9600000    0.0016828
  21.9800000    0.0013184
  22.0000000    0.0006288
  22.0200000   -0.0003749
  22.0400000   -0.0016732
  22.0600000   -0.0032384
  22.0800000   -0.0050350
  22.1000000   -0.0070195
  22.1200000   -0.0091416
  22.1400000   -0.0113446
  22.1600000   -0.0135674
  22.1800000   -0.0157461
  22.2000000   -0.0178169
  22.2200000   -0.0197189
  22.2400000   -0.0213967
  22.2600000   -0.0228035
  22.2800000   -0.0239037
  22.3000000   -0.0246744
  22.3200000   -0.0251066
  22.3400000   -0.0252062
  22.3600000   -0.0249928
  22.3800000   -0.0244983
  22.4000000   -0.0237652
  22.4200000   -0.0228430
  22.4400000   -0.0217848
  22.4600000   -0.0206437
  22.4800000   -0.0194685
  22.5000000   -0.0183009
  22.5200000   -0.0171721
  22.5400000   -0.0161016
  22.5600000   -0.0150962
  22.5800000   -0.0141512
  22.6000000   -0.0132517
  22.6200000   -0.0123764
  22.6400000   -0.0115009
  22.6600000   -0.0106015
  22.6800000   -0.0096595
  22.7000000   -0.0086643
  22.7200000   -0.0076155
  22.7400000   -0.0065240
  22.7600000   -0.0054119
  22.7800000   -0.0043100
  22.8000000   -0.0032554
  22.8200000   -0.0022872
  22.8400000   -0.0014419
  22.8600000   -0.0007493
  22.8800000   -0.0002277
  22.9000000    0.0001183
  22.9200000    0.0003003
  22.9400000    0.0003459
  22.9600000    0.0002971
  22.9800000    0.0002074
  23.0000000    0.0001374
  23.0200000    0.0001494
  23.0400000    0.0003013
  23.0600000    0.0006419
  23.0800000    0.0012057
  23.1000000    0.0020093
  23.1200000    0.0030501
  23.1400000    0.0043060
  23.1600000    0.0057372
  23.1800000    0.0072900
  23.2000000    0.0089010
  23.2200000    0.0105033
  23.2400000    0.0120315
  23.2600000    0.0134278
  23.2800000    0.0146459
  23.3000000    0.0156544
  23.3200000    0.0164382
  23.3400000    0.0169980
  23.3600000    0.0173487
  23.3800000    0.0175156
  23.4000000    0.0175307
  23.4200000    0.0174276
  23.4400000    0.0172370
  23.4600000    0.0169832
  23.4800000    0.0166816
  23.5000000    0.0163374
  23.5200000    0.0159460
  23.5400000    0.0154951
  23.5600000    0.0149676
  23.5800000    0.0143453
  23.6000000    0.0136124
  23.6200000    0.0127591
  23.6400000    0.0117840
  23.6600000    0.0106953
  23.6800000    0.0095111
  23.7000000    0.0082585
  23.7200000    0.0069711
  23.7400000    0.0056869
  23.7600000    0.0044450
  23.7800000    0.0032826
  23.8000000    0.0022329
  23.8200000    0.0013223
  23.8400000    0.0005694
  23.8600000   -0.0000163
  23.8800000   -0.0004343
  23.9000000   -0.0006925
  23.9200000   -0.0008068
  23.9400000   -0.0007986
  23.9600000   -0.0006935
  23.9800000   -0.0005185
  24.0000000   -0.0002996
  24.0200000   -0.0000599
  24.0400000    0.0001826
  24.0600000    0.0004161
  24.0800000    0.0006351
  24.1000000    0.0008398
  24.1200000    0.0010351
  24.1400000    0.0012284
  24.1600000    0.0014274
  24.1800000    0.0016381
  24.2000000    0.0018630
  24.2200000    0.0021000
  24.2400000    0.0023423
  24.2600000    0.0025793
  24.2800000    0.0027976
  24.3000000    0.0029836
  24.3200000    0.0031253
  24.3400000    0.0032147
  24.3600000    0.0032496
  24.3800000    0.0032340
  24.4000000    0.0031788
  24.4200000    0.0031003
  24.4400000    0.0030188
  24.4600000    0.0029561
  24.4800000    0.0029324
  24.5000000    0.0029638
  24.5200000    0.0030600
  24.5400000    0.0032220
  24.5600000    0.0034422
  24.5800000    0.0037040
  24.6000000    0.0039830
  24.6200000    0.0042493
  24.6400000    0.0044700
  24.6600000    0.0046119
  24.6800000    0.0046445
  24.7000000    0.0045422
  24.7200000    0.0042864
  24.7400000    0.0038669
  24.7600000    0.0032823
  24.7800000    0.0025402
  24.8000000    0.0016565
  24.8200000    0.0006545
  24.8400000   -0.0004369
  24.8600000   -0.0015853
  24.8800000   -0.0027569
  24.9000000   -0.0039195
  24.9200000   -0.0050451
  24.9400000   -0.0061132
  24.9600000   -0.0071129
  24.9800000   -0.0080447
  25.0000000   -0.0089221
  25.0200000   -0.0097705
  25.0400000   -0.0106259
  25.0600000   -0.0115315
  25.0800000   -0.0125338
  25.1000000   -0.0136764
  25.1200000   -0.0149956
  25.1400000   -0.0165141
  25.1600000   -0.0182376
  25.1800000   -0.0201518
  25.2000000   -0.0222216
  25.2200000   -0.0243931
  25.2400000   -0.0265969
  25.2600000   -0.0287543
  25.2800000   -0.0307840
  25.3000000   -0.0326096
  25.3200000   -0.0341670
  25.3400000   -0.0354102
  25.3600000   -0.0363159
  25.3800000   -0.0368850
  25.4000000   -0.0371417
  25.4200000   -0.0371306
  25.4400000   -0.0369109
  25.4600000   -0.0365492
  25.4800000   -0.0361129
  25.5000000   -0.0356621
  25.5200000   -0.0352438
  25.5400000   -0.0348878
  25.5600000   -0.0346039
  25.5800000   -0.0343828
  25.6000000   -0.0341980
  25.6200000   -0.0340097
  25.6400000   -0.0337707
  25.6600000   -0.0334318
  25.6800000   -0.0329474
  25.7000000   -0.0322806
  25.7200000   -0.0314070
  25.7400000   -0.0303162
  25.7600000   -0.0290132
  25.7800000   -0.0275170
  25.8000000   -0.0258588
  25.8200000   -0.0240797
  25.8400000   -0.0222273
  25.8600000   -0.0203530
  25.8800000   -0.0185091
  25.9000000   -0.0167467
  25.9200000   -0.0151131
  25.9400000   -0.0136504
  25.9600000   -0.0123937
  25.9800000   -0.0113691
  26.0000000   -0.0105923
  26.0200000   -0.0100671
  26.0400000   -0.0097846
  26.0600000   -0.0097227
  26.0800000   -0.0098472
  26.1000000   -0.0101134
  26.1200000   -0.0104695
  26.1400000   -0.0108602
  26.1600000   -0.0112318
  26.1800000   -0.0115367
  26.2000000   -0.0117377
  26.2200000   -0.0118109
  26.2400000   -0.0117477
  26.2600000   -0.0115544
  26.2800000   -0.0112506
  26.3000000   -0.0108655
  26.3200000   -0.0104335
  26.3400000   -0.0099889
  26.3600000   -0.0095608
  26.3800000   -0.0091689
  26.4000000   -0.0088203
  26.4200000   -0.0085081
  26.4400000   -0.0082115
  26.4600000   -0.0078989
  26.4800000   -0.0075310
  26.5000000   -0.0070665
  26.5200000   -0.0064674
  26.5400000   -0.0057049
  26.5600000   -0.0047631
  26.5800000   -0.0036425
  26.6000000   -0.0023606
  26.6200000   -0.0009504
  26.6400000    0.0005430
  26.6600000    0.0020672
  26.6800000    0.0035688
  26.7000000    0.0049986
  26.7200000    0.0063175
  26.7400000    0.0074990
  26.7600000    0.0085322
  26.7800000    0.0094202
  26.8000000    0.0101793
  26.8200000    0.0108344
  26.8400000    0.0114157
  26.8600000    0.0119535
  26.8800000    0.0124747
  26.9000000    0.0129995
  26.9200000    0.0135390
  26.9400000    0.0140946
  26.9600000    0.0146580
  26.9800000    0.0152127
  27.0000000    0.0157355
  27.0200000    0.0161993
  27.0400000    0.0165757
  27.0600000    0.0168374
  27.0800000    0.0169609
  27.1000000    0.0169285
  27.1200000    0.0167299
  27.1400000    0.0163631
  27.1600000    0.0158350
  27.1800000    0.0151611
  27.2000000    0.0143650
  27.2200000    0.0134766
  27.2400000    0.0125311
  27.2600000    0.0115671
  27.2800000    0.0106240
  27.3000000    0.0097407
  27.3200000    0.0089530
  27.3400000    0.0082917
  27.3600000    0.0077810
  27.3800000    0.0074365
  27.4000000    0.0072644
  27.4200000    0.0072603
  27.4400000    0.0074095
  27.4600000    0.0076874
  27.4800000    0.0080610
  27.5000000    0.0084914
  27.5200000    0.0089363
  27.5400000    0.0093539
  27.5600000    0.0097056
  27.5800000    0.0099595
  27.6000000    0.0100931
  27.6200000    0.0100943
  27.6400000    0.0099621
  27.6600000    0.0097059
  27.6800000    0.0093440
  27.7000000    0.0089011
  27.7200000    0.0084054
  27.7400000    0.0078854
  27.7600000    0.0073676
  27.7800000    0.0068738
  27.8000000    0.0064191
  27.8200000    0.0060114
  27.8400000    0.0056504
  27.8600000    0.0053282
  27.8800000    0.0050304
  27.9000000    0.0047374
  27.9200000    0.0044266
  27.9400000    0.0040742
  27.9600000    0.0036579
  27.9800000    0.0031592
  28.0000000    0.0025648
  28.0200000    0.0018691
  28.0400000    0.0010747
  28.0600000    0.0001934
  28.0800000   -0.0007547
  28.1000000   -0.0017412
  28.1200000   -0.0027313
  28.1400000   -0.0036860
  28.1600000   -0.0045642
  28.1800000   -0.0053256
  28.2000000   -0.0059337
  28.2200000   -0.0063584
  28.2400000   -0.0065791
  28.2600000   -0.0065861
  28.2800000   -0.0063825
  28.3000000   -0.0059849
  28.3200000   -0.0054226
  28.3400000   -0.0047367
  28.3600000   -0.0039780
  28.3800000   -0.0032031
  28.4000000   -0.0024718
  28.4200000   -0.0018422
  28.4400000   -0.0013668
  28.4600000   -0.0010886
  28.4800000   -0.0010372
  28.5000000   -0.0012267
  28.5200000   -0.0016536
  28.5400000   -0.0022963
  28.5600000   -0.0031168
  28.5800000   -0.0040626
  28.6000000   -0.0050710
  28.6200000   -0.0060743
  28.6400000   -0.0070057
  28.6600000   -0.0078054
  28.6800000   -0.0084271
  28.7000000   -0.0088424
  28.7200000   -0.0090440
  28.7400000   -0.0090471
  28.7600000   -0.0088877
  28.7800000   -0.0086191
  28.8000000   -0.0083058
  28.8200000   -0.0080162
  28.8400000   -0.0078156
  28.8600000   -0.0077578
  28.8800000   -0.0078802
  28.9000000   -0.0081993
  28.9200000   -0.0087094
  28.9400000   -0.0093838
  28.9600000   -0.0101785
  28.9800000   -0.0110372
  29.0000000   -0.0118978
  29.0200000   -0.0126983
  29.0400000   -0.0133825
  29.0600000   -0.0139041
  29.0800000   -0.0142294
  29.1000000   -0.0143373
  29.1200000   -0.0142189
  29.1400000   -0.0138751
  29.1600000   -0.0133140
  29.1800000   -0.0125476
  29.2000000   -0.0115900
  29.2200000   -0.0104550
  29.2400000   -0.0091557
  29.2600000   -0.0077041
  29.2800000   -0.0061121
  29.3000000   -0.0043921
  29.3200000   -0.0025585
  29.3400000   -0.0006288
  29.3600000    0.0013754
  29.3800000    0.0034277
  29.4000000    0.0054966
  29.4200000    0.0075451
  29.4400000    0.0095317
  29.4600000    0.0114102
  29.4800000    0.0131315
  29.5000000    0.0146450
  29.5200000    0.0159006
  29.5400000    0.0168515
  29.5600000    0.0174573
  29.5800000    0.0176871
  29.6000000    0.0175221
  29.6200000    0.0169584
  29.6400000    0.0160080
  29.6600000    0.0146997
  29.6800000    0.0130773
  29.7000000    0.0111983
  29.7200000    0.0091303
  29.7400000    0.0069475
  29.7600000    0.0047268
  29.7800000    0.0025441
  29.8000000    0.0004709
  29.8200000   -0.0014284
  29.8400000   -0.0030982
  29.8600000   -0.0044932
  29.8800000   -0.0055790
  29.9000000   -0.0063321
  29.9200000   -0.0067401
  29.9400000   -0.0068007
  29.9600000   -0.0065216
  29.9800000   -0.0059194
  30.0000000   -0.0050185
