 -10.0000000    0.0140007
  -9.9800000    0.0137089
  -9.9600000    0.0131885
  -9.9400000    0.0124709
  -9.9200000    0.0115954
  -9.9000000    0.0106068
  -9.8800000    0.0095542
  -9.8600000    0.0084885
  -9.8400000    0.0074604
  -9.8200000    0.0065191
  -9.8000000    0.0057100
  -9.7800000    0.0050739
  -9.7600000    0.0046458
  -9.7400000    0.0044544
  -9.7200000    0.0045218
  -9.7000000    0.0048630
  -9.6800000    0.0054867
  -9.6600000    0.0063944
  -9.6400000    0.0075808
  -9.6200000    0.0090336
  -9.6000000    0.0107325
  -9.5800000    0.0126489
  -9.5600000    0.0147453
  -9.5400000    0.0169749
  -9.5200000    0.0192816
  -9.5000000    0.0216009
  -9.4800000    0.0238614
  -9.4600000    0.0259873
  -9.4400000    0.0279023
  -9.4200000    0.0295331
  -9.4000000    0.0308144
  -9.3800000    0.0316936
  -9.3600000    0.0321341
  -9.3400000    0.0321192
  -9.3200000    0.0316528
  -9.3000000    0.0307597
  -9.2800000    0.0294833
  -9.2600000    0.0278825
  -9.2400000    0.0260260
  -9.2200000    0.0239875
  -9.2000000    0.0218395
  -9.1800000    0.0196485
  -9.1600000    0.0174703
  -9.1400000    0.0153481
  -9.1200000    0.0133107
  -9.1000000    0.0113734
  -9.0800000    0.0095401
  -9.0600000    0.0078055
  -9.0400000    0.0061594
  -9.0200000    0.0045900
  -9.0000000    0.0030874
  -8.9800000    0.0016466
  -8.9600000    0.0002692
  -8.9400000   -0.0010350
  -8.9200000   -0.0022484
  -8.9000000   -0.0033463
  -8.8800000   -0.0042988
  -8.8600000   -0.0050738
  -8.8400000   -0.0056401
  -8.8200000   -0.0059708
  -8.8000000   -0.0060473
  -8.7800000   -0.0058618
  -8.7600000   -0.0054198
  -8.7400000   -0.0047414
  -8.7200000   -0.0038606
  -8.7000000   -0.0028239
  -8.6800000   -0.0016874
  -8.6600000   -0.0005125
  -8.6400000    0.0006384
  -8.6200000    0.0017063
  -8.6000000    0.0026399
  -8.5800000    0.0033982
  -8.5600000    0.0039525
  -8.5400000    0.0042863
  -8.5200000    0.0043947
  -8.5000000    0.0042822
  -8.4800000    0.0039603
  -8.4600000    0.0034450
  -8.4400000    0.0027542
  -8.4200000    0.0019062
  -8.4000000    0.0009187
  -8.3800000   -0.0001915
  -8.3600000   -0.0014082
  -8.3400000   -0.0027148
  -8.3200000   -0.0040936
  -8.3000000   -0.0055255
  -8.2800000   -0.0069895
  -8.2600000   -0.0084633
  -8.2400000   -0.0099239
  -8.2200000   -0.0113484
  -8.2000000   -0.0127155
  -8.1800000   -0.0140064
  -8.1600000   -0.0152049
  -8.1400000   -0.0162981
  -8.1200000   -0.0172757
  -8.1000000   -0.0181298
  -8.0800000   -0.0188542
  -8.0600000   -0.0194442
  -8.0400000   -0.0198963
  -8.0200000   -0.0202091
  -8.0000000   -0.0203836
  -7.9800000   -0.0204241
  -7.9600000   -0.0203394
  -7.9400000   -0.0201422
  -7.9200000   -0.0198495
  -7.9000000   -0.0194808
  -7.8800000   -0.0190569
  -7.8600000   -0.0185973
  -7.8400000   -0.0181183
  -7.8200000   -0.0176311
  -7.8000000   -0.0171406
  -7.7800000   -0.0166456
  -7.7600000   -0.0161399
  -7.7400000   -0.0156138
  -7.7200000   -0.0150569
  -7.7000000   -0.0144606
  -7.6800000   -0.0138211
  -7.6600000   -0.0131411
  -7.6400000   -0.0124306
  -7.6200000   -0.0117074
  -7.6000000   -0.0109959
  -7.5800000   -0.0103252
  -7.5600000   -0.0097262
  -7.5400000   -0.0092295
  -7.5200000   -0.0088618
  -7.5000000   -0.0086436
  -7.4800000   -0.0085878
  -7.4600000   -0.0086978
  -7.4400000   -0.0089682
  -7.4200000   -0.0093852
  -7.4000000   -0.0099284
  -7.3800000   -0.0105729
  -7.3600000   -0.0112919
  -7.3400000   -0.0120593
  -7.3200000   -0.0128514
  -7.3000000   -0.0136483
  -7.2800000   -0.0144344
  -7.2600000   -0.0151973
  -7.2400000   -0.0159265
  -7.2200000   -0.0166112
  -7.2000000   -0.0172376
  -7.1800000   -0.0177872
  -7.1600000   -0.0182351
  -7.1400000   -0.0185509
  -7.1200000   -0.0186993
  -7.1000000   -0.0186442
  -7.0800000   -0.0183526
  -7.0600000   -0.0177998
  -7.0400000   -0.0169747
  -7.0200000   -0.0158835
  -7.0000000   -0.0145519
  -6.9800000   -0.0130250
  -6.9600000   -0.0113638
  -6.9400000   -0.0096401
  -6.9200000   -0.0079284
  -6.9000000   -0.0062976
  -6.8800000   -0.0048030
  -6.8600000   -0.0034794
  -6.8400000   -0.0023372
  -6.8200000   -0.0013619
  -6.8000000   -0.0005167
  -6.7800000    0.0002519
  -6.7600000    0.0010065
  -6.7400000    0.0018105
  -6.7200000    0.0027198
  -6.7000000    0.0037769
  -6.6800000    0.0050063
  -6.6600000    0.0064135
  -6.6400000    0.0079856
  -6.6200000    0.0096946
  -6.6000000    0.0115013
  -6.5800000    0.0133599
  -6.5600000    0.0152229
  -6.5400000    0.0170444
  -6.5200000    0.0187828
  -6.5000000    0.0204036
  -6.4800000    0.0218795
  -6.4600000    0.0231920
  -6.4400000    0.0243311
  -6.4200000    0.0252958
  -6.4000000    0.0260939
  -6.3800000    0.0267417
  -6.3600000    0.0272628
  -6.3400000    0.0276870
  -6.3200000    0.0280482
  -6.3000000    0.0283820
  -6.2800000    0.0287226
  -6.2600000    0.0291005
  -6.2400000    0.0295396
  -6.2200000    0.0300558
  -6.2000000    0.0306556
  -6.1800000    0.0313357
  -6.1600000    0.0320841
  -6.1400000    0.0328807
  -6.1200000    0.0336993
  -6.1000000    0.0345090
  -6.0800000    0.0352761
  -6.0600000    0.0359664
  -6.0400000    0.0365462
  -6.0200000    0.0369847
  -6.0000000    0.0372554
  -5.9800000    0.0373380
  -5.9600000    0.0372195
  -5.9400000    0.0368962
  -5.9200000    0.0363737
  -5.9000000    0.0356672
  -5.8800000    0.0348008
  -5.8600000    0.0338053
  -5.8400000    0.0327160
  -5.8200000    0.0315693
  -5.8000000    0.0303997
  -5.7800000    0.0292361
  -5.7600000    0.0280999
  -5.7400000    0.0270035
  -5.7200000    0.0259498
  -5.7000000    0.0249342
  -5.6800000    0.0239463
  -5.6600000    0.0229733
  -5.6400000    0.0220037
  -5.6200000    0.0210301
  -5.6000000    0.0200517
  -5.5800000    0.0190753
  -5.5600000    0.0181149
  -5.5400000    0.0171896
  -5.5200000    0.0163206
  -5.5000000    0.0155272
  -5.4800000    0.0148222
  -5.4600000    0.0142085
  -5.4400000    0.0136760
  -5.4200000    0.0132002
  -5.4000000    0.0127419
  -5.3800000    0.0122495
  -5.3600000    0.0116618
  -5.3400000    0.0109125
  -5.3200000    0.0099356
  -5.3000000    0.0086710
  -5.2800000    0.0070692
  -5.2600000    0.0050968
  -5.2400000    0.0027396
  -5.2200000    0.0000051
  -5.2000000   -0.0030765
  -5.1800000   -0.0064533
  -5.1600000   -0.0100541
  -5.1400000   -0.0137926
  -5.1200000   -0.0175721
  -5.1000000   -0.0212916
  -5.0800000   -0.0248521
  -5.0600000   -0.0281627
  -5.0400000   -0.0311457
  -5.0200000   -0.0337404
  -5.0000000   -0.0359059
  -4.9800000   -0.0376214
  -4.9600000   -0.0388852
  -4.9400000   -0.0397127
  -4.9200000   -0.0401323
  -4.9000000   -0.0401821
  -4.8800000   -0.0399057
  -4.8600000   -0.0393491
  -4.8400000   -0.0385580
  -4.8200000   -0.0375756
  -4.8000000   -0.0364427
  -4.7800000   -0.0351966
  -4.7600000   -0.0338715
  -4.7400000   -0.0324991
  -4.7200000   -0.0311079
  -4.7000000   -0.0297236
  -4.6800000   -0.0283684
  -4.6600000   -0.0270600
  -4.6400000   -0.0258110
  -4.6200000   -0.0246288
  -4.6000000   -0.0235152
  -4.5800000   -0.0224671
  -4.5600000   -0.0214776
  -4.5400000   -0.0205375
  -4.5200000   -0.0196367
  -4.5000000   -0.0187660
  -4.4800000   -0.0179179
  -4.4600000   -0.0170875
  -4.4400000   -0.0162726
  -4.4200000   -0.0154730
  -4.4000000   -0.0146898
  -4.3800000   -0.0139246
  -4.3600000   -0.0131784
  -4.3400000   -0.0124519
  -4.3200000   -0.0117450
  -4.3000000   -0.0110578
  -4.2800000   -0.0103914
  -4.2600000   -0.0097494
  -4.2400000   -0.0091385
  -4.2200000   -0.0085699
  -4.2000000   -0.0080591
  -4.1800000   -0.0076261
  -4.1600000   -0.0072943
  -4.1400000   -0.0070885
  -4.1200000   -0.0070338
  -4.1000000   -0.0071526
  -4.0800000   -0.0074625
  -4.0600000   -0.0079742
  -4.0400000   -0.0086892
  -4.0200000   -0.0095991
  -4.0000000   -0.0106845
  -3.9800000   -0.0119155
  -3.9600000   -0.0132530
  -3.9400000   -0.0146506
  -3.9200000   -0.0160577
  -3.9000000   -0.0174228
  -3.8800000   -0.0186970
  -3.8600000   -0.0198380
  -3.8400000   -0.0208122
  -3.8200000   -0.0215975
  -3.8000000   -0.0221832
  -3.7800000   -0.0225703
  -3.7600000   -0.0227695
  -3.7400000   -0.0227993
  -3.7200000   -0.0226826
  -3.7000000   -0.0224444
  -3.6800000   -0.0221089
  -3.6600000   -0.0216977
  -3.6400000   -0.0212285
  -3.6200000   -0.0207150
  -3.6000000   -0.0201669
  -3.5800000   -0.0195907
  -3.5600000   -0.0189904
  -3.5400000   -0.0183689
  -3.5200000   -0.0177284
  -3.5000000   -0.0170712
  -3.4800000   -0.0164003
  -3.4600000   -0.0157195
  -3.4400000   -0.0150335
  -3.4200000   -0.0143480
  -3.4000000   -0.0136698
  -3.3800000   -0.0130060
  -3.3600000   -0.0123640
  -3.3400000   -0.0117508
  -3.3200000   -0.0111723
  -3.3000000   -0.0106324
  -3.2800000   -0.0101333
  -3.2600000   -0.0096743
  -3.2400000   -0.0092528
  -3.2200000   -0.0088645
  -3.2000000   -0.0085045
  -3.1800000   -0.0081684
  -3.1600000   -0.0078533
  -3.1400000   -0.0075591
  -3.1200000   -0.0072883
  -3.1000000   -0.0070463
  -3.0800000   -0.0068404
  -3.0600000   -0.0066782
  -3.0400000   -0.0065659
  -3.0200000   -0.0065060
  -3.0000000   -0.0064951
  -2.9800000   -0.0065222
  -2.9600000   -0.0065677
  -2.9400000   -0.0066028
  -2.9200000   -0.0065902
  -2.9000000   -0.0064854
  -2.8800000   -0.0062394
  -2.8600000   -0.0058016
  -2.8400000   -0.0051237
  -2.8200000   -0.0041634
  -2.8000000   -0.0028884
  -2.7800000   -0.0012800
  -2.7600000    0.0006642
  -2.7400000    0.0029290
  -2.7200000    0.0054805
  -2.7000000    0.0082679
  -2.6800000    0.0112252
  -2.6600000    0.0142751
  -2.6400000    0.0173338
  -2.6200000    0.0203155
  -2.6000000    0.0231377
  -2.5800000    0.0257260
  -2.5600000    0.0280177
  -2.5400000    0.0299650
  -2.5200000    0.0315365
  -2.5000000    0.0327185
  -2.4800000    0.0335145
  -2.4600000    0.0339446
  -2.4400000    0.0340447
  -2.4200000    0.0338645
  -2.4000000    0.0334653
  -2.3800000    0.0329180
  -2.3600000    0.0322985
  -2.3400000    0.0316842
  -2.3200000    0.0311487
  -2.3000000    0.0307558
  -2.2800000    0.0305544
  -2.2600000    0.0305736
  -2.2400000    0.0308190
  -2.2200000    0.0312723
  -2.2000000    0.0318920
  -2.1800000    0.0326179
  -2.1600000    0.0333774
  -2.1400000    0.0340937
  -2.1200000    0.0346941
  -2.1000000    0.0351182
  -2.0800000    0.0353241
  -2.0600000    0.0352918
  -2.0400000    0.0350244
  -2.0200000    0.0345449
  -2.0000000    0.0338918
  -1.9800000    0.0331117
  -1.9600000    0.0322522
  -1.9400000    0.0313545
  -1.9200000    0.0304478
  -1.9000000    0.0295452
  -1.8800000    0.0286428
  -1.8600000    0.0277205
  -1.8400000    0.0267449
  -1.8200000    0.0256736
  -1.8000000    0.0244604
  -1.7800000    0.0230600
  -1.7600000    0.0214316
  -1.7400000    0.0195423
  -1.7200000    0.0173674
  -1.7000000    0.0148904
  -1.6800000    0.0121009
  -1.6600000    0.0089917
  -1.6400000    0.0055555
  -1.6200000    0.0017818
  -1.6000000   -0.0023455
  -1.5800000   -0.0068489
  -1.5600000   -0.0117557
  -1.5400000   -0.0170951
  -1.5200000   -0.0228925
  -1.5000000   -0.0291628
  -1.4800000   -0.0359015
  -1.4600000   -0.0430776
  -1.4400000   -0.0506259
  -1.4200000   -0.0584428
  -1.4000000   -0.0663847
  -1.3800000   -0.0742706
  -1.3600000   -0.0818890
  -1.3400000   -0.0890089
  -1.3200000   -0.0953937
  -1.3000000   -0.1008175
  -1.2800000   -0.1050816
  -1.2600000   -0.1080298
  -1.2400000   -0.1095610
  -1.2200000   -0.1096375
  -1.2000000   -0.1082879
  -1.1800000   -0.1056056
  -1.1600000   -0.1017413
  -1.1400000   -0.0968918
  -1.1200000   -0.0912859
  -1.1000000   -0.0851685
  -1.0800000   -0.0787854
  -1.0600000   -0.0723685
  -1.0400000   -0.0661248
  -1.0200000   -0.0602275
  -1.0000000   -0.0548108
  -0.9800000   -0.0499684
  -0.9600000   -0.0457540
  -0.9400000   -0.0421845
  -0.9200000   -0.0392446
  -0.9000000   -0.0368925
  -0.8800000   -0.0350651
  -0.8600000   -0.0336840
  -0.8400000   -0.0326611
  -0.8200000   -0.0319035
  -0.8000000   -0.0313185
  -0.7800000   -0.0308179
  -0.7600000   -0.0303217
  -0.7400000   -0.0297618
  -0.7200000   -0.0290842
  -0.7000000   -0.0282507
  -0.6800000   -0.0272390
  -0.6600000   -0.0260422
  -0.6400000   -0.0246663
  -0.6200000   -0.0231271
  -0.6000000   -0.0214465
  -0.5800000   -0.0196476
  -0.5600000   -0.0177503
  -0.5400000   -0.0157674
  -0.5200000   -0.0137006
  -0.5000000   -0.0115376
  -0.4800000   -0.0092501
  -0.4600000   -0.0067923
  -0.4400000   -0.0040995
  -0.4200000   -0.0010875
  -0.4000000    0.0023480
  -0.3800000    0.0063320
  -0.3600000    0.0110102
  -0.3400000    0.0165484
  -0.3200000    0.0231304
  -0.3000000    0.0309529
  -0.2800000    0.0402190
  -0.2600000    0.0511261
  -0.2400000    0.0638519
  -0.2200000    0.0785354
  -0.2000000    0.0952565
  -0.1800000    0.1140144
  -0.1600000    0.1347086
  -0.1400000    0.1571228
  -0.1200000    0.1809179
  -0.1000000    0.2056326
  -0.0800000    0.2306958
  -0.0600000    0.2554491
  -0.0400000    0.2791794
  -0.0200000    0.3011577
   0.0000000    0.3206817
   0.0200000    0.3371171
   0.0400000    0.3499346
   0.0600000    0.3587382
   0.0800000    0.3632841
   0.1000000    0.3634876
   0.1200000    0.3594202
   0.1400000    0.3512975
   0.1600000    0.3394604
   0.1800000    0.3243526
   0.2000000    0.3064953
   0.2200000    0.2864617
   0.2400000    0.2648529
   0.2600000    0.2422740
   0.2800000    0.2193125
   0.3000000    0.1965182
   0.3200000    0.1743856
   0.3400000    0.1533386
   0.3600000    0.1337189
   0.3800000    0.1157791
   0.4000000    0.0996797
   0.4200000    0.0854919
   0.4400000    0.0732044
   0.4600000    0.0627352
   0.4800000    0.0539448
   0.5000000    0.0466521
   0.5200000    0.0406493
   0.5400000    0.0357167
   0.5600000    0.0316344
   0.5800000    0.0281924
   0.6000000    0.0251977
   0.6200000    0.0224795
   0.6400000    0.0198919
   0.6600000    0.0173153
   0.6800000    0.0146574
   0.7000000    0.0118519
   0.7200000    0.0088578
   0.7400000    0.0056574
   0.7600000    0.0022535
   0.7800000   -0.0013332
   0.8000000   -0.0050686
   0.8200000   -0.0089083
   0.8400000   -0.0128026
   0.8600000   -0.0166998
   0.8800000   -0.0205501
   0.9000000   -0.0243081
   0.9200000   -0.0279351
   0.9400000   -0.0314000
   0.9600000   -0.0346799
   0.9800000   -0.0377593
   1.0000000   -0.0406300
   1.0200000   -0.0432893
   1.0400000   -0.0457393
   1.0600000   -0.0479852
   1.0800000   -0.0500341
   1.1000000   -0.0518939
   1.1200000   -0.0535714
   1.1400000   -0.0550719
   1.1600000   -0.0563969
   1.1800000   -0.0575432
   1.2000000   -0.0585020
   1.2200000   -0.0592578
   1.2400000   -0.0597888
   1.2600000   -0.0600669
   1.2800000   -0.0600601
   1.3000000   -0.0597344
   1.3200000   -0.0590571
   1.3400000   -0.0580011
   1.3600000   -0.0565478
   1.3800000   -0.0546911
   1.4000000   -0.0524394
   1.4200000   -0.0498167
   1.4400000   -0.0468623
   1.4600000   -0.0436286
   1.4800000   -0.0401780
   1.5000000   -0.0365783
   1.5200000   -0.0328984
   1.5400000   -0.0292039
   1.5600000   -0.0255531
   1.5800000   -0.0219947
   1.6000000   -0.0185662
   1.6200000   -0.0152936
   1.6400000   -0.0121923
   1.6600000   -0.0092684
   1.6800000   -0.0065208
   1.7000000   -0.0039425
   1.7200000   -0.0015224
   1.7400000    0.0007536
   1.7600000    0.0029017
   1.7800000    0.0049399
   1.8000000    0.0068872
   1.8200000    0.0087635
   1.8400000    0.0105889
   1.8600000    0.0123832
   1.8800000    0.0141645
   1.9000000    0.0159484
   1.9200000    0.0177468
   1.9400000    0.0195663
   1.9600000    0.0214077
   1.9800000    0.0232648
   2.0000000    0.0251235
   2.0200000    0.0269621
   2.0400000    0.0287513
   2.0600000    0.0304548
   2.0800000    0.0320306
   2.1000000    0.0334330
   2.1200000    0.0346151
   2.1400000    0.0355314
   2.1600000    0.0361418
   2.1800000    0.0364145
   2.2000000    0.0363291
   2.2200000    0.0358799
   2.2400000    0.0350769
   2.2600000    0.0339466
   2.2800000    0.0325308
   2.3000000    0.0308846
   2.3200000    0.0290720
   2.3400000    0.0271615
   2.3600000    0.0252207
   2.3800000    0.0233101
   2.4000000    0.0214789
   2.4200000    0.0197603
   2.4400000    0.0181699
   2.4600000    0.0167047
   2.4800000    0.0153448
   2.5000000    0.0140570
   2.5200000    0.0127992
   2.5400000    0.0115268
   2.5600000    0.0101983
   2.5800000    0.0087812
   2.6000000    0.0072562
   2.6200000    0.0056203
   2.6400000    0.0038876
   2.6600000    0.0020880
   2.6800000    0.0002646
   2.7000000   -0.0015311
   2.7200000   -0.0032443
   2.7400000   -0.0048227
   2.7600000   -0.0062215
   2.7800000   -0.0074083
   2.8000000   -0.0083657
   2.8200000   -0.0090928
   2.8400000   -0.0096051
   2.8600000   -0.0099321
   2.8800000   -0.0101143
   2.9000000   -0.0101989
   2.9200000   -0.0102346
   2.9400000   -0.0102675
   2.9600000   -0.0103371
   2.9800000   -0.0104727
   3.0000000   -0.0106927
   3.0200000   -0.0110041
   3.0400000   -0.0114036
   3.0600000   -0.0118801
   3.0800000   -0.0124179
   3.1000000   -0.0129995
   3.1200000   -0.0136082
   3.1400000   -0.0142303
   3.1600000   -0.0148559
   3.1800000   -0.0154779
   3.2000000   -0.0160915
   3.2200000   -0.0166914
   3.2400000   -0.0172699
   3.2600000   -0.0178152
   3.2800000   -0.0183102
   3.3000000   -0.0187329
   3.3200000   -0.0190581
   3.3400000   -0.0192601
   3.3600000   -0.0193165
   3.3800000   -0.0192119
   3.4000000   -0.0189419
   3.4200000   -0.0185155
   3.4400000   -0.0179563
   3.4600000   -0.0173024
   3.4800000   -0.0166042
   3.5000000   -0.0159209
   3.5200000   -0.0153161
   3.5400000   -0.0148529
   3.5600000   -0.0145893
   3.5800000   -0.0145734
   3.6000000   -0.0148399
   3.6200000   -0.0154075
   3.6400000   -0.0162766
   3.6600000   -0.0174285
   3.6800000   -0.0188244
   3.7000000   -0.0204060
   3.7200000   -0.0220958
   3.7400000   -0.0237993
   3.7600000   -0.0254069
   3.7800000   -0.0267986
   3.8000000   -0.0278487
   3.8200000   -0.0284328
   3.8400000   -0.0284353
   3.8600000   -0.0277581
   3.8800000   -0.0263284
   3.9000000   -0.0241065
   3.9200000   -0.0210909
   3.9400000   -0.0173215
   3.9600000   -0.0128792
   3.9800000   -0.0078826
   4.0000000   -0.0024812
   4.0200000    0.0031537
   4.0400000    0.0088398
   4.0600000    0.0143962
   4.0800000    0.0196544
   4.1000000    0.0244687
   4.1200000    0.0287244
   4.1400000    0.0323428
   4.1600000    0.0352839
   4.1800000    0.0375455
   4.2000000    0.0391602
   4.2200000    0.0401900
   4.2400000    0.0407190
   4.2600000    0.0408461
   4.2800000    0.0406767
   4.3000000    0.0403155
   4.3200000    0.0398598
   4.3400000    0.0393941
   4.3600000    0.0389861
   4.3800000    0.0386846
   4.4000000    0.0385178
   4.4200000    0.0384938
   4.4400000    0.0386017
   4.4600000    0.0388138
   4.4800000    0.0390883
   4.5000000    0.0393725
   4.5200000    0.0396071
   4.5400000    0.0397299
   4.5600000    0.0396799
   4.5800000    0.0394021
   4.6000000    0.0388512
   4.6200000    0.0379951
   4.6400000    0.0368183
   4.6600000    0.0353233
   4.6800000    0.0335313
   4.7000000    0.0314817
   4.7200000    0.0292291
   4.7400000    0.0268398
   4.7600000    0.0243869
   4.7800000    0.0219446
   4.8000000    0.0195829
   4.8200000    0.0173620
   4.8400000    0.0153291
   4.8600000    0.0135153
   4.8800000    0.0119348
   4.9000000    0.0105860
   4.9200000    0.0094534
   4.9400000    0.0085109
   4.9600000    0.0077256
   4.9800000    0.0070614
   5.0000000    0.0064830
   5.0200000    0.0059583
   5.0400000    0.0054603
   5.0600000    0.0049684
   5.0800000    0.0044678
   5.1000000    0.0039490
   5.1200000    0.0034059
   5.1400000    0.0028342
   5.1600000    0.0022294
   5.1800000    0.0015853
   5.2000000    0.0008934
   5.2200000    0.0001422
   5.2400000   -0.0006815
   5.2600000   -0.0015912
   5.2800000   -0.0025986
   5.3000000   -0.0037112
   5.3200000   -0.0049299
   5.3400000   -0.0062472
   5.3600000   -0.0076462
   5.3800000   -0.0091008
   5.4000000   -0.0105767
   5.4200000   -0.0120332
   5.4400000   -0.0134263
   5.4600000   -0.0147115
   5.4800000   -0.0158472
   5.5000000   -0.0167964
   5.5200000   -0.0175294
   5.5400000   -0.0180246
   5.5600000   -0.0182684
   5.5800000   -0.0182548
   5.6000000   -0.0179848
   5.6200000   -0.0174648
   5.6400000   -0.0167057
   5.6600000   -0.0157221
   5.6800000   -0.0145317
   5.7000000   -0.0131553
   5.7200000   -0.0116165
   5.7400000   -0.0099425
   5.7600000   -0.0081632
   5.7800000   -0.0063115
   5.8000000   -0.0044226
   5.8200000   -0.0025328
   5.8400000   -0.0006785
   5.8600000    0.0011055
   5.8800000    0.0027863
   5.9000000    0.0043347
   5.9200000    0.0057250
   5.9400000    0.0069353
   5.9600000    0.0079471
   5.9800000    0.0087443
   6.0000000    0.0093132
   6.0200000    0.0096416
   6.0400000    0.0097189
   6.0600000    0.0095368
   6.0800000    0.0090901
   6.1000000    0.0083784
   6.1200000    0.0074078
   6.1400000    0.0061926
   6.1600000    0.0047564
   6.1800000    0.0031329
   6.2000000    0.0013659
   6.2200000   -0.0004927
   6.2400000   -0.0023842
   6.2600000   -0.0042464
   6.2800000   -0.0060169
   6.3000000   -0.0076362
   6.3200000   -0.0090515
   6.3400000   -0.0102188
   6.3600000   -0.0111054
   6.3800000   -0.0116907
   6.4000000   -0.0119668
   6.4200000   -0.0119380
   6.4400000   -0.0116198
   6.4600000   -0.0110377
   6.4800000   -0.0102253
   6.5000000   -0.0092223
   6.5200000   -0.0080732
   6.5400000   -0.0068250
   6.5600000   -0.0055262
   6.5800000   -0.0042243
   6.6000000   -0.0029651
   6.6200000   -0.0017906
   6.6400000   -0.0007373
   6.6600000    0.0001652
   6.6800000    0.0008960
   6.7000000    0.0014442
   6.7200000    0.0018103
   6.7400000    0.0020063
   6.7600000    0.0020558
   6.7800000    0.0019924
   6.8000000    0.0018583
   6.8200000    0.0017006
   6.8400000    0.0015682
   6.8600000    0.0015072
   6.8800000    0.0015569
   6.9000000    0.0017460
   6.9200000    0.0020896
   6.9400000    0.0025869
   6.9600000    0.0032208
   6.9800000    0.0039588
   7.0000000    0.0047556
   7.0200000    0.0055564
   7.0400000    0.0063023
   7.0600000    0.0069351
   7.0800000    0.0074037
   7.1000000    0.0076687
   7.1200000    0.0077071
   7.1400000    0.0075148
   7.1600000    0.0071086
   7.1800000    0.0065247
   7.2000000    0.0058172
   7.2200000    0.0050532
   7.2400000    0.0043079
   7.2600000    0.0036586
   7.2800000    0.0031778
   7.3000000    0.0029281
   7.3200000    0.0029565
   7.3400000    0.0032917
   7.3600000    0.0039422
   7.3800000    0.0048968
   7.4000000    0.0061265
   7.4200000    0.0075881
   7.4400000    0.0092290
   7.4600000    0.0109924
   7.4800000    0.0128214
   7.5000000    0.0146639
   7.5200000    0.0164748
   7.5400000    0.0182176
   7.5600000    0.0198640
   7.5800000    0.0213925
   7.6000000    0.0227862
   7.6200000    0.0240297
   7.6400000    0.0251072
   7.6600000    0.0260002
   7.6800000    0.0266879
   7.7000000    0.0271477
   7.7200000    0.0273575
   7.7400000    0.0272991
   7.7600000    0.0269617
   7.7800000    0.0263453
   7.8000000    0.0254629
   7.8200000    0.0243418
   7.8400000    0.0230229
   7.8600000    0.0215579
   7.8800000    0.0200063
   7.9000000    0.0184301
   7.9200000    0.0168889
   7.9400000    0.0154352
   7.9600000    0.0141106
   7.9800000    0.0129431
   8.0000000    0.0119462
   8.0200000    0.0111192
   8.0400000    0.0104488
   8.0600000    0.0099123
   8.0800000    0.0094807
   8.1000000    0.0091223
   8.1200000    0.0088057
   8.1400000    0.0085036
   8.1600000    0.0081940
   8.1800000    0.0078618
   8.2000000    0.0074995
   8.2200000    0.0071064
   8.2400000    0.0066873
   8.2600000    0.0062514
   8.2800000    0.0058096
   8.3000000    0.0053728
   8.3200000    0.0049499
   8.3400000    0.0045463
   8.3600000    0.0041626
   8.3800000    0.0037946
   8.4000000    0.0034329
   8.4200000    0.0030642
   8.4400000    0.0026722
   8.4600000    0.0022392
   8.4800000    0.0017480
   8.5000000    0.0011839
   8.5200000    0.0005362
   8.5400000   -0.0001999
   8.5600000   -0.0010224
   8.5800000   -0.0019214
   8.6000000   -0.0028788
   8.6200000   -0.0038691
   8.6400000   -0.0048607
   8.6600000   -0.0058174
   8.6800000   -0.0067016
   8.7000000   -0.0074774
   8.7200000   -0.0081141
   8.7400000   -0.0085889
   8.7600000   -0.0088902
   8.7800000   -0.0090189
   8.8000000   -0.0089887
   8.8200000   -0.0088251
   8.8400000   -0.0085632
   8.8600000   -0.0082443
   8.8800000   -0.0079118
   8.9000000   -0.0076070
   8.9200000   -0.0073657
   8.9400000   -0.0072152
   8.9600000   -0.0071722
   8.9800000   -0.0072428
   9.0000000   -0.0074227
   9.0200000   -0.0076990
   9.0400000   -0.0080524
   9.0600000   -0.0084595
   9.0800000   -0.0088960
   9.1000000   -0.0093381
   9.1200000   -0.0097647
   9.1400000   -0.0101589
   9.1600000   -0.0105082
   9.1800000   -0.0108050
   9.2000000   -0.0110462
   9.2200000   -0.0112327
   9.2400000   -0.0113685
   9.2600000   -0.0114596
   9.2800000   -0.0115128
   9.3000000   -0.0115343
   9.3200000   -0.0115287
   9.3400000   -0.0114975
   9.3600000   -0.0114387
   9.3800000   -0.0113460
   9.4000000   -0.0112084
   9.4200000   -0.0110111
   9.4400000   -0.0107361
   9.4600000   -0.0103632
   9.4800000   -0.0098718
   9.5000000   -0.0092421
   9.5200000   -0.0084574
   9.5400000   -0.0075044
   9.5600000   -0.0063754
   9.5800000   -0.0050677
   9.6000000   -0.0035848
   9.6200000   -0.0019356
   9.6400000   -0.0001341
   9.6600000    0.0018011
   9.6800000    0.0038476
   9.7000000    0.0059795
   9.7200000    0.0081684
   9.7400000    0.0103834
   9.7600000    0.0125918
   9.7800000    0.0147598
   9.8000000    0.0168529
   9.8200000    0.0188370
   9.8400000    0.0206794
   9.8600000    0.0223501
   9.8800000    0.0238222
   9.9000000    0.0250738
   9.9200000    0.0260879
   9.9400000    0.0268530
   9.9600000    0.0273625
   9.9800000    0.0276145
  10.0000000    0.0276107
  10.0200000    0.0273547
  10.0400000    0.0268516
  10.0600000    0.0261065
  10.0800000    0.0251240
  10.1000000    0.0239085
  10.1200000    0.0224644
  10.1400000    0.0207976
  10.1600000    0.0189171
  10.1800000    0.0168371
  10.2000000    0.0145781
  10.2200000    0.0121691
  10.2400000    0.0096469
  10.2600000    0.0070565
  10.2800000    0.0044487
  10.3000000    0.0018770
  10.3200000   -0.0006055
  10.3400000   -0.0029510
  10.3600000   -0.0051210
  10.3800000   -0.0070891
  10.4000000   -0.0088442
  10.4200000   -0.0103903
  10.4400000   -0.0117456
  10.4600000   -0.0129397
  10.4800000   -0.0140091
  10.5000000   -0.0149916
  10.5200000   -0.0159211
  10.5400000   -0.0168220
  10.5600000   -0.0177055
  10.5800000   -0.0185665
  10.6000000   -0.0193842
  10.6200000   -0.0201229
  10.6400000   -0.0207366
  10.6600000   -0.0211739
  10.6800000   -0.0213849
  10.7000000   -0.0213277
  10.7200000   -0.0209746
  10.7400000   -0.0203168
  10.7600000   -0.0193676
  10.7800000   -0.0181626
  10.8000000   -0.0167578
  10.8200000   -0.0152257
  10.8400000   -0.0136485
  10.8600000   -0.0121115
  10.8800000   -0.0106946
  10.9000000   -0.0094658
  10.9200000   -0.0084749
  10.9400000   -0.0077496
  10.9600000   -0.0072941
  10.9800000   -0.0070901
  11.0000000   -0.0070996
  11.0200000   -0.0072708
  11.0400000   -0.0075438
  11.0600000   -0.0078576
  11.0800000   -0.0081566
  11.1000000   -0.0083955
  11.1200000   -0.0085434
  11.1400000   -0.0085851
  11.1600000   -0.0085211
  11.1800000   -0.0083652
  11.2000000   -0.0081414
  11.2200000   -0.0078791
  11.2400000   -0.0076088
  11.2600000   -0.0073576
  11.2800000   -0.0071461
  11.3000000   -0.0069856
  11.3200000   -0.0068781
  11.3400000   -0.0068159
  11.3600000   -0.0067837
  11.3800000   -0.0067615
  11.4000000   -0.0067267
  11.4200000   -0.0066580
  11.4400000   -0.0065374
  11.4600000   -0.0063523
  11.4800000   -0.0060961
  11.5000000   -0.0057679
  11.5200000   -0.0053716
  11.5400000   -0.0049133
  11.5600000   -0.0043996
  11.5800000   -0.0038349
  11.6000000   -0.0032196
  11.6200000   -0.0025497
  11.6400000   -0.0018166
  11.6600000   -0.0010086
  11.6800000   -0.0001133
  11.7000000    0.0008794
  11.7200000    0.0019743
  11.7400000    0.0031683
  11.7600000    0.0044485
  11.7800000    0.0057917
  11.8000000    0.0071657
  11.8200000    0.0085311
  11.8400000    0.0098451
  11.8600000    0.0110652
  11.8800000    0.0121535
  11.9000000    0.0130796
  11.9200000    0.0138238
  11.9400000    0.0143772
  11.9600000    0.0147424
  11.9800000    0.0149310
  12.0000000    0.0149615
  12.0200000    0.0148562
  12.0400000    0.0146378
  12.0600000    0.0143270
  12.0800000    0.0139400
  12.1000000    0.0134881
  12.1200000    0.0129766
  12.1400000    0.0124066
  12.1600000    0.0117756
  12.1800000    0.0110800
  12.2000000    0.0103165
  12.2200000    0.0094844
  12.2400000    0.0085867
  12.2600000    0.0076310
  12.2800000    0.0066299
  12.3000000    0.0055999
  12.3200000    0.0045605
  12.3400000    0.0035326
  12.3600000    0.0025359
  12.3800000    0.0015875
  12.4000000    0.0006994
  12.4200000   -0.0001226
  12.4400000   -0.0008796
  12.4600000   -0.0015795
  12.4800000   -0.0022364
  12.5000000   -0.0028683
  12.5200000   -0.0034959
  12.5400000   -0.0041391
  12.5600000   -0.0048155
  12.5800000   -0.0055378
  12.6000000   -0.0063127
  12.6200000   -0.0071400
  12.6400000   -0.0080132
  12.6600000   -0.0089195
  12.6800000   -0.0098423
  12.7000000   -0.0107625
  12.7200000   -0.0116603
  12.7400000   -0.0125175
  12.7600000   -0.0133184
  12.7800000   -0.0140508
  12.8000000   -0.0147061
  12.8200000   -0.0152788
  12.8400000   -0.0157657
  12.8600000   -0.0161646
  12.8800000   -0.0164730
  12.9000000   -0.0166872
  12.9200000   -0.0168011
  12.9400000   -0.0168059
  12.9600000   -0.0166901
  12.9800000   -0.0164400
  13.0000000   -0.0160402
  13.0200000   -0.0154747
  13.0400000   -0.0147277
  13.0600000   -0.0137849
  13.0800000   -0.0126343
  13.1000000   -0.0112671
  13.1200000   -0.0096789
  13.1400000   -0.0078705
  13.1600000   -0.0058487
  13.1800000   -0.0036277
  13.2000000   -0.0012294
  13.2200000    0.0013159
  13.2400000    0.0039695
  13.2600000    0.0066846
  13.2800000    0.0094071
  13.3000000    0.0120778
  13.3200000    0.0146340
  13.3400000    0.0170122
  13.3600000    0.0191511
  13.3800000    0.0209944
  13.4000000    0.0224937
  13.4200000    0.0236109
  13.4400000    0.0243204
  13.4600000    0.0246111
  13.4800000    0.0244866
  13.5000000    0.0239661
  13.5200000    0.0230836
  13.5400000    0.0218863
  13.5600000    0.0204330
  13.5800000    0.0187905
  13.6000000    0.0170309
  13.6200000    0.0152282
  13.6400000    0.0134544
  13.6600000    0.0117774
  13.6800000    0.0102578
  13.7000000    0.0089479
  13.7200000    0.0078905
  13.7400000    0.0071188
  13.7600000    0.0066560
  13.7800000    0.0065158
  13.8000000    0.0067023
  13.8200000    0.0072097
  13.8400000    0.0080221
  13.8600000    0.0091127
  13.8800000    0.0104433
  13.9000000    0.0119647
  13.9200000    0.0136175
  13.9400000    0.0153337
  13.9600000    0.0170402
  13.9800000    0.0186624
  14.0000000    0.0201292
  14.0200000    0.0213782
  14.0400000    0.0223593
  14.0600000    0.0230392
  14.0800000    0.0234027
  14.1000000    0.0234537
  14.1200000    0.0232132
  14.1400000    0.0227168
  14.1600000    0.0220104
  14.1800000    0.0211460
  14.2000000    0.0201766
  14.2200000    0.0191521
  14.2400000    0.0181165
  14.2600000    0.0171050
  14.2800000    0.0161432
  14.3000000    0.0152468
  14.3200000    0.0144223
  14.3400000    0.0136685
  14.3600000    0.0129780
  14.3800000    0.0123393
  14.4000000    0.0117387
  14.4200000    0.0111621
  14.4400000    0.0105967
  14.4600000    0.0100322
  14.4800000    0.0094617
  14.5000000    0.0088819
  14.5200000    0.0082935
  14.5400000    0.0077002
  14.5600000    0.0071087
  14.5800000    0.0065266
  14.6000000    0.0059623
  14.6200000    0.0054228
  14.6400000    0.0049132
  14.6600000    0.0044354
  14.6800000    0.0039874
  14.7000000    0.0035629
  14.7200000    0.0031516
  14.7400000    0.0027391
  14.7600000    0.0023080
  14.7800000    0.0018388
  14.8000000    0.0013116
  14.8200000    0.0007068
  14.8400000    0.0000069
  14.8600000   -0.0008027
  14.8800000   -0.0017332
  14.9000000   -0.0027922
  14.9200000   -0.0039838
  14.9400000   -0.0053093
  14.9600000   -0.0067679
  14.9800000   -0.0083572
  15.0000000   -0.0100733
  15.0200000   -0.0119104
  15.0400000   -0.0138601
  15.0600000   -0.0159094
  15.0800000   -0.0180390
  15.1000000   -0.0202217
  15.1200000   -0.0224205
  15.1400000   -0.0245883
  15.1600000   -0.0266690
  15.1800000   -0.0285997
  15.2000000   -0.0303145
  15.2200000   -0.0317501
  15.2400000   -0.0328506
  15.2600000   -0.0335744
  15.2800000   -0.0338981
  15.3000000   -0.0338205
  15.3200000   -0.0333637
  15.3400000   -0.0325720
  15.3600000   -0.0315088
  15.3800000   -0.0302512
  15.4000000   -0.0288835
  15.4200000   -0.0274902
  15.4400000   -0.0261491
  15.4600000   -0.0249251
  15.4800000   -0.0238661
  15.5000000   -0.0230000
  15.5200000   -0.0223337
  15.5400000   -0.0218544
  15.5600000   -0.0215317
  15.5800000   -0.0213209
  15.6000000   -0.0211675
  15.6200000   -0.0210112
  15.6400000   -0.0207902
  15.6600000   -0.0204452
  15.6800000   -0.0199225
  15.7000000   -0.0191763
  15.7200000   -0.0181709
  15.7400000   -0.0168811
  15.7600000   -0.0152937
  15.7800000   -0.0134067
  15.8000000   -0.0112300
  15.8200000   -0.0087849
  15.8400000   -0.0061039
  15.8600000   -0.0032302
  15.8800000   -0.0002167
  15.9000000    0.0028751
  15.9200000    0.0059776
  15.9400000    0.0090197
  15.9600000    0.0119310
  15.9800000    0.0146456
  16.0000000    0.0171074
  16.0200000    0.0192734
  16.0400000    0.0211178
  16.0600000    0.0226335
  16.0800000    0.0238319
  16.1000000    0.0247412
  16.1200000    0.0254020
  16.1400000    0.0258621
  16.1600000    0.0261700
  16.1800000    0.0263686
  16.2000000    0.0264899
  16.2200000    0.0265509
  16.2400000    0.0265522
  16.2600000    0.0264787
  16.2800000    0.0263026
  16.3000000    0.0259885
  16.3200000    0.0254991
  16.3400000    0.0248024
  16.3600000    0.0238764
  16.3800000    0.0227148
  16.4000000    0.0213287
  16.4200000    0.0197478
  16.4400000    0.0180182
  16.4600000    0.0161992
  16.4800000    0.0143586
  16.5000000    0.0125671
  16.5200000    0.0108926
  16.5400000    0.0093953
  16.5600000    0.0081239
  16.5800000    0.0071126
  16.6000000    0.0063802
  16.6200000    0.0059304
  16.6400000    0.0057533
  16.6600000    0.0058279
  16.6800000    0.0061261
  16.7000000    0.0066153
  16.7200000    0.0072629
  16.7400000    0.0080386
  16.7600000    0.0089170
  16.7800000    0.0098789
  16.8000000    0.0109111
  16.8200000    0.0120054
  16.8400000    0.0131568
  16.8600000    0.0143606
  16.8800000    0.0156092
  16.9000000    0.0168896
  16.9200000    0.0181804
  16.9400000    0.0194511
  16.9600000    0.0206613
  16.9800000    0.0217627
  17.0000000    0.0227010
  17.0200000    0.0234201
  17.0400000    0.0238668
  17.0600000    0.0239954
  17.0800000    0.0237725
  17.1000000    0.0231807
  17.1200000    0.0222216
  17.1400000    0.0209166
  17.1600000    0.0193067
  17.1800000    0.0174505
  17.2000000    0.0154207
  17.2200000    0.0132998
  17.2400000    0.0111752
  17.2600000    0.0091336
  17.2800000    0.0072561
  17.3000000    0.0056136
  17.3200000    0.0042630
  17.3400000    0.0032443
  17.3600000    0.0025789
  17.3800000    0.0022685
  17.4000000    0.0022961
  17.4200000    0.0026268
  17.4400000    0.0032102
  17.4600000    0.0039836
  17.4800000    0.0048754
  17.5000000    0.0058093
  17.5200000    0.0067086
  17.5400000    0.0075001
  17.5600000    0.0081185
  17.5800000    0.0085093
  17.6000000    0.0086315
  17.6200000    0.0084592
  17.6400000    0.0079824
  17.6600000    0.0072058
  17.6800000    0.0061478
  17.7000000    0.0048374
  17.7200000    0.0033116
  17.7400000    0.0016113
  17.7600000   -0.0002217
  17.7800000   -0.0021476
  17.8000000   -0.0041311
  17.8200000   -0.0061424
  17.8400000   -0.0081576
  17.8600000   -0.0101576
  17.8800000   -0.0121268
  17.9000000   -0.0140507
  17.9200000   -0.0159137
  17.9400000   -0.0176978
  17.9600000   -0.0193815
  17.9800000   -0.0209398
  18.0000000   -0.0223458
  18.0200000   -0.0235731
  18.0400000   -0.0245984
  18.0600000   -0.0254052
  18.0800000   -0.0259863
  18.1000000   -0.0263462
  18.1200000   -0.0265021
  18.1400000   -0.0264829
  18.1600000   -0.0263281
  18.1800000   -0.0260839
  18.2000000   -0.0258003
  18.2200000   -0.0255260
  18.2400000   -0.0253052
  18.2600000   -0.0251735
  18.2800000   -0.0251557
  18.3000000   -0.0252646
  18.3200000   -0.0255002
  18.3400000   -0.0258507
  18.3600000   -0.0262940
  18.3800000   -0.0268000
  18.4000000   -0.0273323
  18.4200000   -0.0278507
  18.4400000   -0.0283130
  18.4600000   -0.0286769
  18.4800000   -0.0289009
  18.5000000   -0.0289453
  18.5200000   -0.0287735
  18.5400000   -0.0283527
  18.5600000   -0.0276553
  18.5800000   -0.0266604
  18.6000000   -0.0253554
  18.6200000   -0.0237383
  18.6400000   -0.0218187
  18.6600000   -0.0196196
  18.6800000   -0.0171778
  18.7000000   -0.0145438
  18.7200000   -0.0117808
  18.7400000   -0.0089625
  18.7600000   -0.0061703
  18.7800000   -0.0034898
  18.8000000   -0.0010066
  18.8200000    0.0011978
  18.8400000    0.0030509
  18.8600000    0.0044930
  18.8800000    0.0054813
  18.9000000    0.0059935
  18.9200000    0.0060295
  18.9400000    0.0056135
  18.9600000    0.0047936
  18.9800000    0.0036398
  19.0000000    0.0022411
  19.0200000    0.0007002
  19.0400000   -0.0008730
  19.0600000   -0.0023687
  19.0800000   -0.0036858
  19.1000000   -0.0047386
  19.1200000   -0.0054641
  19.1400000   -0.0058264
  19.1600000   -0.0058188
  19.1800000   -0.0054638
  19.2000000   -0.0048097
  19.2200000   -0.0039254
  19.2400000   -0.0028929
  19.2600000   -0.0017997
  19.2800000   -0.0007300
  19.3000000    0.0002418
  19.3200000    0.0010575
  19.3400000    0.0016785
  19.3600000    0.0020875
  19.3800000    0.0022875
  19.4000000    0.0022998
  19.4200000    0.0021600
  19.4400000    0.0019131
  19.4600000    0.0016092
  19.4800000    0.0012983
  19.5000000    0.0010264
  19.5200000    0.0008322
  19.5400000    0.0007448
  19.5600000    0.0007829
  19.5800000    0.0009537
  19.6000000    0.0012543
  19.6200000    0.0016725
  19.6400000    0.0021884
  19.6600000    0.0027770
  19.6800000    0.0034104
  19.7000000    0.0040598
  19.7200000    0.0046985
  19.7400000    0.0053038
  19.7600000    0.0058588
  19.7800000    0.0063542
  19.8000000    0.0067892
  19.8200000    0.0071714
  19.8400000    0.0075166
  19.8600000    0.0078474
  19.8800000    0.0081909
  19.9000000    0.0085756
  19.9200000    0.0090287
  19.9400000    0.0095720
  19.9600000    0.0102193
  19.9800000    0.0109732
  20.0000000    0.0118240
  20.0200000    0.0127490
  20.0400000    0.0137140
  20.0600000    0.0146750
  20.0800000    0.0155826
  20.1000000    0.0163861
  20.1200000    0.0170383
  20.1400000    0.0175005
  20.1600000    0.0177464
  20.1800000    0.0177649
  20.2000000    0.0175616
  20.2200000    0.0171582
  20.2400000    0.0165904
  20.2600000    0.0159043
  20.2800000    0.0151513
  20.3000000    0.0143830
  20.3200000    0.0136452
  20.3400000    0.0129728
  20.3600000    0.0123861
  20.3800000    0.0118880
  20.4000000    0.0114633
  20.4200000    0.0110802
  20.4400000    0.0106932
  20.4600000    0.0102474
  20.4800000    0.0096846
  20.5000000    0.0089490
  20.5200000    0.0079930
  20.5400000    0.0067825
  20.5600000    0.0053003
  20.5800000    0.0035486
  20.6000000    0.0015483
  20.6200000   -0.0006617
  20.6400000   -0.0030286
  20.6600000   -0.0054897
  20.6800000   -0.0079776
  20.7000000   -0.0104250
  20.7200000   -0.0127702
  20.7400000   -0.0149597
  20.7600000   -0.0169518
  20.7800000   -0.0187172
  20.8000000   -0.0202387
  20.8200000   -0.0215101
  20.8400000   -0.0225341
  20.8600000   -0.0233192
  20.8800000   -0.0238776
  20.9000000   -0.0242229
  20.9200000   -0.0243685
  20.9400000   -0.0243273
  20.9600000   -0.0241118
  20.9800000   -0.0237348
  21.0000000   -0.0232111
  21.0200000   -0.0225585
  21.0400000   -0.0217984
  21.0600000   -0.0209567
  21.0800000   -0.0200625
  21.1000000   -0.0191469
  21.1200000   -0.0182408
  21.1400000   -0.0173725
  21.1600000   -0.0165651
  21.1800000   -0.0158337
  21.2000000   -0.0151846
  21.2200000   -0.0146139
  21.2400000   -0.0141078
  21.2600000   -0.0136443
  21.2800000   -0.0131949
  21.3000000   -0.0127275
  21.3200000   -0.0122102
  21.3400000   -0.0116139
  21.3600000   -0.0109162
  21.3800000   -0.0101039
  21.4000000   -0.0091748
  21.4200000   -0.0081388
  21.4400000   -0.0070182
  21.4600000   -0.0058461
  21.4800000   -0.0046647
  21.5000000   -0.0035217
  21.5200000   -0.0024669
  21.5400000   -0.0015479
  21.5600000   -0.0008059
  21.5800000   -0.0002717
  21.6000000    0.0000373
  21.6200000    0.0001191
  21.6400000   -0.0000119
  21.6600000   -0.0003266
  21.6800000   -0.0007824
  21.7000000   -0.0013278
  21.7200000   -0.0019065
  21.7400000   -0.0024626
  21.7600000   -0.0029457
  21.7800000   -0.0033146
  21.8000000   -0.0035411
  21.8200000   -0.0036107
  21.8400000   -0.0035232
  21.8600000   -0.0032907
  21.8800000   -0.0029345
  21.9000000   -0.0024816
  21.9200000   -0.0019606
  21.9400000   -0.0013984
  21.9600000   -0.0008167
  21.9800000   -0.0002304
  22.0000000    0.0003531
  22.0200000    0.0009338
  22.0400000    0.0015179
  22.0600000    0.0021166
  22.0800000    0.0027435
  22.1000000    0.0034140
  22.1200000    0.0041427
  22.1400000    0.0049428
  22.1600000    0.0058252
  22.1800000    0.0067969
  22.2000000    0.0078610
  22.2200000    0.0090154
  22.2400000    0.0102526
  22.2600000    0.0115587
  22.2800000    0.0129137
  22.3000000    0.0142918
  22.3200000    0.0156627
  22.3400000    0.0169927
  22.3600000    0.0182480
  22.3800000    0.0193963
  22.4000000    0.0204100
  22.4200000    0.0212684
  22.4400000    0.0219589
  22.4600000    0.0224779
  22.4800000    0.0228302
  22.5000000    0.0230277
  22.5200000    0.0230872
  22.5400000    0.0230277
  22.5600000    0.0228676
  22.5800000    0.0226225
  22.6000000    0.0223035
  22.6200000    0.0219161
  22.6400000    0.0214604
  22.6600000    0.0209321
  22.6800000    0.0203241
  22.7000000    0.0196291
  22.7200000    0.0188410
  22.7400000    0.0179582
  22.7600000    0.0169843
  22.7800000    0.0159296
  22.8000000    0.0148113
  22.8200000    0.0136518
  22.8400000    0.0124781
  22.8600000    0.0113183
  22.8800000    0.0101993
  22.9000000    0.0091434
  22.9200000    0.0081653
  22.9400000    0.0072701
  22.9600000    0.0064512
  22.9800000    0.0056900
  23.0000000    0.0049570
  23.0200000    0.0042134
  23.0400000    0.0034145
  23.0600000    0.0025136
  23.0800000    0.0014667
  23.1000000    0.0002372
  23.1200000   -0.0012000
  23.1400000   -0.0028541
  23.1600000   -0.0047171
  23.1800000   -0.0067614
  23.2000000   -0.0089415
  23.2200000   -0.0111953
  23.2400000   -0.0134485
  23.2600000   -0.0156186
  23.2800000   -0.0176211
  23.3000000   -0.0193753
  23.3200000   -0.0208101
  23.3400000   -0.0218691
  23.3600000   -0.0225147
  23.3800000   -0.0227306
  23.4000000   -0.0225227
  23.4200000   -0.0219187
  23.4400000   -0.0209656
  23.4600000   -0.0197267
  23.4800000   -0.0182769
  23.5000000   -0.0166977
  23.5200000   -0.0150729
  23.5400000   -0.0134835
  23.5600000   -0.0120037
  23.5800000   -0.0106979
  23.6000000   -0.0096184
  23.6200000   -0.0088037
  23.6400000   -0.0082784
  23.6600000   -0.0080528
  23.6800000   -0.0081240
  23.7000000   -0.0084772
  23.7200000   -0.0090868
  23.7400000   -0.0099185
  23.7600000   -0.0109312
  23.7800000   -0.0120792
  23.8000000   -0.0133145
  23.8200000   -0.0145890
  23.8400000   -0.0158570
  23.8600000   -0.0170776
  23.8800000   -0.0182160
  23.9000000   -0.0192454
  23.9200000   -0.0201479
  23.9400000   -0.0209143
  23.9600000   -0.0215436
  23.9800000   -0.0220417
  24.0000000   -0.0224194
  24.0200000   -0.0226900
  24.0400000   -0.0228665
  24.0600000   -0.0229590
  24.0800000   -0.0229730
  24.1000000   -0.0229073
  24.1200000   -0.0227538
  24.1400000   -0.0224979
  24.1600000   -0.0221199
  24.1800000   -0.0215977
  24.2000000   -0.0209098
  24.2200000   -0.0200393
  24.2400000   -0.0189769
  24.2600000   -0.0177248
  24.2800000   -0.0162984
  24.3000000   -0.0147275
  24.3200000   -0.0130561
  24.3400000   -0.0113397
  24.3600000   -0.0096425
  24.3800000   -0.0080324
  24.4000000   -0.0065756
  24.4200000   -0.0053309
  24.4400000   -0.0043445
  24.4600000   -0.0036457
  24.4800000   -0.0032435
  24.5000000   -0.0031261
  24.5200000   -0.0032611
  24.5400000   -0.0035983
  24.5600000   -0.0040739
  24.5800000   -0.0046165
  24.6000000   -0.0051527
  24.6200000   -0.0056139
  24.6400000   -0.0059417
  24.6600000   -0.0060920
  24.6800000   -0.0060380
  24.7000000   -0.0057709
  24.7200000   -0.0052984
  24.7400000   -0.0046416
  24.7600000   -0.0038313
  24.7800000   -0.0029028
  24.8000000   -0.0018909
  24.8200000   -0.0008258
  24.8400000    0.0002701
  24.8600000    0.0013832
  24.8800000    0.0025090
  24.9000000    0.0036501
  24.9200000    0.0048130
  24.9400000    0.0060045
  24.9600000    0.0072278
  24.9800000    0.0084791
  25.0000000    0.0097450
  25.0200000    0.0110020
  25.0400000    0.0122164
  25.0600000    0.0133472
  25.0800000    0.0143484
  25.1000000    0.0151740
  25.1200000    0.0157816
  25.1400000    0.0161370
  25.1600000    0.0162172
  25.1800000    0.0160129
  25.2000000    0.0155295
  25.2200000    0.0147870
  25.2400000    0.0138186
  25.2600000    0.0126683
  25.2800000    0.0113881
  25.3000000    0.0100347
  25.3200000    0.0086665
  25.3400000    0.0073402
  25.3600000    0.0061087
  25.3800000    0.0050185
  25.4000000    0.0041084
  25.4200000    0.0034083
  25.4400000    0.0029383
  25.4600000    0.0027085
  25.4800000    0.0027187
  25.5000000    0.0029583
  25.5200000    0.0034070
  25.5400000    0.0040351
  25.5600000    0.0048049
  25.5800000    0.0056718
  25.6000000    0.0065865
  25.6200000    0.0074972
  25.6400000    0.0083527
  25.6600000    0.0091048
  25.6800000    0.0097114
  25.7000000    0.0101390
  25.7200000    0.0103641
  25.7400000    0.0103747
  25.7600000    0.0101705
  25.7800000    0.0097615
  25.8000000    0.0091670
  25.8200000    0.0084134
  25.8400000    0.0075311
  25.8600000    0.0065525
  25.8800000    0.0055096
  25.9000000    0.0044314
  25.9200000    0.0033432
  25.9400000    0.0022654
  25.9600000    0.0012132
  25.9800000    0.0001966
  26.0000000   -0.0007787
  26.0200000   -0.0017112
  26.0400000   -0.0026024
  26.0600000   -0.0034566
  26.0800000   -0.0042798
  26.1000000   -0.0050795
  26.1200000   -0.0058645
  26.1400000   -0.0066439
  26.1600000   -0.0074274
  26.1800000   -0.0082247
  26.2000000   -0.0090454
  26.2200000   -0.0098985
  26.2400000   -0.0107922
  26.2600000   -0.0117333
  26.2800000   -0.0127276
  26.3000000   -0.0137790
  26.3200000   -0.0148899
  26.3400000   -0.0160610
  26.3600000   -0.0172911
  26.3800000   -0.0185775
  26.4000000   -0.0199157
  26.4200000   -0.0212988
  26.4400000   -0.0227171
  26.4600000   -0.0241578
  26.4800000   -0.0256032
  26.5000000   -0.0270306
  26.5200000   -0.0284111
  26.5400000   -0.0297100
  26.5600000   -0.0308869
  26.5800000   -0.0318973
  26.6000000   -0.0326952
  26.6200000   -0.0332363
  26.6400000   -0.0334815
  26.6600000   -0.0334010
  26.6800000   -0.0329777
  26.7000000   -0.0322099
  26.7200000   -0.0311126
  26.7400000   -0.0297171
  26.7600000   -0.0280692
  26.7800000   -0.0262260
  26.8000000   -0.0242517
  26.8200000   -0.0222121
  26.8400000   -0.0201705
  26.8600000   -0.0181827
  26.8800000   -0.0162938
  26.9000000   -0.0145364
  26.9200000   -0.0129295
  26.9400000   -0.0114792
  26.9600000   -0.0101809
  26.9800000   -0.0090209
  27.0000000   -0.0079801
  27.0200000   -0.0070367
  27.0400000   -0.0061687
  27.0600000   -0.0053564
  27.0800000   -0.0045837
  27.1000000   -0.0038393
  27.1200000   -0.0031160
  27.1400000   -0.0024114
  27.1600000   -0.0017261
  27.1800000   -0.0010632
  27.2000000   -0.0004268
  27.2200000    0.0001789
  27.2400000    0.0007506
  27.2600000    0.0012864
  27.2800000    0.0017865
  27.3000000    0.0022525
  27.3200000    0.0026878
  27.3400000    0.0030962
  27.3600000    0.0034819
  27.3800000    0.0038480
  27.4000000    0.0041962
  27.4200000    0.0045252
  27.4400000    0.0048308
  27.4600000    0.0051054
  27.4800000    0.0053378
  27.5000000    0.0055142
  27.5200000    0.0056187
  27.5400000    0.0056347
  27.5600000    0.0055465
  27.5800000    0.0053409
  27.6000000    0.0050090
  27.6200000    0.0045477
  27.6400000    0.0039607
  27.6600000    0.0032593
  27.6800000    0.0024626
  27.7000000    0.0015967
  27.7200000    0.0006940
  27.7400000   -0.0002086
  27.7600000   -0.0010714
  27.7800000   -0.0018541
  27.8000000   -0.0025180
  27.8200000   -0.0030282
  27.8400000   -0.0033554
  27.8600000   -0.0034778
  27.8800000   -0.0033821
  27.9000000   -0.0030646
  27.9200000   -0.0025314
  27.9400000   -0.0017985
  27.9600000   -0.0008912
  27.9800000    0.0001575
  28.0000000    0.0013078
  28.0200000    0.0025154
  28.0400000    0.0037334
  28.0600000    0.0049150
  28.0800000    0.0060155
  28.1000000    0.0069944
  28.1200000    0.0078177
  28.1400000    0.0084590
  28.1600000    0.0089015
  28.1800000    0.0091377
  28.2000000    0.0091705
  28.2200000    0.0090124
  28.2400000    0.0086847
  28.2600000    0.0082163
  28.2800000    0.0076416
  28.3000000    0.0069988
  28.3200000    0.0063270
  28.3400000    0.0056645
  28.3600000    0.0050457
  28.3800000    0.0045000
  28.4000000    0.0040496
  28.4200000    0.0037091
  28.4400000    0.0034842
  28.4600000    0.0033726
  28.4800000    0.0033638
  28.5000000    0.0034400
  28.5200000    0.0035773
  28.5400000    0.0037464
  28.5600000    0.0039144
  28.5800000    0.0040460
  28.6000000    0.0041049
  28.6200000    0.0040559
  28.6400000    0.0038667
  28.6600000    0.0035101
  28.6800000    0.0029663
  28.7000000    0.0022251
  28.7200000    0.0012880
  28.7400000    0.0001700
  28.7600000   -0.0010995
  28.7800000   -0.0024762
  28.8000000   -0.0039025
  28.8200000   -0.0053092
  28.8400000   -0.0066193
  28.8600000   -0.0077525
  28.8800000   -0.0086314
  28.9000000   -0.0091868
  28.9200000   -0.0093646
  28.9400000   -0.0091310
  28.9600000   -0.0084768
  28.9800000   -0.0074201
  29.0000000   -0.0060065
  29.0200000   -0.0043075
  29.0400000   -0.0024166
  29.0600000   -0.0004429
  29.0800000    0.0014964
  29.1000000    0.0032842
  29.1200000    0.0048119
  29.1400000    0.0059880
  29.1600000    0.0067444
  29.1800000    0.0070415
  29.2000000    0.0068710
  29.2200000    0.0062563
  29.2400000    0.0052502
  29.2600000    0.0039306
  29.2800000    0.0023935
  29.3000000    0.0007453
  29.3200000   -0.0009060
  29.3400000   -0.0024596
  29.3600000   -0.0038302
  29.3800000   -0.0049538
  29.4000000   -0.0057921
  29.4200000   -0.0063337
  29.4400000   -0.0065924
  29.4600000   -0.0066035
  29.4800000   -0.0064170
  29.5000000   -0.0060907
  29.5200000   -0.0056823
  29.5400000   -0.0052419
  29.5600000   -0.0048071
  29.5800000   -0.0043989
  29.6000000   -0.0040212
  29.6200000   -0.0036617
  29.6400000   -0.0032951
  29.6600000   -0.0028879
  29.6800000   -0.0024038
  29.7000000   -0.0018084
  29.7200000   -0.0010745
  29.7400000   -0.0001852
  29.7600000    0.0008636
  29.7800000    0.0020624
  29.8000000    0.0033888
  29.8200000    0.0048084
  29.8400000    0.0062778
  29.8600000    0.0077473
  29.8800000    0.0091644
  29.9000000    0.0104767
  29.9200000    0.0116360
  29.9400000    0.0126000
  29.9600000    0.0133356
  29.9800000    0.0138200
  30.0000000    0.0140416
