 -10.0000000    0.0093075
  -9.9800000    0.0096857
  -9.9600000    0.0101281
  -9.9400000    0.0106667
  -9.9200000    0.0113255
  -9.9000000    0.0121175
  -9.8800000    0.0130430
  -9.8600000    0.0140892
  -9.8400000    0.0152303
  -9.8200000    0.0164298
  -9.8000000    0.0176422
  -9.7800000    0.0188167
  -9.7600000    0.0199002
  -9.7400000    0.0208413
  -9.7200000    0.0215930
  -9.7000000    0.0221162
  -9.6800000    0.0223818
  -9.6600000    0.0223726
  -9.6400000    0.0220841
  -9.6200000    0.0215248
  -9.6000000    0.0207156
  -9.5800000    0.0196886
  -9.5600000    0.0184853
  -9.5400000    0.0171537
  -9.5200000    0.0157456
  -9.5000000    0.0143138
  -9.4800000    0.0129082
  -9.4600000    0.0115734
  -9.4400000    0.0103458
  -9.4200000    0.0092519
  -9.4000000    0.0083066
  -9.3800000    0.0075133
  -9.3600000    0.0068642
  -9.3400000    0.0063416
  -9.3200000    0.0059195
  -9.3000000    0.0055663
  -9.2800000    0.0052469
  -9.2600000    0.0049260
  -9.2400000    0.0045695
  -9.2200000    0.0041476
  -9.2000000    0.0036359
  -9.1800000    0.0030171
  -9.1600000    0.0022815
  -9.1400000    0.0014276
  -9.1200000    0.0004620
  -9.1000000   -0.0006008
  -9.0800000   -0.0017388
  -9.0600000   -0.0029237
  -9.0400000   -0.0041211
  -9.0200000   -0.0052923
  -9.0000000   -0.0063955
  -8.9800000   -0.0073872
  -8.9600000   -0.0082246
  -8.9400000   -0.0088674
  -8.9200000   -0.0092807
  -8.9000000   -0.0094368
  -8.8800000   -0.0093177
  -8.8600000   -0.0089163
  -8.8400000   -0.0082375
  -8.8200000   -0.0072975
  -8.8000000   -0.0061238
  -8.7800000   -0.0047531
  -8.7600000   -0.0032296
  -8.7400000   -0.0016034
  -8.7200000    0.0000712
  -8.7000000    0.0017366
  -8.6800000    0.0033333
  -8.6600000    0.0048001
  -8.6400000    0.0060750
  -8.6200000    0.0070968
  -8.6000000    0.0078074
  -8.5800000    0.0081548
  -8.5600000    0.0080978
  -8.5400000    0.0076105
  -8.5200000    0.0066872
  -8.5000000    0.0053461
  -8.4800000    0.0036322
  -8.4600000    0.0016173
  -8.4400000   -0.0006021
  -8.4200000   -0.0029099
  -8.4000000   -0.0051777
  -8.3800000   -0.0072744
  -8.3600000   -0.0090761
  -8.3400000   -0.0104769
  -8.3200000   -0.0113976
  -8.3000000   -0.0117932
  -8.2800000   -0.0116570
  -8.2600000   -0.0110211
  -8.2400000   -0.0099538
  -8.2200000   -0.0085535
  -8.2000000   -0.0069394
  -8.1800000   -0.0052413
  -8.1600000   -0.0035880
  -8.1400000   -0.0020961
  -8.1200000   -0.0008611
  -8.1000000    0.0000501
  -8.0800000    0.0006022
  -8.0600000    0.0007928
  -8.0400000    0.0006492
  -8.0200000    0.0002229
  -8.0000000   -0.0004176
  -7.9800000   -0.0011954
  -7.9600000   -0.0020337
  -7.9400000   -0.0028632
  -7.9200000   -0.0036284
  -7.9000000   -0.0042909
  -7.8800000   -0.0048310
  -7.8600000   -0.0052464
  -7.8400000   -0.0055498
  -7.8200000   -0.0057642
  -7.8000000   -0.0059181
  -7.7800000   -0.0060402
  -7.7600000   -0.0061554
  -7.7400000   -0.0062817
  -7.7200000   -0.0064278
  -7.7000000   -0.0065936
  -7.6800000   -0.0067710
  -7.6600000   -0.0069466
  -7.6400000   -0.0071044
  -7.6200000   -0.0072296
  -7.6000000   -0.0073114
  -7.5800000   -0.0073458
  -7.5600000   -0.0073361
  -7.5400000   -0.0072937
  -7.5200000   -0.0072366
  -7.5000000   -0.0071868
  -7.4800000   -0.0071671
  -7.4600000   -0.0071978
  -7.4400000   -0.0072931
  -7.4200000   -0.0074585
  -7.4000000   -0.0076895
  -7.3800000   -0.0079717
  -7.3600000   -0.0082824
  -7.3400000   -0.0085936
  -7.3200000   -0.0088759
  -7.3000000   -0.0091033
  -7.2800000   -0.0092565
  -7.2600000   -0.0093261
  -7.2400000   -0.0093143
  -7.2200000   -0.0092339
  -7.2000000   -0.0091063
  -7.1800000   -0.0089578
  -7.1600000   -0.0088148
  -7.1400000   -0.0086993
  -7.1200000   -0.0086247
  -7.1000000   -0.0085931
  -7.0800000   -0.0085941
  -7.0600000   -0.0086062
  -7.0400000   -0.0085990
  -7.0200000   -0.0085372
  -7.0000000   -0.0083848
  -6.9800000   -0.0081102
  -6.9600000   -0.0076891
  -6.9400000   -0.0071082
  -6.9200000   -0.0063661
  -6.9000000   -0.0054741
  -6.8800000   -0.0044556
  -6.8600000   -0.0033448
  -6.8400000   -0.0021848
  -6.8200000   -0.0010260
  -6.8000000    0.0000765
  -6.7800000    0.0010654
  -6.7600000    0.0018840
  -6.7400000    0.0024796
  -6.7200000    0.0028075
  -6.7000000    0.0028352
  -6.6800000    0.0025462
  -6.6600000    0.0019443
  -6.6400000    0.0010563
  -6.6200000   -0.0000670
  -6.6000000   -0.0013509
  -6.5800000   -0.0027001
  -6.5600000   -0.0040034
  -6.5400000   -0.0051409
  -6.5200000   -0.0059924
  -6.5000000   -0.0064462
  -6.4800000   -0.0064080
  -6.4600000   -0.0058085
  -6.4400000   -0.0046091
  -6.4200000   -0.0028047
  -6.4000000   -0.0004240
  -6.3800000    0.0024735
  -6.3600000    0.0058029
  -6.3400000    0.0094612
  -6.3200000    0.0133366
  -6.3000000    0.0173168
  -6.2800000    0.0212976
  -6.2600000    0.0251898
  -6.2400000    0.0289230
  -6.2200000    0.0324479
  -6.2000000    0.0357346
  -6.1800000    0.0387691
  -6.1600000    0.0415480
  -6.1400000    0.0440713
  -6.1200000    0.0463361
  -6.1000000    0.0483310
  -6.0800000    0.0500329
  -6.0600000    0.0514057
  -6.0400000    0.0524033
  -6.0200000    0.0529741
  -6.0000000    0.0530688
  -5.9800000    0.0526481
  -5.9600000    0.0516918
  -5.9400000    0.0502051
  -5.9200000    0.0482230
  -5.9000000    0.0458118
  -5.8800000    0.0430658
  -5.8600000    0.0401021
  -5.8400000    0.0370509
  -5.8200000    0.0340456
  -5.8000000    0.0312112
  -5.7800000    0.0286535
  -5.7600000    0.0264512
  -5.7400000    0.0246496
  -5.7200000    0.0232578
  -5.7000000    0.0222501
  -5.6800000    0.0215697
  -5.6600000    0.0211355
  -5.6400000    0.0208507
  -5.6200000    0.0206124
  -5.6000000    0.0203207
  -5.5800000    0.0198879
  -5.5600000    0.0192449
  -5.5400000    0.0183460
  -5.5200000    0.0171710
  -5.5000000    0.0157246
  -5.4800000    0.0140332
  -5.4600000    0.0121395
  -5.4400000    0.0100957
  -5.4200000    0.0079560
  -5.4000000    0.0057690
  -5.3800000    0.0035715
  -5.3600000    0.0013839
  -5.3400000   -0.0007918
  -5.3200000   -0.0029715
  -5.3000000   -0.0051851
  -5.2800000   -0.0074705
  -5.2600000   -0.0098661
  -5.2400000   -0.0124025
  -5.2200000   -0.0150943
  -5.2000000   -0.0179337
  -5.1800000   -0.0208875
  -5.1600000   -0.0238956
  -5.1400000   -0.0268749
  -5.1200000   -0.0297251
  -5.1000000   -0.0323382
  -5.0800000   -0.0346084
  -5.0600000   -0.0364433
  -5.0400000   -0.0377737
  -5.0200000   -0.0385606
  -5.0000000   -0.0387994
  -4.9800000   -0.0385204
  -4.9600000   -0.0377852
  -4.9400000   -0.0366802
  -4.9200000   -0.0353075
  -4.9000000   -0.0337752
  -4.8800000   -0.0321878
  -4.8600000   -0.0306375
  -4.8400000   -0.0291982
  -4.8200000   -0.0279223
  -4.8000000   -0.0268389
  -4.7800000   -0.0259557
  -4.7600000   -0.0252611
  -4.7400000   -0.0247281
  -4.7200000   -0.0243182
  -4.7000000   -0.0239848
  -4.6800000   -0.0236777
  -4.6600000   -0.0233460
  -4.6400000   -0.0229419
  -4.6200000   -0.0224242
  -4.6000000   -0.0217621
  -4.5800000   -0.0209383
  -4.5600000   -0.0199516
  -4.5400000   -0.0188182
  -4.5200000   -0.0175714
  -4.5000000   -0.0162586
  -4.4800000   -0.0149375
  -4.4600000   -0.0136689
  -4.4400000   -0.0125103
  -4.4200000   -0.0115085
  -4.4000000   -0.0106934
  -4.3800000   -0.0100739
  -4.3600000   -0.0096368
  -4.3400000   -0.0093477
  -4.3200000   -0.0091558
  -4.3000000   -0.0089991
  -4.2800000   -0.0088125
  -4.2600000   -0.0085344
  -4.2400000   -0.0081134
  -4.2200000   -0.0075123
  -4.2000000   -0.0067111
  -4.1800000   -0.0057064
  -4.1600000   -0.0045100
  -4.1400000   -0.0031456
  -4.1200000   -0.0016447
  -4.1000000   -0.0000433
  -4.0800000    0.0016213
  -4.0600000    0.0033123
  -4.0400000    0.0049942
  -4.0200000    0.0066322
  -4.0000000    0.0081918
  -3.9800000    0.0096374
  -3.9600000    0.0109316
  -3.9400000    0.0120359
  -3.9200000    0.0129116
  -3.9000000    0.0135221
  -3.8800000    0.0138362
  -3.8600000    0.0138310
  -3.8400000    0.0134956
  -3.8200000    0.0128331
  -3.8000000    0.0118623
  -3.7800000    0.0106174
  -3.7600000    0.0091461
  -3.7400000    0.0075074
  -3.7200000    0.0057669
  -3.7000000    0.0039925
  -3.6800000    0.0022499
  -3.6600000    0.0005977
  -3.6400000   -0.0009160
  -3.6200000   -0.0022571
  -3.6000000   -0.0034071
  -3.5800000   -0.0043641
  -3.5600000   -0.0051427
  -3.5400000   -0.0057729
  -3.5200000   -0.0062973
  -3.5000000   -0.0067681
  -3.4800000   -0.0072427
  -3.4600000   -0.0077783
  -3.4400000   -0.0084276
  -3.4200000   -0.0092329
  -3.4000000   -0.0102224
  -3.3800000   -0.0114066
  -3.3600000   -0.0127781
  -3.3400000   -0.0143111
  -3.3200000   -0.0159651
  -3.3000000   -0.0176887
  -3.2800000   -0.0194249
  -3.2600000   -0.0211171
  -3.2400000   -0.0227141
  -3.2200000   -0.0241739
  -3.2000000   -0.0254661
  -3.1800000   -0.0265724
  -3.1600000   -0.0274857
  -3.1400000   -0.0282069
  -3.1200000   -0.0287427
  -3.1000000   -0.0291025
  -3.0800000   -0.0292961
  -3.0600000   -0.0293325
  -3.0400000   -0.0292201
  -3.0200000   -0.0289676
  -3.0000000   -0.0285851
  -2.9800000   -0.0280861
  -2.9600000   -0.0274884
  -2.9400000   -0.0268139
  -2.9200000   -0.0260886
  -2.9000000   -0.0253400
  -2.8800000   -0.0245946
  -2.8600000   -0.0238757
  -2.8400000   -0.0231999
  -2.8200000   -0.0225753
  -2.8000000   -0.0220005
  -2.7800000   -0.0214648
  -2.7600000   -0.0209493
  -2.7400000   -0.0204295
  -2.7200000   -0.0198780
  -2.7000000   -0.0192681
  -2.6800000   -0.0185763
  -2.6600000   -0.0177854
  -2.6400000   -0.0168856
  -2.6200000   -0.0158752
  -2.6000000   -0.0147603
  -2.5800000   -0.0135529
  -2.5600000   -0.0122689
  -2.5400000   -0.0109253
  -2.5200000   -0.0095376
  -2.5000000   -0.0081166
  -2.4800000   -0.0066670
  -2.4600000   -0.0051852
  -2.4400000   -0.0036594
  -2.4200000   -0.0020701
  -2.4000000   -0.0003920
  -2.3800000    0.0014041
  -2.3600000    0.0033475
  -2.3400000    0.0054650
  -2.3200000    0.0077776
  -2.3000000    0.0102984
  -2.2800000    0.0130308
  -2.2600000    0.0159686
  -2.2400000    0.0190962
  -2.2200000    0.0223903
  -2.2000000    0.0258222
  -2.1800000    0.0293593
  -2.1600000    0.0329679
  -2.1400000    0.0366143
  -2.1200000    0.0402653
  -2.1000000    0.0438888
  -2.0800000    0.0474520
  -2.0600000    0.0509210
  -2.0400000    0.0542582
  -2.0200000    0.0574217
  -2.0000000    0.0603643
  -1.9800000    0.0630333
  -1.9600000    0.0653724
  -1.9400000    0.0673241
  -1.9200000    0.0688325
  -1.9000000    0.0698482
  -1.8800000    0.0703313
  -1.8600000    0.0702550
  -1.8400000    0.0696071
  -1.8200000    0.0683906
  -1.8000000    0.0666212
  -1.7800000    0.0643238
  -1.7600000    0.0615278
  -1.7400000    0.0582609
  -1.7200000    0.0545444
  -1.7000000    0.0503887
  -1.6800000    0.0457918
  -1.6600000    0.0407398
  -1.6400000    0.0352110
  -1.6200000    0.0291818
  -1.6000000    0.0226349
  -1.5800000    0.0155681
  -1.5600000    0.0080020
  -1.5400000   -0.0000137
  -1.5200000   -0.0083974
  -1.5000000   -0.0170364
  -1.4800000   -0.0257922
  -1.4600000   -0.0345088
  -1.4400000   -0.0430242
  -1.4200000   -0.0511826
  -1.4000000   -0.0588473
  -1.3800000   -0.0659112
  -1.3600000   -0.0723059
  -1.3400000   -0.0780063
  -1.3200000   -0.0830323
  -1.3000000   -0.0874473
  -1.2800000   -0.0913528
  -1.2600000   -0.0948808
  -1.2400000   -0.0981836
  -1.2200000   -0.1014216
  -1.2000000   -0.1047504
  -1.1800000   -0.1083063
  -1.1600000   -0.1121925
  -1.1400000   -0.1164670
  -1.1200000   -0.1211334
  -1.1000000   -0.1261351
  -1.0800000   -0.1313564
  -1.0600000   -0.1366281
  -1.0400000   -0.1417401
  -1.0200000   -0.1464583
  -1.0000000   -0.1505443
  -0.9800000   -0.1537764
  -0.9600000   -0.1559687
  -0.9400000   -0.1569855
  -0.9200000   -0.1567507
  -0.9000000   -0.1552504
  -0.8800000   -0.1525291
  -0.8600000   -0.1486802
  -0.8400000   -0.1438335
  -0.8200000   -0.1381402
  -0.8000000   -0.1317590
  -0.7800000   -0.1248439
  -0.7600000   -0.1175352
  -0.7400000   -0.1099549
  -0.7200000   -0.1022050
  -0.7000000   -0.0943696
  -0.6800000   -0.0865182
  -0.6600000   -0.0787103
  -0.6400000   -0.0709999
  -0.6200000   -0.0634377
  -0.6000000   -0.0560720
  -0.5800000   -0.0489470
  -0.5600000   -0.0420981
  -0.5400000   -0.0355463
  -0.5200000   -0.0292901
  -0.5000000   -0.0232976
  -0.4800000   -0.0174987
  -0.4600000   -0.0117793
  -0.4400000   -0.0059765
  -0.4200000    0.0001220
  -0.4000000    0.0067750
  -0.3800000    0.0142821
  -0.3600000    0.0229717
  -0.3400000    0.0331871
  -0.3200000    0.0452666
  -0.3000000    0.0595214
  -0.2800000    0.0762112
  -0.2600000    0.0955179
  -0.2400000    0.1175215
  -0.2200000    0.1421781
  -0.2000000    0.1693038
  -0.1800000    0.1985662
  -0.1600000    0.2294863
  -0.1400000    0.2614507
  -0.1200000    0.2937360
  -0.1000000    0.3255441
  -0.0800000    0.3560449
  -0.0600000    0.3844254
  -0.0400000    0.4099390
  -0.0200000    0.4319504
   0.0000000    0.4499732
   0.0200000    0.4636934
   0.0400000    0.4729785
   0.0600000    0.4778715
   0.0800000    0.4785687
   0.1000000    0.4753875
   0.1200000    0.4687259
   0.1400000    0.4590212
   0.1600000    0.4467113
   0.1800000    0.4322042
   0.2000000    0.4158584
   0.2200000    0.3979747
   0.2400000    0.3787997
   0.2600000    0.3585370
   0.2800000    0.3373648
   0.3000000    0.3154535
   0.3200000    0.2929811
   0.3400000    0.2701444
   0.3600000    0.2471616
   0.3800000    0.2242703
   0.4000000    0.2017184
   0.4200000    0.1797516
   0.4400000    0.1585994
   0.4600000    0.1384624
   0.4800000    0.1195013
   0.5000000    0.1018310
   0.5200000    0.0855174
   0.5400000    0.0705799
   0.5600000    0.0569964
   0.5800000    0.0447102
   0.6000000    0.0336395
   0.6200000    0.0236852
   0.6400000    0.0147390
   0.6600000    0.0066893
   0.6800000   -0.0005741
   0.7000000   -0.0071580
   0.7200000   -0.0131654
   0.7400000   -0.0186952
   0.7600000   -0.0238442
   0.7800000   -0.0287080
   0.8000000   -0.0333813
   0.8200000   -0.0379579
   0.8400000   -0.0425286
   0.8600000   -0.0471781
   0.8800000   -0.0519811
   0.9000000   -0.0569972
   0.9200000   -0.0622660
   0.9400000   -0.0678035
   0.9600000   -0.0735983
   0.9800000   -0.0796105
   1.0000000   -0.0857718
   1.0200000   -0.0919874
   1.0400000   -0.0981397
   1.0600000   -0.1040924
   1.0800000   -0.1096963
   1.1000000   -0.1147947
   1.1200000   -0.1192297
   1.1400000   -0.1228484
   1.1600000   -0.1255099
   1.1800000   -0.1270917
   1.2000000   -0.1274972
   1.2200000   -0.1266625
   1.2400000   -0.1245631
   1.2600000   -0.1212190
   1.2800000   -0.1166978
   1.3000000   -0.1111146
   1.3200000   -0.1046285
   1.3400000   -0.0974352
   1.3600000   -0.0897556
   1.3800000   -0.0818226
   1.4000000   -0.0738655
   1.4200000   -0.0660948
   1.4400000   -0.0586897
   1.4600000   -0.0517877
   1.4800000   -0.0454795
   1.5000000   -0.0398080
   1.5200000   -0.0347728
   1.5400000   -0.0303374
   1.5600000   -0.0264396
   1.5800000   -0.0230022
   1.6000000   -0.0199436
   1.6200000   -0.0171863
   1.6400000   -0.0146629
   1.6600000   -0.0123189
   1.6800000   -0.0101122
   1.7000000   -0.0080111
   1.7200000   -0.0059898
   1.7400000   -0.0040236
   1.7600000   -0.0020841
   1.7800000   -0.0001361
   1.8000000    0.0018648
   1.8200000    0.0039719
   1.8400000    0.0062453
   1.8600000    0.0087487
   1.8800000    0.0115441
   1.9000000    0.0146861
   1.9200000    0.0182168
   1.9400000    0.0221602
   1.9600000    0.0265188
   1.9800000    0.0312717
   2.0000000    0.0363741
   2.0200000    0.0417597
   2.0400000    0.0473443
   2.0600000    0.0530317
   2.0800000    0.0587193
   2.1000000    0.0643052
   2.1200000    0.0696942
   2.1400000    0.0748026
   2.1600000    0.0795615
   2.1800000    0.0839178
   2.2000000    0.0878333
   2.2200000    0.0912821
   2.2400000    0.0942457
   2.2600000    0.0967091
   2.2800000    0.0986557
   2.3000000    0.1000640
   2.3200000    0.1009061
   2.3400000    0.1011481
   2.3600000    0.1007534
   2.3800000    0.0996872
   2.4000000    0.0979228
   2.4200000    0.0954488
   2.4400000    0.0922750
   2.4600000    0.0884368
   2.4800000    0.0839973
   2.5000000    0.0790464
   2.5200000    0.0736969
   2.5400000    0.0680779
   2.5600000    0.0623260
   2.5800000    0.0565769
   2.6000000    0.0509559
   2.6200000    0.0455712
   2.6400000    0.0405083
   2.6600000    0.0358284
   2.6800000    0.0315681
   2.7000000    0.0277425
   2.7200000    0.0243491
   2.7400000    0.0213732
   2.7600000    0.0187921
   2.7800000    0.0165790
   2.8000000    0.0147057
   2.8200000    0.0131430
   2.8400000    0.0118597
   2.8600000    0.0108216
   2.8800000    0.0099880
   2.9000000    0.0093107
   2.9200000    0.0087314
   2.9400000    0.0081822
   2.9600000    0.0075864
   2.9800000    0.0068612
   3.0000000    0.0059219
   3.0200000    0.0046861
   3.0400000    0.0030796
   3.0600000    0.0010409
   3.0800000   -0.0014743
   3.1000000   -0.0044907
   3.1200000   -0.0080113
   3.1400000   -0.0120184
   3.1600000   -0.0164752
   3.1800000   -0.0213293
   3.2000000   -0.0265167
   3.2200000   -0.0319662
   3.2400000   -0.0376033
   3.2600000   -0.0433536
   3.2800000   -0.0491445
   3.3000000   -0.0549052
   3.3200000   -0.0605659
   3.3400000   -0.0660553
   3.3600000   -0.0712980
   3.3800000   -0.0762124
   3.4000000   -0.0807093
   3.4200000   -0.0846928
   3.4400000   -0.0880635
   3.4600000   -0.0907236
   3.4800000   -0.0925841
   3.5000000   -0.0935729
   3.5200000   -0.0936425
   3.5400000   -0.0927756
   3.5600000   -0.0909890
   3.5800000   -0.0883335
   3.6000000   -0.0848898
   3.6200000   -0.0807629
   3.6400000   -0.0760726
   3.6600000   -0.0709450
   3.6800000   -0.0655036
   3.7000000   -0.0598626
   3.7200000   -0.0541228
   3.7400000   -0.0483697
   3.7600000   -0.0426740
   3.7800000   -0.0370937
   3.8000000   -0.0316758
   3.8200000   -0.0264581
   3.8400000   -0.0214701
   3.8600000   -0.0167324
   3.8800000   -0.0122556
   3.9000000   -0.0080391
   3.9200000   -0.0040708
   3.9400000   -0.0003279
   3.9600000    0.0032204
   3.9800000    0.0066087
   4.0000000    0.0098696
   4.0200000    0.0130285
   4.0400000    0.0160982
   4.0600000    0.0190750
   4.0800000    0.0219384
   4.1000000    0.0246513
   4.1200000    0.0271641
   4.1400000    0.0294203
   4.1600000    0.0313627
   4.1800000    0.0329398
   4.2000000    0.0341121
   4.2200000    0.0348558
   4.2400000    0.0351653
   4.2600000    0.0350534
   4.2800000    0.0345494
   4.3000000    0.0336958
   4.3200000    0.0325435
   4.3400000    0.0311471
   4.3600000    0.0295593
   4.3800000    0.0278268
   4.4000000    0.0259856
   4.4200000    0.0240591
   4.4400000    0.0220556
   4.4600000    0.0199690
   4.4800000    0.0177797
   4.5000000    0.0154577
   4.5200000    0.0129667
   4.5400000    0.0102692
   4.5600000    0.0073330
   4.5800000    0.0041366
   4.6000000    0.0006750
   4.6200000   -0.0030358
   4.6400000   -0.0069566
   4.6600000   -0.0110242
   4.6800000   -0.0151541
   4.7000000   -0.0192447
   4.7200000   -0.0231842
   4.7400000   -0.0268586
   4.7600000   -0.0301607
   4.7800000   -0.0329982
   4.8000000   -0.0353016
   4.8200000   -0.0370290
   4.8400000   -0.0381693
   4.8600000   -0.0387422
   4.8800000   -0.0387954
   4.9000000   -0.0383991
   4.9200000   -0.0376397
   4.9400000   -0.0366109
   4.9600000   -0.0354057
   4.9800000   -0.0341086
   5.0000000   -0.0327902
   5.0200000   -0.0315026
   5.0400000   -0.0302790
   5.0600000   -0.0291344
   5.0800000   -0.0280702
   5.1000000   -0.0270792
   5.1200000   -0.0261522
   5.1400000   -0.0252841
   5.1600000   -0.0244793
   5.1800000   -0.0237552
   5.2000000   -0.0231429
   5.2200000   -0.0226859
   5.2400000   -0.0224357
   5.2600000   -0.0224460
   5.2800000   -0.0227650
   5.3000000   -0.0234280
   5.3200000   -0.0244503
   5.3400000   -0.0258211
   5.3600000   -0.0275010
   5.3800000   -0.0294208
   5.4000000   -0.0314843
   5.4200000   -0.0335731
   5.4400000   -0.0355548
   5.4600000   -0.0372921
   5.4800000   -0.0386527
   5.5000000   -0.0395198
   5.5200000   -0.0398004
   5.5400000   -0.0394326
   5.5600000   -0.0383894
   5.5800000   -0.0366803
   5.6000000   -0.0343489
   5.6200000   -0.0314686
   5.6400000   -0.0281353
   5.6600000   -0.0244590
   5.6800000   -0.0205544
   5.7000000   -0.0165325
   5.7200000   -0.0124927
   5.7400000   -0.0085164
   5.7600000   -0.0046639
   5.7800000   -0.0009732
   5.8000000    0.0025398
   5.8200000    0.0058769
   5.8400000    0.0090537
   5.8600000    0.0120934
   5.8800000    0.0150206
   5.9000000    0.0178556
   5.9200000    0.0206091
   5.9400000    0.0232794
   5.9600000    0.0258502
   5.9800000    0.0282921
   6.0000000    0.0305643
   6.0200000    0.0326197
   6.0400000    0.0344101
   6.0600000    0.0358924
   6.0800000    0.0370339
   6.1000000    0.0378175
   6.1200000    0.0382441
   6.1400000    0.0383336
   6.1600000    0.0381233
   6.1800000    0.0376649
   6.2000000    0.0370195
   6.2200000    0.0362519
   6.2400000    0.0354252
   6.2600000    0.0345950
   6.2800000    0.0338056
   6.3000000    0.0330865
   6.3200000    0.0324509
   6.3400000    0.0318956
   6.3600000    0.0314018
   6.3800000    0.0309376
   6.4000000    0.0304603
   6.4200000    0.0299210
   6.4400000    0.0292677
   6.4600000    0.0284498
   6.4800000    0.0274224
   6.5000000    0.0261493
   6.5200000    0.0246061
   6.5400000    0.0227827
   6.5600000    0.0206836
   6.5800000    0.0183287
   6.6000000    0.0157518
   6.6200000    0.0129990
   6.6400000    0.0101260
   6.6600000    0.0071952
   6.6800000    0.0042721
   6.7000000    0.0014223
   6.7200000   -0.0012923
   6.7400000   -0.0038158
   6.7600000   -0.0061013
   6.7800000   -0.0081123
   6.8000000   -0.0098232
   6.8200000   -0.0112201
   6.8400000   -0.0122988
   6.8600000   -0.0130640
   6.8800000   -0.0135266
   6.9000000   -0.0137017
   6.9200000   -0.0136063
   6.9400000   -0.0132578
   6.9600000   -0.0126737
   6.9800000   -0.0118718
   7.0000000   -0.0108718
   7.0200000   -0.0096976
   7.0400000   -0.0083795
   7.0600000   -0.0069569
   7.0800000   -0.0054800
   7.1000000   -0.0040102
   7.1200000   -0.0026187
   7.1400000   -0.0013846
   7.1600000   -0.0003893
   7.1800000    0.0002886
   7.2000000    0.0005806
   7.2200000    0.0004355
   7.2400000   -0.0001743
   7.2600000   -0.0012477
   7.2800000   -0.0027520
   7.3000000   -0.0046226
   7.3200000   -0.0067666
   7.3400000   -0.0090681
   7.3600000   -0.0113976
   7.3800000   -0.0136217
   7.4000000   -0.0156140
   7.4200000   -0.0172656
   7.4400000   -0.0184936
   7.4600000   -0.0192465
   7.4800000   -0.0195067
   7.5000000   -0.0192895
   7.5200000   -0.0186385
   7.5400000   -0.0176188
   7.5600000   -0.0163086
   7.5800000   -0.0147899
   7.6000000   -0.0131412
   7.6200000   -0.0114305
   7.6400000   -0.0097113
   7.6600000   -0.0080211
   7.6800000   -0.0063819
   7.7000000   -0.0048032
   7.7200000   -0.0032855
   7.7400000   -0.0018249
   7.7600000   -0.0004169
   7.7800000    0.0009402
   7.8000000    0.0022435
   7.8200000    0.0034852
   7.8400000    0.0046529
   7.8600000    0.0057316
   7.8800000    0.0067058
   7.9000000    0.0075624
   7.9200000    0.0082924
   7.9400000    0.0088937
   7.9600000    0.0093711
   7.9800000    0.0097371
   8.0000000    0.0100108
   8.0200000    0.0102166
   8.0400000    0.0103809
   8.0600000    0.0105301
   8.0800000    0.0106869
   8.1000000    0.0108677
   8.1200000    0.0110801
   8.1400000    0.0113218
   8.1600000    0.0115801
   8.1800000    0.0118331
   8.2000000    0.0120521
   8.2200000    0.0122042
   8.2400000    0.0122569
   8.2600000    0.0121814
   8.2800000    0.0119565
   8.3000000    0.0115712
   8.3200000    0.0110266
   8.3400000    0.0103356
   8.3600000    0.0095225
   8.3800000    0.0086198
   8.4000000    0.0076654
   8.4200000    0.0066984
   8.4400000    0.0057551
   8.4600000    0.0048654
   8.4800000    0.0040503
   8.5000000    0.0033199
   8.5200000    0.0026730
   8.5400000    0.0020983
   8.5600000    0.0015761
   8.5800000    0.0010814
   8.6000000    0.0005867
   8.6200000    0.0000656
   8.6400000   -0.0005042
   8.6600000   -0.0011390
   8.6800000   -0.0018471
   8.7000000   -0.0026285
   8.7200000   -0.0034753
   8.7400000   -0.0043723
   8.7600000   -0.0052988
   8.7800000   -0.0062301
   8.8000000   -0.0071390
   8.8200000   -0.0079981
   8.8400000   -0.0087800
   8.8600000   -0.0094594
   8.8800000   -0.0100131
   8.9000000   -0.0104208
   8.9200000   -0.0106652
   8.9400000   -0.0107327
   8.9600000   -0.0106128
   8.9800000   -0.0102986
   9.0000000   -0.0097867
   9.0200000   -0.0090773
   9.0400000   -0.0081743
   9.0600000   -0.0070854
   9.0800000   -0.0058226
   9.1000000   -0.0044031
   9.1200000   -0.0028500
   9.1400000   -0.0011934
   9.1600000    0.0005284
   9.1800000    0.0022687
   9.2000000    0.0039717
   9.2200000    0.0055743
   9.2400000    0.0070078
   9.2600000    0.0082023
   9.2800000    0.0090913
   9.3000000    0.0096183
   9.3200000    0.0097428
   9.3400000    0.0094466
   9.3600000    0.0087386
   9.3800000    0.0076575
   9.4000000    0.0062716
   9.4200000    0.0046755
   9.4400000    0.0029841
   9.4600000    0.0013236
   9.4800000   -0.0001790
   9.5000000   -0.0014072
   9.5200000   -0.0022655
   9.5400000   -0.0026880
   9.5600000   -0.0026448
   9.5800000   -0.0021438
   9.6000000   -0.0012294
   9.6200000    0.0000222
   9.6400000    0.0015110
   9.6600000    0.0031234
   9.6800000    0.0047424
   9.7000000    0.0062582
   9.7200000    0.0075777
   9.7400000    0.0086304
   9.7600000    0.0093729
   9.7800000    0.0097903
   9.8000000    0.0098937
   9.8200000    0.0097171
   9.8400000    0.0093111
   9.8600000    0.0087365
   9.8800000    0.0080573
   9.9000000    0.0073338
   9.9200000    0.0066172
   9.9400000    0.0059445
   9.9600000    0.0053361
   9.9800000    0.0047940
  10.0000000    0.0043025
  10.0200000    0.0038312
  10.0400000    0.0033390
  10.0600000    0.0027803
  10.0800000    0.0021124
  10.1000000    0.0013030
  10.1200000    0.0003379
  10.1400000   -0.0007733
  10.1600000   -0.0019939
  10.1800000   -0.0032595
  10.2000000   -0.0044814
  10.2200000   -0.0055547
  10.2400000   -0.0063679
  10.2600000   -0.0068158
  10.2800000   -0.0068128
  10.3000000   -0.0063047
  10.3200000   -0.0052776
  10.3400000   -0.0037634
  10.3600000   -0.0018388
  10.3800000    0.0003790
  10.4000000    0.0027424
  10.4200000    0.0050866
  10.4400000    0.0072436
  10.4600000    0.0090576
  10.4800000    0.0103975
  10.5000000    0.0111666
  10.5200000    0.0113091
  10.5400000    0.0108122
  10.5600000    0.0097038
  10.5800000    0.0080482
  10.6000000    0.0059385
  10.6200000    0.0034890
  10.6400000    0.0008260
  10.6600000   -0.0019203
  10.6800000   -0.0046227
  10.7000000   -0.0071636
  10.7200000   -0.0094389
  10.7400000   -0.0113620
  10.7600000   -0.0128656
  10.7800000   -0.0139018
  10.8000000   -0.0144426
  10.8200000   -0.0144773
  10.8400000   -0.0140110
  10.8600000   -0.0130607
  10.8800000   -0.0116525
  10.9000000   -0.0098186
  10.9200000   -0.0075943
  10.9400000   -0.0050171
  10.9600000   -0.0021262
  10.9800000    0.0010362
  11.0000000    0.0044228
  11.0200000    0.0079779
  11.0400000    0.0116351
  11.0600000    0.0153152
  11.0800000    0.0189261
  11.1000000    0.0223642
  11.1200000    0.0255197
  11.1400000    0.0282822
  11.1600000    0.0305498
  11.1800000    0.0322373
  11.2000000    0.0332850
  11.2200000    0.0336647
  11.2400000    0.0333838
  11.2600000    0.0324846
  11.2800000    0.0310409
  11.3000000    0.0291501
  11.3200000    0.0269234
  11.3400000    0.0244739
  11.3600000    0.0219055
  11.3800000    0.0193027
  11.4000000    0.0167239
  11.4200000    0.0141977
  11.4400000    0.0117245
  11.4600000    0.0092804
  11.4800000    0.0068266
  11.5000000    0.0043192
  11.5200000    0.0017207
  11.5400000   -0.0009888
  11.5600000   -0.0038036
  11.5800000   -0.0066863
  11.6000000   -0.0095665
  11.6200000   -0.0123436
  11.6400000   -0.0148936
  11.6600000   -0.0170791
  11.6800000   -0.0187620
  11.7000000   -0.0198161
  11.7200000   -0.0201401
  11.7400000   -0.0196682
  11.7600000   -0.0183773
  11.7800000   -0.0162914
  11.8000000   -0.0134809
  11.8200000   -0.0100583
  11.8400000   -0.0061709
  11.8600000   -0.0019896
  11.8800000    0.0023023
  11.9000000    0.0065226
  11.9200000    0.0105021
  11.9400000    0.0140950
  11.9600000    0.0171878
  11.9800000    0.0197046
  12.0000000    0.0216091
  12.0200000    0.0229038
  12.0400000    0.0236257
  12.0600000    0.0238395
  12.0800000    0.0236293
  12.1000000    0.0230884
  12.1200000    0.0223099
  12.1400000    0.0213777
  12.1600000    0.0203589
  12.1800000    0.0192988
  12.2000000    0.0182184
  12.2200000    0.0171146
  12.2400000    0.0159630
  12.2600000    0.0147233
  12.2800000    0.0133454
  12.3000000    0.0117775
  12.3200000    0.0099728
  12.3400000    0.0078965
  12.3600000    0.0055304
  12.3800000    0.0028756
  12.4000000   -0.0000465
  12.4200000   -0.0031968
  12.4400000   -0.0065217
  12.4600000   -0.0099585
  12.4800000   -0.0134413
  12.5000000   -0.0169067
  12.5200000   -0.0202979
  12.5400000   -0.0235684
  12.5600000   -0.0266826
  12.5800000   -0.0296147
  12.6000000   -0.0323458
  12.6200000   -0.0348589
  12.6400000   -0.0371341
  12.6600000   -0.0391432
  12.6800000   -0.0408457
  12.7000000   -0.0421869
  12.7200000   -0.0430985
  12.7400000   -0.0435019
  12.7600000   -0.0433147
  12.7800000   -0.0424598
  12.8000000   -0.0408749
  12.8200000   -0.0385240
  12.8400000   -0.0354063
  12.8600000   -0.0315631
  12.8800000   -0.0270810
  12.9000000   -0.0220907
  12.9200000   -0.0167606
  12.9400000   -0.0112867
  12.9600000   -0.0058781
  12.9800000   -0.0007420
  13.0000000    0.0039329
  13.0200000    0.0079900
  13.0400000    0.0113165
  13.0600000    0.0138500
  13.0800000    0.0155808
  13.1000000    0.0165491
  13.1200000    0.0168383
  13.1400000    0.0165651
  13.1600000    0.0158679
  13.1800000    0.0148937
  13.2000000    0.0137871
  13.2200000    0.0126790
  13.2400000    0.0116795
  13.2600000    0.0108722
  13.2800000    0.0103116
  13.3000000    0.0100239
  13.3200000    0.0100095
  13.3400000    0.0102476
  13.3600000    0.0107024
  13.3800000    0.0113291
  13.4000000    0.0120811
  13.4200000    0.0129147
  13.4400000    0.0137938
  13.4600000    0.0146926
  13.4800000    0.0155961
  13.5000000    0.0164993
  13.5200000    0.0174047
  13.5400000    0.0183192
  13.5600000    0.0192499
  13.5800000    0.0202004
  13.6000000    0.0211677
  13.6200000    0.0221396
  13.6400000    0.0230935
  13.6600000    0.0239967
  13.6800000    0.0248078
  13.7000000    0.0254786
  13.7200000    0.0259579
  13.7400000    0.0261952
  13.7600000    0.0261449
  13.7800000    0.0257711
  13.8000000    0.0250509
  13.8200000    0.0239784
  13.8400000    0.0225662
  13.8600000    0.0208470
  13.8800000    0.0188723
  13.9000000    0.0167100
  13.9200000    0.0144404
  13.9400000    0.0121504
  13.9600000    0.0099276
  13.9800000    0.0078531
  14.0000000    0.0059960
  14.0200000    0.0044087
  14.0400000    0.0031231
  14.0600000    0.0021506
  14.0800000    0.0014825
  14.1000000    0.0010930
  14.1200000    0.0009439
  14.1400000    0.0009886
  14.1600000    0.0011773
  14.1800000    0.0014612
  14.2000000    0.0017946
  14.2200000    0.0021374
  14.2400000    0.0024547
  14.2600000    0.0027171
  14.2800000    0.0028994
  14.3000000    0.0029795
  14.3200000    0.0029387
  14.3400000    0.0027611
  14.3600000    0.0024345
  14.3800000    0.0019520
  14.4000000    0.0013126
  14.4200000    0.0005230
  14.4400000   -0.0004022
  14.4600000   -0.0014406
  14.4800000   -0.0025632
  14.5000000   -0.0037361
  14.5200000   -0.0049228
  14.5400000   -0.0060870
  14.5600000   -0.0071949
  14.5800000   -0.0082174
  14.6000000   -0.0091317
  14.6200000   -0.0099221
  14.6400000   -0.0105801
  14.6600000   -0.0111047
  14.6800000   -0.0115012
  14.7000000   -0.0117804
  14.7200000   -0.0119573
  14.7400000   -0.0120500
  14.7600000   -0.0120778
  14.7800000   -0.0120599
  14.8000000   -0.0120133
  14.8200000   -0.0119514
  14.8400000   -0.0118822
  14.8600000   -0.0118071
  14.8800000   -0.0117204
  14.9000000   -0.0116091
  14.9200000   -0.0114544
  14.9400000   -0.0112333
  14.9600000   -0.0109216
  14.9800000   -0.0104971
  15.0000000   -0.0099431
  15.0200000   -0.0092523
  15.0400000   -0.0084286
  15.0600000   -0.0074894
  15.0800000   -0.0064653
  15.1000000   -0.0053992
  15.1200000   -0.0043424
  15.1400000   -0.0033515
  15.1600000   -0.0024822
  15.1800000   -0.0017844
  15.2000000   -0.0012963
  15.2200000   -0.0010403
  15.2400000   -0.0010191
  15.2600000   -0.0012148
  15.2800000   -0.0015891
  15.3000000   -0.0020860
  15.3200000   -0.0026359
  15.3400000   -0.0031612
  15.3600000   -0.0035831
  15.3800000   -0.0038285
  15.4000000   -0.0038363
  15.4200000   -0.0035628
  15.4400000   -0.0029863
  15.4600000   -0.0021091
  15.4800000   -0.0009583
  15.5000000    0.0004162
  15.5200000    0.0019444
  15.5400000    0.0035419
  15.5600000    0.0051157
  15.5800000    0.0065715
  15.6000000    0.0078213
  15.6200000    0.0087906
  15.6400000    0.0094249
  15.6600000    0.0096953
  15.6800000    0.0096016
  15.7000000    0.0091742
  15.7200000    0.0084729
  15.7400000    0.0075844
  15.7600000    0.0066167
  15.7800000    0.0056924
  15.8000000    0.0049406
  15.8200000    0.0044881
  15.8400000    0.0044504
  15.8600000    0.0049235
  15.8800000    0.0059766
  15.9000000    0.0076468
  15.9200000    0.0099348
  15.9400000    0.0128041
  15.9600000    0.0161811
  15.9800000    0.0199590
  16.0000000    0.0240020
  16.0200000    0.0281531
  16.0400000    0.0322424
  16.0600000    0.0360965
  16.0800000    0.0395490
  16.1000000    0.0424499
  16.1200000    0.0446742
  16.1400000    0.0461300
  16.1600000    0.0467631
  16.1800000    0.0465596
  16.2000000    0.0455464
  16.2200000    0.0437884
  16.2400000    0.0413835
  16.2600000    0.0384558
  16.2800000    0.0351478
  16.3000000    0.0316112
  16.3200000    0.0279983
  16.3400000    0.0244539
  16.3600000    0.0211075
  16.3800000    0.0180675
  16.4000000    0.0154165
  16.4200000    0.0132085
  16.4400000    0.0114670
  16.4600000    0.0101860
  16.4800000    0.0093318
  16.5000000    0.0088471
  16.5200000    0.0086563
  16.5400000    0.0086722
  16.5600000    0.0088040
  16.5800000    0.0089653
  16.6000000    0.0090823
  16.6200000    0.0091008
  16.6400000    0.0089912
  16.6600000    0.0087512
  16.6800000    0.0084057
  16.7000000    0.0080032
  16.7200000    0.0076096
  16.7400000    0.0072993
  16.7600000    0.0071453
  16.7800000    0.0072091
  16.8000000    0.0075318
  16.8200000    0.0081267
  16.8400000    0.0089759
  16.8600000    0.0100302
  16.8800000    0.0112113
  16.9000000    0.0124188
  16.9200000    0.0135373
  16.9400000    0.0144457
  16.9600000    0.0150257
  16.9800000    0.0151698
  17.0000000    0.0147864
  17.0200000    0.0138038
  17.0400000    0.0121718
  17.0600000    0.0098605
  17.0800000    0.0068596
  17.1000000    0.0031758
  17.1200000   -0.0011698
  17.1400000   -0.0061422
  17.1600000   -0.0116941
  17.1800000   -0.0177648
  17.2000000   -0.0242793
  17.2200000   -0.0311469
  17.2400000   -0.0382599
  17.2600000   -0.0454938
  17.2800000   -0.0527088
  17.3000000   -0.0597527
  17.3200000   -0.0664674
  17.3400000   -0.0726953
  17.3600000   -0.0782876
  17.3800000   -0.0831131
  17.4000000   -0.0870647
  17.4200000   -0.0900651
  17.4400000   -0.0920693
  17.4600000   -0.0930639
  17.4800000   -0.0930642
  17.5000000   -0.0921087
  17.5200000   -0.0902534
  17.5400000   -0.0875653
  17.5600000   -0.0841185
  17.5800000   -0.0799906
  17.6000000   -0.0752628
  17.6200000   -0.0700205
  17.6400000   -0.0643560
  17.6600000   -0.0583698
  17.6800000   -0.0521724
  17.7000000   -0.0458826
  17.7200000   -0.0396251
  17.7400000   -0.0335245
  17.7600000   -0.0276994
  17.7800000   -0.0222544
  17.8000000   -0.0172742
  17.8200000   -0.0128178
  17.8400000   -0.0089163
  17.8600000   -0.0055720
  17.8800000   -0.0027611
  17.9000000   -0.0004376
  17.9200000    0.0014612
  17.9400000    0.0030086
  17.9600000    0.0042829
  17.9800000    0.0053628
  18.0000000    0.0063231
  18.0200000    0.0072320
  18.0400000    0.0081497
  18.0600000    0.0091261
  18.0800000    0.0102008
  18.1000000    0.0114010
  18.1200000    0.0127407
  18.1400000    0.0142197
  18.1600000    0.0158227
  18.1800000    0.0175195
  18.2000000    0.0192661
  18.2200000    0.0210075
  18.2400000    0.0226818
  18.2600000    0.0242259
  18.2800000    0.0255816
  18.3000000    0.0267022
  18.3200000    0.0275586
  18.3400000    0.0281439
  18.3600000    0.0284757
  18.3800000    0.0285964
  18.4000000    0.0285703
  18.4200000    0.0284791
  18.4400000    0.0284144
  18.4600000    0.0284690
  18.4800000    0.0287287
  18.5000000    0.0292630
  18.5200000    0.0301179
  18.5400000    0.0313104
  18.5600000    0.0328255
  18.5800000    0.0346161
  18.6000000    0.0366059
  18.6200000    0.0386951
  18.6400000    0.0407683
  18.6600000    0.0427040
  18.6800000    0.0443845
  18.7000000    0.0457059
  18.7200000    0.0465862
  18.7400000    0.0469715
  18.7600000    0.0468392
  18.7800000    0.0461981
  18.8000000    0.0450860
  18.8200000    0.0435645
  18.8400000    0.0417120
  18.8600000    0.0396158
  18.8800000    0.0373652
  18.9000000    0.0350441
  18.9200000    0.0327258
  18.9400000    0.0304698
  18.9600000    0.0283195
  18.9800000    0.0263023
  19.0000000    0.0244308
  19.0200000    0.0227044
  19.0400000    0.0211121
  19.0600000    0.0196349
  19.0800000    0.0182484
  19.1000000    0.0169255
  19.1200000    0.0156387
  19.1400000    0.0143620
  19.1600000    0.0130733
  19.1800000    0.0117561
  19.2000000    0.0104010
  19.2200000    0.0090072
  19.2400000    0.0075827
  19.2600000    0.0061443
  19.2800000    0.0047168
  19.3000000    0.0033311
  19.3200000    0.0020219
  19.3400000    0.0008243
  19.3600000   -0.0002295
  19.3800000   -0.0011144
  19.4000000   -0.0018151
  19.4200000   -0.0023297
  19.4400000   -0.0026719
  19.4600000   -0.0028715
  19.4800000   -0.0029747
  19.5000000   -0.0030415
  19.5200000   -0.0031433
  19.5400000   -0.0033577
  19.5600000   -0.0037635
  19.5800000   -0.0044348
  19.6000000   -0.0054358
  19.6200000   -0.0068152
  19.6400000   -0.0086039
  19.6600000   -0.0108120
  19.6800000   -0.0134289
  19.7000000   -0.0164246
  19.7200000   -0.0197519
  19.7400000   -0.0233495
  19.7600000   -0.0271450
  19.7800000   -0.0310584
  19.8000000   -0.0350041
  19.8200000   -0.0388934
  19.8400000   -0.0426363
  19.8600000   -0.0461430
  19.8800000   -0.0493262
  19.9000000   -0.0521040
  19.9200000   -0.0544027
  19.9400000   -0.0561612
  19.9600000   -0.0573343
  19.9800000   -0.0578962
  20.0000000   -0.0578431
  20.0200000   -0.0571930
  20.0400000   -0.0559845
  20.0600000   -0.0542730
  20.0800000   -0.0521248
  20.1000000   -0.0496104
  20.1200000   -0.0467975
  20.1400000   -0.0437442
  20.1600000   -0.0404950
  20.1800000   -0.0370785
  20.2000000   -0.0335080
  20.2200000   -0.0297860
  20.2400000   -0.0259099
  20.2600000   -0.0218800
  20.2800000   -0.0177070
  20.3000000   -0.0134186
  20.3200000   -0.0090638
  20.3400000   -0.0047137
  20.3600000   -0.0004586
  20.3800000    0.0035983
  20.4000000    0.0073498
  20.4200000    0.0106954
  20.4400000    0.0135518
  20.4600000    0.0158620
  20.4800000    0.0176014
  20.5000000    0.0187812
  20.5200000    0.0194464
  20.5400000    0.0196720
  20.5600000    0.0195549
  20.5800000    0.0192051
  20.6000000    0.0187356
  20.6200000    0.0182540
  20.6400000    0.0178546
  20.6600000    0.0176138
  20.6800000    0.0175875
  20.7000000    0.0178107
  20.7200000    0.0182996
  20.7400000    0.0190548
  20.7600000    0.0200652
  20.7800000    0.0213125
  20.8000000    0.0227744
  20.8200000    0.0244282
  20.8400000    0.0262523
  20.8600000    0.0282270
  20.8800000    0.0303335
  20.9000000    0.0325523
  20.9200000    0.0348605
  20.9400000    0.0372292
  20.9600000    0.0396201
  20.9800000    0.0419842
  21.0000000    0.0442607
  21.0200000    0.0463786
  21.0400000    0.0482592
  21.0600000    0.0498213
  21.0800000    0.0509870
  21.1000000    0.0516885
  21.1200000    0.0518753
  21.1400000    0.0515188
  21.1600000    0.0506165
  21.1800000    0.0491928
  21.2000000    0.0472976
  21.2200000    0.0450012
  21.2400000    0.0423887
  21.2600000    0.0395517
  21.2800000    0.0365805
  21.3000000    0.0335571
  21.3200000    0.0305493
  21.3400000    0.0276077
  21.3600000    0.0247647
  21.3800000    0.0220360
  21.4000000    0.0194231
  21.4200000    0.0169176
  21.4400000    0.0145053
  21.4600000    0.0121699
  21.4800000    0.0098957
  21.5000000    0.0076691
  21.5200000    0.0054794
  21.5400000    0.0033189
  21.5600000    0.0011819
  21.5800000   -0.0009361
  21.6000000   -0.0030383
  21.6200000   -0.0051278
  21.6400000   -0.0072074
  21.6600000   -0.0092797
  21.6800000   -0.0113478
  21.7000000   -0.0134151
  21.7200000   -0.0154862
  21.7400000   -0.0175668
  21.7600000   -0.0196641
  21.7800000   -0.0217862
  21.8000000   -0.0239407
  21.8200000   -0.0261332
  21.8400000   -0.0283650
  21.8600000   -0.0306306
  21.8800000   -0.0329158
  21.9000000   -0.0351971
  21.9200000   -0.0374417
  21.9400000   -0.0396098
  21.9600000   -0.0416582
  21.9800000   -0.0435442
  22.0000000   -0.0452305
  22.0200000   -0.0466898
  22.0400000   -0.0479068
  22.0600000   -0.0488800
  22.0800000   -0.0496195
  22.1000000   -0.0501447
  22.1200000   -0.0504783
  22.1400000   -0.0506413
  22.1600000   -0.0506472
  22.1800000   -0.0504980
  22.2000000   -0.0501815
  22.2200000   -0.0496716
  22.2400000   -0.0489308
  22.2600000   -0.0479147
  22.2800000   -0.0465783
  22.3000000   -0.0448819
  22.3200000   -0.0427981
  22.3400000   -0.0403159
  22.3600000   -0.0374444
  22.3800000   -0.0342135
  22.4000000   -0.0306724
  22.4200000   -0.0268868
  22.4400000   -0.0229339
  22.4600000   -0.0188973
  22.4800000   -0.0148614
  22.5000000   -0.0109065
  22.5200000   -0.0071046
  22.5400000   -0.0035166
  22.5600000   -0.0001911
  22.5800000    0.0028362
  22.6000000    0.0055417
  22.6200000    0.0079129
  22.6400000    0.0099468
  22.6600000    0.0116492
  22.6800000    0.0130333
  22.7000000    0.0141196
  22.7200000    0.0149359
  22.7400000    0.0155165
  22.7600000    0.0159023
  22.7800000    0.0161392
  22.8000000    0.0162766
  22.8200000    0.0163647
  22.8400000    0.0164508
  22.8600000    0.0165760
  22.8800000    0.0167711
  22.9000000    0.0170538
  22.9200000    0.0174260
  22.9400000    0.0178733
  22.9600000    0.0183658
  22.9800000    0.0188604
  23.0000000    0.0193051
  23.0200000    0.0196440
  23.0400000    0.0198238
  23.0600000    0.0198003
  23.0800000    0.0195440
  23.1000000    0.0190453
  23.1200000    0.0183178
  23.1400000    0.0173992
  23.1600000    0.0163500
  23.1800000    0.0152497
  23.2000000    0.0141908
  23.2200000    0.0132713
  23.2400000    0.0125859
  23.2600000    0.0122177
  23.2800000    0.0122304
  23.3000000    0.0126627
  23.3200000    0.0135239
  23.3400000    0.0147934
  23.3600000    0.0164213
  23.3800000    0.0183320
  23.4000000    0.0204298
  23.4200000    0.0226048
  23.4400000    0.0247401
  23.4600000    0.0267186
  23.4800000    0.0284299
  23.5000000    0.0297761
  23.5200000    0.0306763
  23.5400000    0.0310714
  23.5600000    0.0309263
  23.5800000    0.0302319
  23.6000000    0.0290053
  23.6200000    0.0272891
  23.6400000    0.0251492
  23.6600000    0.0226701
  23.6800000    0.0199507
  23.7000000    0.0170966
  23.7200000    0.0142135
  23.7400000    0.0113993
  23.7600000    0.0087373
  23.7800000    0.0062902
  23.8000000    0.0040962
  23.8200000    0.0021681
  23.8400000    0.0004945
  23.8600000   -0.0009565
  23.8800000   -0.0022309
  23.9000000   -0.0033817
  23.9200000   -0.0044611
  23.9400000   -0.0055135
  23.9600000   -0.0065696
  23.9800000   -0.0076435
  24.0000000   -0.0087311
  24.0200000   -0.0098119
  24.0400000   -0.0108525
  24.0600000   -0.0118115
  24.0800000   -0.0126451
  24.1000000   -0.0133129
  24.1200000   -0.0137820
  24.1400000   -0.0140312
  24.1600000   -0.0140521
  24.1800000   -0.0138498
  24.2000000   -0.0134422
  24.2200000   -0.0128585
  24.2400000   -0.0121371
  24.2600000   -0.0113241
  24.2800000   -0.0104722
  24.3000000   -0.0096395
  24.3200000   -0.0088887
  24.3400000   -0.0082864
  24.3600000   -0.0079009
  24.3800000   -0.0078006
  24.4000000   -0.0080494
  24.4200000   -0.0087025
  24.4400000   -0.0098013
  24.4600000   -0.0113671
  24.4800000   -0.0133976
  24.5000000   -0.0158626
  24.5200000   -0.0187030
  24.5400000   -0.0218324
  24.5600000   -0.0251397
  24.5800000   -0.0284958
  24.6000000   -0.0317605
  24.6200000   -0.0347910
  24.6400000   -0.0374502
  24.6600000   -0.0396153
  24.6800000   -0.0411838
  24.7000000   -0.0420800
  24.7200000   -0.0422580
  24.7400000   -0.0417038
  24.7600000   -0.0404357
  24.7800000   -0.0385029
  24.8000000   -0.0359823
  24.8200000   -0.0329739
  24.8400000   -0.0295955
  24.8600000   -0.0259756
  24.8800000   -0.0222464
  24.9000000   -0.0185360
  24.9200000   -0.0149620
  24.9400000   -0.0116251
  24.9600000   -0.0086051
  24.9800000   -0.0059588
  25.0000000   -0.0037189
  25.0200000   -0.0018966
  25.0400000   -0.0004843
  25.0600000    0.0005400
  25.0800000    0.0012080
  25.1000000    0.0015570
  25.1200000    0.0016268
  25.1400000    0.0014574
  25.1600000    0.0010891
  25.1800000    0.0005628
  25.2000000   -0.0000773
  25.2200000   -0.0007825
  25.2400000   -0.0014968
  25.2600000   -0.0021571
  25.2800000   -0.0026935
  25.3000000   -0.0030325
  25.3200000   -0.0031016
  25.3400000   -0.0028360
  25.3600000   -0.0021859
  25.3800000   -0.0011239
  25.4000000    0.0003484
  25.4200000    0.0021959
  25.4400000    0.0043491
  25.4600000    0.0067056
  25.4800000    0.0091357
  25.5000000    0.0114916
  25.5200000    0.0136185
  25.5400000    0.0153672
  25.5600000    0.0166065
  25.5800000    0.0172347
  25.6000000    0.0171883
  25.6200000    0.0164471
  25.6400000    0.0150363
  25.6600000    0.0130242
  25.6800000    0.0105172
  25.7000000    0.0076514
  25.7200000    0.0045827
  25.7400000    0.0014763
  25.7600000   -0.0015053
  25.7800000   -0.0042120
  25.8000000   -0.0065163
  25.8200000   -0.0083203
  25.8400000   -0.0095620
  25.8600000   -0.0102173
  25.8800000   -0.0103005
  25.9000000   -0.0098618
  25.9200000   -0.0089811
  25.9400000   -0.0077607
  25.9600000   -0.0063158
  25.9800000   -0.0047644
  26.0000000   -0.0032176
  26.0200000   -0.0017706
  26.0400000   -0.0004970
  26.0600000    0.0005560
  26.0800000    0.0013674
  26.1000000    0.0019413
  26.1200000    0.0023019
  26.1400000    0.0024881
  26.1600000    0.0025460
  26.1800000    0.0025226
  26.2000000    0.0024599
  26.2200000    0.0023901
  26.2400000    0.0023330
  26.2600000    0.0022953
  26.2800000    0.0022714
  26.3000000    0.0022461
  26.3200000    0.0021979
  26.3400000    0.0021030
  26.3600000    0.0019398
  26.3800000    0.0016920
  26.4000000    0.0013519
  26.4200000    0.0009220
  26.4400000    0.0004158
  26.4600000   -0.0001430
  26.4800000   -0.0007221
  26.5000000   -0.0012831
  26.5200000   -0.0017849
  26.5400000   -0.0021871
  26.5600000   -0.0024538
  26.5800000   -0.0025569
  26.6000000   -0.0024792
  26.6200000   -0.0022168
  26.6400000   -0.0017805
  26.6600000   -0.0011962
  26.6800000   -0.0005042
  26.7000000    0.0002424
  26.7200000    0.0009813
  26.7400000    0.0016445
  26.7600000    0.0021634
  26.7800000    0.0024736
  26.8000000    0.0025205
  26.8200000    0.0022629
  26.8400000    0.0016774
  26.8600000    0.0007599
  26.8800000   -0.0004736
  26.9000000   -0.0019877
  26.9200000   -0.0037301
  26.9400000   -0.0056355
  26.9600000   -0.0076296
  26.9800000   -0.0096341
  27.0000000   -0.0115725
  27.0200000   -0.0133742
  27.0400000   -0.0149798
  27.0600000   -0.0163442
  27.0800000   -0.0174396
  27.1000000   -0.0182568
  27.1200000   -0.0188055
  27.1400000   -0.0191127
  27.1600000   -0.0192205
  27.1800000   -0.0191814
  27.2000000   -0.0190544
  27.2200000   -0.0188994
  27.2400000   -0.0187720
  27.2600000   -0.0187197
  27.2800000   -0.0187782
  27.3000000   -0.0189699
  27.3200000   -0.0193038
  27.3400000   -0.0197772
  27.3600000   -0.0203777
  27.3800000   -0.0210870
  27.4000000   -0.0218840
  27.4200000   -0.0227472
  27.4400000   -0.0236566
  27.4600000   -0.0245940
  27.4800000   -0.0255423
  27.5000000   -0.0264837
  27.5200000   -0.0273978
  27.5400000   -0.0282593
  27.5600000   -0.0290376
  27.5800000   -0.0296962
  27.6000000   -0.0301945
  27.6200000   -0.0304901
  27.6400000   -0.0305424
  27.6600000   -0.0303163
  27.6800000   -0.0297858
  27.7000000   -0.0289365
  27.7200000   -0.0277675
  27.7400000   -0.0262910
  27.7600000   -0.0245315
  27.7800000   -0.0225238
  27.8000000   -0.0203092
  27.8200000   -0.0179334
  27.8400000   -0.0154427
  27.8600000   -0.0128821
  27.8800000   -0.0102930
  27.9000000   -0.0077131
  27.9200000   -0.0051753
  27.9400000   -0.0027091
  27.9600000   -0.0003407
  27.9800000    0.0019054
  28.0000000    0.0040055
  28.0200000    0.0059365
  28.0400000    0.0076753
  28.0600000    0.0091994
  28.0800000    0.0104883
  28.1000000    0.0115246
  28.1200000    0.0122964
  28.1400000    0.0127986
  28.1600000    0.0130350
  28.1800000    0.0130185
  28.2000000    0.0127718
  28.2200000    0.0123256
  28.2400000    0.0117175
  28.2600000    0.0109891
  28.2800000    0.0101833
  28.3000000    0.0093418
  28.3200000    0.0085028
  28.3400000    0.0077001
  28.3600000    0.0069625
  28.3800000    0.0063148
  28.4000000    0.0057790
  28.4200000    0.0053759
  28.4400000    0.0051260
  28.4600000    0.0050508
  28.4800000    0.0051715
  28.5000000    0.0055078
  28.5200000    0.0060747
  28.5400000    0.0068784
  28.5600000    0.0079126
  28.5800000    0.0091548
  28.6000000    0.0105634
  28.6200000    0.0120779
  28.6400000    0.0136206
  28.6600000    0.0151013
  28.6800000    0.0164250
  28.7000000    0.0175000
  28.7200000    0.0182487
  28.7400000    0.0186165
  28.7600000    0.0185791
  28.7800000    0.0181471
  28.8000000    0.0173665
  28.8200000    0.0163144
  28.8400000    0.0150917
  28.8600000    0.0138113
  28.8800000    0.0125861
  28.9000000    0.0115160
  28.9200000    0.0106771
  28.9400000    0.0101138
  28.9600000    0.0098355
  28.9800000    0.0098178
  29.0000000    0.0100074
  29.0200000    0.0103313
  29.0400000    0.0107068
  29.0600000    0.0110529
  29.0800000    0.0112998
  29.1000000    0.0113967
  29.1200000    0.0113160
  29.1400000    0.0110542
  29.1600000    0.0106299
  29.1800000    0.0100789
  29.2000000    0.0094473
  29.2200000    0.0087848
  29.2400000    0.0081377
  29.2600000    0.0075425
  29.2800000    0.0070228
  29.3000000    0.0065867
  29.3200000    0.0062272
  29.3400000    0.0059243
  29.3600000    0.0056485
  29.3800000    0.0053657
  29.4000000    0.0050420
  29.4200000    0.0046484
  29.4400000    0.0041646
  29.4600000    0.0035820
  29.4800000    0.0029047
  29.5000000    0.0021493
  29.5200000    0.0013439
  29.5400000    0.0005244
  29.5600000   -0.0002677
  29.5800000   -0.0009898
  29.6000000   -0.0016009
  29.6200000   -0.0020656
  29.6400000   -0.0023558
  29.6600000   -0.0024529
  29.6800000   -0.0023481
  29.7000000   -0.0020432
  29.7200000   -0.0015497
  29.7400000   -0.0008882
  29.7600000   -0.0000865
  29.7800000    0.0008218
  29.8000000    0.0017993
  29.8200000    0.0028069
  29.8400000    0.0038065
  29.8600000    0.0047631
  29.8800000    0.0056475
  29.9000000    0.0064383
  29.9200000    0.0071239
  29.9400000    0.0077033
  29.9600000    0.0081866
  29.9800000    0.0085946
  30.0000000    0.0089565
