 -10.0000000   -0.0461622
  -9.9800000   -0.0496241
  -9.9600000   -0.0530319
  -9.9400000   -0.0562348
  -9.9200000   -0.0590916
  -9.9000000   -0.0614849
  -9.8800000   -0.0633331
  -9.8600000   -0.0646005
  -9.8400000   -0.0653018
  -9.8200000   -0.0655023
  -9.8000000   -0.0653133
  -9.7800000   -0.0648823
  -9.7600000   -0.0643800
  -9.7400000   -0.0639848
  -9.7200000   -0.0638656
  -9.7000000   -0.0641652
  -9.6800000   -0.0649848
  -9.6600000   -0.0663719
  -9.6400000   -0.0683113
  -9.6200000   -0.0707229
  -9.6000000   -0.0734635
  -9.5800000   -0.0763366
  -9.5600000   -0.0791067
  -9.5400000   -0.0815196
  -9.5200000   -0.0833241
  -9.5000000   -0.0842965
  -9.4800000   -0.0842609
  -9.4600000   -0.0831063
  -9.4400000   -0.0807962
  -9.4200000   -0.0773704
  -9.4000000   -0.0729386
  -9.3800000   -0.0676660
  -9.3600000   -0.0617544
  -9.3400000   -0.0554196
  -9.3200000   -0.0488701
  -9.3000000   -0.0422877
  -9.2800000   -0.0358141
  -9.2600000   -0.0295429
  -9.2400000   -0.0235194
  -9.2200000   -0.0177457
  -9.2000000   -0.0121906
  -9.1800000   -0.0068020
  -9.1600000   -0.0015204
  -9.1400000    0.0037092
  -9.1200000    0.0089274
  -9.1000000    0.0141546
  -9.0800000    0.0193889
  -9.0600000    0.0246073
  -9.0400000    0.0297704
  -9.0200000    0.0348291
  -9.0000000    0.0397318
  -8.9800000    0.0444330
  -8.9600000    0.0488993
  -8.9400000    0.0531150
  -8.9200000    0.0570851
  -8.9000000    0.0608364
  -8.8800000    0.0644155
  -8.8600000    0.0678853
  -8.8400000    0.0713195
  -8.8200000    0.0747960
  -8.8000000    0.0783889
  -8.7800000    0.0821619
  -8.7600000    0.0861600
  -8.7400000    0.0904041
  -8.7200000    0.0948861
  -8.7000000    0.0995654
  -8.6800000    0.1043687
  -8.6600000    0.1091908
  -8.6400000    0.1138980
  -8.6200000    0.1183344
  -8.6000000    0.1223293
  -8.5800000    0.1257067
  -8.5600000    0.1282958
  -8.5400000    0.1299423
  -8.5200000    0.1305184
  -8.5000000    0.1299322
  -8.4800000    0.1281354
  -8.4600000    0.1251269
  -8.4400000    0.1209550
  -8.4200000    0.1157152
  -8.4000000    0.1095455
  -8.3800000    0.1026194
  -8.3600000    0.0951364
  -8.3400000    0.0873118
  -8.3200000    0.0793656
  -8.3000000    0.0715123
  -8.2800000    0.0639498
  -8.2600000    0.0568514
  -8.2400000    0.0503578
  -8.2200000    0.0445718
  -8.2000000    0.0395550
  -8.1800000    0.0353267
  -8.1600000    0.0318662
  -8.1400000    0.0291166
  -8.1200000    0.0269916
  -8.1000000    0.0253837
  -8.0800000    0.0241737
  -8.0600000    0.0232403
  -8.0400000    0.0224696
  -8.0200000    0.0217621
  -8.0000000    0.0210391
  -7.9800000    0.0202451
  -7.9600000    0.0193492
  -7.9400000    0.0183424
  -7.9200000    0.0172345
  -7.9000000    0.0160481
  -7.8800000    0.0148131
  -7.8600000    0.0135604
  -7.8400000    0.0123155
  -7.8200000    0.0110945
  -7.8000000    0.0098991
  -7.7800000    0.0087152
  -7.7600000    0.0075104
  -7.7400000    0.0062347
  -7.7200000    0.0048218
  -7.7000000    0.0031911
  -7.6800000    0.0012521
  -7.6600000   -0.0010905
  -7.6400000   -0.0039306
  -7.6200000   -0.0073520
  -7.6000000   -0.0114198
  -7.5800000   -0.0161700
  -7.5600000   -0.0216002
  -7.5400000   -0.0276608
  -7.5200000   -0.0342485
  -7.5000000   -0.0412045
  -7.4800000   -0.0483178
  -7.4600000   -0.0553340
  -7.4400000   -0.0619718
  -7.4200000   -0.0679437
  -7.4000000   -0.0729820
  -7.3800000   -0.0768648
  -7.3600000   -0.0794411
  -7.3400000   -0.0806494
  -7.3200000   -0.0805287
  -7.3000000   -0.0792182
  -7.2800000   -0.0769465
  -7.2600000   -0.0740096
  -7.2400000   -0.0707418
  -7.2200000   -0.0674821
  -7.2000000   -0.0645407
  -7.1800000   -0.0621703
  -7.1600000   -0.0605446
  -7.1400000   -0.0597486
  -7.1200000   -0.0597785
  -7.1000000   -0.0605528
  -7.0800000   -0.0619306
  -7.0600000   -0.0637343
  -7.0400000   -0.0657730
  -7.0200000   -0.0678637
  -7.0000000   -0.0698458
  -6.9800000   -0.0715907
  -6.9600000   -0.0730033
  -6.9400000   -0.0740187
  -6.9200000   -0.0745957
  -6.9000000   -0.0747091
  -6.8800000   -0.0743441
  -6.8600000   -0.0734936
  -6.8400000   -0.0721601
  -6.8200000   -0.0703627
  -6.8000000   -0.0681453
  -6.7800000   -0.0655879
  -6.7600000   -0.0628149
  -6.7400000   -0.0600006
  -6.7200000   -0.0573687
  -6.7000000   -0.0551842
  -6.6800000   -0.0537387
  -6.6600000   -0.0533280
  -6.6400000   -0.0542256
  -6.6200000   -0.0566528
  -6.6000000   -0.0607509
  -6.5800000   -0.0665560
  -6.5600000   -0.0739824
  -6.5400000   -0.0828148
  -6.5200000   -0.0927133
  -6.5000000   -0.1032284
  -6.4800000   -0.1138287
  -6.4600000   -0.1239358
  -6.4400000   -0.1329647
  -6.4200000   -0.1403662
  -6.4000000   -0.1456657
  -6.3800000   -0.1484964
  -6.3600000   -0.1486229
  -6.3400000   -0.1459551
  -6.3200000   -0.1405493
  -6.3000000   -0.1326002
  -6.2800000   -0.1224230
  -6.2600000   -0.1104282
  -6.2400000   -0.0970919
  -6.2200000   -0.0829239
  -6.2000000   -0.0684351
  -6.1800000   -0.0541078
  -6.1600000   -0.0403695
  -6.1400000   -0.0275723
  -6.1200000   -0.0159794
  -6.1000000   -0.0057580
  -6.0800000    0.0030195
  -6.0600000    0.0103684
  -6.0400000    0.0163788
  -6.0200000    0.0211984
  -6.0000000    0.0250139
  -5.9800000    0.0280313
  -5.9600000    0.0304580
  -5.9400000    0.0324874
  -5.9200000    0.0342865
  -5.9000000    0.0359880
  -5.8800000    0.0376853
  -5.8600000    0.0394310
  -5.8400000    0.0412386
  -5.8200000    0.0430860
  -5.8000000    0.0449213
  -5.7800000    0.0466698
  -5.7600000    0.0482421
  -5.7400000    0.0495430
  -5.7200000    0.0504808
  -5.7000000    0.0509763
  -5.6800000    0.0509705
  -5.6600000    0.0504318
  -5.6400000    0.0493603
  -5.6200000    0.0477902
  -5.6000000    0.0457892
  -5.5800000    0.0434557
  -5.5600000    0.0409135
  -5.5400000    0.0383049
  -5.5200000    0.0357830
  -5.5000000    0.0335025
  -5.4800000    0.0316123
  -5.4600000    0.0302468
  -5.4400000    0.0295188
  -5.4200000    0.0295127
  -5.4000000    0.0302787
  -5.3800000    0.0318275
  -5.3600000    0.0341268
  -5.3400000    0.0370989
  -5.3200000    0.0406220
  -5.3000000    0.0445332
  -5.2800000    0.0486368
  -5.2600000    0.0527156
  -5.2400000    0.0565462
  -5.2200000    0.0599166
  -5.2000000    0.0626456
  -5.1800000    0.0646001
  -5.1600000    0.0657103
  -5.1400000    0.0659791
  -5.1200000    0.0654853
  -5.1000000    0.0643796
  -5.0800000    0.0628731
  -5.0600000    0.0612199
  -5.0400000    0.0596951
  -5.0200000    0.0585704
  -5.0000000    0.0580903
  -4.9800000    0.0584499
  -4.9600000    0.0597773
  -4.9400000    0.0621216
  -4.9200000    0.0654480
  -4.9000000    0.0696394
  -4.8800000    0.0745050
  -4.8600000    0.0797956
  -4.8400000    0.0852230
  -4.8200000    0.0904828
  -4.8000000    0.0952780
  -4.7800000    0.0993418
  -4.7600000    0.1024560
  -4.7400000    0.1044645
  -4.7200000    0.1052804
  -4.7000000    0.1048854
  -4.6800000    0.1033238
  -4.6600000    0.1006908
  -4.6400000    0.0971177
  -4.6200000    0.0927571
  -4.6000000    0.0877685
  -4.5800000    0.0823069
  -4.5600000    0.0765156
  -4.5400000    0.0705222
  -4.5200000    0.0644380
  -4.5000000    0.0583596
  -4.4800000    0.0523717
  -4.4600000    0.0465496
  -4.4400000    0.0409603
  -4.4200000    0.0356631
  -4.4000000    0.0307087
  -4.3800000    0.0261366
  -4.3600000    0.0219738
  -4.3400000    0.0182326
  -4.3200000    0.0149097
  -4.3000000    0.0119867
  -4.2800000    0.0094316
  -4.2600000    0.0072014
  -4.2400000    0.0052452
  -4.2200000    0.0035085
  -4.2000000    0.0019361
  -4.1800000    0.0004758
  -4.1600000   -0.0009195
  -4.1400000   -0.0022895
  -4.1200000   -0.0036664
  -4.1000000   -0.0050740
  -4.0800000   -0.0065289
  -4.0600000   -0.0080413
  -4.0400000   -0.0096164
  -4.0200000   -0.0112560
  -4.0000000   -0.0129594
  -3.9800000   -0.0147251
  -3.9600000   -0.0165503
  -3.9400000   -0.0184311
  -3.9200000   -0.0203613
  -3.9000000   -0.0223306
  -3.8800000   -0.0243226
  -3.8600000   -0.0263120
  -3.8400000   -0.0282635
  -3.8200000   -0.0301298
  -3.8000000   -0.0318525
  -3.7800000   -0.0333635
  -3.7600000   -0.0345882
  -3.7400000   -0.0354507
  -3.7200000   -0.0358799
  -3.7000000   -0.0358163
  -3.6800000   -0.0352187
  -3.6600000   -0.0340707
  -3.6400000   -0.0323860
  -3.6200000   -0.0302120
  -3.6000000   -0.0276317
  -3.5800000   -0.0247644
  -3.5600000   -0.0217636
  -3.5400000   -0.0188145
  -3.5200000   -0.0161281
  -3.5000000   -0.0139346
  -3.4800000   -0.0124736
  -3.4600000   -0.0119819
  -3.4400000   -0.0126789
  -3.4200000   -0.0147499
  -3.4000000   -0.0183273
  -3.3800000   -0.0234730
  -3.3600000   -0.0301619
  -3.3400000   -0.0382703
  -3.3200000   -0.0475706
  -3.3000000   -0.0577351
  -3.2800000   -0.0683488
  -3.2600000   -0.0789330
  -3.2400000   -0.0889759
  -3.2200000   -0.0979706
  -3.2000000   -0.1054538
  -3.1800000   -0.1110426
  -3.1600000   -0.1144652
  -3.1400000   -0.1155809
  -3.1200000   -0.1143875
  -3.1000000   -0.1110160
  -3.0800000   -0.1057128
  -3.0600000   -0.0988123
  -3.0400000   -0.0907041
  -3.0200000   -0.0817976
  -3.0000000   -0.0724904
  -2.9800000   -0.0631407
  -2.9600000   -0.0540484
  -2.9400000   -0.0454447
  -2.9200000   -0.0374895
  -2.9000000   -0.0302758
  -2.8800000   -0.0238391
  -2.8600000   -0.0181698
  -2.8400000   -0.0132255
  -2.8200000   -0.0089440
  -2.8000000   -0.0052531
  -2.7800000   -0.0020790
  -2.7600000    0.0006483
  -2.7400000    0.0029913
  -2.7200000    0.0050033
  -2.7000000    0.0067280
  -2.6800000    0.0081994
  -2.6600000    0.0094430
  -2.6400000    0.0104759
  -2.6200000    0.0113085
  -2.6000000    0.0119454
  -2.5800000    0.0123865
  -2.5600000    0.0126288
  -2.5400000    0.0126680
  -2.5200000    0.0125007
  -2.5000000    0.0121267
  -2.4800000    0.0115508
  -2.4600000    0.0107847
  -2.4400000    0.0098490
  -2.4200000    0.0087728
  -2.4000000    0.0075947
  -2.3800000    0.0063608
  -2.3600000    0.0051228
  -2.3400000    0.0039357
  -2.3200000    0.0028535
  -2.3000000    0.0019261
  -2.2800000    0.0011957
  -2.2600000    0.0006934
  -2.2400000    0.0004371
  -2.2200000    0.0004303
  -2.2000000    0.0006619
  -2.1800000    0.0011067
  -2.1600000    0.0017279
  -2.1400000    0.0024790
  -2.1200000    0.0033066
  -2.1000000    0.0041534
  -2.0800000    0.0049604
  -2.0600000    0.0056694
  -2.0400000    0.0062243
  -2.0200000    0.0065734
  -2.0000000    0.0066702
  -1.9800000    0.0064755
  -1.9600000    0.0059589
  -1.9400000    0.0051014
  -1.9200000    0.0038970
  -1.9000000    0.0023562
  -1.8800000    0.0005071
  -1.8600000   -0.0016018
  -1.8400000   -0.0039006
  -1.8200000   -0.0062971
  -1.8000000   -0.0086767
  -1.7800000   -0.0109026
  -1.7600000   -0.0128167
  -1.7400000   -0.0142411
  -1.7200000   -0.0149800
  -1.7000000   -0.0148232
  -1.6800000   -0.0135508
  -1.6600000   -0.0109401
  -1.6400000   -0.0067749
  -1.6200000   -0.0008585
  -1.6000000    0.0069715
  -1.5800000    0.0168255
  -1.5600000    0.0287434
  -1.5400000    0.0426764
  -1.5200000    0.0584721
  -1.5000000    0.0758643
  -1.4800000    0.0944702
  -1.4600000    0.1137968
  -1.4400000    0.1332576
  -1.4200000    0.1521991
  -1.4000000    0.1699366
  -1.3800000    0.1857959
  -1.3600000    0.1991583
  -1.3400000    0.2095032
  -1.3200000    0.2164453
  -1.3000000    0.2197623
  -1.2800000    0.2194086
  -1.2600000    0.2155157
  -1.2400000    0.2083774
  -1.2200000    0.1984229
  -1.2000000    0.1861806
  -1.1800000    0.1722370
  -1.1600000    0.1571937
  -1.1400000    0.1416292
  -1.1200000    0.1260659
  -1.1000000    0.1109470
  -1.0800000    0.0966226
  -1.0600000    0.0833449
  -1.0400000    0.0712724
  -1.0200000    0.0604792
  -1.0000000    0.0509697
  -0.9800000    0.0426946
  -0.9600000    0.0355677
  -0.9400000    0.0294822
  -0.9200000    0.0243249
  -0.9000000    0.0199894
  -0.8800000    0.0163869
  -0.8600000    0.0134555
  -0.8400000    0.0111676
  -0.8200000    0.0095354
  -0.8000000    0.0086140
  -0.7800000    0.0085016
  -0.7600000    0.0093356
  -0.7400000    0.0112834
  -0.7200000    0.0145277
  -0.7000000    0.0192465
  -0.6800000    0.0255859
  -0.6600000    0.0336313
  -0.6400000    0.0433758
  -0.6200000    0.0546922
  -0.6000000    0.0673126
  -0.5800000    0.0808189
  -0.5600000    0.0946500
  -0.5400000    0.1081261
  -0.5200000    0.1204914
  -0.5000000    0.1309715
  -0.4800000    0.1388405
  -0.4600000    0.1434894
  -0.4400000    0.1444875
  -0.4200000    0.1416277
  -0.4000000    0.1349492
  -0.3800000    0.1247326
  -0.3600000    0.1114694
  -0.3400000    0.0958072
  -0.3200000    0.0784810
  -0.3000000    0.0602379
  -0.2800000    0.0417674
  -0.2600000    0.0236463
  -0.2400000    0.0063042
  -0.2200000   -0.0099861
  -0.2000000   -0.0250943
  -0.1800000   -0.0389991
  -0.1600000   -0.0517427
  -0.1400000   -0.0633814
  -0.1200000   -0.0739410
  -0.1000000   -0.0833844
  -0.0800000   -0.0915949
  -0.0600000   -0.0983780
  -0.0400000   -0.1034798
  -0.0200000   -0.1066172
   0.0000000   -0.1075163
   0.0200000   -0.1059504
   0.0400000   -0.1017736
   0.0600000   -0.0949456
   0.0800000   -0.0855441
   0.1000000   -0.0737660
   0.1200000   -0.0599173
   0.1400000   -0.0443961
   0.1600000   -0.0276692
   0.1800000   -0.0102486
   0.2000000    0.0073335
   0.2200000    0.0245466
   0.2400000    0.0408827
   0.2600000    0.0558752
   0.2800000    0.0691161
   0.3000000    0.0802716
   0.3200000    0.0890965
   0.3400000    0.0954454
   0.3600000    0.0992796
   0.3800000    0.1006689
   0.4000000    0.0997863
   0.4200000    0.0968961
   0.4400000    0.0923350
   0.4600000    0.0864883
   0.4800000    0.0797633
   0.5000000    0.0725623
   0.5200000    0.0652576
   0.5400000    0.0581715
   0.5600000    0.0515625
   0.5800000    0.0456175
   0.6000000    0.0404519
   0.6200000    0.0361146
   0.6400000    0.0325975
   0.6600000    0.0298479
   0.6800000    0.0277812
   0.7000000    0.0262940
   0.7200000    0.0252745
   0.7400000    0.0246114
   0.7600000    0.0242010
   0.7800000    0.0239506
   0.8000000    0.0237827
   0.8200000    0.0236359
   0.8400000    0.0234661
   0.8600000    0.0232478
   0.8800000    0.0229736
   0.9000000    0.0226541
   0.9200000    0.0223165
   0.9400000    0.0220019
   0.9600000    0.0217609
   0.9800000    0.0216489
   1.0000000    0.0217188
   1.0200000    0.0220145
   1.0400000    0.0225637
   1.0600000    0.0233723
   1.0800000    0.0244203
   1.1000000    0.0256599
   1.1200000    0.0270167
   1.1400000    0.0283921
   1.1600000    0.0296692
   1.1800000    0.0307188
   1.2000000    0.0314075
   1.2200000    0.0316052
   1.2400000    0.0311921
   1.2600000    0.0300658
   1.2800000    0.0281468
   1.3000000    0.0253830
   1.3200000    0.0217532
   1.3400000    0.0172699
   1.3600000    0.0119805
   1.3800000    0.0059685
   1.4000000   -0.0006473
   1.4200000   -0.0077141
   1.4400000   -0.0150478
   1.4600000   -0.0224375
   1.4800000   -0.0296511
   1.5000000   -0.0364429
   1.5200000   -0.0425625
   1.5400000   -0.0477642
   1.5600000   -0.0518168
   1.5800000   -0.0545123
   1.6000000   -0.0556723
   1.6200000   -0.0551528
   1.6400000   -0.0528453
   1.6600000   -0.0486754
   1.6800000   -0.0425998
   1.7000000   -0.0346036
   1.7200000   -0.0246983
   1.7400000   -0.0129237
   1.7600000    0.0006469
   1.7800000    0.0158966
   1.8000000    0.0326522
   1.8200000    0.0506707
   1.8400000    0.0696273
   1.8600000    0.0891101
   1.8800000    0.1086220
   1.9000000    0.1275944
   1.9200000    0.1454108
   1.9400000    0.1614411
   1.9600000    0.1750827
   1.9800000    0.1858039
   2.0000000    0.1931860
   2.0200000    0.1969567
   2.0400000    0.1970137
   2.0600000    0.1934326
   2.0800000    0.1864610
   2.1000000    0.1764974
   2.1200000    0.1640594
   2.1400000    0.1497434
   2.1600000    0.1341816
   2.1800000    0.1180003
   2.2000000    0.1017824
   2.2200000    0.0860387
   2.2400000    0.0711882
   2.2600000    0.0575479
   2.2800000    0.0453323
   2.3000000    0.0346595
   2.3200000    0.0255638
   2.3400000    0.0180107
   2.3600000    0.0119136
   2.3800000    0.0071509
   2.4000000    0.0035798
   2.4200000    0.0010494
   2.4400000   -0.0005901
   2.4600000   -0.0014808
   2.4800000   -0.0017530
   2.5000000   -0.0015239
   2.5200000   -0.0008975
   2.5400000    0.0000344
   2.5600000    0.0011902
   2.5800000    0.0024967
   2.6000000    0.0038881
   2.6200000    0.0053050
   2.6400000    0.0066947
   2.6600000    0.0080117
   2.6800000    0.0092193
   2.7000000    0.0102906
   2.7200000    0.0112106
   2.7400000    0.0119763
   2.7600000    0.0125976
   2.7800000    0.0130958
   2.8000000    0.0135027
   2.8200000    0.0138577
   2.8400000    0.0142047
   2.8600000    0.0145892
   2.8800000    0.0150549
   2.9000000    0.0156407
   2.9200000    0.0163789
   2.9400000    0.0172932
   2.9600000    0.0183983
   2.9800000    0.0196991
   3.0000000    0.0211902
   3.0200000    0.0228540
   3.0400000    0.0246587
   3.0600000    0.0265542
   3.0800000    0.0284670
   3.1000000    0.0302947
   3.1200000    0.0319004
   3.1400000    0.0331106
   3.1600000    0.0337150
   3.1800000    0.0334739
   3.2000000    0.0321305
   3.2200000    0.0294316
   3.2400000    0.0251526
   3.2600000    0.0191272
   3.2800000    0.0112759
   3.3000000    0.0016309
   3.3200000   -0.0096482
   3.3400000   -0.0222705
   3.3600000   -0.0358245
   3.3800000   -0.0498035
   3.4000000   -0.0636433
   3.4200000   -0.0767684
   3.4400000   -0.0886418
   3.4600000   -0.0988120
   3.4800000   -0.1069518
   3.5000000   -0.1128835
   3.5200000   -0.1165900
   3.5400000   -0.1182087
   3.5600000   -0.1180111
   3.5800000   -0.1163713
   3.6000000   -0.1137268
   3.6200000   -0.1105359
   3.6400000   -0.1072374
   3.6600000   -0.1042151
   3.6800000   -0.1017701
   3.7000000   -0.1001030
   3.7200000   -0.0993056
   3.7400000   -0.0993625
   3.7600000   -0.1001619
   3.7800000   -0.1015128
   3.8000000   -0.1031675
   3.8200000   -0.1048472
   3.8400000   -0.1062684
   3.8600000   -0.1071678
   3.8800000   -0.1073242
   3.9000000   -0.1065746
   3.9200000   -0.1048258
   3.9400000   -0.1020574
   3.9600000   -0.0983194
   3.9800000   -0.0937232
   4.0000000   -0.0884274
   4.0200000   -0.0826212
   4.0400000   -0.0765062
   4.0600000   -0.0702789
   4.0800000   -0.0641167
   4.1000000   -0.0581672
   4.1200000   -0.0525424
   4.1400000   -0.0473180
   4.1600000   -0.0425363
   4.1800000   -0.0382129
   4.2000000   -0.0343442
   4.2200000   -0.0309159
   4.2400000   -0.0279100
   4.2600000   -0.0253103
   4.2800000   -0.0231051
   4.3000000   -0.0212879
   4.3200000   -0.0198554
   4.3400000   -0.0188047
   4.3600000   -0.0181295
   4.3800000   -0.0178166
   4.4000000   -0.0178429
   4.4200000   -0.0181741
   4.4400000   -0.0187648
   4.4600000   -0.0195596
   4.4800000   -0.0204964
   4.5000000   -0.0215092
   4.5200000   -0.0225320
   4.5400000   -0.0235015
   4.5600000   -0.0243602
   4.5800000   -0.0250564
   4.6000000   -0.0255448
   4.6200000   -0.0257848
   4.6400000   -0.0257377
   4.6600000   -0.0253647
   4.6800000   -0.0246234
   4.7000000   -0.0234660
   4.7200000   -0.0218383
   4.7400000   -0.0196799
   4.7600000   -0.0169267
   4.7800000   -0.0135142
   4.8000000   -0.0093838
   4.8200000   -0.0044886
   4.8400000    0.0011979
   4.8600000    0.0076748
   4.8800000    0.0149059
   4.9000000    0.0228138
   4.9200000    0.0312760
   4.9400000    0.0401238
   4.9600000    0.0491454
   4.9800000    0.0580929
   5.0000000    0.0666935
   5.0200000    0.0746647
   5.0400000    0.0817326
   5.0600000    0.0876511
   5.0800000    0.0922216
   5.1000000    0.0953103
   5.1200000    0.0968608
   5.1400000    0.0969026
   5.1600000    0.0955525
   5.1800000    0.0930106
   5.2000000    0.0895504
   5.2200000    0.0855046
   5.2400000    0.0812485
   5.2600000    0.0771808
   5.2800000    0.0737053
   5.3000000    0.0712120
   5.3200000    0.0700582
   5.3400000    0.0705508
   5.3600000    0.0729273
   5.3800000    0.0773384
   5.4000000    0.0838301
   5.4200000    0.0923289
   5.4400000    0.1026311
   5.4600000    0.1143993
   5.4800000    0.1271682
   5.5000000    0.1403620
   5.5200000    0.1533231
   5.5400000    0.1653529
   5.5600000    0.1757599
   5.5800000    0.1839112
   5.6000000    0.1892837
   5.6200000    0.1915055
   5.6400000    0.1903863
   5.6600000    0.1859307
   5.6800000    0.1783327
   5.7000000    0.1679540
   5.7200000    0.1552874
   5.7400000    0.1409104
   5.7600000    0.1254355
   5.7800000    0.1094614
   5.8000000    0.0935319
   5.8200000    0.0781035
   5.8400000    0.0635265
   5.8600000    0.0500374
   5.8800000    0.0377629
   5.9000000    0.0267322
   5.9200000    0.0168956
   5.9400000    0.0081469
   5.9600000    0.0003458
   5.9800000   -0.0066611
   6.0000000   -0.0130218
   6.0200000   -0.0188646
   6.0400000   -0.0242886
   6.0600000   -0.0293588
   6.0800000   -0.0341047
   6.1000000   -0.0385243
   6.1200000   -0.0425900
   6.1400000   -0.0462574
   6.1600000   -0.0494746
   6.1800000   -0.0521927
   6.2000000   -0.0543747
   6.2200000   -0.0560025
   6.2400000   -0.0570824
   6.2600000   -0.0576474
   6.2800000   -0.0577567
   6.3000000   -0.0574937
   6.3200000   -0.0569604
   6.3400000   -0.0562720
   6.3600000   -0.0555489
   6.3800000   -0.0549097
   6.4000000   -0.0544636
   6.4200000   -0.0543036
   6.4400000   -0.0545004
   6.4600000   -0.0550973
   6.4800000   -0.0561071
   6.5000000   -0.0575100
   6.5200000   -0.0592534
   6.5400000   -0.0612538
   6.5600000   -0.0634005
   6.5800000   -0.0655611
   6.6000000   -0.0675901
   6.6200000   -0.0693370
   6.6400000   -0.0706578
   6.6600000   -0.0714250
   6.6800000   -0.0715383
   6.7000000   -0.0709331
   6.7200000   -0.0695873
   6.7400000   -0.0675241
   6.7600000   -0.0648115
   6.7800000   -0.0615579
   6.8000000   -0.0579033
   6.8200000   -0.0540086
   6.8400000   -0.0500427
   6.8600000   -0.0461687
   6.8800000   -0.0425320
   6.9000000   -0.0392501
   6.9200000   -0.0364060
   6.9400000   -0.0340450
   6.9600000   -0.0321755
   6.9800000   -0.0307731
   7.0000000   -0.0297870
   7.0200000   -0.0291477
   7.0400000   -0.0287749
   7.0600000   -0.0285856
   7.0800000   -0.0284996
   7.1000000   -0.0284442
   7.1200000   -0.0283569
   7.1400000   -0.0281862
   7.1600000   -0.0278916
   7.1800000   -0.0274421
   7.2000000   -0.0268144
   7.2200000   -0.0259919
   7.2400000   -0.0249621
   7.2600000   -0.0237164
   7.2800000   -0.0222485
   7.3000000   -0.0205544
   7.3200000   -0.0186318
   7.3400000   -0.0164798
   7.3600000   -0.0140992
   7.3800000   -0.0114919
   7.4000000   -0.0086612
   7.4200000   -0.0056112
   7.4400000   -0.0023478
   7.4600000    0.0011220
   7.4800000    0.0047883
   7.5000000    0.0086379
   7.5200000    0.0126525
   7.5400000    0.0168079
   7.5600000    0.0210721
   7.5800000    0.0254053
   7.6000000    0.0297593
   7.6200000    0.0340790
   7.6400000    0.0383042
   7.6600000    0.0423728
   7.6800000    0.0462252
   7.7000000    0.0498085
   7.7200000    0.0530813
   7.7400000    0.0560178
   7.7600000    0.0586106
   7.7800000    0.0608713
   7.8000000    0.0628294
   7.8200000    0.0645279
   7.8400000    0.0660176
   7.8600000    0.0673491
   7.8800000    0.0685639
   7.9000000    0.0696871
   7.9200000    0.0707205
   7.9400000    0.0716396
   7.9600000    0.0723941
   7.9800000    0.0729118
   8.0000000    0.0731064
   8.0200000    0.0728872
   8.0400000    0.0721703
   8.0600000    0.0708886
   8.0800000    0.0689998
   8.1000000    0.0664913
   8.1200000    0.0633810
   8.1400000    0.0597146
   8.1600000    0.0555592
   8.1800000    0.0509963
   8.2000000    0.0461128
   8.2200000    0.0409936
   8.2400000    0.0357157
   8.2600000    0.0303445
   8.2800000    0.0249332
   8.3000000    0.0195241
   8.3200000    0.0141521
   8.3400000    0.0088490
   8.3600000    0.0036481
   8.3800000   -0.0014117
   8.4000000   -0.0062830
   8.4200000   -0.0109088
   8.4400000   -0.0152227
   8.4600000   -0.0191517
   8.4800000   -0.0226198
   8.5000000   -0.0255534
   8.5200000   -0.0278867
   8.5400000   -0.0295674
   8.5600000   -0.0305617
   8.5800000   -0.0308581
   8.6000000   -0.0304689
   8.6200000   -0.0294309
   8.6400000   -0.0278033
   8.6600000   -0.0256649
   8.6800000   -0.0231096
   8.7000000   -0.0202424
   8.7200000   -0.0171753
   8.7400000   -0.0140238
   8.7600000   -0.0109044
   8.7800000   -0.0079331
   8.8000000   -0.0052232
   8.8200000   -0.0028835
   8.8400000   -0.0010155
   8.8600000    0.0002917
   8.8800000    0.0009668
   8.9000000    0.0009643
   8.9200000    0.0002719
   8.9400000   -0.0010827
   8.9600000   -0.0030267
   8.9800000   -0.0054410
   9.0000000   -0.0081632
   9.0200000   -0.0109955
   9.0400000   -0.0137175
   9.0600000   -0.0161029
   9.0800000   -0.0179385
   9.1000000   -0.0190437
   9.1200000   -0.0192878
   9.1400000   -0.0186036
   9.1600000   -0.0169951
   9.1800000   -0.0145379
   9.2000000   -0.0113728
   9.2200000   -0.0076929
   9.2400000   -0.0037251
   9.2600000    0.0002902
   9.2800000    0.0041208
   9.3000000    0.0075613
   9.3200000    0.0104480
   9.3400000    0.0126685
   9.3600000    0.0141642
   9.3800000    0.0149284
   9.4000000    0.0149989
   9.4200000    0.0144478
   9.4400000    0.0133694
   9.4600000    0.0118694
   9.4800000    0.0100544
   9.5000000    0.0080242
   9.5200000    0.0058671
   9.5400000    0.0036572
   9.5600000    0.0014545
   9.5800000   -0.0006936
   9.6000000   -0.0027490
   9.6200000   -0.0046798
   9.6400000   -0.0064567
   9.6600000   -0.0080502
   9.6800000   -0.0094284
   9.7000000   -0.0105560
   9.7200000   -0.0113955
   9.7400000   -0.0119084
   9.7600000   -0.0120587
   9.7800000   -0.0118175
   9.8000000   -0.0111676
   9.8200000   -0.0101086
   9.8400000   -0.0086614
   9.8600000   -0.0068717
   9.8800000   -0.0048121
   9.9000000   -0.0025818
   9.9200000   -0.0003051
   9.9400000    0.0018734
   9.9600000    0.0037949
   9.9800000    0.0052951
  10.0000000    0.0062139
  10.0200000    0.0064068
  10.0400000    0.0057564
  10.0600000    0.0041843
  10.0800000    0.0016613
  10.1000000   -0.0017845
  10.1200000   -0.0060633
  10.1400000   -0.0110227
  10.1600000   -0.0164531
  10.1800000   -0.0220983
  10.2000000   -0.0276702
  10.2200000   -0.0328697
  10.2400000   -0.0374082
  10.2600000   -0.0410307
  10.2800000   -0.0435364
  10.3000000   -0.0447954
  10.3200000   -0.0447585
  10.3400000   -0.0434602
  10.3600000   -0.0410141
  10.3800000   -0.0376007
  10.4000000   -0.0334507
  10.4200000   -0.0288238
  10.4400000   -0.0239879
  10.4600000   -0.0191985
  10.4800000   -0.0146814
  10.5000000   -0.0106206
  10.5200000   -0.0071503
  10.5400000   -0.0043520
  10.5600000   -0.0022562
  10.5800000   -0.0008471
  10.6000000   -0.0000697
  10.6200000    0.0001623
  10.6400000   -0.0000418
  10.6600000   -0.0005580
  10.6800000   -0.0012547
  10.7000000   -0.0019988
  10.7200000   -0.0026614
  10.7400000   -0.0031221
  10.7600000   -0.0032741
  10.7800000   -0.0030274
  10.8000000   -0.0023126
  10.8200000   -0.0010852
  10.8400000    0.0006718
  10.8600000    0.0029451
  10.8800000    0.0056886
  10.9000000    0.0088233
  10.9200000    0.0122377
  10.9400000    0.0157907
  10.9600000    0.0193157
  10.9800000    0.0226271
  11.0000000    0.0255285
  11.0200000    0.0278217
  11.0400000    0.0293170
  11.0600000    0.0298444
  11.0800000    0.0292639
  11.1000000    0.0274761
  11.1200000    0.0244316
  11.1400000    0.0201387
  11.1600000    0.0146691
  11.1800000    0.0081598
  11.2000000    0.0008123
  11.2200000   -0.0071141
  11.2400000   -0.0153123
  11.2600000   -0.0234430
  11.2800000   -0.0311537
  11.3000000   -0.0381009
  11.3200000   -0.0439720
  11.3400000   -0.0485073
  11.3600000   -0.0515177
  11.3800000   -0.0528974
  11.4000000   -0.0526306
  11.4200000   -0.0507907
  11.4400000   -0.0475328
  11.4600000   -0.0430802
  11.4800000   -0.0377064
  11.5000000   -0.0317139
  11.5200000   -0.0254128
  11.5400000   -0.0191000
  11.5600000   -0.0130411
  11.5800000   -0.0074559
  11.6000000   -0.0025090
  11.6200000    0.0016945
  11.6400000    0.0051092
  11.6600000    0.0077435
  11.6800000    0.0096515
  11.7000000    0.0109206
  11.7200000    0.0116592
  11.7400000    0.0119832
  11.7600000    0.0120040
  11.7800000    0.0118190
  11.8000000    0.0115045
  11.8200000    0.0111126
  11.8400000    0.0106710
  11.8600000    0.0101858
  11.8800000    0.0096463
  11.9000000    0.0090318
  11.9200000    0.0083174
  11.9400000    0.0074807
  11.9600000    0.0065061
  11.9800000    0.0053878
  12.0000000    0.0041312
  12.0200000    0.0027516
  12.0400000    0.0012725
  12.0600000   -0.0002781
  12.0800000   -0.0018709
  12.1000000   -0.0034793
  12.1200000   -0.0050820
  12.1400000   -0.0066646
  12.1600000   -0.0082200
  12.1800000   -0.0097474
  12.2000000   -0.0112496
  12.2200000   -0.0127302
  12.2400000   -0.0141901
  12.2600000   -0.0156238
  12.2800000   -0.0170177
  12.3000000   -0.0183493
  12.3200000   -0.0195876
  12.3400000   -0.0206960
  12.3600000   -0.0216364
  12.3800000   -0.0223736
  12.4000000   -0.0228808
  12.4200000   -0.0231439
  12.4400000   -0.0231649
  12.4600000   -0.0229632
  12.4800000   -0.0225752
  12.5000000   -0.0220515
  12.5200000   -0.0214530
  12.5400000   -0.0208445
  12.5600000   -0.0202890
  12.5800000   -0.0198413
  12.6000000   -0.0195423
  12.6200000   -0.0194157
  12.6400000   -0.0194654
  12.6600000   -0.0196757
  12.6800000   -0.0200137
  12.7000000   -0.0204331
  12.7200000   -0.0208803
  12.7400000   -0.0213007
  12.7600000   -0.0216460
  12.7800000   -0.0218807
  12.8000000   -0.0219874
  12.8200000   -0.0219716
  12.8400000   -0.0218630
  12.8600000   -0.0217154
  12.8800000   -0.0216043
  12.9000000   -0.0216218
  12.9200000   -0.0218694
  12.9400000   -0.0224496
  12.9600000   -0.0234565
  12.9800000   -0.0249647
  13.0000000   -0.0270202
  13.0200000   -0.0296308
  13.0400000   -0.0327592
  13.0600000   -0.0363180
  13.0800000   -0.0401684
  13.1000000   -0.0441226
  13.1200000   -0.0479504
  13.1400000   -0.0513905
  13.1600000   -0.0541652
  13.1800000   -0.0559994
  13.2000000   -0.0566405
  13.2200000   -0.0558800
  13.2400000   -0.0535727
  13.2600000   -0.0496535
  13.2800000   -0.0441488
  13.3000000   -0.0371804
  13.3200000   -0.0289633
  13.3400000   -0.0197943
  13.3600000   -0.0100343
  13.3800000   -0.0000842
  13.4000000    0.0096424
  13.4200000    0.0187485
  13.4400000    0.0268811
  13.4600000    0.0337544
  13.4800000    0.0391674
  13.5000000    0.0430137
  13.5200000    0.0452827
  13.5400000    0.0460533
  13.5600000    0.0454809
  13.5800000    0.0437785
  13.6000000    0.0411958
  13.6200000    0.0379970
  13.6400000    0.0344404
  13.6600000    0.0307605
  13.6800000    0.0271554
  13.7000000    0.0237781
  13.7200000    0.0207335
  13.7400000    0.0180797
  13.7600000    0.0158330
  13.7800000    0.0139767
  13.8000000    0.0124701
  13.8200000    0.0112605
  13.8400000    0.0102928
  13.8600000    0.0095195
  13.8800000    0.0089077
  13.9000000    0.0084437
  13.9200000    0.0081352
  13.9400000    0.0080087
  13.9600000    0.0081060
  13.9800000    0.0084768
  14.0000000    0.0091702
  14.0200000    0.0102266
  14.0400000    0.0116688
  14.0600000    0.0134968
  14.0800000    0.0156830
  14.1000000    0.0181729
  14.1200000    0.0208869
  14.1400000    0.0237261
  14.1600000    0.0265795
  14.1800000    0.0293329
  14.2000000    0.0318773
  14.2200000    0.0341163
  14.2400000    0.0359727
  14.2600000    0.0373916
  14.2800000    0.0383424
  14.3000000    0.0388173
  14.3200000    0.0388289
  14.3400000    0.0384052
  14.3600000    0.0375849
  14.3800000    0.0364113
  14.4000000    0.0349265
  14.4200000    0.0331668
  14.4400000    0.0311584
  14.4600000    0.0289144
  14.4800000    0.0264342
  14.5000000    0.0237028
  14.5200000    0.0206937
  14.5400000    0.0173713
  14.5600000    0.0136958
  14.5800000    0.0096282
  14.6000000    0.0051350
  14.6200000    0.0001931
  14.6400000   -0.0052075
  14.6600000   -0.0110618
  14.6800000   -0.0173506
  14.7000000   -0.0240425
  14.7200000   -0.0310975
  14.7400000   -0.0384714
  14.7600000   -0.0461188
  14.7800000   -0.0539954
  14.8000000   -0.0620569
  14.8200000   -0.0702554
  14.8400000   -0.0785331
  14.8600000   -0.0868136
  14.8800000   -0.0949940
  14.9000000   -0.1029375
  14.9200000   -0.1104713
  14.9400000   -0.1173892
  14.9600000   -0.1234624
  14.9800000   -0.1284556
  15.0000000   -0.1321496
  15.0200000   -0.1343664
  15.0400000   -0.1349935
  15.0600000   -0.1340039
  15.0800000   -0.1314679
  15.1000000   -0.1275548
  15.1200000   -0.1225231
  15.1400000   -0.1166992
  15.1600000   -0.1104482
  15.1800000   -0.1041393
  15.2000000   -0.0981111
  15.2200000   -0.0926401
  15.2400000   -0.0879180
  15.2600000   -0.0840388
  15.2800000   -0.0809983
  15.3000000   -0.0787046
  15.3200000   -0.0769991
  15.3400000   -0.0756827
  15.3600000   -0.0745454
  15.3800000   -0.0733948
  15.4000000   -0.0720787
  15.4200000   -0.0705006
  15.4400000   -0.0686258
  15.4600000   -0.0664770
  15.4800000   -0.0641221
  15.5000000   -0.0616542
  15.5200000   -0.0591687
  15.5400000   -0.0567395
  15.5600000   -0.0543983
  15.5800000   -0.0521203
  15.6000000   -0.0498173
  15.6200000   -0.0473415
  15.6400000   -0.0444979
  15.6600000   -0.0410654
  15.6800000   -0.0368242
  15.7000000   -0.0315860
  15.7200000   -0.0252237
  15.7400000   -0.0176965
  15.7600000   -0.0090680
  15.7800000    0.0004866
  15.8000000    0.0106838
  15.8200000    0.0211469
  15.8400000    0.0314307
  15.8600000    0.0410534
  15.8800000    0.0495309
  15.9000000    0.0564119
  15.9200000    0.0613076
  15.9400000    0.0639147
  15.9600000    0.0640296
  15.9800000    0.0615533
  16.0000000    0.0564890
  16.0200000    0.0489336
  16.0400000    0.0390672
  16.0600000    0.0271421
  16.0800000    0.0134738
  16.1000000   -0.0015652
  16.1200000   -0.0175494
  16.1400000   -0.0340039
  16.1600000   -0.0504104
  16.1800000   -0.0662178
  16.2000000   -0.0808598
  16.2200000   -0.0937796
  16.2400000   -0.1044619
  16.2600000   -0.1124679
  16.2800000   -0.1174706
  16.3000000   -0.1192852
  16.3200000   -0.1178898
  16.3400000   -0.1134332
  16.3600000   -0.1062279
  16.3800000   -0.0967290
  16.4000000   -0.0854997
  16.4200000   -0.0731696
  16.4400000   -0.0603887
  16.4600000   -0.0477824
  16.4800000   -0.0359125
  16.5000000   -0.0252469
  16.5200000   -0.0161392
  16.5400000   -0.0088200
  16.5600000   -0.0033968
  16.5800000    0.0001371
  16.6000000    0.0018876
  16.6200000    0.0020423
  16.6400000    0.0008497
  16.6600000   -0.0014004
  16.6800000   -0.0043964
  16.7000000   -0.0078224
  16.7200000   -0.0113730
  16.7400000   -0.0147666
  16.7600000   -0.0177552
  16.7800000   -0.0201330
  16.8000000   -0.0217411
  16.8200000   -0.0224710
  16.8400000   -0.0222657
  16.8600000   -0.0211185
  16.8800000   -0.0190700
  16.9000000   -0.0162034
  16.9200000   -0.0126390
  16.9400000   -0.0085262
  16.9600000   -0.0040359
  16.9800000    0.0006482
  17.0000000    0.0053388
  17.0200000    0.0098534
  17.0400000    0.0140218
  17.0600000    0.0176936
  17.0800000    0.0207431
  17.1000000    0.0230734
  17.1200000    0.0246186
  17.1400000    0.0253441
  17.1600000    0.0252458
  17.1800000    0.0243481
  17.2000000    0.0227007
  17.2200000    0.0203754
  17.2400000    0.0174617
  17.2600000    0.0140629
  17.2800000    0.0102918
  17.3000000    0.0062664
  17.3200000    0.0021054
  17.3400000   -0.0020761
  17.3600000   -0.0061709
  17.3800000   -0.0100839
  17.4000000   -0.0137351
  17.4200000   -0.0170627
  17.4400000   -0.0200240
  17.4600000   -0.0225963
  17.4800000   -0.0247753
  17.5000000   -0.0265722
  17.5200000   -0.0280109
  17.5400000   -0.0291222
  17.5600000   -0.0299400
  17.5800000   -0.0304955
  17.6000000   -0.0308130
  17.6200000   -0.0309068
  17.6400000   -0.0307789
  17.6600000   -0.0304184
  17.6800000   -0.0298021
  17.7000000   -0.0288971
  17.7200000   -0.0276639
  17.7400000   -0.0260602
  17.7600000   -0.0240452
  17.7800000   -0.0215834
  17.8000000   -0.0186477
  17.8200000   -0.0152221
  17.8400000   -0.0113022
  17.8600000   -0.0068959
  17.8800000   -0.0020223
  17.9000000    0.0032890
  17.9200000    0.0089984
  17.9400000    0.0150568
  17.9600000    0.0214041
  17.9800000    0.0279669
  18.0000000    0.0346555
  18.0200000    0.0413605
  18.0400000    0.0479501
  18.0600000    0.0542700
  18.0800000    0.0601456
  18.1000000    0.0653881
  18.1200000    0.0698053
  18.1400000    0.0732140
  18.1600000    0.0754562
  18.1800000    0.0764146
  18.2000000    0.0760254
  18.2200000    0.0742891
  18.2400000    0.0712733
  18.2600000    0.0671106
  18.2800000    0.0619898
  18.3000000    0.0561414
  18.3200000    0.0498193
  18.3400000    0.0432824
  18.3600000    0.0367760
  18.3800000    0.0305163
  18.4000000    0.0246808
  18.4200000    0.0194020
  18.4400000    0.0147676
  18.4600000    0.0108244
  18.4800000    0.0075848
  18.5000000    0.0050357
  18.5200000    0.0031462
  18.5400000    0.0018754
  18.5600000    0.0011775
  18.5800000    0.0010050
  18.6000000    0.0013102
  18.6200000    0.0020446
  18.6400000    0.0031583
  18.6600000    0.0045979
  18.6800000    0.0063058
  18.7000000    0.0082197
  18.7200000    0.0102732
  18.7400000    0.0123974
  18.7600000    0.0145233
  18.7800000    0.0165844
  18.8000000    0.0185199
  18.8200000    0.0202772
  18.8400000    0.0218137
  18.8600000    0.0230983
  18.8800000    0.0241113
  18.9000000    0.0248435
  18.9200000    0.0252951
  18.9400000    0.0254736
  18.9600000    0.0253920
  18.9800000    0.0250669
  19.0000000    0.0245176
  19.0200000    0.0237656
  19.0400000    0.0228347
  19.0600000    0.0217514
  19.0800000    0.0205460
  19.1000000    0.0192520
  19.1200000    0.0179061
  19.1400000    0.0165467
  19.1600000    0.0152117
  19.1800000    0.0139350
  19.2000000    0.0127442
  19.2200000    0.0116573
  19.2400000    0.0106815
  19.2600000    0.0098129
  19.2800000    0.0090385
  19.3000000    0.0083398
  19.3200000    0.0076971
  19.3400000    0.0070951
  19.3600000    0.0065277
  19.3800000    0.0060012
  19.4000000    0.0055360
  19.4200000    0.0051648
  19.4400000    0.0049289
  19.4600000    0.0048720
  19.4800000    0.0050319
  19.5000000    0.0054327
  19.5200000    0.0060768
  19.5400000    0.0069390
  19.5600000    0.0079639
  19.5800000    0.0090656
  19.6000000    0.0101316
  19.6200000    0.0110300
  19.6400000    0.0116192
  19.6600000    0.0117596
  19.6800000    0.0113264
  19.7000000    0.0102222
  19.7200000    0.0083874
  19.7400000    0.0058091
  19.7600000    0.0025256
  19.7800000   -0.0013735
  19.8000000   -0.0057517
  19.8200000   -0.0104342
  19.8400000   -0.0152216
  19.8600000   -0.0199058
  19.8800000   -0.0242866
  19.9000000   -0.0281887
  19.9200000   -0.0314755
  19.9400000   -0.0340583
  19.9600000   -0.0359009
  19.9800000   -0.0370174
  20.0000000   -0.0374646
  20.0200000   -0.0373304
  20.0400000   -0.0367186
  20.0600000   -0.0357339
  20.0800000   -0.0344674
  20.1000000   -0.0329857
  20.1200000   -0.0313249
  20.1400000   -0.0294888
  20.1600000   -0.0274520
  20.1800000   -0.0251679
  20.2000000   -0.0225780
  20.2200000   -0.0196240
  20.2400000   -0.0162581
  20.2600000   -0.0124535
  20.2800000   -0.0082114
  20.3000000   -0.0035663
  20.3200000    0.0014122
  20.3400000    0.0066206
  20.3600000    0.0119242
  20.3800000    0.0171635
  20.4000000    0.0221617
  20.4200000    0.0267345
  20.4400000    0.0307005
  20.4600000    0.0338931
  20.4800000    0.0361722
  20.5000000    0.0374353
  20.5200000    0.0376261
  20.5400000    0.0367419
  20.5600000    0.0348365
  20.5800000    0.0320188
  20.6000000    0.0284489
  20.6200000    0.0243276
  20.6400000    0.0198852
  20.6600000    0.0153658
  20.6800000    0.0110115
  20.7000000    0.0070474
  20.7200000    0.0036677
  20.7400000    0.0010258
  20.7600000   -0.0007718
  20.7800000   -0.0016666
  20.8000000   -0.0016451
  20.8200000   -0.0007323
  20.8400000    0.0010177
  20.8600000    0.0035308
  20.8800000    0.0067214
  20.9000000    0.0104992
  20.9200000    0.0147718
  20.9400000    0.0194453
  20.9600000    0.0244218
  20.9800000    0.0295962
  21.0000000    0.0348524
  21.0200000    0.0400622
  21.0400000    0.0450854
  21.0600000    0.0497742
  21.0800000    0.0539796
  21.1000000    0.0575602
  21.1200000    0.0603909
  21.1400000    0.0623720
  21.1600000    0.0634359
  21.1800000    0.0635511
  21.2000000    0.0627236
  21.2200000    0.0609954
  21.2400000    0.0584406
  21.2600000    0.0551616
  21.2800000    0.0512829
  21.3000000    0.0469471
  21.3200000    0.0423107
  21.3400000    0.0375407
  21.3600000    0.0328118
  21.3800000    0.0283032
  21.4000000    0.0241943
  21.4200000    0.0206588
  21.4400000    0.0178561
  21.4600000    0.0159211
  21.4800000    0.0149527
  21.5000000    0.0150010
  21.5200000    0.0160567
  21.5400000    0.0180441
  21.5600000    0.0208185
  21.5800000    0.0241712
  21.6000000    0.0278417
  21.6200000    0.0315363
  21.6400000    0.0349525
  21.6600000    0.0378060
  21.6800000    0.0398567
  21.7000000    0.0409314
  21.7200000    0.0409386
  21.7400000    0.0398752
  21.7600000    0.0378229
  21.7800000    0.0349364
  21.8000000    0.0314237
  21.8200000    0.0275232
  21.8400000    0.0234795
  21.8600000    0.0195212
  21.8800000    0.0158436
  21.9000000    0.0125968
  21.9200000    0.0098802
  21.9400000    0.0077429
  21.9600000    0.0061886
  21.9800000    0.0051828
  22.0000000    0.0046621
  22.0200000    0.0045436
  22.0400000    0.0047336
  22.0600000    0.0051350
  22.0800000    0.0056543
  22.1000000    0.0062078
  22.1200000    0.0067266
  22.1400000    0.0071615
  22.1600000    0.0074869
  22.1800000    0.0077035
  22.2000000    0.0078392
  22.2200000    0.0079472
  22.2400000    0.0081018
  22.2600000    0.0083911
  22.2800000    0.0089072
  22.3000000    0.0097350
  22.3200000    0.0109405
  22.3400000    0.0125599
  22.3600000    0.0145920
  22.3800000    0.0169932
  22.4000000    0.0196780
  22.4200000    0.0225234
  22.4400000    0.0253783
  22.4600000    0.0280756
  22.4800000    0.0304472
  22.5000000    0.0323387
  22.5200000    0.0336227
  22.5400000    0.0342108
  22.5600000    0.0340602
  22.5800000    0.0331779
  22.6000000    0.0316190
  22.6200000    0.0294828
  22.6400000    0.0269050
  22.6600000    0.0240480
  22.6800000    0.0210906
  22.7000000    0.0182166
  22.7200000    0.0156055
  22.7400000    0.0134225
  22.7600000    0.0118110
  22.7800000    0.0108857
  22.8000000    0.0107273
  22.8200000    0.0113787
  22.8400000    0.0128419
  22.8600000    0.0150774
  22.8800000    0.0180044
  22.9000000    0.0215036
  22.9200000    0.0254224
  22.9400000    0.0295822
  22.9600000    0.0337878
  22.9800000    0.0378391
  23.0000000    0.0415435
  23.0200000    0.0447290
  23.0400000    0.0472560
  23.0600000    0.0490273
  23.0800000    0.0499959
  23.1000000    0.0501680
  23.1200000    0.0496036
  23.1400000    0.0484123
  23.1600000    0.0467458
  23.1800000    0.0447876
  23.2000000    0.0427405
  23.2200000    0.0408123
  23.2400000    0.0392010
  23.2600000    0.0380802
  23.2800000    0.0375852
  23.3000000    0.0378004
  23.3200000    0.0387501
  23.3400000    0.0403923
  23.3600000    0.0426163
  23.3800000    0.0452465
  23.4000000    0.0480509
  23.4200000    0.0507544
  23.4400000    0.0530566
  23.4600000    0.0546523
  23.4800000    0.0552513
  23.5000000    0.0545976
  23.5200000    0.0524834
  23.5400000    0.0487588
  23.5600000    0.0433343
  23.5800000    0.0361802
  23.6000000    0.0273200
  23.6200000    0.0168253
  23.6400000    0.0048100
  23.6600000   -0.0085712
  23.6800000   -0.0231200
  23.7000000   -0.0385886
  23.7200000   -0.0546722
  23.7400000   -0.0710022
  23.7600000   -0.0871462
  23.7800000   -0.1026151
  23.8000000   -0.1168821
  23.8200000   -0.1294130
  23.8400000   -0.1397056
  23.8600000   -0.1473349
  23.8800000   -0.1519987
  23.9000000   -0.1535565
  23.9200000   -0.1520568
  23.9400000   -0.1477473
  23.9600000   -0.1410657
  23.9800000   -0.1326122
  24.0000000   -0.1231040
  24.0200000   -0.1133194
  24.0400000   -0.1040341
  24.0600000   -0.0959595
  24.0800000   -0.0896861
  24.1000000   -0.0856384
  24.1200000   -0.0840452
  24.1400000   -0.0849262
  24.1600000   -0.0880958
  24.1800000   -0.0931835
  24.2000000   -0.0996685
  24.2200000   -0.1069253
  24.2400000   -0.1142759
  24.2600000   -0.1210459
  24.2800000   -0.1266171
  24.3000000   -0.1304743
  24.3200000   -0.1322411
  24.3400000   -0.1317016
  24.3600000   -0.1288067
  24.3800000   -0.1236655
  24.4000000   -0.1165227
  24.4200000   -0.1077264
  24.4400000   -0.0976899
  24.4600000   -0.0868519
  24.4800000   -0.0756409
  24.5000000   -0.0644451
  24.5200000   -0.0535923
  24.5400000   -0.0433381
  24.5600000   -0.0338639
  24.5800000   -0.0252817
  24.6000000   -0.0176430
  24.6200000   -0.0109514
  24.6400000   -0.0051739
  24.6600000   -0.0002523
  24.6800000    0.0038889
  24.7000000    0.0073362
  24.7200000    0.0101822
  24.7400000    0.0125225
  24.7600000    0.0144521
  24.7800000    0.0160615
  24.8000000    0.0174322
  24.8200000    0.0186310
  24.8400000    0.0197049
  24.8600000    0.0206769
  24.8800000    0.0215427
  24.9000000    0.0222709
  24.9200000    0.0228060
  24.9400000    0.0230747
  24.9600000    0.0229941
  24.9800000    0.0224828
  25.0000000    0.0214714
  25.0200000    0.0199130
  25.0400000    0.0177916
  25.0600000    0.0151270
  25.0800000    0.0119766
  25.1000000    0.0084339
  25.1200000    0.0046232
  25.1400000    0.0006916
  25.1600000   -0.0032003
  25.1800000   -0.0068888
  25.2000000   -0.0102180
  25.2200000   -0.0130489
  25.2400000   -0.0152686
  25.2600000   -0.0167965
  25.2800000   -0.0175891
  25.3000000   -0.0176422
  25.3200000   -0.0169913
  25.3400000   -0.0157084
  25.3600000   -0.0138976
  25.3800000   -0.0116877
  25.4000000   -0.0092231
  25.4200000   -0.0066538
  25.4400000   -0.0041243
  25.4600000   -0.0017634
  25.4800000    0.0003250
  25.5000000    0.0020693
  25.5200000    0.0034347
  25.5400000    0.0044247
  25.5600000    0.0050794
  25.5800000    0.0054711
  25.6000000    0.0056976
  25.6200000    0.0058723
  25.6400000    0.0061154
  25.6600000    0.0065425
  25.6800000    0.0072554
  25.7000000    0.0083331
  25.7200000    0.0098252
  25.7400000    0.0117477
  25.7600000    0.0140815
  25.7800000    0.0167742
  25.8000000    0.0197445
  25.8200000    0.0228895
  25.8400000    0.0260939
  25.8600000    0.0292407
  25.8800000    0.0322213
  25.9000000    0.0349450
  25.9200000    0.0373469
  25.9400000    0.0393920
  25.9600000    0.0410764
  25.9800000    0.0424252
  26.0000000    0.0434870
  26.0200000    0.0443259
  26.0400000    0.0450128
  26.0600000    0.0456157
  26.0800000    0.0461914
  26.1000000    0.0467786
  26.1200000    0.0473940
  26.1400000    0.0480305
  26.1600000    0.0486584
  26.1800000    0.0492286
  26.2000000    0.0496780
  26.2200000    0.0499357
  26.2400000    0.0499294
  26.2600000    0.0495924
  26.2800000    0.0488692
  26.3000000    0.0477206
  26.3200000    0.0461269
  26.3400000    0.0440900
  26.3600000    0.0416338
  26.3800000    0.0388027
  26.4000000    0.0356587
  26.4200000    0.0322767
  26.4400000    0.0287394
  26.4600000    0.0251314
  26.4800000    0.0215328
  26.5000000    0.0180140
  26.5200000    0.0146309
  26.5400000    0.0114217
  26.5600000    0.0084049
  26.5800000    0.0055790
  26.6000000    0.0029227
  26.6200000    0.0003971
  26.6400000   -0.0020532
  26.6600000   -0.0044969
  26.6800000   -0.0070140
  26.7000000   -0.0096922
  26.7200000   -0.0126231
  26.7400000   -0.0158970
  26.7600000   -0.0195966
  26.7800000   -0.0237879
  26.8000000   -0.0285115
  26.8200000   -0.0337722
  26.8400000   -0.0395296
  26.8600000   -0.0456914
  26.8800000   -0.0521095
  26.9000000   -0.0585831
  26.9200000   -0.0648657
  26.9400000   -0.0706807
  26.9600000   -0.0757402
  26.9800000   -0.0797694
  27.0000000   -0.0825304
  27.0200000   -0.0838454
  27.0400000   -0.0836148
  27.0600000   -0.0818276
  27.0800000   -0.0785641
  27.1000000   -0.0739887
  27.1200000   -0.0683351
  27.1400000   -0.0618848
  27.1600000   -0.0549423
  27.1800000   -0.0478093
  27.2000000   -0.0407621
  27.2200000   -0.0340322
  27.2400000   -0.0277951
  27.2600000   -0.0221644
  27.2800000   -0.0171935
  27.3000000   -0.0128820
  27.3200000   -0.0091870
  27.3400000   -0.0060348
  27.3600000   -0.0033341
  27.3800000   -0.0009872
  27.4000000    0.0011010
  27.4200000    0.0030172
  27.4400000    0.0048361
  27.4600000    0.0066204
  27.4800000    0.0084221
  27.5000000    0.0102849
  27.5200000    0.0122480
  27.5400000    0.0143482
  27.5600000    0.0166230
  27.5800000    0.0191108
  27.6000000    0.0218504
  27.6200000    0.0248788
  27.6400000    0.0282265
  27.6600000    0.0319120
  27.6800000    0.0359346
  27.7000000    0.0402671
  27.7200000    0.0448492
  27.7400000    0.0495828
  27.7600000    0.0543304
  27.7800000    0.0589183
  27.8000000    0.0631436
  27.8200000    0.0667876
  27.8400000    0.0696319
  27.8600000    0.0714777
  27.8800000    0.0721660
  27.9000000    0.0715944
  27.9200000    0.0697304
  27.9400000    0.0666177
  27.9600000    0.0623744
  27.9800000    0.0571848
  28.0000000    0.0512826
  28.0200000    0.0449313
  28.0400000    0.0384014
  28.0600000    0.0319483
  28.0800000    0.0257947
  28.1000000    0.0201166
  28.1200000    0.0150367
  28.1400000    0.0106235
  28.1600000    0.0068965
  28.1800000    0.0038355
  28.2000000    0.0013924
  28.2200000   -0.0004953
  28.2400000   -0.0018928
  28.2600000   -0.0028560
  28.2800000   -0.0034237
  28.3000000   -0.0036118
  28.3200000   -0.0034106
  28.3400000   -0.0027856
  28.3600000   -0.0016811
  28.3800000   -0.0000275
  28.4000000    0.0022502
  28.4200000    0.0052195
  28.4400000    0.0089286
  28.4600000    0.0133924
  28.4800000    0.0185814
  28.5000000    0.0244134
  28.5200000    0.0307491
  28.5400000    0.0373956
  28.5600000    0.0441149
  28.5800000    0.0506399
  28.6000000    0.0566959
  28.6200000    0.0620240
  28.6400000    0.0664059
  28.6600000    0.0696850
  28.6800000    0.0717820
  28.7000000    0.0727023
  28.7200000    0.0725339
  28.7400000    0.0714369
  28.7600000    0.0696254
  28.7800000    0.0673437
  28.8000000    0.0648409
  28.8200000    0.0623468
  28.8400000    0.0600507
  28.8600000    0.0580868
  28.8800000    0.0565256
  28.9000000    0.0553736
  28.9200000    0.0545778
  28.9400000    0.0540369
  28.9600000    0.0536152
  28.9800000    0.0531588
  29.0000000    0.0525125
  29.0200000    0.0515351
  29.0400000    0.0501131
  29.0600000    0.0481709
  29.0800000    0.0456772
  29.1000000    0.0426470
  29.1200000    0.0391397
  29.1400000    0.0352525
  29.1600000    0.0311109
  29.1800000    0.0268566
  29.2000000    0.0226337
  29.2200000    0.0185757
  29.2400000    0.0147933
  29.2600000    0.0113662
  29.2800000    0.0083369
  29.3000000    0.0057100
  29.3200000    0.0034552
  29.3400000    0.0015139
  29.3600000   -0.0001918
  29.3800000   -0.0017482
  29.4000000   -0.0032393
  29.4200000   -0.0047375
  29.4400000   -0.0062966
  29.4600000   -0.0079470
  29.4800000   -0.0096955
  29.5000000   -0.0115267
  29.5200000   -0.0134077
  29.5400000   -0.0152939
  29.5600000   -0.0171356
  29.5800000   -0.0188839
  29.6000000   -0.0204963
  29.6200000   -0.0219399
  29.6400000   -0.0231933
  29.6600000   -0.0242471
  29.6800000   -0.0251033
  29.7000000   -0.0257740
  29.7200000   -0.0262801
  29.7400000   -0.0266507
  29.7600000   -0.0269227
  29.7800000   -0.0271409
  29.8000000   -0.0273583
  29.8200000   -0.0276360
  29.8400000   -0.0280419
  29.8600000   -0.0286480
  29.8800000   -0.0295262
  29.9000000   -0.0307417
  29.9200000   -0.0323458
  29.9400000   -0.0343684
  29.9600000   -0.0368108
  29.9800000   -0.0396411
  30.0000000   -0.0427918
