 -10.0000000   -0.0015273
  -9.9800000   -0.0019378
  -9.9600000   -0.0023586
  -9.9400000   -0.0027779
  -9.9200000   -0.0031868
  -9.9000000   -0.0035812
  -9.8800000   -0.0039638
  -9.8600000   -0.0043440
  -9.8400000   -0.0047380
  -9.8200000   -0.0051667
  -9.8000000   -0.0056532
  -9.7800000   -0.0062198
  -9.7600000   -0.0068845
  -9.7400000   -0.0076582
  -9.7200000   -0.0085423
  -9.7000000   -0.0095278
  -9.6800000   -0.0105948
  -9.6600000   -0.0117138
  -9.6400000   -0.0128474
  -9.6200000   -0.0139526
  -9.6000000   -0.0149833
  -9.5800000   -0.0158936
  -9.5600000   -0.0166392
  -9.5400000   -0.0171800
  -9.5200000   -0.0174815
  -9.5000000   -0.0175153
  -9.4800000   -0.0172606
  -9.4600000   -0.0167034
  -9.4400000   -0.0158374
  -9.4200000   -0.0146631
  -9.4000000   -0.0131871
  -9.3800000   -0.0114219
  -9.3600000   -0.0093845
  -9.3400000   -0.0070957
  -9.3200000   -0.0045796
  -9.3000000   -0.0018629
  -9.2800000    0.0010247
  -9.2600000    0.0040504
  -9.2400000    0.0071771
  -9.2200000    0.0103631
  -9.2000000    0.0135605
  -9.1800000    0.0167154
  -9.1600000    0.0197681
  -9.1400000    0.0226546
  -9.1200000    0.0253087
  -9.1000000    0.0276658
  -9.0800000    0.0296672
  -9.0600000    0.0312641
  -9.0400000    0.0324221
  -9.0200000    0.0331246
  -9.0000000    0.0333745
  -8.9800000    0.0331947
  -8.9600000    0.0326259
  -8.9400000    0.0317234
  -8.9200000    0.0305518
  -8.9000000    0.0291791
  -8.8800000    0.0276706
  -8.8600000    0.0260837
  -8.8400000    0.0244636
  -8.8200000    0.0228410
  -8.8000000    0.0212325
  -8.7800000    0.0196419
  -8.7600000    0.0180645
  -8.7400000    0.0164914
  -8.7200000    0.0149149
  -8.7000000    0.0133326
  -8.6800000    0.0117514
  -8.6600000    0.0101887
  -8.6400000    0.0086726
  -8.6200000    0.0072398
  -8.6000000    0.0059321
  -8.5800000    0.0047920
  -8.5600000    0.0038582
  -8.5400000    0.0031610
  -8.5200000    0.0027192
  -8.5000000    0.0025382
  -8.4800000    0.0026091
  -8.4600000    0.0029097
  -8.4400000    0.0034067
  -8.4200000    0.0040580
  -8.4000000    0.0048163
  -8.3800000    0.0056317
  -8.3600000    0.0064546
  -8.3400000    0.0072374
  -8.3200000    0.0079367
  -8.3000000    0.0085137
  -8.2800000    0.0089353
  -8.2600000    0.0091742
  -8.2400000    0.0092096
  -8.2200000    0.0090271
  -8.2000000    0.0086192
  -8.1800000    0.0079845
  -8.1600000    0.0071281
  -8.1400000    0.0060599
  -8.1200000    0.0047938
  -8.1000000    0.0033460
  -8.0800000    0.0017334
  -8.0600000   -0.0000274
  -8.0400000   -0.0019212
  -8.0200000   -0.0039341
  -8.0000000   -0.0060528
  -7.9800000   -0.0082626
  -7.9600000   -0.0105455
  -7.9400000   -0.0128782
  -7.9200000   -0.0152293
  -7.9000000   -0.0175590
  -7.8800000   -0.0198182
  -7.8600000   -0.0219505
  -7.8400000   -0.0238947
  -7.8200000   -0.0255888
  -7.8000000   -0.0269751
  -7.7800000   -0.0280051
  -7.7600000   -0.0286449
  -7.7400000   -0.0288788
  -7.7200000   -0.0287120
  -7.7000000   -0.0281713
  -7.6800000   -0.0273043
  -7.6600000   -0.0261759
  -7.6400000   -0.0248636
  -7.6200000   -0.0234523
  -7.6000000   -0.0220274
  -7.5800000   -0.0206696
  -7.5600000   -0.0194488
  -7.5400000   -0.0184209
  -7.5200000   -0.0176254
  -7.5000000   -0.0170848
  -7.4800000   -0.0168058
  -7.4600000   -0.0167815
  -7.4400000   -0.0169950
  -7.4200000   -0.0174223
  -7.4000000   -0.0180357
  -7.3800000   -0.0188067
  -7.3600000   -0.0197072
  -7.3400000   -0.0207111
  -7.3200000   -0.0217940
  -7.3000000   -0.0229332
  -7.2800000   -0.0241066
  -7.2600000   -0.0252922
  -7.2400000   -0.0264670
  -7.2200000   -0.0276063
  -7.2000000   -0.0286828
  -7.1800000   -0.0296663
  -7.1600000   -0.0305232
  -7.1400000   -0.0312162
  -7.1200000   -0.0317048
  -7.1000000   -0.0319466
  -7.0800000   -0.0318986
  -7.0600000   -0.0315200
  -7.0400000   -0.0307755
  -7.0200000   -0.0296392
  -7.0000000   -0.0280980
  -6.9800000   -0.0261554
  -6.9600000   -0.0238331
  -6.9400000   -0.0211728
  -6.9200000   -0.0182348
  -6.9000000   -0.0150964
  -6.8800000   -0.0118474
  -6.8600000   -0.0085858
  -6.8400000   -0.0054123
  -6.8200000   -0.0024240
  -6.8000000    0.0002908
  -6.7800000    0.0026574
  -6.7600000    0.0046186
  -6.7400000    0.0061379
  -6.7200000    0.0072005
  -6.7000000    0.0078133
  -6.6800000    0.0080041
  -6.6600000    0.0078181
  -6.6400000    0.0073146
  -6.6200000    0.0065618
  -6.6000000    0.0056318
  -6.5800000    0.0045953
  -6.5600000    0.0035171
  -6.5400000    0.0024531
  -6.5200000    0.0014490
  -6.5000000    0.0005401
  -6.4800000   -0.0002457
  -6.4600000   -0.0008854
  -6.4400000   -0.0013558
  -6.4200000   -0.0016305
  -6.4000000   -0.0016764
  -6.3800000   -0.0014531
  -6.3600000   -0.0009136
  -6.3400000   -0.0000080
  -6.3200000    0.0013122
  -6.3000000    0.0030870
  -6.2800000    0.0053422
  -6.2600000    0.0080833
  -6.2400000    0.0112911
  -6.2200000    0.0149201
  -6.2000000    0.0188981
  -6.1800000    0.0231302
  -6.1600000    0.0275027
  -6.1400000    0.0318909
  -6.1200000    0.0361664
  -6.1000000    0.0402053
  -6.0800000    0.0438958
  -6.0600000    0.0471449
  -6.0400000    0.0498829
  -6.0200000    0.0520662
  -6.0000000    0.0536787
  -5.9800000    0.0547305
  -5.9600000    0.0552549
  -5.9400000    0.0553052
  -5.9200000    0.0549501
  -5.9000000    0.0542688
  -5.8800000    0.0533467
  -5.8600000    0.0522714
  -5.8400000    0.0511287
  -5.8200000    0.0499998
  -5.8000000    0.0489585
  -5.7800000    0.0480687
  -5.7600000    0.0473817
  -5.7400000    0.0469349
  -5.7200000    0.0467491
  -5.7000000    0.0468274
  -5.6800000    0.0471544
  -5.6600000    0.0476959
  -5.6400000    0.0483998
  -5.6200000    0.0491981
  -5.6000000    0.0500094
  -5.5800000    0.0507428
  -5.5600000    0.0513022
  -5.5400000    0.0515912
  -5.5200000    0.0515182
  -5.5000000    0.0510015
  -5.4800000    0.0499735
  -5.4600000    0.0483856
  -5.4400000    0.0462106
  -5.4200000    0.0434456
  -5.4000000    0.0401124
  -5.3800000    0.0362576
  -5.3600000    0.0319507
  -5.3400000    0.0272809
  -5.3200000    0.0223528
  -5.3000000    0.0172807
  -5.2800000    0.0121823
  -5.2600000    0.0071717
  -5.2400000    0.0023525
  -5.2200000   -0.0021887
  -5.2000000   -0.0063869
  -5.1800000   -0.0102030
  -5.1600000   -0.0136248
  -5.1400000   -0.0166658
  -5.1200000   -0.0193626
  -5.1000000   -0.0217687
  -5.0800000   -0.0239481
  -5.0600000   -0.0259670
  -5.0400000   -0.0278860
  -5.0200000   -0.0297530
  -5.0000000   -0.0315981
  -4.9800000   -0.0334303
  -4.9600000   -0.0352378
  -4.9400000   -0.0369902
  -4.9200000   -0.0386439
  -4.9000000   -0.0401493
  -4.8800000   -0.0414588
  -4.8600000   -0.0425348
  -4.8400000   -0.0433565
  -4.8200000   -0.0439247
  -4.8000000   -0.0442638
  -4.7800000   -0.0444204
  -4.7600000   -0.0444592
  -4.7400000   -0.0444563
  -4.7200000   -0.0444909
  -4.7000000   -0.0446362
  -4.6800000   -0.0449512
  -4.6600000   -0.0454737
  -4.6400000   -0.0462160
  -4.6200000   -0.0471631
  -4.6000000   -0.0482744
  -4.5800000   -0.0494871
  -4.5600000   -0.0507225
  -4.5400000   -0.0518926
  -4.5200000   -0.0529080
  -4.5000000   -0.0536840
  -4.4800000   -0.0541470
  -4.4600000   -0.0542378
  -4.4400000   -0.0539144
  -4.4200000   -0.0531524
  -4.4000000   -0.0519447
  -4.3800000   -0.0503000
  -4.3600000   -0.0482410
  -4.3400000   -0.0458021
  -4.3200000   -0.0430282
  -4.3000000   -0.0399721
  -4.2800000   -0.0366932
  -4.2600000   -0.0332559
  -4.2400000   -0.0297270
  -4.2200000   -0.0261743
  -4.2000000   -0.0226632
  -4.1800000   -0.0192551
  -4.1600000   -0.0160041
  -4.1400000   -0.0129554
  -4.1200000   -0.0101435
  -4.1000000   -0.0075917
  -4.0800000   -0.0053118
  -4.0600000   -0.0033053
  -4.0400000   -0.0015648
  -4.0200000   -0.0000764
  -4.0000000    0.0011782
  -3.9800000    0.0022196
  -3.9600000    0.0030691
  -3.9400000    0.0037472
  -3.9200000    0.0042738
  -3.9000000    0.0046683
  -3.8800000    0.0049508
  -3.8600000    0.0051429
  -3.8400000    0.0052695
  -3.8200000    0.0053586
  -3.8000000    0.0054419
  -3.7800000    0.0055534
  -3.7600000    0.0057279
  -3.7400000    0.0059977
  -3.7200000    0.0063906
  -3.7000000    0.0069262
  -3.6800000    0.0076138
  -3.6600000    0.0084505
  -3.6400000    0.0094207
  -3.6200000    0.0104965
  -3.6000000    0.0116389
  -3.5800000    0.0128005
  -3.5600000    0.0139279
  -3.5400000    0.0149654
  -3.5200000    0.0158577
  -3.5000000    0.0165528
  -3.4800000    0.0170048
  -3.4600000    0.0171760
  -3.4400000    0.0170383
  -3.4200000    0.0165748
  -3.4000000    0.0157799
  -3.3800000    0.0146600
  -3.3600000    0.0132329
  -3.3400000    0.0115264
  -3.3200000    0.0095771
  -3.3000000    0.0074279
  -3.2800000    0.0051251
  -3.2600000    0.0027157
  -3.2400000    0.0002435
  -3.2200000   -0.0022525
  -3.2000000   -0.0047409
  -3.1800000   -0.0071988
  -3.1600000   -0.0096115
  -3.1400000   -0.0119712
  -3.1200000   -0.0142752
  -3.1000000   -0.0165224
  -3.0800000   -0.0187107
  -3.0600000   -0.0208338
  -3.0400000   -0.0228787
  -3.0200000   -0.0248248
  -3.0000000   -0.0266433
  -2.9800000   -0.0282983
  -2.9600000   -0.0297491
  -2.9400000   -0.0309530
  -2.9200000   -0.0318691
  -2.9000000   -0.0324619
  -2.8800000   -0.0327047
  -2.8600000   -0.0325834
  -2.8400000   -0.0320980
  -2.8200000   -0.0312644
  -2.8000000   -0.0301139
  -2.7800000   -0.0286920
  -2.7600000   -0.0270554
  -2.7400000   -0.0252679
  -2.7200000   -0.0233960
  -2.7000000   -0.0215028
  -2.6800000   -0.0196431
  -2.6600000   -0.0178591
  -2.6400000   -0.0161761
  -2.6200000   -0.0146019
  -2.6000000   -0.0131261
  -2.5800000   -0.0117225
  -2.5600000   -0.0103529
  -2.5400000   -0.0089714
  -2.5200000   -0.0075301
  -2.5000000   -0.0059840
  -2.4800000   -0.0042950
  -2.4600000   -0.0024350
  -2.4400000   -0.0003870
  -2.4200000    0.0018548
  -2.4000000    0.0042866
  -2.3800000    0.0068970
  -2.3600000    0.0096697
  -2.3400000    0.0125854
  -2.3200000    0.0156239
  -2.3000000    0.0187640
  -2.2800000    0.0219841
  -2.2600000    0.0252607
  -2.2400000    0.0285673
  -2.2200000    0.0318727
  -2.2000000    0.0351404
  -2.1800000    0.0383281
  -2.1600000    0.0413889
  -2.1400000    0.0442727
  -2.1200000    0.0469293
  -2.1000000    0.0493112
  -2.0800000    0.0513770
  -2.0600000    0.0530943
  -2.0400000    0.0544416
  -2.0200000    0.0554093
  -2.0000000    0.0559996
  -1.9800000    0.0562257
  -1.9600000    0.0561089
  -1.9400000    0.0556773
  -1.9200000    0.0549623
  -1.9000000    0.0539973
  -1.8800000    0.0528156
  -1.8600000    0.0514498
  -1.8400000    0.0499313
  -1.8200000    0.0482903
  -1.8000000    0.0465565
  -1.7800000    0.0447583
  -1.7600000    0.0429233
  -1.7400000    0.0410760
  -1.7200000    0.0392369
  -1.7000000    0.0374197
  -1.6800000    0.0356291
  -1.6600000    0.0338588
  -1.6400000    0.0320899
  -1.6200000    0.0302910
  -1.6000000    0.0284193
  -1.5800000    0.0264236
  -1.5600000    0.0242483
  -1.5400000    0.0218379
  -1.5200000    0.0191429
  -1.5000000    0.0161238
  -1.4800000    0.0127557
  -1.4600000    0.0090299
  -1.4400000    0.0049546
  -1.4200000    0.0005536
  -1.4000000   -0.0041371
  -1.3800000   -0.0090736
  -1.3600000   -0.0142086
  -1.3400000   -0.0194964
  -1.3200000   -0.0248961
  -1.3000000   -0.0303741
  -1.2800000   -0.0359044
  -1.2600000   -0.0414668
  -1.2400000   -0.0470448
  -1.2200000   -0.0526211
  -1.2000000   -0.0581736
  -1.1800000   -0.0636716
  -1.1600000   -0.0690726
  -1.1400000   -0.0743211
  -1.1200000   -0.0793483
  -1.1000000   -0.0840740
  -1.0800000   -0.0884095
  -1.0600000   -0.0922620
  -1.0400000   -0.0955398
  -1.0200000   -0.0981578
  -1.0000000   -0.1000428
  -0.9800000   -0.1011389
  -0.9600000   -0.1014114
  -0.9400000   -0.1008498
  -0.9200000   -0.0994696
  -0.9000000   -0.0973118
  -0.8800000   -0.0944413
  -0.8600000   -0.0909437
  -0.8400000   -0.0869201
  -0.8200000   -0.0824821
  -0.8000000   -0.0777449
  -0.7800000   -0.0728212
  -0.7600000   -0.0678155
  -0.7400000   -0.0628187
  -0.7200000   -0.0579045
  -0.7000000   -0.0531261
  -0.6800000   -0.0485159
  -0.6600000   -0.0440848
  -0.6400000   -0.0398247
  -0.6200000   -0.0357110
  -0.6000000   -0.0317066
  -0.5800000   -0.0277666
  -0.5600000   -0.0238430
  -0.5400000   -0.0198896
  -0.5200000   -0.0158661
  -0.5000000   -0.0117400
  -0.4800000   -0.0074882
  -0.4600000   -0.0030948
  -0.4400000    0.0014531
  -0.4200000    0.0061718
  -0.4000000    0.0110909
  -0.3800000    0.0162633
  -0.3600000    0.0217769
  -0.3400000    0.0277639
  -0.3200000    0.0344086
  -0.3000000    0.0419503
  -0.2800000    0.0506797
  -0.2600000    0.0609296
  -0.2400000    0.0730576
  -0.2200000    0.0874220
  -0.2000000    0.1043525
  -0.1800000    0.1241179
  -0.1600000    0.1468920
  -0.1400000    0.1727232
  -0.1200000    0.2015081
  -0.1000000    0.2329734
  -0.0800000    0.2666680
  -0.0600000    0.3019657
  -0.0400000    0.3380796
  -0.0200000    0.3740875
   0.0000000    0.4089680
   0.0200000    0.4416440
   0.0400000    0.4710331
   0.0600000    0.4961024
   0.0800000    0.5159227
   0.1000000    0.5297220
   0.1200000    0.5369315
   0.1400000    0.5372237
   0.1600000    0.5305360
   0.1800000    0.5170800
   0.2000000    0.4973329
   0.2200000    0.4720107
   0.2400000    0.4420263
   0.2600000    0.4084337
   0.2800000    0.3723650
   0.3000000    0.3349630
   0.3200000    0.2973188
   0.3400000    0.2604164
   0.3600000    0.2250907
   0.3800000    0.1920008
   0.4000000    0.1616188
   0.4200000    0.1342338
   0.4400000    0.1099683
   0.4600000    0.0888037
   0.4800000    0.0706100
   0.5000000    0.0551781
   0.5200000    0.0422490
   0.5400000    0.0315397
   0.5600000    0.0227631
   0.5800000    0.0156417
   0.6000000    0.0099168
   0.6200000    0.0053514
   0.6400000    0.0017314
   0.6600000   -0.0011368
   0.6800000   -0.0034286
   0.7000000   -0.0053044
   0.7200000   -0.0069115
   0.7400000   -0.0083861
   0.7600000   -0.0098537
   0.7800000   -0.0114297
   0.8000000   -0.0132193
   0.8200000   -0.0153179
   0.8400000   -0.0178105
   0.8600000   -0.0207727
   0.8800000   -0.0242701
   0.9000000   -0.0283583
   0.9200000   -0.0330817
   0.9400000   -0.0384716
   0.9600000   -0.0445430
   0.9800000   -0.0512910
   1.0000000   -0.0586864
   1.0200000   -0.0666713
   1.0400000   -0.0751551
   1.0600000   -0.0840124
   1.0800000   -0.0930821
   1.1000000   -0.1021698
   1.1200000   -0.1110520
   1.1400000   -0.1194834
   1.1600000   -0.1272077
   1.1800000   -0.1339690
   1.2000000   -0.1395254
   1.2200000   -0.1436637
   1.2400000   -0.1462121
   1.2600000   -0.1470526
   1.2800000   -0.1461299
   1.3000000   -0.1434571
   1.3200000   -0.1391165
   1.3400000   -0.1332572
   1.3600000   -0.1260862
   1.3800000   -0.1178576
   1.4000000   -0.1088572
   1.4200000   -0.0993859
   1.4400000   -0.0897427
   1.4600000   -0.0802075
   1.4800000   -0.0710272
   1.5000000   -0.0624041
   1.5200000   -0.0544881
   1.5400000   -0.0473734
   1.5600000   -0.0410992
   1.5800000   -0.0356538
   1.6000000   -0.0309820
   1.6200000   -0.0269950
   1.6400000   -0.0235811
   1.6600000   -0.0206164
   1.6800000   -0.0179756
   1.7000000   -0.0155404
   1.7200000   -0.0132061
   1.7400000   -0.0108864
   1.7600000   -0.0085144
   1.7800000   -0.0060430
   1.8000000   -0.0034422
   1.8200000   -0.0006959
   1.8400000    0.0022023
   1.8600000    0.0052526
   1.8800000    0.0084528
   1.9000000    0.0118004
   1.9200000    0.0152933
   1.9400000    0.0189300
   1.9600000    0.0227080
   1.9800000    0.0266225
   2.0000000    0.0306636
   2.0200000    0.0348158
   2.0400000    0.0390562
   2.0600000    0.0433555
   2.0800000    0.0476790
   2.1000000    0.0519886
   2.1200000    0.0562460
   2.1400000    0.0604146
   2.1600000    0.0644617
   2.1800000    0.0683594
   2.2000000    0.0720838
   2.2200000    0.0756138
   2.2400000    0.0789283
   2.2600000    0.0820033
   2.2800000    0.0848087
   2.3000000    0.0873069
   2.3200000    0.0894517
   2.3400000    0.0911893
   2.3600000    0.0924602
   2.3800000    0.0932031
   2.4000000    0.0933589
   2.4200000    0.0928755
   2.4400000    0.0917122
   2.4600000    0.0898439
   2.4800000    0.0872644
   2.5000000    0.0839885
   2.5200000    0.0800534
   2.5400000    0.0755187
   2.5600000    0.0704649
   2.5800000    0.0649910
   2.6000000    0.0592101
   2.6200000    0.0532441
   2.6400000    0.0472178
   2.6600000    0.0412511
   2.6800000    0.0354532
   2.7000000    0.0299156
   2.7200000    0.0247082
   2.7400000    0.0198765
   2.7600000    0.0154413
   2.7800000    0.0114010
   2.8000000    0.0077361
   2.8200000    0.0044147
   2.8400000    0.0013989
   2.8600000   -0.0013486
   2.8800000   -0.0038599
   2.9000000   -0.0061580
   2.9200000   -0.0082558
   2.9400000   -0.0101572
   2.9600000   -0.0118597
   2.9800000   -0.0133592
   3.0000000   -0.0146549
   3.0200000   -0.0157554
   3.0400000   -0.0166828
   3.0600000   -0.0174766
   3.0800000   -0.0181951
   3.1000000   -0.0189155
   3.1200000   -0.0197305
   3.1400000   -0.0207442
   3.1600000   -0.0220652
   3.1800000   -0.0237985
   3.2000000   -0.0260371
   3.2200000   -0.0288530
   3.2400000   -0.0322893
   3.2600000   -0.0363541
   3.2800000   -0.0410165
   3.3000000   -0.0462057
   3.3200000   -0.0518127
   3.3400000   -0.0576955
   3.3600000   -0.0636867
   3.3800000   -0.0696025
   3.4000000   -0.0752532
   3.4200000   -0.0804524
   3.4400000   -0.0850266
   3.4600000   -0.0888214
   3.4800000   -0.0917076
   3.5000000   -0.0935837
   3.5200000   -0.0943778
   3.5400000   -0.0940484
   3.5600000   -0.0925837
   3.5800000   -0.0900024
   3.6000000   -0.0863530
   3.6200000   -0.0817138
   3.6400000   -0.0761926
   3.6600000   -0.0699252
   3.6800000   -0.0630724
   3.7000000   -0.0558160
   3.7200000   -0.0483518
   3.7400000   -0.0408820
   3.7600000   -0.0336049
   3.7800000   -0.0267054
   3.8000000   -0.0203449
   3.8200000   -0.0146527
   3.8400000   -0.0097195
   3.8600000   -0.0055940
   3.8800000   -0.0022820
   3.9000000    0.0002504
   3.9200000    0.0020719
   3.9400000    0.0032781
   3.9600000    0.0039827
   3.9800000    0.0043090
   4.0000000    0.0043814
   4.0200000    0.0043194
   4.0400000    0.0042330
   4.0600000    0.0042205
   4.0800000    0.0043684
   4.1000000    0.0047520
   4.1200000    0.0054362
   4.1400000    0.0064767
   4.1600000    0.0079191
   4.1800000    0.0097969
   4.2000000    0.0121286
   4.2200000    0.0149131
   4.2400000    0.0181264
   4.2600000    0.0217183
   4.2800000    0.0256113
   4.3000000    0.0297027
   4.3200000    0.0338683
   4.3400000    0.0379696
   4.3600000    0.0418617
   4.3800000    0.0454032
   4.4000000    0.0484643
   4.4200000    0.0509348
   4.4400000    0.0527291
   4.4600000    0.0537896
   4.4800000    0.0540868
   4.5000000    0.0536182
   4.5200000    0.0524061
   4.5400000    0.0504934
   4.5600000    0.0479408
   4.5800000    0.0448237
   4.6000000    0.0412283
   4.6200000    0.0372500
   4.6400000    0.0329893
   4.6600000    0.0285491
   4.6800000    0.0240308
   4.7000000    0.0195300
   4.7200000    0.0151320
   4.7400000    0.0109084
   4.7600000    0.0069136
   4.7800000    0.0031839
   4.8000000   -0.0002627
   4.8200000   -0.0034238
   4.8400000   -0.0063095
   4.8600000   -0.0089372
   4.8800000   -0.0113274
   4.9000000   -0.0134988
   4.9200000   -0.0154656
   4.9400000   -0.0172362
   4.9600000   -0.0188132
   4.9800000   -0.0201956
   5.0000000   -0.0213812
   5.0200000   -0.0223701
   5.0400000   -0.0231670
   5.0600000   -0.0237831
   5.0800000   -0.0242362
   5.1000000   -0.0245492
   5.1200000   -0.0247478
   5.1400000   -0.0248568
   5.1600000   -0.0248963
   5.1800000   -0.0248788
   5.2000000   -0.0248068
   5.2200000   -0.0246722
   5.2400000   -0.0244577
   5.2600000   -0.0241392
   5.2800000   -0.0236896
   5.3000000   -0.0230834
   5.3200000   -0.0223007
   5.3400000   -0.0213311
   5.3600000   -0.0201752
   5.3800000   -0.0188454
   5.4000000   -0.0173645
   5.4200000   -0.0157626
   5.4400000   -0.0140733
   5.4600000   -0.0123297
   5.4800000   -0.0105599
   5.5000000   -0.0087841
   5.5200000   -0.0070128
   5.5400000   -0.0052466
   5.5600000   -0.0034772
   5.5800000   -0.0016899
   5.6000000    0.0001329
   5.6200000    0.0020085
   5.6400000    0.0039508
   5.6600000    0.0059681
   5.6800000    0.0080622
   5.7000000    0.0102289
   5.7200000    0.0124589
   5.7400000    0.0147410
   5.7600000    0.0170639
   5.7800000    0.0194191
   5.8000000    0.0218017
   5.8200000    0.0242113
   5.8400000    0.0266506
   5.8600000    0.0291229
   5.8800000    0.0316294
   5.9000000    0.0341647
   5.9200000    0.0367144
   5.9400000    0.0392522
   5.9600000    0.0417394
   5.9800000    0.0441251
   6.0000000    0.0463492
   6.0200000    0.0483462
   6.0400000    0.0500500
   6.0600000    0.0513998
   6.0800000    0.0523452
   6.1000000    0.0528504
   6.1200000    0.0528975
   6.1400000    0.0524880
   6.1600000    0.0516421
   6.1800000    0.0503973
   6.2000000    0.0488041
   6.2200000    0.0469224
   6.2400000    0.0448165
   6.2600000    0.0425504
   6.2800000    0.0401838
   6.3000000    0.0377697
   6.3200000    0.0353524
   6.3400000    0.0329672
   6.3600000    0.0306413
   6.3800000    0.0283955
   6.4000000    0.0262454
   6.4200000    0.0242035
   6.4400000    0.0222802
   6.4600000    0.0204843
   6.4800000    0.0188228
   6.5000000    0.0173000
   6.5200000    0.0159167
   6.5400000    0.0146685
   6.5600000    0.0135456
   6.5800000    0.0125326
   6.6000000    0.0116089
   6.6200000    0.0107500
   6.6400000    0.0099295
   6.6600000    0.0091214
   6.6800000    0.0083017
   6.7000000    0.0074502
   6.7200000    0.0065510
   6.7400000    0.0055927
   6.7600000    0.0045669
   6.7800000    0.0034659
   6.8000000    0.0022805
   6.8200000    0.0009972
   6.8400000   -0.0004036
   6.8600000   -0.0019485
   6.8800000   -0.0036702
   6.9000000   -0.0056046
   6.9200000   -0.0077865
   6.9400000   -0.0102431
   6.9600000   -0.0129872
   6.9800000   -0.0160110
   7.0000000   -0.0192804
   7.0200000   -0.0227318
   7.0400000   -0.0262728
   7.0600000   -0.0297850
   7.0800000   -0.0331311
   7.1000000   -0.0361648
   7.1200000   -0.0387415
   7.1400000   -0.0407304
   7.1600000   -0.0420248
   7.1800000   -0.0425507
   7.2000000   -0.0422719
   7.2200000   -0.0411916
   7.2400000   -0.0393510
   7.2600000   -0.0368247
   7.2800000   -0.0337142
   7.3000000   -0.0301405
   7.3200000   -0.0262367
   7.3400000   -0.0221411
   7.3600000   -0.0179910
   7.3800000   -0.0139178
   7.4000000   -0.0100433
   7.4200000   -0.0064755
   7.4400000   -0.0033063
   7.4600000   -0.0006084
   7.4800000    0.0015665
   7.5000000    0.0031898
   7.5200000    0.0042557
   7.5400000    0.0047818
   7.5600000    0.0048062
   7.5800000    0.0043849
   7.6000000    0.0035875
   7.6200000    0.0024923
   7.6400000    0.0011812
   7.6600000   -0.0002650
   7.6800000   -0.0017717
   7.7000000   -0.0032732
   7.7200000   -0.0047161
   7.7400000   -0.0060602
   7.7600000   -0.0072800
   7.7800000   -0.0083635
   7.8000000   -0.0093115
   7.8200000   -0.0101353
   7.8400000   -0.0108538
   7.8600000   -0.0114901
   7.8800000   -0.0120676
   7.9000000   -0.0126062
   7.9200000   -0.0131191
   7.9400000   -0.0136106
   7.9600000   -0.0140743
   7.9800000   -0.0144942
   8.0000000   -0.0148461
   8.0200000   -0.0151010
   8.0400000   -0.0152287
   8.0600000   -0.0152027
   8.0800000   -0.0150037
   8.1000000   -0.0146231
   8.1200000   -0.0140643
   8.1400000   -0.0133438
   8.1600000   -0.0124893
   8.1800000   -0.0115379
   8.2000000   -0.0105326
   8.2200000   -0.0095194
   8.2400000   -0.0085431
   8.2600000   -0.0076450
   8.2800000   -0.0068603
   8.3000000   -0.0062169
   8.3200000   -0.0057344
   8.3400000   -0.0054239
   8.3600000   -0.0052889
   8.3800000   -0.0053255
   8.4000000   -0.0055238
   8.4200000   -0.0058686
   8.4400000   -0.0063411
   8.4600000   -0.0069193
   8.4800000   -0.0075788
   8.5000000   -0.0082939
   8.5200000   -0.0090375
   8.5400000   -0.0097808
   8.5600000   -0.0104937
   8.5800000   -0.0111434
   8.6000000   -0.0116950
   8.6200000   -0.0121112
   8.6400000   -0.0123527
   8.6600000   -0.0123798
   8.6800000   -0.0121547
   8.7000000   -0.0116440
   8.7200000   -0.0108222
   8.7400000   -0.0096748
   8.7600000   -0.0082010
   8.7800000   -0.0064157
   8.8000000   -0.0043496
   8.8200000   -0.0020483
   8.8400000    0.0004303
   8.8600000    0.0030205
   8.8800000    0.0056532
   8.9000000    0.0082613
   8.9200000    0.0107844
   8.9400000    0.0131730
   8.9600000    0.0153905
   8.9800000    0.0174147
   9.0000000    0.0192367
   9.0200000    0.0208586
   9.0400000    0.0222905
   9.0600000    0.0235465
   9.0800000    0.0246408
   9.1000000    0.0255850
   9.1200000    0.0263848
   9.1400000    0.0270401
   9.1600000    0.0275441
   9.1800000    0.0278861
   9.2000000    0.0280530
   9.2200000    0.0280334
   9.2400000    0.0278209
   9.2600000    0.0274167
   9.2800000    0.0268328
   9.3000000    0.0260921
   9.3200000    0.0252285
   9.3400000    0.0242844
   9.3600000    0.0233074
   9.3800000    0.0223457
   9.4000000    0.0214433
   9.4200000    0.0206353
   9.4400000    0.0199445
   9.4600000    0.0193799
   9.4800000    0.0189360
   9.5000000    0.0185957
   9.5200000    0.0183332
   9.5400000    0.0181187
   9.5600000    0.0179237
   9.5800000    0.0177245
   9.6000000    0.0175060
   9.6200000    0.0172627
   9.6400000    0.0169985
   9.6600000    0.0167256
   9.6800000    0.0164618
   9.7000000    0.0162281
   9.7200000    0.0160463
   9.7400000    0.0159374
   9.7600000    0.0159212
   9.7800000    0.0160158
   9.8000000    0.0162381
   9.8200000    0.0166032
   9.8400000    0.0171236
   9.8600000    0.0178067
   9.8800000    0.0186523
   9.9000000    0.0196482
   9.9200000    0.0207670
   9.9400000    0.0219634
   9.9600000    0.0231729
   9.9800000    0.0243140
  10.0000000    0.0252918
  10.0200000    0.0260042
  10.0400000    0.0263509
  10.0600000    0.0262417
  10.0800000    0.0256053
  10.1000000    0.0243968
  10.1200000    0.0226022
  10.1400000    0.0202407
  10.1600000    0.0173636
  10.1800000    0.0140503
  10.2000000    0.0104024
  10.2200000    0.0065364
  10.2400000    0.0025754
  10.2600000   -0.0013584
  10.2800000   -0.0051506
  10.3000000   -0.0086997
  10.3200000   -0.0119212
  10.3400000   -0.0147497
  10.3600000   -0.0171391
  10.3800000   -0.0190621
  10.4000000   -0.0205090
  10.4200000   -0.0214852
  10.4400000   -0.0220088
  10.4600000   -0.0221087
  10.4800000   -0.0218219
  10.5000000   -0.0211919
  10.5200000   -0.0202667
  10.5400000   -0.0190977
  10.5600000   -0.0177384
  10.5800000   -0.0162438
  10.6000000   -0.0146695
  10.6200000   -0.0130712
  10.6400000   -0.0115044
  10.6600000   -0.0100233
  10.6800000   -0.0086804
  10.7000000   -0.0075250
  10.7200000   -0.0066025
  10.7400000   -0.0059521
  10.7600000   -0.0056056
  10.7800000   -0.0055852
  10.8000000   -0.0059024
  10.8200000   -0.0065561
  10.8400000   -0.0075328
  10.8600000   -0.0088058
  10.8800000   -0.0103370
  10.9000000   -0.0120780
  10.9200000   -0.0139729
  10.9400000   -0.0159604
  10.9600000   -0.0179780
  10.9800000   -0.0199639
  11.0000000   -0.0218605
  11.0200000   -0.0236165
  11.0400000   -0.0251884
  11.0600000   -0.0265420
  11.0800000   -0.0276524
  11.1000000   -0.0285038
  11.1200000   -0.0290893
  11.1400000   -0.0294091
  11.1600000   -0.0294703
  11.1800000   -0.0292847
  11.2000000   -0.0288684
  11.2200000   -0.0282405
  11.2400000   -0.0274224
  11.2600000   -0.0264369
  11.2800000   -0.0253073
  11.3000000   -0.0240569
  11.3200000   -0.0227080
  11.3400000   -0.0212813
  11.3600000   -0.0197947
  11.3800000   -0.0182637
  11.4000000   -0.0167007
  11.4200000   -0.0151162
  11.4400000   -0.0135195
  11.4600000   -0.0119205
  11.4800000   -0.0103314
  11.5000000   -0.0087682
  11.5200000   -0.0072517
  11.5400000   -0.0058078
  11.5600000   -0.0044663
  11.5800000   -0.0032588
  11.6000000   -0.0022156
  11.6200000   -0.0013616
  11.6400000   -0.0007122
  11.6600000   -0.0002696
  11.6800000   -0.0000195
  11.7000000    0.0000695
  11.7200000    0.0000465
  11.7400000   -0.0000253
  11.7600000   -0.0000720
  11.7800000   -0.0000159
  11.8000000    0.0002181
  11.8200000    0.0006948
  11.8400000    0.0014618
  11.8600000    0.0025444
  11.8800000    0.0039418
  11.9000000    0.0056263
  11.9200000    0.0075457
  11.9400000    0.0096276
  11.9600000    0.0117863
  11.9800000    0.0139310
  12.0000000    0.0159745
  12.0200000    0.0178413
  12.0400000    0.0194736
  12.0600000    0.0208357
  12.0800000    0.0219147
  12.1000000    0.0227191
  12.1200000    0.0232746
  12.1400000    0.0236181
  12.1600000    0.0237906
  12.1800000    0.0238314
  12.2000000    0.0237717
  12.2200000    0.0236309
  12.2400000    0.0234150
  12.2600000    0.0231162
  12.2800000    0.0227154
  12.3000000    0.0221845
  12.3200000    0.0214908
  12.3400000    0.0206001
  12.3600000    0.0194809
  12.3800000    0.0181064
  12.4000000    0.0164572
  12.4200000    0.0145227
  12.4400000    0.0123024
  12.4600000    0.0098066
  12.4800000    0.0070574
  12.5000000    0.0040889
  12.5200000    0.0009478
  12.5400000   -0.0023074
  12.5600000   -0.0056080
  12.5800000   -0.0088772
  12.6000000   -0.0120336
  12.6200000   -0.0149961
  12.6400000   -0.0176881
  12.6600000   -0.0200426
  12.6800000   -0.0220060
  12.7000000   -0.0235415
  12.7200000   -0.0246299
  12.7400000   -0.0252695
  12.7600000   -0.0254739
  12.7800000   -0.0252697
  12.8000000   -0.0246921
  12.8200000   -0.0237822
  12.8400000   -0.0225841
  12.8600000   -0.0211428
  12.8800000   -0.0195037
  12.9000000   -0.0177127
  12.9200000   -0.0158168
  12.9400000   -0.0138640
  12.9600000   -0.0119041
  12.9800000   -0.0099868
  13.0000000   -0.0081603
  13.0200000   -0.0064685
  13.0400000   -0.0049478
  13.0600000   -0.0036246
  13.0800000   -0.0025132
  13.1000000   -0.0016147
  13.1200000   -0.0009178
  13.1400000   -0.0004004
  13.1600000   -0.0000318
  13.1800000    0.0002237
  13.2000000    0.0004049
  13.2200000    0.0005508
  13.2400000    0.0006998
  13.2600000    0.0008887
  13.2800000    0.0011524
  13.3000000    0.0015239
  13.3200000    0.0020339
  13.3400000    0.0027089
  13.3600000    0.0035698
  13.3800000    0.0046293
  13.4000000    0.0058891
  13.4200000    0.0073377
  13.4400000    0.0089495
  13.4600000    0.0106847
  13.4800000    0.0124911
  13.5000000    0.0143072
  13.5200000    0.0160659
  13.5400000    0.0176989
  13.5600000    0.0191408
  13.5800000    0.0203326
  13.6000000    0.0212234
  13.6200000    0.0217725
  13.6400000    0.0219490
  13.6600000    0.0217324
  13.6800000    0.0211123
  13.7000000    0.0200893
  13.7200000    0.0186754
  13.7400000    0.0168964
  13.7600000    0.0147937
  13.7800000    0.0124257
  13.8000000    0.0098692
  13.8200000    0.0072183
  13.8400000    0.0045828
  13.8600000    0.0020825
  13.8800000   -0.0001588
  13.9000000   -0.0020220
  13.9200000   -0.0034018
  13.9400000   -0.0042162
  13.9600000   -0.0044141
  13.9800000   -0.0039816
  14.0000000   -0.0029449
  14.0200000   -0.0013696
  14.0400000    0.0006433
  14.0600000    0.0029647
  14.0800000    0.0054473
  14.1000000    0.0079369
  14.1200000    0.0102846
  14.1400000    0.0123574
  14.1600000    0.0140472
  14.1800000    0.0152779
  14.2000000    0.0160079
  14.2200000    0.0162305
  14.2400000    0.0159707
  14.2600000    0.0152799
  14.2800000    0.0142289
  14.3000000    0.0129002
  14.3200000    0.0113807
  14.3400000    0.0097550
  14.3600000    0.0081011
  14.3800000    0.0064862
  14.4000000    0.0049657
  14.4200000    0.0035822
  14.4400000    0.0023664
  14.4600000    0.0013376
  14.4800000    0.0005052
  14.5000000   -0.0001312
  14.5200000   -0.0005808
  14.5400000   -0.0008618
  14.5600000   -0.0010009
  14.5800000   -0.0010333
  14.6000000   -0.0010017
  14.6200000   -0.0009549
  14.6400000   -0.0009452
  14.6600000   -0.0010258
  14.6800000   -0.0012459
  14.7000000   -0.0016474
  14.7200000   -0.0022597
  14.7400000   -0.0030966
  14.7600000   -0.0041533
  14.7800000   -0.0054058
  14.8000000   -0.0068114
  14.8200000   -0.0083125
  14.8400000   -0.0098413
  14.8600000   -0.0113263
  14.8800000   -0.0127003
  14.9000000   -0.0139066
  14.9200000   -0.0149063
  14.9400000   -0.0156815
  14.9600000   -0.0162375
  14.9800000   -0.0166009
  15.0000000   -0.0168155
  15.0200000   -0.0169355
  15.0400000   -0.0170176
  15.0600000   -0.0171120
  15.0800000   -0.0172550
  15.1000000   -0.0174627
  15.1200000   -0.0177279
  15.1400000   -0.0180202
  15.1600000   -0.0182889
  15.1800000   -0.0184694
  15.2000000   -0.0184910
  15.2200000   -0.0182861
  15.2400000   -0.0177991
  15.2600000   -0.0169943
  15.2800000   -0.0158612
  15.3000000   -0.0144177
  15.3200000   -0.0127098
  15.3400000   -0.0108087
  15.3600000   -0.0088055
  15.3800000   -0.0068037
  15.4000000   -0.0049114
  15.4200000   -0.0032320
  15.4400000   -0.0018559
  15.4600000   -0.0008533
  15.4800000   -0.0002678
  15.5000000   -0.0001124
  15.5200000   -0.0003676
  15.5400000   -0.0009814
  15.5600000   -0.0018729
  15.5800000   -0.0029372
  15.6000000   -0.0040535
  15.6200000   -0.0050937
  15.6400000   -0.0059329
  15.6600000   -0.0064599
  15.6800000   -0.0065864
  15.7000000   -0.0062546
  15.7200000   -0.0054426
  15.7400000   -0.0041661
  15.7600000   -0.0024770
  15.7800000   -0.0004587
  15.8000000    0.0017812
  15.8200000    0.0041212
  15.8400000    0.0064361
  15.8600000    0.0086082
  15.8800000    0.0105372
  15.9000000    0.0121480
  15.9200000    0.0133964
  15.9400000    0.0142711
  15.9600000    0.0147927
  15.9800000    0.0150100
  16.0000000    0.0149934
  16.0200000    0.0148264
  16.0400000    0.0145969
  16.0600000    0.0143878
  16.0800000    0.0142693
  16.1000000    0.0142915
  16.1200000    0.0144809
  16.1400000    0.0148379
  16.1600000    0.0153378
  16.1800000    0.0159333
  16.2000000    0.0165595
  16.2200000    0.0171400
  16.2400000    0.0175936
  16.2600000    0.0178420
  16.2800000    0.0178159
  16.3000000    0.0174612
  16.3200000    0.0167439
  16.3400000    0.0156526
  16.3600000    0.0142004
  16.3800000    0.0124240
  16.4000000    0.0103816
  16.4200000    0.0081492
  16.4400000    0.0058151
  16.4600000    0.0034742
  16.4800000    0.0012213
  16.5000000   -0.0008551
  16.5200000   -0.0026783
  16.5400000   -0.0041880
  16.5600000   -0.0053434
  16.5800000   -0.0061245
  16.6000000   -0.0065319
  16.6200000   -0.0065849
  16.6400000   -0.0063196
  16.6600000   -0.0057842
  16.6800000   -0.0050362
  16.7000000   -0.0041378
  16.7200000   -0.0031529
  16.7400000   -0.0021435
  16.7600000   -0.0011674
  16.7800000   -0.0002758
  16.8000000    0.0004877
  16.8200000    0.0010885
  16.8400000    0.0015014
  16.8600000    0.0017109
  16.8800000    0.0017103
  16.9000000    0.0015016
  16.9200000    0.0010941
  16.9400000    0.0005035
  16.9600000   -0.0002499
  16.9800000   -0.0011420
  17.0000000   -0.0021463
  17.0200000   -0.0032347
  17.0400000   -0.0043780
  17.0600000   -0.0055468
  17.0800000   -0.0067113
  17.1000000   -0.0078426
  17.1200000   -0.0089126
  17.1400000   -0.0098956
  17.1600000   -0.0107686
  17.1800000   -0.0115130
  17.2000000   -0.0121152
  17.2200000   -0.0125676
  17.2400000   -0.0128685
  17.2600000   -0.0130218
  17.2800000   -0.0130365
  17.3000000   -0.0129256
  17.3200000   -0.0127047
  17.3400000   -0.0123913
  17.3600000   -0.0120042
  17.3800000   -0.0115633
  17.4000000   -0.0110905
  17.4200000   -0.0106103
  17.4400000   -0.0101505
  17.4600000   -0.0097437
  17.4800000   -0.0094263
  17.5000000   -0.0092387
  17.5200000   -0.0092226
  17.5400000   -0.0094190
  17.5600000   -0.0098642
  17.5800000   -0.0105867
  17.6000000   -0.0116030
  17.6200000   -0.0129153
  17.6400000   -0.0145095
  17.6600000   -0.0163552
  17.6800000   -0.0184063
  17.7000000   -0.0206038
  17.7200000   -0.0228792
  17.7400000   -0.0251587
  17.7600000   -0.0273671
  17.7800000   -0.0294319
  17.8000000   -0.0312867
  17.8200000   -0.0328732
  17.8400000   -0.0341434
  17.8600000   -0.0350598
  17.8800000   -0.0355960
  17.9000000   -0.0357368
  17.9200000   -0.0354776
  17.9400000   -0.0348250
  17.9600000   -0.0337961
  17.9800000   -0.0324191
  18.0000000   -0.0307330
  18.0200000   -0.0287870
  18.0400000   -0.0266397
  18.0600000   -0.0243579
  18.0800000   -0.0220135
  18.1000000   -0.0196816
  18.1200000   -0.0174367
  18.1400000   -0.0153494
  18.1600000   -0.0134826
  18.1800000   -0.0118885
  18.2000000   -0.0106060
  18.2200000   -0.0096580
  18.2400000   -0.0090513
  18.2600000   -0.0087758
  18.2800000   -0.0088053
  18.3000000   -0.0091002
  18.3200000   -0.0096091
  18.3400000   -0.0102730
  18.3600000   -0.0110283
  18.3800000   -0.0118109
  18.4000000   -0.0125596
  18.4200000   -0.0132194
  18.4400000   -0.0137437
  18.4600000   -0.0140965
  18.4800000   -0.0142530
  18.5000000   -0.0142002
  18.5200000   -0.0139360
  18.5400000   -0.0134686
  18.5600000   -0.0128153
  18.5800000   -0.0120002
  18.6000000   -0.0110533
  18.6200000   -0.0100086
  18.6400000   -0.0089019
  18.6600000   -0.0077704
  18.6800000   -0.0066502
  18.7000000   -0.0055758
  18.7200000   -0.0045788
  18.7400000   -0.0036870
  18.7600000   -0.0029235
  18.7800000   -0.0023069
  18.8000000   -0.0018502
  18.8200000   -0.0015618
  18.8400000   -0.0014450
  18.8600000   -0.0014990
  18.8800000   -0.0017199
  18.9000000   -0.0021009
  18.9200000   -0.0026339
  18.9400000   -0.0033099
  18.9600000   -0.0041200
  18.9800000   -0.0050558
  19.0000000   -0.0061100
  19.0200000   -0.0072755
  19.0400000   -0.0085459
  19.0600000   -0.0099140
  19.0800000   -0.0113708
  19.1000000   -0.0129049
  19.1200000   -0.0145003
  19.1400000   -0.0161364
  19.1600000   -0.0177864
  19.1800000   -0.0194180
  19.2000000   -0.0209932
  19.2200000   -0.0224693
  19.2400000   -0.0238011
  19.2600000   -0.0249423
  19.2800000   -0.0258483
  19.3000000   -0.0264783
  19.3200000   -0.0267979
  19.3400000   -0.0267811
  19.3600000   -0.0264120
  19.3800000   -0.0256863
  19.4000000   -0.0246117
  19.4200000   -0.0232085
  19.4400000   -0.0215090
  19.4600000   -0.0195566
  19.4800000   -0.0174042
  19.5000000   -0.0151120
  19.5200000   -0.0127451
  19.5400000   -0.0103704
  19.5600000   -0.0080536
  19.5800000   -0.0058562
  19.6000000   -0.0038324
  19.6200000   -0.0020272
  19.6400000   -0.0004742
  19.6600000    0.0008049
  19.6800000    0.0018012
  19.7000000    0.0025180
  19.7200000    0.0029698
  19.7400000    0.0031812
  19.7600000    0.0031848
  19.7800000    0.0030196
  19.8000000    0.0027283
  19.8200000    0.0023552
  19.8400000    0.0019440
  19.8600000    0.0015355
  19.8800000    0.0011656
  19.9000000    0.0008633
  19.9200000    0.0006496
  19.9400000    0.0005368
  19.9600000    0.0005274
  19.9800000    0.0006149
  20.0000000    0.0007837
  20.0200000    0.0010106
  20.0400000    0.0012654
  20.0600000    0.0015129
  20.0800000    0.0017143
  20.1000000    0.0018289
  20.1200000    0.0018162
  20.1400000    0.0016382
  20.1600000    0.0012608
  20.1800000    0.0006571
  20.2000000   -0.0001912
  20.2200000   -0.0012908
  20.2400000   -0.0026354
  20.2600000   -0.0042042
  20.2800000   -0.0059609
  20.3000000   -0.0078549
  20.3200000   -0.0098223
  20.3400000   -0.0117894
  20.3600000   -0.0136764
  20.3800000   -0.0154027
  20.4000000   -0.0168921
  20.4200000   -0.0180782
  20.4400000   -0.0189088
  20.4600000   -0.0193490
  20.4800000   -0.0193834
  20.5000000   -0.0190156
  20.5200000   -0.0182670
  20.5400000   -0.0171732
  20.5600000   -0.0157811
  20.5800000   -0.0141439
  20.6000000   -0.0123184
  20.6200000   -0.0103611
  20.6400000   -0.0083265
  20.6600000   -0.0062661
  20.6800000   -0.0042276
  20.7000000   -0.0022555
  20.7200000   -0.0003908
  20.7400000    0.0013288
  20.7600000    0.0028694
  20.7800000    0.0042020
  20.8000000    0.0053041
  20.8200000    0.0061617
  20.8400000    0.0067702
  20.8600000    0.0071365
  20.8800000    0.0072789
  20.9000000    0.0072270
  20.9200000    0.0070203
  20.9400000    0.0067056
  20.9600000    0.0063347
  20.9800000    0.0059607
  21.0000000    0.0056346
  21.0200000    0.0054018
  21.0400000    0.0052996
  21.0600000    0.0053545
  21.0800000    0.0055808
  21.1000000    0.0059793
  21.1200000    0.0065378
  21.1400000    0.0072316
  21.1600000    0.0080253
  21.1800000    0.0088752
  21.2000000    0.0097327
  21.2200000    0.0105478
  21.2400000    0.0112728
  21.2600000    0.0118667
  21.2800000    0.0122981
  21.3000000    0.0125481
  21.3200000    0.0126121
  21.3400000    0.0124998
  21.3600000    0.0122341
  21.3800000    0.0118493
  21.4000000    0.0113867
  21.4200000    0.0108914
  21.4400000    0.0104069
  21.4600000    0.0099711
  21.4800000    0.0096129
  21.5000000    0.0093489
  21.5200000    0.0091828
  21.5400000    0.0091049
  21.5600000    0.0090941
  21.5800000    0.0091205
  21.6000000    0.0091493
  21.6200000    0.0091449
  21.6400000    0.0090756
  21.6600000    0.0089176
  21.6800000    0.0086590
  21.7000000    0.0083015
  21.7200000    0.0078621
  21.7400000    0.0073715
  21.7600000    0.0068723
  21.7800000    0.0064148
  21.8000000    0.0060513
  21.8200000    0.0058302
  21.8400000    0.0057903
  21.8600000    0.0059550
  21.8800000    0.0063292
  21.9000000    0.0068970
  21.9200000    0.0076229
  21.9400000    0.0084547
  21.9600000    0.0093282
  21.9800000    0.0101741
  22.0000000    0.0109244
  22.0200000    0.0115193
  22.0400000    0.0119132
  22.0600000    0.0120786
  22.0800000    0.0120084
  22.1000000    0.0117165
  22.1200000    0.0112363
  22.1400000    0.0106172
  22.1600000    0.0099212
  22.1800000    0.0092174
  22.2000000    0.0085777
  22.2200000    0.0080713
  22.2400000    0.0077611
  22.2600000    0.0077000
  22.2800000    0.0079280
  22.3000000    0.0084708
  22.3200000    0.0093384
  22.3400000    0.0105251
  22.3600000    0.0120095
  22.3800000    0.0137551
  22.4000000    0.0157114
  22.4200000    0.0178152
  22.4400000    0.0199923
  22.4600000    0.0221598
  22.4800000    0.0242294
  22.5000000    0.0261110
  22.5200000    0.0277175
  22.5400000    0.0289697
  22.5600000    0.0298020
  22.5800000    0.0301673
  22.6000000    0.0300413
  22.6200000    0.0294257
  22.6400000    0.0283486
  22.6600000    0.0268638
  22.6800000    0.0250473
  22.7000000    0.0229918
  22.7200000    0.0208002
  22.7400000    0.0185783
  22.7600000    0.0164278
  22.7800000    0.0144396
  22.8000000    0.0126891
  22.8200000    0.0112333
  22.8400000    0.0101088
  22.8600000    0.0093318
  22.8800000    0.0088998
  22.9000000    0.0087927
  22.9200000    0.0089758
  22.9400000    0.0094016
  22.9600000    0.0100128
  22.9800000    0.0107445
  23.0000000    0.0115276
  23.0200000    0.0122912
  23.0400000    0.0129666
  23.0600000    0.0134903
  23.0800000    0.0138068
  23.1000000    0.0138717
  23.1200000    0.0136529
  23.1400000    0.0131309
  23.1600000    0.0122980
  23.1800000    0.0111567
  23.2000000    0.0097172
  23.2200000    0.0079946
  23.2400000    0.0060073
  23.2600000    0.0037752
  23.2800000    0.0013196
  23.3000000   -0.0013363
  23.3200000   -0.0041657
  23.3400000   -0.0071371
  23.3600000   -0.0102123
  23.3800000   -0.0133455
  23.4000000   -0.0164832
  23.4200000   -0.0195645
  23.4400000   -0.0225234
  23.4600000   -0.0252902
  23.4800000   -0.0277948
  23.5000000   -0.0299690
  23.5200000   -0.0317493
  23.5400000   -0.0330797
  23.5600000   -0.0339137
  23.5800000   -0.0342173
  23.6000000   -0.0339710
  23.6200000   -0.0331722
  23.6400000   -0.0318370
  23.6600000   -0.0300019
  23.6800000   -0.0277239
  23.7000000   -0.0250794
  23.7200000   -0.0221615
  23.7400000   -0.0190756
  23.7600000   -0.0159333
  23.7800000   -0.0128454
  23.8000000   -0.0099144
  23.8200000   -0.0072279
  23.8400000   -0.0048526
  23.8600000   -0.0028307
  23.8800000   -0.0011785
  23.9000000    0.0001127
  23.9200000    0.0010738
  23.9400000    0.0017531
  23.9600000    0.0022112
  23.9800000    0.0025148
  24.0000000    0.0027321
  24.0200000    0.0029272
  24.0400000    0.0031575
  24.0600000    0.0034704
  24.0800000    0.0039019
  24.1000000    0.0044755
  24.1200000    0.0052017
  24.1400000    0.0060785
  24.1600000    0.0070920
  24.1800000    0.0082173
  24.2000000    0.0094206
  24.2200000    0.0106616
  24.2400000    0.0118969
  24.2600000    0.0130828
  24.2800000    0.0141789
  24.3000000    0.0151516
  24.3200000    0.0159752
  24.3400000    0.0166342
  24.3600000    0.0171226
  24.3800000    0.0174427
  24.4000000    0.0176030
  24.4200000    0.0176154
  24.4400000    0.0174923
  24.4600000    0.0172439
  24.4800000    0.0168766
  24.5000000    0.0163920
  24.5200000    0.0157871
  24.5400000    0.0150558
  24.5600000    0.0141899
  24.5800000    0.0131819
  24.6000000    0.0120263
  24.6200000    0.0107218
  24.6400000    0.0092720
  24.6600000    0.0076859
  24.6800000    0.0059787
  24.7000000    0.0041710
  24.7200000    0.0022888
  24.7400000    0.0003637
  24.7600000   -0.0015674
  24.7800000   -0.0034623
  24.8000000   -0.0052733
  24.8200000   -0.0069479
  24.8400000   -0.0084299
  24.8600000   -0.0096611
  24.8800000   -0.0105844
  24.9000000   -0.0111470
  24.9200000   -0.0113047
  24.9400000   -0.0110260
  24.9600000   -0.0102965
  24.9800000   -0.0091213
  25.0000000   -0.0075277
  25.0200000   -0.0055651
  25.0400000   -0.0033040
  25.0600000   -0.0008324
  25.0800000    0.0017492
  25.1000000    0.0043333
  25.1200000    0.0068131
  25.1400000    0.0090891
  25.1600000    0.0110758
  25.1800000    0.0127070
  25.2000000    0.0139392
  25.2200000    0.0147532
  25.2400000    0.0151531
  25.2600000    0.0151632
  25.2800000    0.0148236
  25.3000000    0.0141839
  25.3200000    0.0132969
  25.3400000    0.0122126
  25.3600000    0.0109731
  25.3800000    0.0096089
  25.4000000    0.0081374
  25.4200000    0.0065634
  25.4400000    0.0048807
  25.4600000    0.0030762
  25.4800000    0.0011346
  25.5000000   -0.0009571
  25.5200000   -0.0032047
  25.5400000   -0.0056026
  25.5600000   -0.0081316
  25.5800000   -0.0107569
  25.6000000   -0.0134289
  25.6200000   -0.0160844
  25.6400000   -0.0186490
  25.6600000   -0.0210409
  25.6800000   -0.0231749
  25.7000000   -0.0249663
  25.7200000   -0.0263351
  25.7400000   -0.0272104
  25.7600000   -0.0275334
  25.7800000   -0.0272610
  25.8000000   -0.0263687
  25.8200000   -0.0248527
  25.8400000   -0.0227318
  25.8600000   -0.0200480
  25.8800000   -0.0168668
  25.9000000   -0.0132759
  25.9200000   -0.0093829
  25.9400000   -0.0053116
  25.9600000   -0.0011973
  25.9800000    0.0028192
  26.0000000    0.0065979
  26.0200000    0.0100065
  26.0400000    0.0129271
  26.0600000    0.0152616
  26.0800000    0.0169366
  26.1000000    0.0179065
  26.1200000    0.0181544
  26.1400000    0.0176919
  26.1600000    0.0165572
  26.1800000    0.0148115
  26.2000000    0.0125352
  26.2200000    0.0098228
  26.2400000    0.0067789
  26.2600000    0.0035133
  26.2800000    0.0001375
  26.3000000   -0.0032390
  26.3200000   -0.0065119
  26.3400000   -0.0095849
  26.3600000   -0.0123720
  26.3800000   -0.0148004
  26.4000000   -0.0168125
  26.4200000   -0.0183679
  26.4400000   -0.0194443
  26.4600000   -0.0200380
  26.4800000   -0.0201632
  26.5000000   -0.0198501
  26.5200000   -0.0191425
  26.5400000   -0.0180942
  26.5600000   -0.0167656
  26.5800000   -0.0152201
  26.6000000   -0.0135210
  26.6200000   -0.0117293
  26.6400000   -0.0099020
  26.6600000   -0.0080912
  26.6800000   -0.0063434
  26.7000000   -0.0046999
  26.7200000   -0.0031959
  26.7400000   -0.0018603
  26.7600000   -0.0007147
  26.7800000    0.0002274
  26.8000000    0.0009622
  26.8200000    0.0014961
  26.8400000    0.0018466
  26.8600000    0.0020420
  26.8800000    0.0021209
  26.9000000    0.0021301
  26.9200000    0.0021227
  26.9400000    0.0021545
  26.9600000    0.0022810
  26.9800000    0.0025533
  27.0000000    0.0030152
  27.0200000    0.0036995
  27.0400000    0.0046255
  27.0600000    0.0057978
  27.0800000    0.0072049
  27.1000000    0.0088198
  27.1200000    0.0106011
  27.1400000    0.0124955
  27.1600000    0.0144401
  27.1800000    0.0163661
  27.2000000    0.0182026
  27.2200000    0.0198796
  27.2400000    0.0213324
  27.2600000    0.0225040
  27.2800000    0.0233483
  27.3000000    0.0238323
  27.3200000    0.0239372
  27.3400000    0.0236593
  27.3600000    0.0230104
  27.3800000    0.0220156
  27.4000000    0.0207126
  27.4200000    0.0191476
  27.4400000    0.0173728
  27.4600000    0.0154420
  27.4800000    0.0134069
  27.5000000    0.0113136
  27.5200000    0.0092002
  27.5400000    0.0070953
  27.5600000    0.0050175
  27.5800000    0.0029764
  27.6000000    0.0009746
  27.6200000   -0.0009897
  27.6400000   -0.0029195
  27.6600000   -0.0048164
  27.6800000   -0.0066780
  27.7000000   -0.0084958
  27.7200000   -0.0102549
  27.7400000   -0.0119335
  27.7600000   -0.0135041
  27.7800000   -0.0149356
  27.8000000   -0.0161956
  27.8200000   -0.0172527
  27.8400000   -0.0180803
  27.8600000   -0.0186580
  27.8800000   -0.0189743
  27.9000000   -0.0190275
  27.9200000   -0.0188256
  27.9400000   -0.0183864
  27.9600000   -0.0177349
  27.9800000   -0.0169022
  28.0000000   -0.0159221
  28.0200000   -0.0148296
  28.0400000   -0.0136584
  28.0600000   -0.0124398
  28.0800000   -0.0112026
  28.1000000   -0.0099728
  28.1200000   -0.0087752
  28.1400000   -0.0076343
  28.1600000   -0.0065752
  28.1800000   -0.0056249
  28.2000000   -0.0048114
  28.2200000   -0.0041626
  28.2400000   -0.0037045
  28.2600000   -0.0034580
  28.2800000   -0.0034359
  28.3000000   -0.0036399
  28.3200000   -0.0040584
  28.3400000   -0.0046659
  28.3600000   -0.0054230
  28.3800000   -0.0062791
  28.4000000   -0.0071760
  28.4200000   -0.0080526
  28.4400000   -0.0088501
  28.4600000   -0.0095175
  28.4800000   -0.0100160
  28.5000000   -0.0103229
  28.5200000   -0.0104328
  28.5400000   -0.0103585
  28.5600000   -0.0101291
  28.5800000   -0.0097868
  28.6000000   -0.0093820
  28.6200000   -0.0089682
  28.6400000   -0.0085957
  28.6600000   -0.0083053
  28.6800000   -0.0081234
  28.7000000   -0.0080576
  28.7200000   -0.0080939
  28.7400000   -0.0081964
  28.7600000   -0.0083085
  28.7800000   -0.0083560
  28.8000000   -0.0082524
  28.8200000   -0.0079054
  28.8400000   -0.0072241
  28.8600000   -0.0061267
  28.8800000   -0.0045483
  28.9000000   -0.0024480
  28.9200000    0.0001856
  28.9400000    0.0033298
  28.9600000    0.0069258
  28.9800000    0.0108787
  29.0000000    0.0150604
  29.0200000    0.0193151
  29.0400000    0.0234682
  29.0600000    0.0273365
  29.0800000    0.0307405
  29.1000000    0.0335179
  29.1200000    0.0355352
  29.1400000    0.0366989
  29.1600000    0.0369625
  29.1800000    0.0363302
  29.2000000    0.0348566
  29.2200000    0.0326417
  29.2400000    0.0298222
  29.2600000    0.0265605
  29.2800000    0.0230321
  29.3000000    0.0194124
  29.3200000    0.0158655
  29.3400000    0.0125339
  29.3600000    0.0095320
  29.3800000    0.0069418
  29.4000000    0.0048115
  29.4200000    0.0031573
  29.4400000    0.0019663
  29.4600000    0.0012017
  29.4800000    0.0008081
  29.5000000    0.0007179
  29.5200000    0.0008570
  29.5400000    0.0011504
  29.5600000    0.0015270
  29.5800000    0.0019239
  29.6000000    0.0022891
  29.6200000    0.0025835
  29.6400000    0.0027820
  29.6600000    0.0028728
  29.6800000    0.0028566
  29.7000000    0.0027441
  29.7200000    0.0025532
  29.7400000    0.0023063
  29.7600000    0.0020268
  29.7800000    0.0017361
  29.8000000    0.0014516
  29.8200000    0.0011845
  29.8400000    0.0009393
  29.8600000    0.0007141
  29.8800000    0.0005013
  29.9000000    0.0002894
  29.9200000    0.0000657
  29.9400000   -0.0001821
  29.9600000   -0.0004632
  29.9800000   -0.0007823
  30.0000000   -0.0011389
