 -10.0000000    0.0057673
  -9.9800000    0.0053142
  -9.9600000    0.0047470
  -9.9400000    0.0040929
  -9.9200000    0.0033793
  -9.9000000    0.0026308
  -9.8800000    0.0018663
  -9.8600000    0.0010961
  -9.8400000    0.0003208
  -9.8200000   -0.0004704
  -9.8000000   -0.0012989
  -9.7800000   -0.0021953
  -9.7600000   -0.0031965
  -9.7400000   -0.0043422
  -9.7200000   -0.0056694
  -9.7000000   -0.0072074
  -9.6800000   -0.0089719
  -9.6600000   -0.0109601
  -9.6400000   -0.0131469
  -9.6200000   -0.0154825
  -9.6000000   -0.0178928
  -9.5800000   -0.0202824
  -9.5600000   -0.0225400
  -9.5400000   -0.0245469
  -9.5200000   -0.0261862
  -9.5000000   -0.0273537
  -9.4800000   -0.0279676
  -9.4600000   -0.0279765
  -9.4400000   -0.0273650
  -9.4200000   -0.0261551
  -9.4000000   -0.0244044
  -9.3800000   -0.0221999
  -9.3600000   -0.0196504
  -9.3400000   -0.0168757
  -9.3200000   -0.0139971
  -9.3000000   -0.0111272
  -9.2800000   -0.0083630
  -9.2600000   -0.0057811
  -9.2400000   -0.0034350
  -9.2200000   -0.0013564
  -9.2000000    0.0004428
  -9.1800000    0.0019664
  -9.1600000    0.0032298
  -9.1400000    0.0042556
  -9.1200000    0.0050704
  -9.1000000    0.0057022
  -9.0800000    0.0061788
  -9.0600000    0.0065278
  -9.0400000    0.0067764
  -9.0200000    0.0069518
  -9.0000000    0.0070815
  -8.9800000    0.0071937
  -8.9600000    0.0073163
  -8.9400000    0.0074762
  -8.9200000    0.0076979
  -8.9000000    0.0080017
  -8.8800000    0.0084024
  -8.8600000    0.0089078
  -8.8400000    0.0095183
  -8.8200000    0.0102264
  -8.8000000    0.0110176
  -8.7800000    0.0118718
  -8.7600000    0.0127642
  -8.7400000    0.0136676
  -8.7200000    0.0145541
  -8.7000000    0.0153959
  -8.6800000    0.0161669
  -8.6600000    0.0168432
  -8.6400000    0.0174033
  -8.6200000    0.0178284
  -8.6000000    0.0181024
  -8.5800000    0.0182125
  -8.5600000    0.0181491
  -8.5400000    0.0179067
  -8.5200000    0.0174844
  -8.5000000    0.0168868
  -8.4800000    0.0161236
  -8.4600000    0.0152105
  -8.4400000    0.0141684
  -8.4200000    0.0130226
  -8.4000000    0.0118017
  -8.3800000    0.0105361
  -8.3600000    0.0092564
  -8.3400000    0.0079917
  -8.3200000    0.0067684
  -8.3000000    0.0056087
  -8.2800000    0.0045299
  -8.2600000    0.0035436
  -8.2400000    0.0026562
  -8.2200000    0.0018682
  -8.2000000    0.0011755
  -8.1800000    0.0005693
  -8.1600000    0.0000377
  -8.1400000   -0.0004337
  -8.1200000   -0.0008604
  -8.1000000   -0.0012580
  -8.0800000   -0.0016406
  -8.0600000   -0.0020205
  -8.0400000   -0.0024065
  -8.0200000   -0.0028039
  -8.0000000   -0.0032137
  -7.9800000   -0.0036329
  -7.9600000   -0.0040551
  -7.9400000   -0.0044705
  -7.9200000   -0.0048677
  -7.9000000   -0.0052344
  -7.8800000   -0.0055588
  -7.8600000   -0.0058304
  -7.8400000   -0.0060414
  -7.8200000   -0.0061866
  -7.8000000   -0.0062641
  -7.7800000   -0.0062747
  -7.7600000   -0.0062210
  -7.7400000   -0.0061069
  -7.7200000   -0.0059363
  -7.7000000   -0.0057120
  -7.6800000   -0.0054349
  -7.6600000   -0.0051039
  -7.6400000   -0.0047155
  -7.6200000   -0.0042650
  -7.6000000   -0.0037470
  -7.5800000   -0.0031573
  -7.5600000   -0.0024940
  -7.5400000   -0.0017592
  -7.5200000   -0.0009600
  -7.5000000   -0.0001094
  -7.4800000    0.0007744
  -7.4600000    0.0016677
  -7.4400000    0.0025432
  -7.4200000    0.0033714
  -7.4000000    0.0041225
  -7.3800000    0.0047685
  -7.3600000    0.0052851
  -7.3400000    0.0056535
  -7.3200000    0.0058611
  -7.3000000    0.0059028
  -7.2800000    0.0057804
  -7.2600000    0.0055030
  -7.2400000    0.0050857
  -7.2200000    0.0045484
  -7.2000000    0.0039144
  -7.1800000    0.0032084
  -7.1600000    0.0024548
  -7.1400000    0.0016755
  -7.1200000    0.0008885
  -7.1000000    0.0001059
  -7.0800000   -0.0006662
  -7.0600000   -0.0014289
  -7.0400000   -0.0021889
  -7.0200000   -0.0029581
  -7.0000000   -0.0037504
  -6.9800000   -0.0045800
  -6.9600000   -0.0054581
  -6.9400000   -0.0063900
  -6.9200000   -0.0073736
  -6.9000000   -0.0083982
  -6.8800000   -0.0094447
  -6.8600000   -0.0104876
  -6.8400000   -0.0114975
  -6.8200000   -0.0124452
  -6.8000000   -0.0133057
  -6.7800000   -0.0140617
  -6.7600000   -0.0147070
  -6.7400000   -0.0152477
  -6.7200000   -0.0157020
  -6.7000000   -0.0160985
  -6.6800000   -0.0164725
  -6.6600000   -0.0168615
  -6.6400000   -0.0172997
  -6.6200000   -0.0178132
  -6.6000000   -0.0184157
  -6.5800000   -0.0191052
  -6.5600000   -0.0198632
  -6.5400000   -0.0206548
  -6.5200000   -0.0214307
  -6.5000000   -0.0221316
  -6.4800000   -0.0226920
  -6.4600000   -0.0230459
  -6.4400000   -0.0231318
  -6.4200000   -0.0228974
  -6.4000000   -0.0223038
  -6.3800000   -0.0213280
  -6.3600000   -0.0199652
  -6.3400000   -0.0182291
  -6.3200000   -0.0161514
  -6.3000000   -0.0137804
  -6.2800000   -0.0111786
  -6.2600000   -0.0084195
  -6.2400000   -0.0055843
  -6.2200000   -0.0027575
  -6.2000000   -0.0000231
  -6.1800000    0.0025394
  -6.1600000    0.0048591
  -6.1400000    0.0068764
  -6.1200000    0.0085457
  -6.1000000    0.0098363
  -6.0800000    0.0107335
  -6.0600000    0.0112377
  -6.0400000    0.0113637
  -6.0200000    0.0111390
  -6.0000000    0.0106022
  -5.9800000    0.0098014
  -5.9600000    0.0087931
  -5.9400000    0.0076407
  -5.9200000    0.0064133
  -5.9000000    0.0051851
  -5.8800000    0.0040331
  -5.8600000    0.0030351
  -5.8400000    0.0022667
  -5.8200000    0.0017976
  -5.8000000    0.0016871
  -5.7800000    0.0019801
  -5.7600000    0.0027027
  -5.7400000    0.0038600
  -5.7200000    0.0054338
  -5.7000000    0.0073833
  -5.6800000    0.0096468
  -5.6600000    0.0121460
  -5.6400000    0.0147903
  -5.6200000    0.0174834
  -5.6000000    0.0201287
  -5.5800000    0.0226353
  -5.5600000    0.0249228
  -5.5400000    0.0269243
  -5.5200000    0.0285890
  -5.5000000    0.0298825
  -5.4800000    0.0307864
  -5.4600000    0.0312966
  -5.4400000    0.0314211
  -5.4200000    0.0311771
  -5.4000000    0.0305885
  -5.3800000    0.0296834
  -5.3600000    0.0284918
  -5.3400000    0.0270442
  -5.3200000    0.0253712
  -5.3000000    0.0235024
  -5.2800000    0.0214676
  -5.2600000    0.0192970
  -5.2400000    0.0170220
  -5.2200000    0.0146763
  -5.2000000    0.0122963
  -5.1800000    0.0099209
  -5.1600000    0.0075913
  -5.1400000    0.0053492
  -5.1200000    0.0032357
  -5.1000000    0.0012884
  -5.0800000   -0.0004606
  -5.0600000   -0.0019876
  -5.0400000   -0.0032786
  -5.0200000   -0.0043312
  -5.0000000   -0.0051550
  -4.9800000   -0.0057708
  -4.9600000   -0.0062100
  -4.9400000   -0.0065118
  -4.9200000   -0.0067211
  -4.9000000   -0.0068850
  -4.8800000   -0.0070507
  -4.8600000   -0.0072621
  -4.8400000   -0.0075581
  -4.8200000   -0.0079708
  -4.8000000   -0.0085247
  -4.7800000   -0.0092363
  -4.7600000   -0.0101143
  -4.7400000   -0.0111598
  -4.7200000   -0.0123674
  -4.7000000   -0.0137256
  -4.6800000   -0.0152175
  -4.6600000   -0.0168217
  -4.6400000   -0.0185123
  -4.6200000   -0.0202595
  -4.6000000   -0.0220306
  -4.5800000   -0.0237898
  -4.5600000   -0.0254997
  -4.5400000   -0.0271216
  -4.5200000   -0.0286175
  -4.5000000   -0.0299509
  -4.4800000   -0.0310884
  -4.4600000   -0.0320013
  -4.4400000   -0.0326664
  -4.4200000   -0.0330672
  -4.4000000   -0.0331940
  -4.3800000   -0.0330446
  -4.3600000   -0.0326234
  -4.3400000   -0.0319409
  -4.3200000   -0.0310125
  -4.3000000   -0.0298579
  -4.2800000   -0.0284991
  -4.2600000   -0.0269596
  -4.2400000   -0.0252638
  -4.2200000   -0.0234353
  -4.2000000   -0.0214972
  -4.1800000   -0.0194713
  -4.1600000   -0.0173784
  -4.1400000   -0.0152383
  -4.1200000   -0.0130701
  -4.1000000   -0.0108930
  -4.0800000   -0.0087266
  -4.0600000   -0.0065910
  -4.0400000   -0.0045075
  -4.0200000   -0.0024978
  -4.0000000   -0.0005843
  -3.9800000    0.0012116
  -3.9600000    0.0028700
  -3.9400000    0.0043739
  -3.9200000    0.0057108
  -3.9000000    0.0068740
  -3.8800000    0.0078629
  -3.8600000    0.0086838
  -3.8400000    0.0093495
  -3.8200000    0.0098783
  -3.8000000    0.0102927
  -3.7800000    0.0106174
  -3.7600000    0.0108773
  -3.7400000    0.0110951
  -3.7200000    0.0112902
  -3.7000000    0.0114771
  -3.6800000    0.0116645
  -3.6600000    0.0118558
  -3.6400000    0.0120490
  -3.6200000    0.0122380
  -3.6000000    0.0124133
  -3.5800000    0.0125635
  -3.5600000    0.0126757
  -3.5400000    0.0127362
  -3.5200000    0.0127310
  -3.5000000    0.0126456
  -3.4800000    0.0124651
  -3.4600000    0.0121741
  -3.4400000    0.0117575
  -3.4200000    0.0112005
  -3.4000000    0.0104904
  -3.3800000    0.0096179
  -3.3600000    0.0085786
  -3.3400000    0.0073752
  -3.3200000    0.0060179
  -3.3000000    0.0045261
  -3.2800000    0.0029273
  -3.2600000    0.0012564
  -3.2400000   -0.0004465
  -3.2200000   -0.0021388
  -3.2000000   -0.0037781
  -3.1800000   -0.0053261
  -3.1600000   -0.0067503
  -3.1400000   -0.0080265
  -3.1200000   -0.0091398
  -3.1000000   -0.0100843
  -3.0800000   -0.0108629
  -3.0600000   -0.0114852
  -3.0400000   -0.0119657
  -3.0200000   -0.0123222
  -3.0000000   -0.0125735
  -2.9800000   -0.0127381
  -2.9600000   -0.0128331
  -2.9400000   -0.0128737
  -2.9200000   -0.0128724
  -2.9000000   -0.0128397
  -2.8800000   -0.0127830
  -2.8600000   -0.0127074
  -2.8400000   -0.0126151
  -2.8200000   -0.0125050
  -2.8000000   -0.0123725
  -2.7800000   -0.0122093
  -2.7600000   -0.0120029
  -2.7400000   -0.0117374
  -2.7200000   -0.0113931
  -2.7000000   -0.0109483
  -2.6800000   -0.0103798
  -2.6600000   -0.0096647
  -2.6400000   -0.0087818
  -2.6200000   -0.0077134
  -2.6000000   -0.0064461
  -2.5800000   -0.0049723
  -2.5600000   -0.0032904
  -2.5400000   -0.0014052
  -2.5200000    0.0006728
  -2.5000000    0.0029282
  -2.4800000    0.0053410
  -2.4600000    0.0078882
  -2.4400000    0.0105446
  -2.4200000    0.0132830
  -2.4000000    0.0160748
  -2.3800000    0.0188901
  -2.3600000    0.0216970
  -2.3400000    0.0244618
  -2.3200000    0.0271486
  -2.3000000    0.0297194
  -2.2800000    0.0321354
  -2.2600000    0.0343580
  -2.2400000    0.0363509
  -2.2200000    0.0380825
  -2.2000000    0.0395286
  -2.1800000    0.0406743
  -2.1600000    0.0415153
  -2.1400000    0.0420587
  -2.1200000    0.0423222
  -2.1000000    0.0423323
  -2.0800000    0.0421215
  -2.0600000    0.0417256
  -2.0400000    0.0411798
  -2.0200000    0.0405166
  -2.0000000    0.0397637
  -1.9800000    0.0389426
  -1.9600000    0.0380693
  -1.9400000    0.0371544
  -1.9200000    0.0362050
  -1.9000000    0.0352259
  -1.8800000    0.0342207
  -1.8600000    0.0331927
  -1.8400000    0.0321446
  -1.8200000    0.0310781
  -1.8000000    0.0299930
  -1.7800000    0.0288857
  -1.7600000    0.0277486
  -1.7400000    0.0265694
  -1.7200000    0.0253310
  -1.7000000    0.0240119
  -1.6800000    0.0225877
  -1.6600000    0.0210318
  -1.6400000    0.0193171
  -1.6200000    0.0174175
  -1.6000000    0.0153082
  -1.5800000    0.0129669
  -1.5600000    0.0103738
  -1.5400000    0.0075118
  -1.5200000    0.0043662
  -1.5000000    0.0009251
  -1.4800000   -0.0028202
  -1.4600000   -0.0068740
  -1.4400000   -0.0112351
  -1.4200000   -0.0158946
  -1.4000000   -0.0208342
  -1.3800000   -0.0260235
  -1.3600000   -0.0314196
  -1.3400000   -0.0369661
  -1.3200000   -0.0425943
  -1.3000000   -0.0482253
  -1.2800000   -0.0537742
  -1.2600000   -0.0591543
  -1.2400000   -0.0642830
  -1.2200000   -0.0690866
  -1.2000000   -0.0735052
  -1.1800000   -0.0774951
  -1.1600000   -0.0810306
  -1.1400000   -0.0841031
  -1.1200000   -0.0867190
  -1.1000000   -0.0888957
  -1.0800000   -0.0906577
  -1.0600000   -0.0920320
  -1.0400000   -0.0930448
  -1.0200000   -0.0937183
  -1.0000000   -0.0940696
  -0.9800000   -0.0941103
  -0.9600000   -0.0938470
  -0.9400000   -0.0932829
  -0.9200000   -0.0924189
  -0.9000000   -0.0912551
  -0.8800000   -0.0897919
  -0.8600000   -0.0880305
  -0.8400000   -0.0859731
  -0.8200000   -0.0836224
  -0.8000000   -0.0809821
  -0.7800000   -0.0780560
  -0.7600000   -0.0748489
  -0.7400000   -0.0713670
  -0.7200000   -0.0676186
  -0.7000000   -0.0636165
  -0.6800000   -0.0593787
  -0.6600000   -0.0549304
  -0.6400000   -0.0503051
  -0.6200000   -0.0455455
  -0.6000000   -0.0407026
  -0.5800000   -0.0358343
  -0.5600000   -0.0310029
  -0.5400000   -0.0262710
  -0.5200000   -0.0216964
  -0.5000000   -0.0173266
  -0.4800000   -0.0131931
  -0.4600000   -0.0093064
  -0.4400000   -0.0056511
  -0.4200000   -0.0021842
  -0.4000000    0.0011666
  -0.3800000    0.0045004
  -0.3600000    0.0079408
  -0.3400000    0.0116298
  -0.3200000    0.0157221
  -0.3000000    0.0203780
  -0.2800000    0.0257562
  -0.2600000    0.0320074
  -0.2400000    0.0392689
  -0.2200000    0.0476596
  -0.2000000    0.0572759
  -0.1800000    0.0681891
  -0.1600000    0.0804413
  -0.1400000    0.0940425
  -0.1200000    0.1089662
  -0.1000000    0.1251447
  -0.0800000    0.1424637
  -0.0600000    0.1607570
  -0.0400000    0.1798015
  -0.0200000    0.1993149
   0.0000000    0.2189554
   0.0200000    0.2383261
   0.0400000    0.2569845
   0.0600000    0.2744565
   0.0800000    0.2902562
   0.1000000    0.3039093
   0.1200000    0.3149796
   0.1400000    0.3230947
   0.1600000    0.3279709
   0.1800000    0.3294332
   0.2000000    0.3274280
   0.2200000    0.3220290
   0.2400000    0.3134334
   0.2600000    0.3019501
   0.2800000    0.2879807
   0.3000000    0.2719943
   0.3200000    0.2545000
   0.3400000    0.2360178
   0.3600000    0.2170519
   0.3800000    0.1980671
   0.4000000    0.1794706
   0.4200000    0.1615997
   0.4400000    0.1447154
   0.4600000    0.1290021
   0.4800000    0.1145713
   0.5000000    0.1014693
   0.5200000    0.0896878
   0.5400000    0.0791740
   0.5600000    0.0698425
   0.5800000    0.0615849
   0.6000000    0.0542789
   0.6200000    0.0477958
   0.6400000    0.0420057
   0.6600000    0.0367821
   0.6800000    0.0320047
   0.7000000    0.0275619
   0.7200000    0.0233521
   0.7400000    0.0192848
   0.7600000    0.0152819
   0.7800000    0.0112776
   0.8000000    0.0072195
   0.8200000    0.0030677
   0.8400000   -0.0012048
   0.8600000   -0.0056136
   0.8800000   -0.0101638
   0.9000000   -0.0148514
   0.9200000   -0.0196657
   0.9400000   -0.0245912
   0.9600000   -0.0296096
   0.9800000   -0.0347023
   1.0000000   -0.0398520
   1.0200000   -0.0450451
   1.0400000   -0.0502721
   1.0600000   -0.0555285
   1.0800000   -0.0608149
   1.1000000   -0.0661350
   1.1200000   -0.0714945
   1.1400000   -0.0768974
   1.1600000   -0.0823434
   1.1800000   -0.0878236
   1.2000000   -0.0933174
   1.2200000   -0.0987892
   1.2400000   -0.1041864
   1.2600000   -0.1094390
   1.2800000   -0.1144601
   1.3000000   -0.1191486
   1.3200000   -0.1233931
   1.3400000   -0.1270776
   1.3600000   -0.1300875
   1.3800000   -0.1323164
   1.4000000   -0.1336726
   1.4200000   -0.1340850
   1.4400000   -0.1335076
   1.4600000   -0.1319225
   1.4800000   -0.1293411
   1.5000000   -0.1258034
   1.5200000   -0.1213756
   1.5400000   -0.1161460
   1.5600000   -0.1102201
   1.5800000   -0.1037149
   1.6000000   -0.0967525
   1.6200000   -0.0894547
   1.6400000   -0.0819374
   1.6600000   -0.0743057
   1.6800000   -0.0666505
   1.7000000   -0.0590459
   1.7200000   -0.0515475
   1.7400000   -0.0441924
   1.7600000   -0.0370005
   1.7800000   -0.0299759
   1.8000000   -0.0231106
   1.8200000   -0.0163874
   1.8400000   -0.0097839
   1.8600000   -0.0032758
   1.8800000    0.0031600
   1.9000000    0.0095435
   1.9200000    0.0158903
   1.9400000    0.0222116
   1.9600000    0.0285146
   1.9800000    0.0348033
   2.0000000    0.0410797
   2.0200000    0.0473436
   2.0400000    0.0535926
   2.0600000    0.0598200
   2.0800000    0.0660126
   2.1000000    0.0721468
   2.1200000    0.0781855
   2.1400000    0.0840750
   2.1600000    0.0897427
   2.1800000    0.0950981
   2.2000000    0.1000351
   2.2200000    0.1044373
   2.2400000    0.1081858
   2.2600000    0.1111682
   2.2800000    0.1132886
   2.3000000    0.1144767
   2.3200000    0.1146949
   2.3400000    0.1139427
   2.3600000    0.1122575
   2.3800000    0.1097119
   2.4000000    0.1064070
   2.4200000    0.1024648
   2.4400000    0.0980175
   2.4600000    0.0931987
   2.4800000    0.0881341
   2.5000000    0.0829354
   2.5200000    0.0776959
   2.5400000    0.0724894
   2.5600000    0.0673704
   2.5800000    0.0623768
   2.6000000    0.0575329
   2.6200000    0.0528529
   2.6400000    0.0483445
   2.6600000    0.0440113
   2.6800000    0.0398546
   2.7000000    0.0358746
   2.7200000    0.0320704
   2.7400000    0.0284404
   2.7600000    0.0249811
   2.7800000    0.0216874
   2.8000000    0.0185515
   2.8200000    0.0155632
   2.8400000    0.0127092
   2.8600000    0.0099739
   2.8800000    0.0073395
   2.9000000    0.0047867
   2.9200000    0.0022957
   2.9400000   -0.0001531
   2.9600000   -0.0025778
   2.9800000   -0.0049943
   3.0000000   -0.0074153
   3.0200000   -0.0098502
   3.0400000   -0.0123051
   3.0600000   -0.0147835
   3.0800000   -0.0172867
   3.1000000   -0.0198162
   3.1200000   -0.0223743
   3.1400000   -0.0249658
   3.1600000   -0.0275992
   3.1800000   -0.0302861
   3.2000000   -0.0330409
   3.2200000   -0.0358788
   3.2400000   -0.0388124
   3.2600000   -0.0418485
   3.2800000   -0.0449839
   3.3000000   -0.0482021
   3.3200000   -0.0514709
   3.3400000   -0.0547406
   3.3600000   -0.0579460
   3.3800000   -0.0610083
   3.4000000   -0.0638402
   3.4200000   -0.0663522
   3.4400000   -0.0684592
   3.4600000   -0.0700876
   3.4800000   -0.0711814
   3.5000000   -0.0717067
   3.5200000   -0.0716543
   3.5400000   -0.0710402
   3.5600000   -0.0699039
   3.5800000   -0.0683041
   3.6000000   -0.0663138
   3.6200000   -0.0640141
   3.6400000   -0.0614869
   3.6600000   -0.0588093
   3.6800000   -0.0560479
   3.7000000   -0.0532546
   3.7200000   -0.0504639
   3.7400000   -0.0476922
   3.7600000   -0.0449386
   3.7800000   -0.0421874
   3.8000000   -0.0394117
   3.8200000   -0.0365776
   3.8400000   -0.0336497
   3.8600000   -0.0305955
   3.8800000   -0.0273902
   3.9000000   -0.0240198
   3.9200000   -0.0204837
   3.9400000   -0.0167960
   3.9600000   -0.0129849
   3.9800000   -0.0090912
   4.0000000   -0.0051656
   4.0200000   -0.0012652
   4.0400000    0.0025508
   4.0600000    0.0062249
   4.0800000    0.0097058
   4.1000000    0.0129515
   4.1200000    0.0159318
   4.1400000    0.0186293
   4.1600000    0.0210398
   4.1800000    0.0231701
   4.2000000    0.0250362
   4.2200000    0.0266587
   4.2400000    0.0280593
   4.2600000    0.0292561
   4.2800000    0.0302591
   4.3000000    0.0310674
   4.3200000    0.0316659
   4.3400000    0.0320254
   4.3600000    0.0321026
   4.3800000    0.0318427
   4.4000000    0.0311835
   4.4200000    0.0300609
   4.4400000    0.0284159
   4.4600000    0.0262019
   4.4800000    0.0233928
   4.5000000    0.0199906
   4.5200000    0.0160312
   4.5400000    0.0115895
   4.5600000    0.0067800
   4.5800000    0.0017551
   4.6000000   -0.0033007
   4.6200000   -0.0081813
   4.6400000   -0.0126716
   4.6600000   -0.0165636
   4.6800000   -0.0196728
   4.7000000   -0.0218538
   4.7200000   -0.0230134
   4.7400000   -0.0231197
   4.7600000   -0.0222052
   4.7800000   -0.0203648
   4.8000000   -0.0177475
   4.8200000   -0.0145447
   4.8400000   -0.0109736
   4.8600000   -0.0072613
   4.8800000   -0.0036277
   4.9000000   -0.0002712
   4.9200000    0.0026420
   4.9400000    0.0049852
   4.9600000    0.0066750
   4.9800000    0.0076702
   5.0000000    0.0079693
   5.0200000    0.0076051
   5.0400000    0.0066380
   5.0600000    0.0051495
   5.0800000    0.0032354
   5.1000000    0.0009994
   5.1200000   -0.0014520
   5.1400000   -0.0040147
   5.1600000   -0.0065899
   5.1800000   -0.0090877
   5.2000000   -0.0114287
   5.2200000   -0.0135450
   5.2400000   -0.0153808
   5.2600000   -0.0168921
   5.2800000   -0.0180463
   5.3000000   -0.0188209
   5.3200000   -0.0192027
   5.3400000   -0.0191869
   5.3600000   -0.0187766
   5.3800000   -0.0179829
   5.4000000   -0.0168244
   5.4200000   -0.0153287
   5.4400000   -0.0135319
   5.4600000   -0.0114798
   5.4800000   -0.0092273
   5.5000000   -0.0068376
   5.5200000   -0.0043808
   5.5400000   -0.0019310
   5.5600000    0.0004372
   5.5800000    0.0026526
   5.6000000    0.0046519
   5.6200000    0.0063833
   5.6400000    0.0078099
   5.6600000    0.0089125
   5.6800000    0.0096898
   5.7000000    0.0101586
   5.7200000    0.0103519
   5.7400000    0.0103157
   5.7600000    0.0101059
   5.7800000    0.0097834
   5.8000000    0.0094103
   5.8200000    0.0090455
   5.8400000    0.0087416
   5.8600000    0.0085416
   5.8800000    0.0084775
   5.9000000    0.0085692
   5.9200000    0.0088242
   5.9400000    0.0092386
   5.9600000    0.0097988
   5.9800000    0.0104826
   6.0000000    0.0112626
   6.0200000    0.0121077
   6.0400000    0.0129859
   6.0600000    0.0138662
   6.0800000    0.0147204
   6.1000000    0.0155245
   6.1200000    0.0162588
   6.1400000    0.0169087
   6.1600000    0.0174636
   6.1800000    0.0179162
   6.2000000    0.0182614
   6.2200000    0.0184949
   6.2400000    0.0186117
   6.2600000    0.0186054
   6.2800000    0.0184676
   6.3000000    0.0181875
   6.3200000    0.0177527
   6.3400000    0.0171500
   6.3600000    0.0163670
   6.3800000    0.0153934
   6.4000000    0.0142225
   6.4200000    0.0128530
   6.4400000    0.0112893
   6.4600000    0.0095424
   6.4800000    0.0076298
   6.5000000    0.0055742
   6.5200000    0.0034032
   6.5400000    0.0011473
   6.5600000   -0.0011614
   6.5800000   -0.0034905
   6.6000000   -0.0058086
   6.6200000   -0.0080861
   6.6400000   -0.0102961
   6.6600000   -0.0124140
   6.6800000   -0.0144183
   6.7000000   -0.0162905
   6.7200000   -0.0180150
   6.7400000   -0.0195795
   6.7600000   -0.0209754
   6.7800000   -0.0221982
   6.8000000   -0.0232484
   6.8200000   -0.0241312
   6.8400000   -0.0248575
   6.8600000   -0.0254432
   6.8800000   -0.0259088
   6.9000000   -0.0262783
   6.9200000   -0.0265777
   6.9400000   -0.0268336
   6.9600000   -0.0270711
   6.9800000   -0.0273120
   7.0000000   -0.0275737
   7.0200000   -0.0278677
   7.0400000   -0.0281991
   7.0600000   -0.0285668
   7.0800000   -0.0289637
   7.1000000   -0.0293777
   7.1200000   -0.0297934
   7.1400000   -0.0301936
   7.1600000   -0.0305609
   7.1800000   -0.0308798
   7.2000000   -0.0311376
   7.2200000   -0.0313261
   7.2400000   -0.0314416
   7.2600000   -0.0314858
   7.2800000   -0.0314650
   7.3000000   -0.0313896
   7.3200000   -0.0312733
   7.3400000   -0.0311321
   7.3600000   -0.0309828
   7.3800000   -0.0308424
   7.4000000   -0.0307267
   7.4200000   -0.0306494
   7.4400000   -0.0306212
   7.4600000   -0.0306487
   7.4800000   -0.0307333
   7.5000000   -0.0308702
   7.5200000   -0.0310481
   7.5400000   -0.0312477
   7.5600000   -0.0314427
   7.5800000   -0.0316000
   7.6000000   -0.0316819
   7.6200000   -0.0316483
   7.6400000   -0.0314604
   7.6600000   -0.0310845
   7.6800000   -0.0304959
   7.7000000   -0.0296822
   7.7200000   -0.0286455
   7.7400000   -0.0274028
   7.7600000   -0.0259847
   7.7800000   -0.0244325
   7.8000000   -0.0227932
   7.8200000   -0.0211141
   7.8400000   -0.0194373
   7.8600000   -0.0177944
   7.8800000   -0.0162032
   7.9000000   -0.0146665
   7.9200000   -0.0131728
   7.9400000   -0.0116992
   7.9600000   -0.0102163
   7.9800000   -0.0086937
   8.0000000   -0.0071053
   8.0200000   -0.0054343
   8.0400000   -0.0036765
   8.0600000   -0.0018416
   8.0800000    0.0000467
   8.1000000    0.0019536
   8.1200000    0.0038356
   8.1400000    0.0056448
   8.1600000    0.0073327
   8.1800000    0.0088532
   8.2000000    0.0101652
   8.2200000    0.0112337
   8.2400000    0.0120298
   8.2600000    0.0125302
   8.2800000    0.0127156
   8.3000000    0.0125684
   8.3200000    0.0120713
   8.3400000    0.0112051
   8.3600000    0.0099471
   8.3800000    0.0082710
   8.4000000    0.0061469
   8.4200000    0.0035424
   8.4400000    0.0004260
   8.4600000   -0.0032287
   8.4800000   -0.0074378
   8.5000000   -0.0121996
   8.5200000   -0.0174875
   8.5400000   -0.0232429
   8.5600000   -0.0293695
   8.5800000   -0.0357300
   8.6000000   -0.0421470
   8.6200000   -0.0484083
   8.6400000   -0.0542770
   8.6600000   -0.0595065
   8.6800000   -0.0638588
   8.7000000   -0.0671240
   8.7200000   -0.0691398
   8.7400000   -0.0698069
   8.7600000   -0.0690998
   8.7800000   -0.0670704
   8.8000000   -0.0638436
   8.8200000   -0.0596063
   8.8400000   -0.0545908
   8.8600000   -0.0490537
   8.8800000   -0.0432553
   8.9000000   -0.0374390
   8.9200000   -0.0318154
   8.9400000   -0.0265510
   8.9600000   -0.0217631
   8.9800000   -0.0175190
   9.0000000   -0.0138414
   9.0200000   -0.0107155
   9.0400000   -0.0080989
   9.0600000   -0.0059316
   9.0800000   -0.0041456
   9.1000000   -0.0026724
   9.1200000   -0.0014500
   9.1400000   -0.0004262
   9.1600000    0.0004378
   9.1800000    0.0011676
   9.2000000    0.0017752
   9.2200000    0.0022610
   9.2400000    0.0026164
   9.2600000    0.0028263
   9.2800000    0.0028731
   9.3000000    0.0027400
   9.3200000    0.0024146
   9.3400000    0.0018919
   9.3600000    0.0011767
   9.3800000    0.0002848
   9.4000000   -0.0007568
   9.4200000   -0.0019107
   9.4400000   -0.0031314
   9.4600000   -0.0043677
   9.4800000   -0.0055666
   9.5000000   -0.0066765
   9.5200000   -0.0076511
   9.5400000   -0.0084516
   9.5600000   -0.0090495
   9.5800000   -0.0094273
   9.6000000   -0.0095789
   9.6200000   -0.0095086
   9.6400000   -0.0092294
   9.6600000   -0.0087610
   9.6800000   -0.0081273
   9.7000000   -0.0073540
   9.7200000   -0.0064663
   9.7400000   -0.0054871
   9.7600000   -0.0044364
   9.7800000   -0.0033304
   9.8000000   -0.0021818
   9.8200000   -0.0010007
   9.8400000    0.0002048
   9.8600000    0.0014269
   9.8800000    0.0026576
   9.9000000    0.0038877
   9.9200000    0.0051060
   9.9400000    0.0063001
   9.9600000    0.0074563
   9.9800000    0.0085605
  10.0000000    0.0095999
  10.0200000    0.0105636
  10.0400000    0.0114441
  10.0600000    0.0122381
  10.0800000    0.0129469
  10.1000000    0.0135761
  10.1200000    0.0141356
  10.1400000    0.0146384
  10.1600000    0.0150998
  10.1800000    0.0155356
  10.2000000    0.0159618
  10.2200000    0.0163935
  10.2400000    0.0168446
  10.2600000    0.0173277
  10.2800000    0.0178544
  10.3000000    0.0184355
  10.3200000    0.0190815
  10.3400000    0.0198018
  10.3600000    0.0206042
  10.3800000    0.0214931
  10.4000000    0.0224669
  10.4200000    0.0235155
  10.4400000    0.0246171
  10.4600000    0.0257364
  10.4800000    0.0268232
  10.5000000    0.0278134
  10.5200000    0.0286320
  10.5400000    0.0291977
  10.5600000    0.0294300
  10.5800000    0.0292572
  10.6000000    0.0286241
  10.6200000    0.0274989
  10.6400000    0.0258783
  10.6600000    0.0237896
  10.6800000    0.0212900
  10.7000000    0.0184619
  10.7200000    0.0154070
  10.7400000    0.0122381
  10.7600000    0.0090699
  10.7800000    0.0060105
  10.8000000    0.0031550
  10.8200000    0.0005791
  10.8400000   -0.0016632
  10.8600000   -0.0035407
  10.8800000   -0.0050444
  10.9000000   -0.0061846
  10.9200000   -0.0069878
  10.9400000   -0.0074921
  10.9600000   -0.0077440
  10.9800000   -0.0077938
  11.0000000   -0.0076926
  11.0200000   -0.0074901
  11.0400000   -0.0072320
  11.0600000   -0.0069595
  11.0800000   -0.0067085
  11.1000000   -0.0065091
  11.1200000   -0.0063864
  11.1400000   -0.0063600
  11.1600000   -0.0064448
  11.1800000   -0.0066508
  11.2000000   -0.0069835
  11.2200000   -0.0074440
  11.2400000   -0.0080296
  11.2600000   -0.0087347
  11.2800000   -0.0095516
  11.3000000   -0.0104727
  11.3200000   -0.0114914
  11.3400000   -0.0126040
  11.3600000   -0.0138107
  11.3800000   -0.0151156
  11.4000000   -0.0165263
  11.4200000   -0.0180517
  11.4400000   -0.0196998
  11.4600000   -0.0214737
  11.4800000   -0.0233687
  11.5000000   -0.0253688
  11.5200000   -0.0274445
  11.5400000   -0.0295520
  11.5600000   -0.0316336
  11.5800000   -0.0336198
  11.6000000   -0.0354332
  11.6200000   -0.0369929
  11.6400000   -0.0382200
  11.6600000   -0.0390428
  11.6800000   -0.0394018
  11.7000000   -0.0392542
  11.7200000   -0.0385767
  11.7400000   -0.0373673
  11.7600000   -0.0356461
  11.7800000   -0.0334541
  11.8000000   -0.0308516
  11.8200000   -0.0279145
  11.8400000   -0.0247310
  11.8600000   -0.0213967
  11.8800000   -0.0180099
  11.9000000   -0.0146664
  11.9200000   -0.0114551
  11.9400000   -0.0084538
  11.9600000   -0.0057258
  11.9800000   -0.0033174
  12.0000000   -0.0012570
  12.0200000    0.0004448
  12.0400000    0.0017944
  12.0600000    0.0028126
  12.0800000    0.0035317
  12.1000000    0.0039914
  12.1200000    0.0042355
  12.1400000    0.0043073
  12.1600000    0.0042464
  12.1800000    0.0040857
  12.2000000    0.0038490
  12.2200000    0.0035503
  12.2400000    0.0031931
  12.2600000    0.0027722
  12.2800000    0.0022746
  12.3000000    0.0016827
  12.3200000    0.0009767
  12.3400000    0.0001381
  12.3600000   -0.0008479
  12.3800000   -0.0019893
  12.4000000   -0.0032861
  12.4200000   -0.0047285
  12.4400000   -0.0062969
  12.4600000   -0.0079622
  12.4800000   -0.0096868
  12.5000000   -0.0114269
  12.5200000   -0.0131344
  12.5400000   -0.0147595
  12.5600000   -0.0162537
  12.5800000   -0.0175724
  12.6000000   -0.0186770
  12.6200000   -0.0195367
  12.6400000   -0.0201300
  12.6600000   -0.0204442
  12.6800000   -0.0204759
  12.7000000   -0.0202293
  12.7200000   -0.0197146
  12.7400000   -0.0189465
  12.7600000   -0.0179422
  12.7800000   -0.0167196
  12.8000000   -0.0152961
  12.8200000   -0.0136888
  12.8400000   -0.0119137
  12.8600000   -0.0099871
  12.8800000   -0.0079264
  12.9000000   -0.0057514
  12.9200000   -0.0034850
  12.9400000   -0.0011541
  12.9600000    0.0012108
  12.9800000    0.0035763
  13.0000000    0.0059078
  13.0200000    0.0081712
  13.0400000    0.0103358
  13.0600000    0.0123760
  13.0800000    0.0142736
  13.1000000    0.0160185
  13.1200000    0.0176096
  13.1400000    0.0190541
  13.1600000    0.0203659
  13.1800000    0.0215637
  13.2000000    0.0226683
  13.2200000    0.0237002
  13.2400000    0.0246766
  13.2600000    0.0256092
  13.2800000    0.0265030
  13.3000000    0.0273545
  13.3200000    0.0281525
  13.3400000    0.0288780
  13.3600000    0.0295060
  13.3800000    0.0300074
  13.4000000    0.0303517
  13.4200000    0.0305095
  13.4400000    0.0304560
  13.4600000    0.0301732
  13.4800000    0.0296525
  13.5000000    0.0288965
  13.5200000    0.0279196
  13.5400000    0.0267478
  13.5600000    0.0254176
  13.5800000    0.0239743
  13.6000000    0.0224683
  13.6200000    0.0209527
  13.6400000    0.0194793
  13.6600000    0.0180954
  13.6800000    0.0168411
  13.7000000    0.0157465
  13.7200000    0.0148311
  13.7400000    0.0141026
  13.7600000    0.0135576
  13.7800000    0.0131829
  13.8000000    0.0129570
  13.8200000    0.0128524
  13.8400000    0.0128383
  13.8600000    0.0128828
  13.8800000    0.0129553
  13.9000000    0.0130279
  13.9200000    0.0130773
  13.9400000    0.0130847
  13.9600000    0.0130364
  13.9800000    0.0129232
  14.0000000    0.0127399
  14.0200000    0.0124844
  14.0400000    0.0121567
  14.0600000    0.0117587
  14.0800000    0.0112933
  14.1000000    0.0107642
  14.1200000    0.0101763
  14.1400000    0.0095354
  14.1600000    0.0088484
  14.1800000    0.0081232
  14.2000000    0.0073690
  14.2200000    0.0065957
  14.2400000    0.0058139
  14.2600000    0.0050345
  14.2800000    0.0042691
  14.3000000    0.0035297
  14.3200000    0.0028293
  14.3400000    0.0021821
  14.3600000    0.0016041
  14.3800000    0.0011130
  14.4000000    0.0007275
  14.4200000    0.0004662
  14.4400000    0.0003455
  14.4600000    0.0003766
  14.4800000    0.0005625
  14.5000000    0.0008942
  14.5200000    0.0013486
  14.5400000    0.0018862
  14.5600000    0.0024516
  14.5800000    0.0029755
  14.6000000    0.0033790
  14.6200000    0.0035794
  14.6400000    0.0034979
  14.6600000    0.0030670
  14.6800000    0.0022377
  14.7000000    0.0009846
  14.7200000   -0.0006905
  14.7400000   -0.0027591
  14.7600000   -0.0051677
  14.7800000   -0.0078436
  14.8000000   -0.0107010
  14.8200000   -0.0136486
  14.8400000   -0.0165970
  14.8600000   -0.0194642
  14.8800000   -0.0221803
  14.9000000   -0.0246898
  14.9200000   -0.0269517
  14.9400000   -0.0289393
  14.9600000   -0.0306376
  14.9800000   -0.0320414
  15.0000000   -0.0331529
  15.0200000   -0.0339800
  15.0400000   -0.0345350
  15.0600000   -0.0348336
  15.0800000   -0.0348947
  15.1000000   -0.0347392
  15.1200000   -0.0343897
  15.1400000   -0.0338695
  15.1600000   -0.0332010
  15.1800000   -0.0324051
  15.2000000   -0.0315001
  15.2200000   -0.0305009
  15.2400000   -0.0294194
  15.2600000   -0.0282652
  15.2800000   -0.0270469
  15.3000000   -0.0257737
  15.3200000   -0.0244575
  15.3400000   -0.0231147
  15.3600000   -0.0217669
  15.3800000   -0.0204420
  15.4000000   -0.0191734
  15.4200000   -0.0179986
  15.4400000   -0.0169570
  15.4600000   -0.0160867
  15.4800000   -0.0154211
  15.5000000   -0.0149850
  15.5200000   -0.0147917
  15.5400000   -0.0148392
  15.5600000   -0.0151094
  15.5800000   -0.0155668
  15.6000000   -0.0161593
  15.6200000   -0.0168202
  15.6400000   -0.0174719
  15.6600000   -0.0180303
  15.6800000   -0.0184098
  15.7000000   -0.0185291
  15.7200000   -0.0183168
  15.7400000   -0.0177158
  15.7600000   -0.0166879
  15.7800000   -0.0152164
  15.8000000   -0.0133071
  15.8200000   -0.0109885
  15.8400000   -0.0083102
  15.8600000   -0.0053397
  15.8800000   -0.0021590
  15.9000000    0.0011407
  15.9200000    0.0044633
  15.9400000    0.0077128
  15.9600000    0.0107981
  15.9800000    0.0136365
  16.0000000    0.0161569
  16.0200000    0.0183013
  16.0400000    0.0200263
  16.0600000    0.0213025
  16.0800000    0.0221146
  16.1000000    0.0224589
  16.1200000    0.0223423
  16.1400000    0.0217792
  16.1600000    0.0207888
  16.1800000    0.0193925
  16.2000000    0.0176109
  16.2200000    0.0154608
  16.2400000    0.0129537
  16.2600000    0.0100946
  16.2800000    0.0068823
  16.3000000    0.0033123
  16.3200000   -0.0006195
  16.3400000   -0.0049107
  16.3600000   -0.0095450
  16.3800000   -0.0144848
  16.4000000   -0.0196646
  16.4200000   -0.0249864
  16.4400000   -0.0303189
  16.4600000   -0.0355005
  16.4800000   -0.0403478
  16.5000000   -0.0446674
  16.5200000   -0.0482719
  16.5400000   -0.0509966
  16.5600000   -0.0527157
  16.5800000   -0.0533557
  16.6000000   -0.0529034
  16.6200000   -0.0514082
  16.6400000   -0.0489776
  16.6600000   -0.0457668
  16.6800000   -0.0419639
  16.7000000   -0.0377723
  16.7200000   -0.0333930
  16.7400000   -0.0290094
  16.7600000   -0.0247748
  16.7800000   -0.0208058
  16.8000000   -0.0171798
  16.8200000   -0.0139375
  16.8400000   -0.0110892
  16.8600000   -0.0086226
  16.8800000   -0.0065117
  16.9000000   -0.0047255
  16.9200000   -0.0032345
  16.9400000   -0.0020156
  16.9600000   -0.0010541
  16.9800000   -0.0003438
  17.0000000    0.0001143
  17.0200000    0.0003157
  17.0400000    0.0002553
  17.0600000   -0.0000687
  17.0800000   -0.0006518
  17.1000000   -0.0014811
  17.1200000   -0.0025338
  17.1400000   -0.0037774
  17.1600000   -0.0051707
  17.1800000   -0.0066653
  17.2000000   -0.0082083
  17.2200000   -0.0097450
  17.2400000   -0.0112216
  17.2600000   -0.0125886
  17.2800000   -0.0138025
  17.3000000   -0.0148282
  17.3200000   -0.0156404
  17.3400000   -0.0162240
  17.3600000   -0.0165744
  17.3800000   -0.0166971
  17.4000000   -0.0166062
  17.4200000   -0.0163231
  17.4400000   -0.0158743
  17.4600000   -0.0152897
  17.4800000   -0.0145997
  17.5000000   -0.0138337
  17.5200000   -0.0130177
  17.5400000   -0.0121731
  17.5600000   -0.0113158
  17.5800000   -0.0104556
  17.6000000   -0.0095964
  17.6200000   -0.0087372
  17.6400000   -0.0078729
  17.6600000   -0.0069961
  17.6800000   -0.0060982
  17.7000000   -0.0051713
  17.7200000   -0.0042090
  17.7400000   -0.0032077
  17.7600000   -0.0021669
  17.7800000   -0.0010890
  17.8000000    0.0000205
  17.8200000    0.0011544
  17.8400000    0.0023044
  17.8600000    0.0034627
  17.8800000    0.0046227
  17.9000000    0.0057807
  17.9200000    0.0069355
  17.9400000    0.0080893
  17.9600000    0.0092461
  17.9800000    0.0104110
  18.0000000    0.0115877
  18.0200000    0.0127766
  18.0400000    0.0139722
  18.0600000    0.0151617
  18.0800000    0.0163243
  18.1000000    0.0174313
  18.1200000    0.0184481
  18.1400000    0.0193370
  18.1600000    0.0200611
  18.1800000    0.0205886
  18.2000000    0.0208962
  18.2200000    0.0209730
  18.2400000    0.0208212
  18.2600000    0.0204569
  18.2800000    0.0199081
  18.3000000    0.0192123
  18.3200000    0.0184120
  18.3400000    0.0175518
  18.3600000    0.0166741
  18.3800000    0.0158170
  18.4000000    0.0150131
  18.4200000    0.0142891
  18.4400000    0.0136674
  18.4600000    0.0131678
  18.4800000    0.0128091
  18.5000000    0.0126113
  18.5200000    0.0125957
  18.5400000    0.0127843
  18.5600000    0.0131978
  18.5800000    0.0138523
  18.6000000    0.0147546
  18.6200000    0.0158984
  18.6400000    0.0172599
  18.6600000    0.0187949
  18.6800000    0.0204385
  18.7000000    0.0221064
  18.7200000    0.0236990
  18.7400000    0.0251076
  18.7600000    0.0262230
  18.7800000    0.0269437
  18.8000000    0.0271854
  18.8200000    0.0268874
  18.8400000    0.0260187
  18.8600000    0.0245799
  18.8800000    0.0226022
  18.9000000    0.0201443
  18.9200000    0.0172863
  18.9400000    0.0141223
  18.9600000    0.0107526
  18.9800000    0.0072766
  19.0000000    0.0037866
  19.0200000    0.0003633
  19.0400000   -0.0029264
  19.0600000   -0.0060303
  19.0800000   -0.0089100
  19.1000000   -0.0115393
  19.1200000   -0.0139022
  19.1400000   -0.0159904
  19.1600000   -0.0178018
  19.1800000   -0.0193388
  19.2000000   -0.0206078
  19.2200000   -0.0216183
  19.2400000   -0.0223829
  19.2600000   -0.0229172
  19.2800000   -0.0232395
  19.3000000   -0.0233705
  19.3200000   -0.0233322
  19.3400000   -0.0231475
  19.3600000   -0.0228392
  19.3800000   -0.0224283
  19.4000000   -0.0219339
  19.4200000   -0.0213719
  19.4400000   -0.0207551
  19.4600000   -0.0200926
  19.4800000   -0.0193910
  19.5000000   -0.0186545
  19.5200000   -0.0178862
  19.5400000   -0.0170897
  19.5600000   -0.0162697
  19.5800000   -0.0154337
  19.6000000   -0.0145928
  19.6200000   -0.0137622
  19.6400000   -0.0129615
  19.6600000   -0.0122135
  19.6800000   -0.0115436
  19.7000000   -0.0109776
  19.7200000   -0.0105392
  19.7400000   -0.0102472
  19.7600000   -0.0101131
  19.7800000   -0.0101378
  19.8000000   -0.0103107
  19.8200000   -0.0106085
  19.8400000   -0.0109958
  19.8600000   -0.0114276
  19.8800000   -0.0118520
  19.9000000   -0.0122153
  19.9200000   -0.0124667
  19.9400000   -0.0125630
  19.9600000   -0.0124732
  19.9800000   -0.0121811
  20.0000000   -0.0116870
  20.0200000   -0.0110071
  20.0400000   -0.0101711
  20.0600000   -0.0092189
  20.0800000   -0.0081955
  20.1000000   -0.0071467
  20.1200000   -0.0061140
  20.1400000   -0.0051306
  20.1600000   -0.0042196
  20.1800000   -0.0033925
  20.2000000   -0.0026495
  20.2200000   -0.0019823
  20.2400000   -0.0013766
  20.2600000   -0.0008160
  20.2800000   -0.0002859
  20.3000000    0.0002223
  20.3200000    0.0007090
  20.3400000    0.0011641
  20.3600000    0.0015670
  20.3800000    0.0018874
  20.4000000    0.0020885
  20.4200000    0.0021308
  20.4400000    0.0019774
  20.4600000    0.0015988
  20.4800000    0.0009788
  20.5000000    0.0001183
  20.5200000   -0.0009620
  20.5400000   -0.0022209
  20.5600000   -0.0035983
  20.5800000   -0.0050194
  20.6000000   -0.0064002
  20.6200000   -0.0076550
  20.6400000   -0.0087037
  20.6600000   -0.0094792
  20.6800000   -0.0099327
  20.7000000   -0.0100379
  20.7200000   -0.0097918
  20.7400000   -0.0092137
  20.7600000   -0.0083412
  20.7800000   -0.0072256
  20.8000000   -0.0059255
  20.8200000   -0.0045011
  20.8400000   -0.0030091
  20.8600000   -0.0014989
  20.8800000   -0.0000111
  20.9000000    0.0014234
  20.9200000    0.0027812
  20.9400000    0.0040445
  20.9600000    0.0051982
  20.9800000    0.0062271
  21.0000000    0.0071142
  21.0200000    0.0078397
  21.0400000    0.0083814
  21.0600000    0.0087165
  21.0800000    0.0088234
  21.1000000    0.0086856
  21.1200000    0.0082937
  21.1400000    0.0076487
  21.1600000    0.0067632
  21.1800000    0.0056620
  21.2000000    0.0043820
  21.2200000    0.0029697
  21.2400000    0.0014793
  21.2600000   -0.0000308
  21.2800000   -0.0015017
  21.3000000   -0.0028767
  21.3200000   -0.0041047
  21.3400000   -0.0051420
  21.3600000   -0.0059544
  21.3800000   -0.0065171
  21.4000000   -0.0068158
  21.4200000   -0.0068461
  21.4400000   -0.0066126
  21.4600000   -0.0061291
  21.4800000   -0.0054169
  21.5000000   -0.0045047
  21.5200000   -0.0034270
  21.5400000   -0.0022231
  21.5600000   -0.0009351
  21.5800000    0.0003940
  21.6000000    0.0017225
  21.6200000    0.0030129
  21.6400000    0.0042339
  21.6600000    0.0053625
  21.6800000    0.0063851
  21.7000000    0.0072981
  21.7200000    0.0081067
  21.7400000    0.0088236
  21.7600000    0.0094664
  21.7800000    0.0100543
  21.8000000    0.0106052
  21.8200000    0.0111328
  21.8400000    0.0116444
  21.8600000    0.0121397
  21.8800000    0.0126107
  21.9000000    0.0130427
  21.9200000    0.0134161
  21.9400000    0.0137091
  21.9600000    0.0139007
  21.9800000    0.0139732
  22.0000000    0.0139154
  22.0200000    0.0137238
  22.0400000    0.0134044
  22.0600000    0.0129724
  22.0800000    0.0124524
  22.1000000    0.0118767
  22.1200000    0.0112846
  22.1400000    0.0107202
  22.1600000    0.0102312
  22.1800000    0.0098669
  22.2000000    0.0096771
  22.2200000    0.0097099
  22.2400000    0.0100104
  22.2600000    0.0106175
  22.2800000    0.0115618
  22.3000000    0.0128618
  22.3200000    0.0145204
  22.3400000    0.0165214
  22.3600000    0.0188269
  22.3800000    0.0213758
  22.4000000    0.0240846
  22.4200000    0.0268503
  22.4400000    0.0295556
  22.4600000    0.0320769
  22.4800000    0.0342933
  22.5000000    0.0360963
  22.5200000    0.0373996
  22.5400000    0.0381457
  22.5600000    0.0383119
  22.5800000    0.0379111
  22.6000000    0.0369900
  22.6200000    0.0356243
  22.6400000    0.0339108
  22.6600000    0.0319586
  22.6800000    0.0298795
  22.7000000    0.0277793
  22.7200000    0.0257505
  22.7400000    0.0238674
  22.7600000    0.0221835
  22.7800000    0.0207302
  22.8000000    0.0195189
  22.8200000    0.0185429
  22.8400000    0.0177816
  22.8600000    0.0172032
  22.8800000    0.0167691
  22.9000000    0.0164369
  22.9200000    0.0161627
  22.9400000    0.0159035
  22.9600000    0.0156186
  22.9800000    0.0152709
  23.0000000    0.0148272
  23.0200000    0.0142597
  23.0400000    0.0135459
  23.0600000    0.0126697
  23.0800000    0.0116220
  23.1000000    0.0104014
  23.1200000    0.0090147
  23.1400000    0.0074773
  23.1600000    0.0058132
  23.1800000    0.0040547
  23.2000000    0.0022412
  23.2200000    0.0004176
  23.2400000   -0.0013681
  23.2600000   -0.0030672
  23.2800000   -0.0046340
  23.3000000   -0.0060287
  23.3200000   -0.0072210
  23.3400000   -0.0081923
  23.3600000   -0.0089377
  23.3800000   -0.0094671
  23.4000000   -0.0098049
  23.4200000   -0.0099880
  23.4400000   -0.0100630
  23.4600000   -0.0100830
  23.4800000   -0.0101027
  23.5000000   -0.0101739
  23.5200000   -0.0103419
  23.5400000   -0.0106417
  23.5600000   -0.0110963
  23.5800000   -0.0117155
  23.6000000   -0.0124967
  23.6200000   -0.0134263
  23.6400000   -0.0144821
  23.6600000   -0.0156362
  23.6800000   -0.0168571
  23.7000000   -0.0181127
  23.7200000   -0.0193711
  23.7400000   -0.0206019
  23.7600000   -0.0217769
  23.7800000   -0.0228695
  23.8000000   -0.0238553
  23.8200000   -0.0247124
  23.8400000   -0.0254214
  23.8600000   -0.0259674
  23.8800000   -0.0263401
  23.9000000   -0.0265359
  23.9200000   -0.0265588
  23.9400000   -0.0264202
  23.9600000   -0.0261395
  23.9800000   -0.0257427
  24.0000000   -0.0252606
  24.0200000   -0.0247269
  24.0400000   -0.0241754
  24.0600000   -0.0236378
  24.0800000   -0.0231415
  24.1000000   -0.0227079
  24.1200000   -0.0223513
  24.1400000   -0.0220785
  24.1600000   -0.0218887
  24.1800000   -0.0217743
  24.2000000   -0.0217213
  24.2200000   -0.0217107
  24.2400000   -0.0217197
  24.2600000   -0.0217232
  24.2800000   -0.0216949
  24.3000000   -0.0216095
  24.3200000   -0.0214438
  24.3400000   -0.0211778
  24.3600000   -0.0207965
  24.3800000   -0.0202904
  24.4000000   -0.0196559
  24.4200000   -0.0188954
  24.4400000   -0.0180167
  24.4600000   -0.0170324
  24.4800000   -0.0159585
  24.5000000   -0.0148128
  24.5200000   -0.0136139
  24.5400000   -0.0123793
  24.5600000   -0.0111243
  24.5800000   -0.0098616
  24.6000000   -0.0086003
  24.6200000   -0.0073461
  24.6400000   -0.0061018
  24.6600000   -0.0048680
  24.6800000   -0.0036436
  24.7000000   -0.0024278
  24.7200000   -0.0012202
  24.7400000   -0.0000228
  24.7600000    0.0011596
  24.7800000    0.0023184
  24.8000000    0.0034407
  24.8200000    0.0045099
  24.8400000    0.0055054
  24.8600000    0.0064043
  24.8800000    0.0071826
  24.9000000    0.0078170
  24.9200000    0.0082870
  24.9400000    0.0085762
  24.9600000    0.0086745
  24.9800000    0.0085783
  25.0000000    0.0082913
  25.0200000    0.0078233
  25.0400000    0.0071898
  25.0600000    0.0064102
  25.0800000    0.0055058
  25.1000000    0.0044991
  25.1200000    0.0034118
  25.1400000    0.0022645
  25.1600000    0.0010768
  25.1800000   -0.0001331
  25.2000000   -0.0013472
  25.2200000   -0.0025474
  25.2400000   -0.0037149
  25.2600000   -0.0048303
  25.2800000   -0.0058740
  25.3000000   -0.0068265
  25.3200000   -0.0076706
  25.3400000   -0.0083920
  25.3600000   -0.0089814
  25.3800000   -0.0094352
  25.4000000   -0.0097569
  25.4200000   -0.0099570
  25.4400000   -0.0100524
  25.4600000   -0.0100652
  25.4800000   -0.0100209
  25.5000000   -0.0099460
  25.5200000   -0.0098656
  25.5400000   -0.0098004
  25.5600000   -0.0097652
  25.5800000   -0.0097666
  25.6000000   -0.0098027
  25.6200000   -0.0098627
  25.6400000   -0.0099282
  25.6600000   -0.0099744
  25.6800000   -0.0099729
  25.7000000   -0.0098946
  25.7200000   -0.0097121
  25.7400000   -0.0094030
  25.7600000   -0.0089518
  25.7800000   -0.0083518
  25.8000000   -0.0076055
  25.8200000   -0.0067248
  25.8400000   -0.0057301
  25.8600000   -0.0046485
  25.8800000   -0.0035118
  25.9000000   -0.0023544
  25.9200000   -0.0012106
  25.9400000   -0.0001129
  25.9600000    0.0009099
  25.9800000    0.0018338
  26.0000000    0.0026405
  26.0200000    0.0033172
  26.0400000    0.0038567
  26.0600000    0.0042569
  26.0800000    0.0045196
  26.1000000    0.0046504
  26.1200000    0.0046572
  26.1400000    0.0045502
  26.1600000    0.0043411
  26.1800000    0.0040430
  26.2000000    0.0036702
  26.2200000    0.0032384
  26.2400000    0.0027642
  26.2600000    0.0022658
  26.2800000    0.0017619
  26.3000000    0.0012721
  26.3200000    0.0008155
  26.3400000    0.0004105
  26.3600000    0.0000734
  26.3800000   -0.0001822
  26.4000000   -0.0003466
  26.4200000   -0.0004145
  26.4400000   -0.0003855
  26.4600000   -0.0002641
  26.4800000   -0.0000594
  26.5000000    0.0002160
  26.5200000    0.0005466
  26.5400000    0.0009161
  26.5600000    0.0013084
  26.5800000    0.0017101
  26.6000000    0.0021120
  26.6200000    0.0025108
  26.6400000    0.0029108
  26.6600000    0.0033254
  26.6800000    0.0037780
  26.7000000    0.0043023
  26.7200000    0.0049430
  26.7400000    0.0057546
  26.7600000    0.0068001
  26.7800000    0.0081487
  26.8000000    0.0098719
  26.8200000    0.0120390
  26.8400000    0.0147112
  26.8600000    0.0179344
  26.8800000    0.0217321
  26.9000000    0.0260977
  26.9200000    0.0309883
  26.9400000    0.0363199
  26.9600000    0.0419658
  26.9800000    0.0477577
  27.0000000    0.0534926
  27.0200000    0.0589423
  27.0400000    0.0638674
  27.0600000    0.0680344
  27.0800000    0.0712328
  27.1000000    0.0732926
  27.1200000    0.0740982
  27.1400000    0.0735985
  27.1600000    0.0718111
  27.1800000    0.0688204
  27.2000000    0.0647699
  27.2200000    0.0598498
  27.2400000    0.0542813
  27.2600000    0.0482993
  27.2800000    0.0421361
  27.3000000    0.0360066
  27.3200000    0.0300974
  27.3400000    0.0245593
  27.3600000    0.0195037
  27.3800000    0.0150026
  27.4000000    0.0110916
  27.4200000    0.0077741
  27.4400000    0.0050273
  27.4600000    0.0028086
  27.4800000    0.0010613
  27.5000000   -0.0002795
  27.5200000   -0.0012815
  27.5400000   -0.0020109
  27.5600000   -0.0025291
  27.5800000   -0.0028894
  27.6000000   -0.0031354
  27.6200000   -0.0033001
  27.6400000   -0.0034059
  27.6600000   -0.0034659
  27.6800000   -0.0034855
  27.7000000   -0.0034646
  27.7200000   -0.0034007
  27.7400000   -0.0032907
  27.7600000   -0.0031336
  27.7800000   -0.0029314
  27.8000000   -0.0026899
  27.8200000   -0.0024182
  27.8400000   -0.0021278
  27.8600000   -0.0018313
  27.8800000   -0.0015403
  27.9000000   -0.0012643
  27.9200000   -0.0010096
  27.9400000   -0.0007789
  27.9600000   -0.0005722
  27.9800000   -0.0003879
  28.0000000   -0.0002248
  28.0200000   -0.0000843
  28.0400000    0.0000274
  28.0600000    0.0000978
  28.0800000    0.0001068
  28.1000000    0.0000271
  28.1200000   -0.0001752
  28.1400000   -0.0005379
  28.1600000   -0.0011001
  28.1800000   -0.0018983
  28.2000000   -0.0029626
  28.2200000   -0.0043128
  28.2400000   -0.0059554
  28.2600000   -0.0078807
  28.2800000   -0.0100623
  28.3000000   -0.0124566
  28.3200000   -0.0150048
  28.3400000   -0.0176353
  28.3600000   -0.0202675
  28.3800000   -0.0228165
  28.4000000   -0.0251977
  28.4200000   -0.0273317
  28.4400000   -0.0291482
  28.4600000   -0.0305898
  28.4800000   -0.0316146
  28.5000000   -0.0321974
  28.5200000   -0.0323303
  28.5400000   -0.0320224
  28.5600000   -0.0312983
  28.5800000   -0.0301960
  28.6000000   -0.0287650
  28.6200000   -0.0270628
  28.6400000   -0.0251523
  28.6600000   -0.0230983
  28.6800000   -0.0209646
  28.7000000   -0.0188110
  28.7200000   -0.0166905
  28.7400000   -0.0146471
  28.7600000   -0.0127146
  28.7800000   -0.0109149
  28.8000000   -0.0092588
  28.8200000   -0.0077461
  28.8400000   -0.0063673
  28.8600000   -0.0051059
  28.8800000   -0.0039409
  28.9000000   -0.0028495
  28.9200000   -0.0018102
  28.9400000   -0.0008050
  28.9600000    0.0001786
  28.9800000    0.0011462
  29.0000000    0.0020966
  29.0200000    0.0030221
  29.0400000    0.0039097
  29.0600000    0.0047429
  29.0800000    0.0055041
  29.1000000    0.0061763
  29.1200000    0.0067452
  29.1400000    0.0072009
  29.1600000    0.0075384
  29.1800000    0.0077581
  29.2000000    0.0078654
  29.2200000    0.0078696
  29.2400000    0.0077833
  29.2600000    0.0076203
  29.2800000    0.0073946
  29.3000000    0.0071192
  29.3200000    0.0068048
  29.3400000    0.0064597
  29.3600000    0.0060891
  29.3800000    0.0056955
  29.4000000    0.0052793
  29.4200000    0.0048394
  29.4400000    0.0043741
  29.4600000    0.0038827
  29.4800000    0.0033660
  29.5000000    0.0028276
  29.5200000    0.0022744
  29.5400000    0.0017174
  29.5600000    0.0011712
  29.5800000    0.0006536
  29.6000000    0.0001853
  29.6200000   -0.0002120
  29.6400000   -0.0005169
  29.6600000   -0.0007097
  29.6800000   -0.0007745
  29.7000000   -0.0007002
  29.7200000   -0.0004823
  29.7400000   -0.0001235
  29.7600000    0.0003658
  29.7800000    0.0009677
  29.8000000    0.0016571
  29.8200000    0.0024030
  29.8400000    0.0031701
  29.8600000    0.0039210
  29.8800000    0.0046177
  29.9000000    0.0052247
  29.9200000    0.0057109
  29.9400000    0.0060517
  29.9600000    0.0062306
  29.9800000    0.0062401
  30.0000000    0.0060820
