 -10.0000000    0.0111755
  -9.9800000    0.0099652
  -9.9600000    0.0086960
  -9.9400000    0.0074319
  -9.9200000    0.0062371
  -9.9000000    0.0051718
  -9.8800000    0.0042880
  -9.8600000    0.0036258
  -9.8400000    0.0032108
  -9.8200000    0.0030524
  -9.8000000    0.0031437
  -9.7800000    0.0034625
  -9.7600000    0.0039744
  -9.7400000    0.0046355
  -9.7200000    0.0053965
  -9.7000000    0.0062063
  -9.6800000    0.0070158
  -9.6600000    0.0077800
  -9.6400000    0.0084598
  -9.6200000    0.0090234
  -9.6000000    0.0094458
  -9.5800000    0.0097089
  -9.5600000    0.0098005
  -9.5400000    0.0097135
  -9.5200000    0.0094456
  -9.5000000    0.0089986
  -9.4800000    0.0083783
  -9.4600000    0.0075944
  -9.4400000    0.0066614
  -9.4200000    0.0055986
  -9.4000000    0.0044306
  -9.3800000    0.0031875
  -9.3600000    0.0019054
  -9.3400000    0.0006253
  -9.3200000   -0.0006076
  -9.3000000   -0.0017457
  -9.2800000   -0.0027413
  -9.2600000   -0.0035495
  -9.2400000   -0.0041315
  -9.2200000   -0.0044578
  -9.2000000   -0.0045106
  -9.1800000   -0.0042866
  -9.1600000   -0.0037977
  -9.1400000   -0.0030706
  -9.1200000   -0.0021456
  -9.1000000   -0.0010738
  -9.0800000    0.0000866
  -9.0600000    0.0012742
  -9.0400000    0.0024290
  -9.0200000    0.0034962
  -9.0000000    0.0044297
  -8.9800000    0.0051941
  -8.9600000    0.0057664
  -8.9400000    0.0061363
  -8.9200000    0.0063057
  -8.9000000    0.0062873
  -8.8800000    0.0061028
  -8.8600000    0.0057810
  -8.8400000    0.0053549
  -8.8200000    0.0048598
  -8.8000000    0.0043305
  -8.7800000    0.0037992
  -8.7600000    0.0032936
  -8.7400000    0.0028346
  -8.7200000    0.0024355
  -8.7000000    0.0021010
  -8.6800000    0.0018270
  -8.6600000    0.0016016
  -8.6400000    0.0014060
  -8.6200000    0.0012172
  -8.6000000    0.0010098
  -8.5800000    0.0007594
  -8.5600000    0.0004454
  -8.5400000    0.0000530
  -8.5200000   -0.0004243
  -8.5000000   -0.0009842
  -8.4800000   -0.0016149
  -8.4600000   -0.0022963
  -8.4400000   -0.0030011
  -8.4200000   -0.0036979
  -8.4000000   -0.0043531
  -8.3800000   -0.0049346
  -8.3600000   -0.0054141
  -8.3400000   -0.0057696
  -8.3200000   -0.0059875
  -8.3000000   -0.0060632
  -8.2800000   -0.0060011
  -8.2600000   -0.0058141
  -8.2400000   -0.0055214
  -8.2200000   -0.0051468
  -8.2000000   -0.0047160
  -8.1800000   -0.0042541
  -8.1600000   -0.0037832
  -8.1400000   -0.0033209
  -8.1200000   -0.0028793
  -8.1000000   -0.0024650
  -8.0800000   -0.0020791
  -8.0600000   -0.0017188
  -8.0400000   -0.0013782
  -8.0200000   -0.0010501
  -8.0000000   -0.0007273
  -7.9800000   -0.0004032
  -7.9600000   -0.0000730
  -7.9400000    0.0002669
  -7.9200000    0.0006179
  -7.9000000    0.0009807
  -7.8800000    0.0013545
  -7.8600000    0.0017380
  -7.8400000    0.0021291
  -7.8200000    0.0025249
  -7.8000000    0.0029217
  -7.7800000    0.0033148
  -7.7600000    0.0036986
  -7.7400000    0.0040665
  -7.7200000    0.0044115
  -7.7000000    0.0047268
  -7.6800000    0.0050062
  -7.6600000    0.0052450
  -7.6400000    0.0054404
  -7.6200000    0.0055919
  -7.6000000    0.0057008
  -7.5800000    0.0057700
  -7.5600000    0.0058028
  -7.5400000    0.0058019
  -7.5200000    0.0057683
  -7.5000000    0.0056995
  -7.4800000    0.0055898
  -7.4600000    0.0054288
  -7.4400000    0.0052027
  -7.4200000    0.0048947
  -7.4000000    0.0044869
  -7.3800000    0.0039621
  -7.3600000    0.0033067
  -7.3400000    0.0025123
  -7.3200000    0.0015782
  -7.3000000    0.0005125
  -7.2800000   -0.0006672
  -7.2600000   -0.0019346
  -7.2400000   -0.0032565
  -7.2200000   -0.0045945
  -7.2000000   -0.0059088
  -7.1800000   -0.0071610
  -7.1600000   -0.0083174
  -7.1400000   -0.0093508
  -7.1200000   -0.0102426
  -7.1000000   -0.0109826
  -7.0800000   -0.0115683
  -7.0600000   -0.0120033
  -7.0400000   -0.0122953
  -7.0200000   -0.0124536
  -7.0000000   -0.0124876
  -6.9800000   -0.0124055
  -6.9600000   -0.0122140
  -6.9400000   -0.0119191
  -6.9200000   -0.0115274
  -6.9000000   -0.0110473
  -6.8800000   -0.0104907
  -6.8600000   -0.0098737
  -6.8400000   -0.0092166
  -6.8200000   -0.0085431
  -6.8000000   -0.0078785
  -6.7800000   -0.0072476
  -6.7600000   -0.0066720
  -6.7400000   -0.0061684
  -6.7200000   -0.0057467
  -6.7000000   -0.0054101
  -6.6800000   -0.0051552
  -6.6600000   -0.0049742
  -6.6400000   -0.0048571
  -6.6200000   -0.0047943
  -6.6000000   -0.0047796
  -6.5800000   -0.0048120
  -6.5600000   -0.0048968
  -6.5400000   -0.0050460
  -6.5200000   -0.0052763
  -6.5000000   -0.0056076
  -6.4800000   -0.0060596
  -6.4600000   -0.0066484
  -6.4400000   -0.0073833
  -6.4200000   -0.0082638
  -6.4000000   -0.0092777
  -6.3800000   -0.0104007
  -6.3600000   -0.0115963
  -6.3400000   -0.0128180
  -6.3200000   -0.0140120
  -6.3000000   -0.0151210
  -6.2800000   -0.0160884
  -6.2600000   -0.0168617
  -6.2400000   -0.0173973
  -6.2200000   -0.0176623
  -6.2000000   -0.0176372
  -6.1800000   -0.0173162
  -6.1600000   -0.0167070
  -6.1400000   -0.0158295
  -6.1200000   -0.0147130
  -6.1000000   -0.0133940
  -6.0800000   -0.0119130
  -6.0600000   -0.0103113
  -6.0400000   -0.0086286
  -6.0200000   -0.0069007
  -6.0000000   -0.0051579
  -5.9800000   -0.0034247
  -5.9600000   -0.0017190
  -5.9400000   -0.0000531
  -5.9200000    0.0015653
  -5.9000000    0.0031326
  -5.8800000    0.0046469
  -5.8600000    0.0061076
  -5.8400000    0.0075143
  -5.8200000    0.0088653
  -5.8000000    0.0101579
  -5.7800000    0.0113876
  -5.7600000    0.0125481
  -5.7400000    0.0136315
  -5.7200000    0.0146284
  -5.7000000    0.0155281
  -5.6800000    0.0163193
  -5.6600000    0.0169905
  -5.6400000    0.0175310
  -5.6200000    0.0179322
  -5.6000000    0.0181882
  -5.5800000    0.0182972
  -5.5600000    0.0182620
  -5.5400000    0.0180908
  -5.5200000    0.0177968
  -5.5000000    0.0173977
  -5.4800000    0.0169147
  -5.4600000    0.0163706
  -5.4400000    0.0157884
  -5.4200000    0.0151898
  -5.4000000    0.0145935
  -5.3800000    0.0140145
  -5.3600000    0.0134636
  -5.3400000    0.0129478
  -5.3200000    0.0124707
  -5.3000000    0.0120332
  -5.2800000    0.0116350
  -5.2600000    0.0112749
  -5.2400000    0.0109519
  -5.2200000    0.0106656
  -5.2000000    0.0104162
  -5.1800000    0.0102048
  -5.1600000    0.0100327
  -5.1400000    0.0099017
  -5.1200000    0.0098132
  -5.1000000    0.0097685
  -5.0800000    0.0097682
  -5.0600000    0.0098120
  -5.0400000    0.0098990
  -5.0200000    0.0100274
  -5.0000000    0.0101948
  -4.9800000    0.0103986
  -4.9600000    0.0106357
  -4.9400000    0.0109039
  -4.9200000    0.0112011
  -4.9000000    0.0115261
  -4.8800000    0.0118780
  -4.8600000    0.0122560
  -4.8400000    0.0126586
  -4.8200000    0.0130821
  -4.8000000    0.0135199
  -4.7800000    0.0139610
  -4.7600000    0.0143896
  -4.7400000    0.0147850
  -4.7200000    0.0151218
  -4.7000000    0.0153713
  -4.6800000    0.0155039
  -4.6600000    0.0154906
  -4.6400000    0.0153058
  -4.6200000    0.0149292
  -4.6000000    0.0143468
  -4.5800000    0.0135513
  -4.5600000    0.0125413
  -4.5400000    0.0113200
  -4.5200000    0.0098931
  -4.5000000    0.0082667
  -4.4800000    0.0064462
  -4.4600000    0.0044354
  -4.4400000    0.0022378
  -4.4200000   -0.0001419
  -4.4000000   -0.0026945
  -4.3800000   -0.0054030
  -4.3600000   -0.0082390
  -4.3400000   -0.0111606
  -4.3200000   -0.0141108
  -4.3000000   -0.0170184
  -4.2800000   -0.0198006
  -4.2600000   -0.0223678
  -4.2400000   -0.0246288
  -4.2200000   -0.0264982
  -4.2000000   -0.0279021
  -4.1800000   -0.0287845
  -4.1600000   -0.0291119
  -4.1400000   -0.0288755
  -4.1200000   -0.0280923
  -4.1000000   -0.0268040
  -4.0800000   -0.0250738
  -4.0600000   -0.0229826
  -4.0400000   -0.0206237
  -4.0200000   -0.0180978
  -4.0000000   -0.0155071
  -3.9800000   -0.0129508
  -3.9600000   -0.0105209
  -3.9400000   -0.0082983
  -3.9200000   -0.0063507
  -3.9000000   -0.0047307
  -3.8800000   -0.0034748
  -3.8600000   -0.0026032
  -3.8400000   -0.0021202
  -3.8200000   -0.0020148
  -3.8000000   -0.0022625
  -3.7800000   -0.0028266
  -3.7600000   -0.0036604
  -3.7400000   -0.0047100
  -3.7200000   -0.0059165
  -3.7000000   -0.0072193
  -3.6800000   -0.0085592
  -3.6600000   -0.0098809
  -3.6400000   -0.0111356
  -3.6200000   -0.0122834
  -3.6000000   -0.0132940
  -3.5800000   -0.0141474
  -3.5600000   -0.0148336
  -3.5400000   -0.0153512
  -3.5200000   -0.0157062
  -3.5000000   -0.0159094
  -3.4800000   -0.0159750
  -3.4600000   -0.0159179
  -3.4400000   -0.0157523
  -3.4200000   -0.0154910
  -3.4000000   -0.0151437
  -3.3800000   -0.0147178
  -3.3600000   -0.0142176
  -3.3400000   -0.0136456
  -3.3200000   -0.0130023
  -3.3000000   -0.0122878
  -3.2800000   -0.0115018
  -3.2600000   -0.0106450
  -3.2400000   -0.0097192
  -3.2200000   -0.0087283
  -3.2000000   -0.0076780
  -3.1800000   -0.0065765
  -3.1600000   -0.0054340
  -3.1400000   -0.0042627
  -3.1200000   -0.0030765
  -3.1000000   -0.0018904
  -3.0800000   -0.0007203
  -3.0600000    0.0004174
  -3.0400000    0.0015060
  -3.0200000    0.0025288
  -3.0000000    0.0034694
  -2.9800000    0.0043123
  -2.9600000    0.0050429
  -2.9400000    0.0056493
  -2.9200000    0.0061226
  -2.9000000    0.0064583
  -2.8800000    0.0066580
  -2.8600000    0.0067298
  -2.8400000    0.0066893
  -2.8200000    0.0065595
  -2.8000000    0.0063698
  -2.7800000    0.0061551
  -2.7600000    0.0059525
  -2.7400000    0.0057991
  -2.7200000    0.0057286
  -2.7000000    0.0057681
  -2.6800000    0.0059357
  -2.6600000    0.0062384
  -2.6400000    0.0066722
  -2.6200000    0.0072220
  -2.6000000    0.0078643
  -2.5800000    0.0085701
  -2.5600000    0.0093086
  -2.5400000    0.0100515
  -2.5200000    0.0107760
  -2.5000000    0.0114678
  -2.4800000    0.0121222
  -2.4600000    0.0127433
  -2.4400000    0.0133423
  -2.4200000    0.0139337
  -2.4000000    0.0145314
  -2.3800000    0.0151441
  -2.3600000    0.0157713
  -2.3400000    0.0164012
  -2.3200000    0.0170092
  -2.3000000    0.0175593
  -2.2800000    0.0180073
  -2.2600000    0.0183050
  -2.2400000    0.0184062
  -2.2200000    0.0182724
  -2.2000000    0.0178780
  -2.1800000    0.0172147
  -2.1600000    0.0162931
  -2.1400000    0.0151429
  -2.1200000    0.0138106
  -2.1000000    0.0123551
  -2.0800000    0.0108424
  -2.0600000    0.0093390
  -2.0400000    0.0079060
  -2.0200000    0.0065934
  -2.0000000    0.0054366
  -1.9800000    0.0044537
  -1.9600000    0.0036453
  -1.9400000    0.0029961
  -1.9200000    0.0024781
  -1.9000000    0.0020546
  -1.8800000    0.0016850
  -1.8600000    0.0013300
  -1.8400000    0.0009553
  -1.8200000    0.0005358
  -1.8000000    0.0000574
  -1.7800000   -0.0004824
  -1.7600000   -0.0010751
  -1.7400000   -0.0017033
  -1.7200000   -0.0023446
  -1.7000000   -0.0029750
  -1.6800000   -0.0035746
  -1.6600000   -0.0041311
  -1.6400000   -0.0046446
  -1.6200000   -0.0051303
  -1.6000000   -0.0056202
  -1.5800000   -0.0061629
  -1.5600000   -0.0068219
  -1.5400000   -0.0076723
  -1.5200000   -0.0087951
  -1.5000000   -0.0102714
  -1.4800000   -0.0121758
  -1.4600000   -0.0145693
  -1.4400000   -0.0174939
  -1.4200000   -0.0209683
  -1.4000000   -0.0249861
  -1.3800000   -0.0295157
  -1.3600000   -0.0345033
  -1.3400000   -0.0398771
  -1.3200000   -0.0455535
  -1.3000000   -0.0514426
  -1.2800000   -0.0574540
  -1.2600000   -0.0635002
  -1.2400000   -0.0694989
  -1.2200000   -0.0753723
  -1.2000000   -0.0810450
  -1.1800000   -0.0864408
  -1.1600000   -0.0914792
  -1.1400000   -0.0960730
  -1.1200000   -0.1001277
  -1.1000000   -0.1035430
  -1.0800000   -0.1062175
  -1.0600000   -0.1080551
  -1.0400000   -0.1089728
  -1.0200000   -0.1089098
  -1.0000000   -0.1078345
  -0.9800000   -0.1057511
  -0.9600000   -0.1027027
  -0.9400000   -0.0987711
  -0.9200000   -0.0940741
  -0.9000000   -0.0887586
  -0.8800000   -0.0829923
  -0.8600000   -0.0769526
  -0.8400000   -0.0708160
  -0.8200000   -0.0647476
  -0.8000000   -0.0588919
  -0.7800000   -0.0533665
  -0.7600000   -0.0482582
  -0.7400000   -0.0436219
  -0.7200000   -0.0394831
  -0.7000000   -0.0358411
  -0.6800000   -0.0326751
  -0.6600000   -0.0299497
  -0.6400000   -0.0276201
  -0.6200000   -0.0256373
  -0.6000000   -0.0239505
  -0.5800000   -0.0225088
  -0.5600000   -0.0212615
  -0.5400000   -0.0201573
  -0.5200000   -0.0191433
  -0.5000000   -0.0181644
  -0.4800000   -0.0171626
  -0.4600000   -0.0160782
  -0.4400000   -0.0148509
  -0.4200000   -0.0134222
  -0.4000000   -0.0117382
  -0.3800000   -0.0097520
  -0.3600000   -0.0074263
  -0.3400000   -0.0047348
  -0.3200000   -0.0016632
  -0.3000000    0.0017918
  -0.2800000    0.0056226
  -0.2600000    0.0098138
  -0.2400000    0.0143443
  -0.2200000    0.0191903
  -0.2000000    0.0243284
  -0.1800000    0.0297379
  -0.1600000    0.0354036
  -0.1400000    0.0413163
  -0.1200000    0.0474728
  -0.1000000    0.0538747
  -0.0800000    0.0605247
  -0.0600000    0.0674217
  -0.0400000    0.0745547
  -0.0200000    0.0818961
   0.0000000    0.0893946
   0.0200000    0.0969699
   0.0400000    0.1045097
   0.0600000    0.1118691
   0.0800000    0.1188750
   0.1000000    0.1253341
   0.1200000    0.1310441
   0.1400000    0.1358079
   0.1600000    0.1394493
   0.1800000    0.1418269
   0.2000000    0.1428468
   0.2200000    0.1424705
   0.2400000    0.1407179
   0.2600000    0.1376656
   0.2800000    0.1334395
   0.3000000    0.1282035
   0.3200000    0.1221466
   0.3400000    0.1154683
   0.3600000    0.1083654
   0.3800000    0.1010210
   0.4000000    0.0935963
   0.4200000    0.0862260
   0.4400000    0.0790173
   0.4600000    0.0720506
   0.4800000    0.0653834
   0.5000000    0.0590537
   0.5200000    0.0530847
   0.5400000    0.0474887
   0.5600000    0.0422699
   0.5800000    0.0374262
   0.6000000    0.0329508
   0.6200000    0.0288315
   0.6400000    0.0250510
   0.6600000    0.0215857
   0.6800000    0.0184054
   0.7000000    0.0154728
   0.7200000    0.0127436
   0.7400000    0.0101678
   0.7600000    0.0076913
   0.7800000    0.0052583
   0.8000000    0.0028145
   0.8200000    0.0003108
   0.8400000   -0.0022938
   0.8600000   -0.0050282
   0.8800000   -0.0079078
   0.9000000   -0.0109328
   0.9200000   -0.0140887
   0.9400000   -0.0173473
   0.9600000   -0.0206699
   0.9800000   -0.0240106
   1.0000000   -0.0273208
   1.0200000   -0.0305538
   1.0400000   -0.0336691
   1.0600000   -0.0366365
   1.0800000   -0.0394402
   1.1000000   -0.0420811
   1.1200000   -0.0445790
   1.1400000   -0.0469734
   1.1600000   -0.0493226
   1.1800000   -0.0517016
   1.2000000   -0.0541973
   1.2200000   -0.0569018
   1.2400000   -0.0599042
   1.2600000   -0.0632807
   1.2800000   -0.0670839
   1.3000000   -0.0713333
   1.3200000   -0.0760071
   1.3400000   -0.0810380
   1.3600000   -0.0863121
   1.3800000   -0.0916729
   1.4000000   -0.0969298
   1.4200000   -0.1018701
   1.4400000   -0.1062739
   1.4600000   -0.1099304
   1.4800000   -0.1126534
   1.5000000   -0.1142950
   1.5200000   -0.1147563
   1.5400000   -0.1139941
   1.5600000   -0.1120227
   1.5800000   -0.1089118
   1.6000000   -0.1047804
   1.6200000   -0.0997870
   1.6400000   -0.0941182
   1.6600000   -0.0879753
   1.6800000   -0.0815616
   1.7000000   -0.0750701
   1.7200000   -0.0686727
   1.7400000   -0.0625127
   1.7600000   -0.0566998
   1.7800000   -0.0513075
   1.8000000   -0.0463744
   1.8200000   -0.0419075
   1.8400000   -0.0378869
   1.8600000   -0.0342726
   1.8800000   -0.0310113
   1.9000000   -0.0280422
   1.9200000   -0.0253041
   1.9400000   -0.0227390
   1.9600000   -0.0202970
   1.9800000   -0.0179379
   2.0000000   -0.0156329
   2.0200000   -0.0133645
   2.0400000   -0.0111261
   2.0600000   -0.0089200
   2.0800000   -0.0067556
   2.1000000   -0.0046463
   2.1200000   -0.0026070
   2.1400000   -0.0006511
   2.1600000    0.0012120
   2.1800000    0.0029785
   2.2000000    0.0046519
   2.2200000    0.0062431
   2.2400000    0.0077702
   2.2600000    0.0092570
   2.2800000    0.0107315
   2.3000000    0.0122233
   2.3200000    0.0137608
   2.3400000    0.0153692
   2.3600000    0.0170672
   2.3800000    0.0188653
   2.4000000    0.0207639
   2.4200000    0.0227526
   2.4400000    0.0248103
   2.4600000    0.0269054
   2.4800000    0.0289980
   2.5000000    0.0310419
   2.5200000    0.0329874
   2.5400000    0.0347839
   2.5600000    0.0363830
   2.5800000    0.0377406
   2.6000000    0.0388187
   2.6200000    0.0395865
   2.6400000    0.0400217
   2.6600000    0.0401102
   2.6800000    0.0398470
   2.7000000    0.0392363
   2.7200000    0.0382920
   2.7400000    0.0370380
   2.7600000    0.0355088
   2.7800000    0.0337490
   2.8000000    0.0318128
   2.8200000    0.0297619
   2.8400000    0.0276631
   2.8600000    0.0255842
   2.8800000    0.0235900
   2.9000000    0.0217373
   2.9200000    0.0200710
   2.9400000    0.0186203
   2.9600000    0.0173964
   2.9800000    0.0163921
   3.0000000    0.0155822
   3.0200000    0.0149268
   3.0400000    0.0143749
   3.0600000    0.0138691
   3.0800000    0.0133512
   3.1000000    0.0127675
   3.1200000    0.0120729
   3.1400000    0.0112353
   3.1600000    0.0102374
   3.1800000    0.0090777
   3.2000000    0.0077702
   3.2200000    0.0063423
   3.2400000    0.0048314
   3.2600000    0.0032814
   3.2800000    0.0017376
   3.3000000    0.0002430
   3.3200000   -0.0011664
   3.3400000   -0.0024639
   3.3600000   -0.0036348
   3.3800000   -0.0046765
   3.4000000   -0.0055979
   3.4200000   -0.0064175
   3.4400000   -0.0071610
   3.4600000   -0.0078580
   3.4800000   -0.0085396
   3.5000000   -0.0092352
   3.5200000   -0.0099707
   3.5400000   -0.0107677
   3.5600000   -0.0116417
   3.5800000   -0.0126025
   3.6000000   -0.0136535
   3.6200000   -0.0147923
   3.6400000   -0.0160098
   3.6600000   -0.0172913
   3.6800000   -0.0186163
   3.7000000   -0.0199597
   3.7200000   -0.0212934
   3.7400000   -0.0225878
   3.7600000   -0.0238146
   3.7800000   -0.0249488
   3.8000000   -0.0259710
   3.8200000   -0.0268686
   3.8400000   -0.0276357
   3.8600000   -0.0282728
   3.8800000   -0.0287840
   3.9000000   -0.0291751
   3.9200000   -0.0294499
   3.9400000   -0.0296081
   3.9600000   -0.0296432
   3.9800000   -0.0295427
   4.0000000   -0.0292885
   4.0200000   -0.0288596
   4.0400000   -0.0282352
   4.0600000   -0.0273984
   4.0800000   -0.0263397
   4.1000000   -0.0250596
   4.1200000   -0.0235701
   4.1400000   -0.0218950
   4.1600000   -0.0200686
   4.1800000   -0.0181334
   4.2000000   -0.0161366
   4.2200000   -0.0141270
   4.2400000   -0.0121508
   4.2600000   -0.0102487
   4.2800000   -0.0084534
   4.3000000   -0.0067877
   4.3200000   -0.0052638
   4.3400000   -0.0038828
   4.3600000   -0.0026358
   4.3800000   -0.0015046
   4.4000000   -0.0004632
   4.4200000    0.0005203
   4.4400000    0.0014818
   4.4600000    0.0024591
   4.4800000    0.0034894
   4.5000000    0.0046070
   4.5200000    0.0058404
   4.5400000    0.0072102
   4.5600000    0.0087266
   4.5800000    0.0103877
   4.6000000    0.0121791
   4.6200000    0.0140736
   4.6400000    0.0160329
   4.6600000    0.0180100
   4.6800000    0.0199527
   4.7000000    0.0218079
   4.7200000    0.0235257
   4.7400000    0.0250638
   4.7600000    0.0263905
   4.7800000    0.0274876
   4.8000000    0.0283504
   4.8200000    0.0289881
   4.8400000    0.0294212
   4.8600000    0.0296791
   4.8800000    0.0297960
   4.9000000    0.0298077
   4.9200000    0.0297474
   4.9400000    0.0296431
   4.9600000    0.0295152
   4.9800000    0.0293752
   5.0000000    0.0292251
   5.0200000    0.0290581
   5.0400000    0.0288593
   5.0600000    0.0286075
   5.0800000    0.0282767
   5.1000000    0.0278382
   5.1200000    0.0272625
   5.1400000    0.0265211
   5.1600000    0.0255893
   5.1800000    0.0244470
   5.2000000    0.0230817
   5.2200000    0.0214889
   5.2400000    0.0196738
   5.2600000    0.0176514
   5.2800000    0.0154464
   5.3000000    0.0130914
   5.3200000    0.0106259
   5.3400000    0.0080928
   5.3600000    0.0055361
   5.3800000    0.0029975
   5.4000000    0.0005140
   5.4200000   -0.0018847
   5.4400000   -0.0041772
   5.4600000   -0.0063513
   5.4800000   -0.0084024
   5.5000000   -0.0103328
   5.5200000   -0.0121488
   5.5400000   -0.0138579
   5.5600000   -0.0154663
   5.5800000   -0.0169763
   5.6000000   -0.0183847
   5.6200000   -0.0196821
   5.6400000   -0.0208536
   5.6600000   -0.0218799
   5.6800000   -0.0227402
   5.7000000   -0.0234147
   5.7200000   -0.0238878
   5.7400000   -0.0241504
   5.7600000   -0.0242018
   5.7800000   -0.0240502
   5.8000000   -0.0237124
   5.8200000   -0.0232116
   5.8400000   -0.0225755
   5.8600000   -0.0218327
   5.8800000   -0.0210099
   5.9000000   -0.0201292
   5.9200000   -0.0192062
   5.9400000   -0.0182494
   5.9600000   -0.0172608
   5.9800000   -0.0162373
   6.0000000   -0.0151733
   6.0200000   -0.0140640
   6.0400000   -0.0129076
   6.0600000   -0.0117085
   6.0800000   -0.0104786
   6.1000000   -0.0092381
   6.1200000   -0.0080142
   6.1400000   -0.0068396
   6.1600000   -0.0057495
   6.1800000   -0.0047774
   6.2000000   -0.0039520
   6.2200000   -0.0032936
   6.2400000   -0.0028115
   6.2600000   -0.0025030
   6.2800000   -0.0023532
   6.3000000   -0.0023370
   6.3200000   -0.0024219
   6.3400000   -0.0025714
   6.3600000   -0.0027495
   6.3800000   -0.0029240
   6.4000000   -0.0030697
   6.4200000   -0.0031706
   6.4400000   -0.0032202
   6.4600000   -0.0032208
   6.4800000   -0.0031822
   6.5000000   -0.0031193
   6.5200000   -0.0030488
   6.5400000   -0.0029873
   6.5600000   -0.0029485
   6.5800000   -0.0029419
   6.6000000   -0.0029714
   6.6200000   -0.0030355
   6.6400000   -0.0031270
   6.6600000   -0.0032333
   6.6800000   -0.0033376
   6.7000000   -0.0034189
   6.7200000   -0.0034535
   6.7400000   -0.0034152
   6.7600000   -0.0032773
   6.7800000   -0.0030137
   6.8000000   -0.0026004
   6.8200000   -0.0020184
   6.8400000   -0.0012552
   6.8600000   -0.0003071
   6.8800000    0.0008193
   6.9000000    0.0021061
   6.9200000    0.0035244
   6.9400000    0.0050356
   6.9600000    0.0065940
   6.9800000    0.0081495
   7.0000000    0.0096522
   7.0200000    0.0110559
   7.0400000    0.0123217
   7.0600000    0.0134213
   7.0800000    0.0143380
   7.1000000    0.0150680
   7.1200000    0.0156187
   7.1400000    0.0160075
   7.1600000    0.0162581
   7.1800000    0.0163982
   7.2000000    0.0164552
   7.2200000    0.0164541
   7.2400000    0.0164150
   7.2600000    0.0163514
   7.2800000    0.0162705
   7.3000000    0.0161733
   7.3200000    0.0160558
   7.3400000    0.0159104
   7.3600000    0.0157282
   7.3800000    0.0154994
   7.4000000    0.0152153
   7.4200000    0.0148681
   7.4400000    0.0144506
   7.4600000    0.0139564
   7.4800000    0.0133782
   7.5000000    0.0127075
   7.5200000    0.0119335
   7.5400000    0.0110434
   7.5600000    0.0100228
   7.5800000    0.0088565
   7.6000000    0.0075307
   7.6200000    0.0060349
   7.6400000    0.0043640
   7.6600000    0.0025207
   7.6800000    0.0005168
   7.7000000   -0.0016257
   7.7200000   -0.0038744
   7.7400000   -0.0061880
   7.7600000   -0.0085175
   7.7800000   -0.0108093
   7.8000000   -0.0130079
   7.8200000   -0.0150591
   7.8400000   -0.0169125
   7.8600000   -0.0185243
   7.8800000   -0.0198581
   7.9000000   -0.0208859
   7.9200000   -0.0215879
   7.9400000   -0.0219514
   7.9600000   -0.0219701
   7.9800000   -0.0216429
   8.0000000   -0.0209736
   8.0200000   -0.0199700
   8.0400000   -0.0186450
   8.0600000   -0.0170169
   8.0800000   -0.0151107
   8.1000000   -0.0129590
   8.1200000   -0.0106027
   8.1400000   -0.0080909
   8.1600000   -0.0054803
   8.1800000   -0.0028335
   8.2000000   -0.0002167
   8.2200000    0.0023032
   8.2400000    0.0046619
   8.2600000    0.0068011
   8.2800000    0.0086712
   8.3000000    0.0102340
   8.3200000    0.0114645
   8.3400000    0.0123519
   8.3600000    0.0129002
   8.3800000    0.0131267
   8.4000000    0.0130618
   8.4200000    0.0127461
   8.4400000    0.0122283
   8.4600000    0.0115622
   8.4800000    0.0108036
   8.5000000    0.0100069
   8.5200000    0.0092221
   8.5400000    0.0084920
   8.5600000    0.0078500
   8.5800000    0.0073187
   8.6000000    0.0069090
   8.6200000    0.0066204
   8.6400000    0.0064424
   8.6600000    0.0063557
   8.6800000    0.0063356
   8.7000000    0.0063545
   8.7200000    0.0063853
   8.7400000    0.0064044
   8.7600000    0.0063948
   8.7800000    0.0063484
   8.8000000    0.0062674
   8.8200000    0.0061652
   8.8400000    0.0060662
   8.8600000    0.0060045
   8.8800000    0.0060216
   8.9000000    0.0061631
   8.9200000    0.0064751
   8.9400000    0.0069994
   8.9600000    0.0077687
   8.9800000    0.0088024
   9.0000000    0.0101023
   9.0200000    0.0116499
   9.0400000    0.0134044
   9.0600000    0.0153037
   9.0800000    0.0172657
   9.1000000    0.0191928
   9.1200000    0.0209774
   9.1400000    0.0225094
   9.1600000    0.0236838
   9.1800000    0.0244091
   9.2000000    0.0246148
   9.2200000    0.0242576
   9.2400000    0.0233255
   9.2600000    0.0218397
   9.2800000    0.0198531
   9.3000000    0.0174471
   9.3200000    0.0147250
   9.3400000    0.0118042
   9.3600000    0.0088072
   9.3800000    0.0058530
   9.4000000    0.0030486
   9.4200000    0.0004822
   9.4400000   -0.0017804
   9.4600000   -0.0036989
   9.4800000   -0.0052576
   9.5000000   -0.0064633
   9.5200000   -0.0073414
   9.5400000   -0.0079308
   9.5600000   -0.0082787
   9.5800000   -0.0084354
   9.6000000   -0.0084497
   9.6200000   -0.0083653
   9.6400000   -0.0082187
   9.6600000   -0.0080379
   9.6800000   -0.0078423
   9.7000000   -0.0076434
   9.7200000   -0.0074467
   9.7400000   -0.0072533
   9.7600000   -0.0070618
   9.7800000   -0.0068700
   9.8000000   -0.0066767
   9.8200000   -0.0064823
   9.8400000   -0.0062897
   9.8600000   -0.0061040
   9.8800000   -0.0059331
   9.9000000   -0.0057863
   9.9200000   -0.0056747
   9.9400000   -0.0056096
   9.9600000   -0.0056022
   9.9800000   -0.0056625
  10.0000000   -0.0057983
  10.0200000   -0.0060144
  10.0400000   -0.0063110
  10.0600000   -0.0066830
  10.0800000   -0.0071195
  10.1000000   -0.0076025
  10.1200000   -0.0081082
  10.1400000   -0.0086070
  10.1600000   -0.0090652
  10.1800000   -0.0094478
  10.2000000   -0.0097207
  10.2200000   -0.0098541
  10.2400000   -0.0098255
  10.2600000   -0.0096218
  10.2800000   -0.0092415
  10.3000000   -0.0086951
  10.3200000   -0.0080049
  10.3400000   -0.0072030
  10.3600000   -0.0063287
  10.3800000   -0.0054257
  10.4000000   -0.0045378
  10.4200000   -0.0037054
  10.4400000   -0.0029621
  10.4600000   -0.0023323
  10.4800000   -0.0018286
  10.5000000   -0.0014517
  10.5200000   -0.0011904
  10.5400000   -0.0010226
  10.5600000   -0.0009179
  10.5800000   -0.0008404
  10.6000000   -0.0007524
  10.6200000   -0.0006179
  10.6400000   -0.0004066
  10.6600000   -0.0000968
  10.6800000    0.0003223
  10.7000000    0.0008485
  10.7200000    0.0014675
  10.7400000    0.0021531
  10.7600000    0.0028701
  10.7800000    0.0035776
  10.8000000    0.0042328
  10.8200000    0.0047960
  10.8400000    0.0052341
  10.8600000    0.0055250
  10.8800000    0.0056598
  10.9000000    0.0056445
  10.9200000    0.0055003
  10.9400000    0.0052622
  10.9600000    0.0049763
  10.9800000    0.0046966
  11.0000000    0.0044808
  11.0200000    0.0043850
  11.0400000    0.0044601
  11.0600000    0.0047469
  11.0800000    0.0052729
  11.1000000    0.0060500
  11.1200000    0.0070736
  11.1400000    0.0083227
  11.1600000    0.0097617
  11.1800000    0.0113430
  11.2000000    0.0130112
  11.2200000    0.0147065
  11.2400000    0.0163696
  11.2600000    0.0179451
  11.2800000    0.0193845
  11.3000000    0.0206485
  11.3200000    0.0217078
  11.3400000    0.0225433
  11.3600000    0.0231458
  11.3800000    0.0235143
  11.4000000    0.0236550
  11.4200000    0.0235799
  11.4400000    0.0233053
  11.4600000    0.0228506
  11.4800000    0.0222369
  11.5000000    0.0214861
  11.5200000    0.0206193
  11.5400000    0.0196561
  11.5600000    0.0186124
  11.5800000    0.0175004
  11.6000000    0.0163274
  11.6200000    0.0150954
  11.6400000    0.0138019
  11.6600000    0.0124404
  11.6800000    0.0110022
  11.7000000    0.0094781
  11.7200000    0.0078605
  11.7400000    0.0061455
  11.7600000    0.0043351
  11.7800000    0.0024382
  11.8000000    0.0004720
  11.8200000   -0.0015385
  11.8400000   -0.0035607
  11.8600000   -0.0055566
  11.8800000   -0.0074848
  11.9000000   -0.0093035
  11.9200000   -0.0109737
  11.9400000   -0.0124624
  11.9600000   -0.0137449
  11.9800000   -0.0148064
  12.0000000   -0.0156426
  12.0200000   -0.0162588
  12.0400000   -0.0166675
  12.0600000   -0.0168859
  12.0800000   -0.0169317
  12.1000000   -0.0168199
  12.1200000   -0.0165600
  12.1400000   -0.0161535
  12.1600000   -0.0155940
  12.1800000   -0.0148680
  12.2000000   -0.0139575
  12.2200000   -0.0128438
  12.2400000   -0.0115113
  12.2600000   -0.0099520
  12.2800000   -0.0081683
  12.3000000   -0.0061753
  12.3200000   -0.0040014
  12.3400000   -0.0016872
  12.3600000    0.0007171
  12.3800000    0.0031549
  12.4000000    0.0055667
  12.4200000    0.0078943
  12.4400000    0.0100832
  12.4600000    0.0120850
  12.4800000    0.0138583
  12.5000000    0.0153684
  12.5200000    0.0165874
  12.5400000    0.0174925
  12.5600000    0.0180654
  12.5800000    0.0182922
  12.6000000    0.0181631
  12.6200000    0.0176734
  12.6400000    0.0168252
  12.6600000    0.0156288
  12.6800000    0.0141052
  12.7000000    0.0122872
  12.7200000    0.0102204
  12.7400000    0.0079632
  12.7600000    0.0055851
  12.7800000    0.0031644
  12.8000000    0.0007841
  12.8200000   -0.0014724
  12.8400000   -0.0035265
  12.8600000   -0.0053089
  12.8800000   -0.0067646
  12.9000000   -0.0078552
  12.9200000   -0.0085611
  12.9400000   -0.0088819
  12.9600000   -0.0088348
  12.9800000   -0.0084524
  13.0000000   -0.0077789
  13.0200000   -0.0068668
  13.0400000   -0.0057722
  13.0600000   -0.0045517
  13.0800000   -0.0032592
  13.1000000   -0.0019430
  13.1200000   -0.0006448
  13.1400000    0.0006017
  13.1600000    0.0017708
  13.1800000    0.0028451
  13.2000000    0.0038145
  13.2200000    0.0046761
  13.2400000    0.0054325
  13.2600000    0.0060915
  13.2800000    0.0066643
  13.3000000    0.0071647
  13.3200000    0.0076075
  13.3400000    0.0080077
  13.3600000    0.0083791
  13.3800000    0.0087336
  13.4000000    0.0090809
  13.4200000    0.0094282
  13.4400000    0.0097806
  13.4600000    0.0101421
  13.4800000    0.0105164
  13.5000000    0.0109080
  13.5200000    0.0113237
  13.5400000    0.0117730
  13.5600000    0.0122687
  13.5800000    0.0128267
  13.6000000    0.0134644
  13.6200000    0.0141997
  13.6400000    0.0150479
  13.6600000    0.0160193
  13.6800000    0.0171166
  13.7000000    0.0183322
  13.7200000    0.0196473
  13.7400000    0.0210311
  13.7600000    0.0224421
  13.7800000    0.0238309
  13.8000000    0.0251430
  13.8200000    0.0263243
  13.8400000    0.0273252
  13.8600000    0.0281052
  13.8800000    0.0286362
  13.9000000    0.0289047
  13.9200000    0.0289119
  13.9400000    0.0286721
  13.9600000    0.0282098
  13.9800000    0.0275551
  14.0000000    0.0267395
  14.0200000    0.0257910
  14.0400000    0.0247311
  14.0600000    0.0235720
  14.0800000    0.0223167
  14.1000000    0.0209595
  14.1200000    0.0194888
  14.1400000    0.0178904
  14.1600000    0.0161515
  14.1800000    0.0142639
  14.2000000    0.0122270
  14.2200000    0.0100497
  14.2400000    0.0077509
  14.2600000    0.0053587
  14.2800000    0.0029089
  14.3000000    0.0004426
  14.3200000   -0.0019965
  14.3400000   -0.0043649
  14.3600000   -0.0066217
  14.3800000   -0.0087306
  14.4000000   -0.0106617
  14.4200000   -0.0123925
  14.4400000   -0.0139088
  14.4600000   -0.0152048
  14.4800000   -0.0162835
  14.5000000   -0.0171562
  14.5200000   -0.0178421
  14.5400000   -0.0183672
  14.5600000   -0.0187641
  14.5800000   -0.0190699
  14.6000000   -0.0193260
  14.6200000   -0.0195760
  14.6400000   -0.0198648
  14.6600000   -0.0202370
  14.6800000   -0.0207353
  14.7000000   -0.0213985
  14.7200000   -0.0222593
  14.7400000   -0.0233417
  14.7600000   -0.0246583
  14.7800000   -0.0262078
  14.8000000   -0.0279728
  14.8200000   -0.0299185
  14.8400000   -0.0319930
  14.8600000   -0.0341286
  14.8800000   -0.0362450
  14.9000000   -0.0382538
  14.9200000   -0.0400642
  14.9400000   -0.0415891
  14.9600000   -0.0427512
  14.9800000   -0.0434887
  15.0000000   -0.0437593
  15.0200000   -0.0435428
  15.0400000   -0.0428423
  15.0600000   -0.0416832
  15.0800000   -0.0401110
  15.1000000   -0.0381876
  15.1200000   -0.0359868
  15.1400000   -0.0335899
  15.1600000   -0.0310799
  15.1800000   -0.0285378
  15.2000000   -0.0260375
  15.2200000   -0.0236424
  15.2400000   -0.0214031
  15.2600000   -0.0193550
  15.2800000   -0.0175175
  15.3000000   -0.0158941
  15.3200000   -0.0144736
  15.3400000   -0.0132318
  15.3600000   -0.0121342
  15.3800000   -0.0111394
  15.4000000   -0.0102027
  15.4200000   -0.0092801
  15.4400000   -0.0083319
  15.4600000   -0.0073258
  15.4800000   -0.0062395
  15.5000000   -0.0050620
  15.5200000   -0.0037942
  15.5400000   -0.0024473
  15.5600000   -0.0010415
  15.5800000    0.0003977
  15.6000000    0.0018423
  15.6200000    0.0032661
  15.6400000    0.0046481
  15.6600000    0.0059758
  15.6800000    0.0072475
  15.7000000    0.0084734
  15.7200000    0.0096763
  15.7400000    0.0108897
  15.7600000    0.0121561
  15.7800000    0.0135232
  15.8000000    0.0150395
  15.8200000    0.0167491
  15.8400000    0.0186868
  15.8600000    0.0208726
  15.8800000    0.0233080
  15.9000000    0.0259732
  15.9200000    0.0288258
  15.9400000    0.0318020
  15.9600000    0.0348198
  15.9800000    0.0377836
  16.0000000    0.0405903
  16.0200000    0.0431362
  16.0400000    0.0453236
  16.0600000    0.0470670
  16.0800000    0.0482979
  16.1000000    0.0489683
  16.1200000    0.0490527
  16.1400000    0.0485490
  16.1600000    0.0474782
  16.1800000    0.0458833
  16.2000000    0.0438272
  16.2200000    0.0413910
  16.2400000    0.0386706
  16.2600000    0.0357727
  16.2800000    0.0328103
  16.3000000    0.0298960
  16.3200000    0.0271359
  16.3400000    0.0246222
  16.3600000    0.0224262
  16.3800000    0.0205929
  16.4000000    0.0191372
  16.4200000    0.0180433
  16.4400000    0.0172669
  16.4600000    0.0167402
  16.4800000    0.0163799
  16.5000000    0.0160965
  16.5200000    0.0158039
  16.5400000    0.0154287
  16.5600000    0.0149167
  16.5800000    0.0142377
  16.6000000    0.0133865
  16.6200000    0.0123805
  16.6400000    0.0112556
  16.6600000    0.0100590
  16.6800000    0.0088423
  16.7000000    0.0076540
  16.7200000    0.0065333
  16.7400000    0.0055056
  16.7600000    0.0045807
  16.7800000    0.0037527
  16.8000000    0.0030021
  16.8200000    0.0022995
  16.8400000    0.0016103
  16.8600000    0.0008996
  16.8800000    0.0001362
  16.9000000   -0.0007039
  16.9200000   -0.0016354
  16.9400000   -0.0026631
  16.9600000   -0.0037824
  16.9800000   -0.0049809
  17.0000000   -0.0062399
  17.0200000   -0.0075374
  17.0400000   -0.0088492
  17.0600000   -0.0101508
  17.0800000   -0.0114186
  17.1000000   -0.0126300
  17.1200000   -0.0137643
  17.1400000   -0.0148021
  17.1600000   -0.0157257
  17.1800000   -0.0165189
  17.2000000   -0.0171672
  17.2200000   -0.0176583
  17.2400000   -0.0179818
  17.2600000   -0.0181302
  17.2800000   -0.0180990
  17.3000000   -0.0178871
  17.3200000   -0.0174975
  17.3400000   -0.0169371
  17.3600000   -0.0162176
  17.3800000   -0.0153550
  17.4000000   -0.0143698
  17.4200000   -0.0132861
  17.4400000   -0.0121312
  17.4600000   -0.0109342
  17.4800000   -0.0097239
  17.5000000   -0.0085275
  17.5200000   -0.0073684
  17.5400000   -0.0062646
  17.5600000   -0.0052271
  17.5800000   -0.0042599
  17.6000000   -0.0033596
  17.6200000   -0.0025167
  17.6400000   -0.0017174
  17.6600000   -0.0009458
  17.6800000   -0.0001864
  17.7000000    0.0005736
  17.7200000    0.0013420
  17.7400000    0.0021208
  17.7600000    0.0029055
  17.7800000    0.0036857
  17.8000000    0.0044468
  17.8200000    0.0051717
  17.8400000    0.0058431
  17.8600000    0.0064458
  17.8800000    0.0069681
  17.9000000    0.0074029
  17.9200000    0.0077475
  17.9400000    0.0080030
  17.9600000    0.0081722
  17.9800000    0.0082579
  18.0000000    0.0082611
  18.0200000    0.0081788
  18.0400000    0.0080039
  18.0600000    0.0077253
  18.0800000    0.0073293
  18.1000000    0.0068022
  18.1200000    0.0061335
  18.1400000    0.0053189
  18.1600000    0.0043642
  18.1800000    0.0032867
  18.2000000    0.0021168
  18.2200000    0.0008973
  18.2400000   -0.0003185
  18.2600000   -0.0014705
  18.2800000   -0.0024959
  18.3000000   -0.0033346
  18.3200000   -0.0039338
  18.3400000   -0.0042526
  18.3600000   -0.0042655
  18.3800000   -0.0039638
  18.4000000   -0.0033564
  18.4200000   -0.0024681
  18.4400000   -0.0013381
  18.4600000   -0.0000158
  18.4800000    0.0014425
  18.5000000    0.0029773
  18.5200000    0.0045294
  18.5400000    0.0060426
  18.5600000    0.0074657
  18.5800000    0.0087540
  18.6000000    0.0098694
  18.6200000    0.0107814
  18.6400000    0.0114664
  18.6600000    0.0119080
  18.6800000    0.0120966
  18.7000000    0.0120295
  18.7200000    0.0117109
  18.7400000    0.0111514
  18.7600000    0.0103683
  18.7800000    0.0093846
  18.8000000    0.0082288
  18.8200000    0.0069339
  18.8400000    0.0055363
  18.8600000    0.0040748
  18.8800000    0.0025890
  18.9000000    0.0011179
  18.9200000   -0.0003015
  18.9400000   -0.0016363
  18.9600000   -0.0028593
  18.9800000   -0.0039508
  19.0000000   -0.0049001
  19.0200000   -0.0057068
  19.0400000   -0.0063810
  19.0600000   -0.0069431
  19.0800000   -0.0074221
  19.1000000   -0.0078530
  19.1200000   -0.0082733
  19.1400000   -0.0087191
  19.1600000   -0.0092204
  19.1800000   -0.0097973
  19.2000000   -0.0104568
  19.2200000   -0.0111913
  19.2400000   -0.0119784
  19.2600000   -0.0127832
  19.2800000   -0.0135612
  19.3000000   -0.0142635
  19.3200000   -0.0148423
  19.3400000   -0.0152567
  19.3600000   -0.0154774
  19.3800000   -0.0154900
  19.4000000   -0.0152975
  19.4200000   -0.0149195
  19.4400000   -0.0143897
  19.4600000   -0.0137525
  19.4800000   -0.0130566
  19.5000000   -0.0123499
  19.5200000   -0.0116725
  19.5400000   -0.0110524
  19.5600000   -0.0105012
  19.5800000   -0.0100132
  19.6000000   -0.0095659
  19.6200000   -0.0091232
  19.6400000   -0.0086411
  19.6600000   -0.0080737
  19.6800000   -0.0073813
  19.7000000   -0.0065366
  19.7200000   -0.0055307
  19.7400000   -0.0043761
  19.7600000   -0.0031071
  19.7800000   -0.0017773
  19.8000000   -0.0004542
  19.8200000    0.0007880
  19.8400000    0.0018765
  19.8600000    0.0027486
  19.8800000    0.0033582
  19.9000000    0.0036808
  19.9200000    0.0037155
  19.9400000    0.0034840
  19.9600000    0.0030278
  19.9800000    0.0024027
  20.0000000    0.0016723
  20.0200000    0.0009026
  20.0400000    0.0001555
  20.0600000   -0.0005150
  20.0800000   -0.0010655
  20.1000000   -0.0014644
  20.1200000   -0.0016914
  20.1400000   -0.0017360
  20.1600000   -0.0015962
  20.1800000   -0.0012758
  20.2000000   -0.0007829
  20.2200000   -0.0001286
  20.2400000    0.0006739
  20.2600000    0.0016095
  20.2800000    0.0026614
  20.3000000    0.0038107
  20.3200000    0.0050359
  20.3400000    0.0063135
  20.3600000    0.0076173
  20.3800000    0.0089199
  20.4000000    0.0101927
  20.4200000    0.0114081
  20.4400000    0.0125403
  20.4600000    0.0135676
  20.4800000    0.0144741
  20.5000000    0.0152511
  20.5200000    0.0158989
  20.5400000    0.0164275
  20.5600000    0.0168568
  20.5800000    0.0172166
  20.6000000    0.0175451
  20.6200000    0.0178867
  20.6400000    0.0182900
  20.6600000    0.0188033
  20.6800000    0.0194712
  20.7000000    0.0203303
  20.7200000    0.0214046
  20.7400000    0.0227022
  20.7600000    0.0242123
  20.7800000    0.0259039
  20.8000000    0.0277258
  20.8200000    0.0296088
  20.8400000    0.0314699
  20.8600000    0.0332175
  20.8800000    0.0347584
  20.9000000    0.0360053
  20.9200000    0.0368834
  20.9400000    0.0373370
  20.9600000    0.0373335
  20.9800000    0.0368661
  21.0000000    0.0359535
  21.0200000    0.0346381
  21.0400000    0.0329821
  21.0600000    0.0310615
  21.0800000    0.0289606
  21.1000000    0.0267655
  21.1200000    0.0245579
  21.1400000    0.0224104
  21.1600000    0.0203820
  21.1800000    0.0185155
  21.2000000    0.0168362
  21.2200000    0.0153513
  21.2400000    0.0140515
  21.2600000    0.0129129
  21.2800000    0.0119003
  21.3000000    0.0109709
  21.3200000    0.0100786
  21.3400000    0.0091782
  21.3600000    0.0082296
  21.3800000    0.0072007
  21.4000000    0.0060704
  21.4200000    0.0048296
  21.4400000    0.0034817
  21.4600000    0.0020417
  21.4800000    0.0005346
  21.5000000   -0.0010071
  21.5200000   -0.0025461
  21.5400000   -0.0040434
  21.5600000   -0.0054610
  21.5800000   -0.0067645
  21.6000000   -0.0079254
  21.6200000   -0.0089222
  21.6400000   -0.0097419
  21.6600000   -0.0103800
  21.6800000   -0.0108410
  21.7000000   -0.0111376
  21.7200000   -0.0112905
  21.7400000   -0.0113267
  21.7600000   -0.0112794
  21.7800000   -0.0111858
  21.8000000   -0.0110863
  21.8200000   -0.0110232
  21.8400000   -0.0110384
  21.8600000   -0.0111724
  21.8800000   -0.0114620
  21.9000000   -0.0119388
  21.9200000   -0.0126273
  21.9400000   -0.0135427
  21.9600000   -0.0146904
  21.9800000   -0.0160641
  22.0000000   -0.0176461
  22.0200000   -0.0194073
  22.0400000   -0.0213084
  22.0600000   -0.0233014
  22.0800000   -0.0253320
  22.1000000   -0.0273425
  22.1200000   -0.0292743
  22.1400000   -0.0310704
  22.1600000   -0.0326784
  22.1800000   -0.0340520
  22.2000000   -0.0351524
  22.2200000   -0.0359496
  22.2400000   -0.0364223
  22.2600000   -0.0365587
  22.2800000   -0.0363557
  22.3000000   -0.0358189
  22.3200000   -0.0349622
  22.3400000   -0.0338069
  22.3600000   -0.0323811
  22.3800000   -0.0307184
  22.4000000   -0.0288568
  22.4200000   -0.0268370
  22.4400000   -0.0247007
  22.4600000   -0.0224884
  22.4800000   -0.0202380
  22.5000000   -0.0179830
  22.5200000   -0.0157517
  22.5400000   -0.0135663
  22.5600000   -0.0114432
  22.5800000   -0.0093934
  22.6000000   -0.0074240
  22.6200000   -0.0055392
  22.6400000   -0.0037419
  22.6600000   -0.0020347
  22.6800000   -0.0004207
  22.7000000    0.0010959
  22.7200000    0.0025108
  22.7400000    0.0038197
  22.7600000    0.0050201
  22.7800000    0.0061120
  22.8000000    0.0070989
  22.8200000    0.0079890
  22.8400000    0.0087944
  22.8600000    0.0095312
  22.8800000    0.0102179
  22.9000000    0.0108744
  22.9200000    0.0115194
  22.9400000    0.0121694
  22.9600000    0.0128364
  22.9800000    0.0135272
  23.0000000    0.0142424
  23.0200000    0.0149761
  23.0400000    0.0157171
  23.0600000    0.0164491
  23.0800000    0.0171528
  23.1000000    0.0178076
  23.1200000    0.0183935
  23.1400000    0.0188936
  23.1600000    0.0192953
  23.1800000    0.0195923
  23.2000000    0.0197855
  23.2200000    0.0198827
  23.2400000    0.0198983
  23.2600000    0.0198518
  23.2800000    0.0197658
  23.3000000    0.0196635
  23.3200000    0.0195661
  23.3400000    0.0194905
  23.3600000    0.0194471
  23.3800000    0.0194392
  23.4000000    0.0194622
  23.4200000    0.0195043
  23.4400000    0.0195478
  23.4600000    0.0195705
  23.4800000    0.0195481
  23.5000000    0.0194555
  23.5200000    0.0192691
  23.5400000    0.0189681
  23.5600000    0.0185351
  23.5800000    0.0179575
  23.6000000    0.0172274
  23.6200000    0.0163429
  23.6400000    0.0153076
  23.6600000    0.0141318
  23.6800000    0.0128319
  23.7000000    0.0114308
  23.7200000    0.0099575
  23.7400000    0.0084460
  23.7600000    0.0069339
  23.7800000    0.0054607
  23.8000000    0.0040654
  23.8200000    0.0027845
  23.8400000    0.0016494
  23.8600000    0.0006846
  23.8800000   -0.0000939
  23.9000000   -0.0006798
  23.9200000   -0.0010770
  23.9400000   -0.0012991
  23.9600000   -0.0013691
  23.9800000   -0.0013177
  24.0000000   -0.0011819
  24.0200000   -0.0010030
  24.0400000   -0.0008236
  24.0600000   -0.0006853
  24.0800000   -0.0006259
  24.1000000   -0.0006765
  24.1200000   -0.0008594
  24.1400000   -0.0011855
  24.1600000   -0.0016541
  24.1800000   -0.0022522
  24.2000000   -0.0029562
  24.2200000   -0.0037341
  24.2400000   -0.0045493
  24.2600000   -0.0053647
  24.2800000   -0.0061470
  24.3000000   -0.0068714
  24.3200000   -0.0075238
  24.3400000   -0.0081028
  24.3600000   -0.0086187
  24.3800000   -0.0090915
  24.4000000   -0.0095466
  24.4200000   -0.0100100
  24.4400000   -0.0105033
  24.4600000   -0.0110387
  24.4800000   -0.0116158
  24.5000000   -0.0122206
  24.5200000   -0.0128262
  24.5400000   -0.0133950
  24.5600000   -0.0138835
  24.5800000   -0.0142472
  24.6000000   -0.0144459
  24.6200000   -0.0144486
  24.6400000   -0.0142369
  24.6600000   -0.0138073
  24.6800000   -0.0131708
  24.7000000   -0.0123521
  24.7200000   -0.0113861
  24.7400000   -0.0103140
  24.7600000   -0.0091794
  24.7800000   -0.0080236
  24.8000000   -0.0068823
  24.8200000   -0.0057832
  24.8400000   -0.0047443
  24.8600000   -0.0037746
  24.8800000   -0.0028754
  24.9000000   -0.0020423
  24.9200000   -0.0012683
  24.9400000   -0.0005466
  24.9600000    0.0001270
  24.9800000    0.0007525
  25.0000000    0.0013252
  25.0200000    0.0018360
  25.0400000    0.0022734
  25.0600000    0.0026255
  25.0800000    0.0028830
  25.1000000    0.0030415
  25.1200000    0.0031040
  25.1400000    0.0030815
  25.1600000    0.0029936
  25.1800000    0.0028667
  25.2000000    0.0027319
  25.2200000    0.0026218
  25.2400000    0.0025670
  25.2600000    0.0025922
  25.2800000    0.0027139
  25.3000000    0.0029377
  25.3200000    0.0032579
  25.3400000    0.0036579
  25.3600000    0.0041115
  25.3800000    0.0045858
  25.4000000    0.0050446
  25.4200000    0.0054519
  25.4400000    0.0057756
  25.4600000    0.0059907
  25.4800000    0.0060820
  25.5000000    0.0060455
  25.5200000    0.0058898
  25.5400000    0.0056350
  25.5600000    0.0053120
  25.5800000    0.0049603
  25.6000000    0.0046249
  25.6200000    0.0043530
  25.6400000    0.0041903
  25.6600000    0.0041773
  25.6800000    0.0043461
  25.7000000    0.0047174
  25.7200000    0.0052991
  25.7400000    0.0060845
  25.7600000    0.0070533
  25.7800000    0.0081720
  25.8000000    0.0093964
  25.8200000    0.0106735
  25.8400000    0.0119455
  25.8600000    0.0131525
  25.8800000    0.0142361
  25.9000000    0.0151431
  25.9200000    0.0158282
  25.9400000    0.0162568
  25.9600000    0.0164075
  25.9800000    0.0162734
  26.0000000    0.0158630
  26.0200000    0.0151999
  26.0400000    0.0143216
  26.0600000    0.0132775
  26.0800000    0.0121248
  26.1000000    0.0109252
  26.1200000    0.0097396
  26.1400000    0.0086241
  26.1600000    0.0076253
  26.1800000    0.0067772
  26.2000000    0.0060986
  26.2200000    0.0055928
  26.2400000    0.0052478
  26.2600000    0.0050381
  26.2800000    0.0049278
  26.3000000    0.0048741
  26.3200000    0.0048305
  26.3400000    0.0047511
  26.3600000    0.0045929
  26.3800000    0.0043193
  26.4000000    0.0039011
  26.4200000    0.0033184
  26.4400000    0.0025610
  26.4600000    0.0016285
  26.4800000    0.0005306
  26.5000000   -0.0007138
  26.5200000   -0.0020768
  26.5400000   -0.0035233
  26.5600000   -0.0050120
  26.5800000   -0.0064975
  26.6000000   -0.0079327
  26.6200000   -0.0092715
  26.6400000   -0.0104713
  26.6600000   -0.0114958
  26.6800000   -0.0123174
  26.7000000   -0.0129184
  26.7200000   -0.0132916
  26.7400000   -0.0134400
  26.7600000   -0.0133757
  26.7800000   -0.0131168
  26.8000000   -0.0126856
  26.8200000   -0.0121055
  26.8400000   -0.0113986
  26.8600000   -0.0105840
  26.8800000   -0.0096772
  26.9000000   -0.0086906
  26.9200000   -0.0076345
  26.9400000   -0.0065192
  26.9600000   -0.0053571
  26.9800000   -0.0041646
  27.0000000   -0.0029637
  27.0200000   -0.0017819
  27.0400000   -0.0006518
  27.0600000    0.0003906
  27.0800000    0.0013089
  27.1000000    0.0020692
  27.1200000    0.0026433
  27.1400000    0.0030118
  27.1600000    0.0031662
  27.1800000    0.0031104
  27.2000000    0.0028605
  27.2200000    0.0024435
  27.2400000    0.0018960
  27.2600000    0.0012601
  27.2800000    0.0005809
  27.3000000   -0.0000979
  27.3200000   -0.0007368
  27.3400000   -0.0013038
  27.3600000   -0.0017760
  27.3800000   -0.0021408
  27.4000000   -0.0023956
  27.4200000   -0.0025468
  27.4400000   -0.0026077
  27.4600000   -0.0025964
  27.4800000   -0.0025329
  27.5000000   -0.0024368
  27.5200000   -0.0023252
  27.5400000   -0.0022114
  27.5600000   -0.0021041
  27.5800000   -0.0020077
  27.6000000   -0.0019233
  27.6200000   -0.0018497
  27.6400000   -0.0017855
  27.6600000   -0.0017304
  27.6800000   -0.0016868
  27.7000000   -0.0016609
  27.7200000   -0.0016627
  27.7400000   -0.0017058
  27.7600000   -0.0018060
  27.7800000   -0.0019797
  27.8000000   -0.0022414
  27.8200000   -0.0026011
  27.8400000   -0.0030616
  27.8600000   -0.0036172
  27.8800000   -0.0042516
  27.9000000   -0.0049386
  27.9200000   -0.0056421
  27.9400000   -0.0063194
  27.9600000   -0.0069233
  27.9800000   -0.0074071
  28.0000000   -0.0077277
  28.0200000   -0.0078506
  28.0400000   -0.0077527
  28.0600000   -0.0074249
  28.0800000   -0.0068732
  28.1000000   -0.0061189
  28.1200000   -0.0051967
  28.1400000   -0.0041524
  28.1600000   -0.0030400
  28.1800000   -0.0019176
  28.2000000   -0.0008441
  28.2200000    0.0001249
  28.2400000    0.0009397
  28.2600000    0.0015597
  28.2800000    0.0019550
  28.3000000    0.0021078
  28.3200000    0.0020123
  28.3400000    0.0016750
  28.3600000    0.0011131
  28.3800000    0.0003523
  28.4000000   -0.0005751
  28.4200000   -0.0016333
  28.4400000   -0.0027862
  28.4600000   -0.0040004
  28.4800000   -0.0052478
  28.5000000   -0.0065075
  28.5200000   -0.0077676
  28.5400000   -0.0090247
  28.5600000   -0.0102837
  28.5800000   -0.0115557
  28.6000000   -0.0128553
  28.6200000   -0.0141970
  28.6400000   -0.0155914
  28.6600000   -0.0170414
  28.6800000   -0.0185390
  28.7000000   -0.0200630
  28.7200000   -0.0215781
  28.7400000   -0.0230359
  28.7600000   -0.0243777
  28.7800000   -0.0255384
  28.8000000   -0.0264526
  28.8200000   -0.0270608
  28.8400000   -0.0273152
  28.8600000   -0.0271856
  28.8800000   -0.0266629
  28.9000000   -0.0257606
  28.9200000   -0.0245143
  28.9400000   -0.0229786
  28.9600000   -0.0212224
  28.9800000   -0.0193231
  29.0000000   -0.0173599
  29.0200000   -0.0154081
  29.0400000   -0.0135343
  29.0600000   -0.0117932
  29.0800000   -0.0102258
  29.1000000   -0.0088595
  29.1200000   -0.0077091
  29.1400000   -0.0067788
  29.1600000   -0.0060642
  29.1800000   -0.0055543
  29.2000000   -0.0052328
  29.2200000   -0.0050795
  29.2400000   -0.0050709
  29.2600000   -0.0051804
  29.2800000   -0.0053794
  29.3000000   -0.0056375
  29.3200000   -0.0059239
  29.3400000   -0.0062087
  29.3600000   -0.0064640
  29.3800000   -0.0066656
  29.4000000   -0.0067936
  29.4200000   -0.0068336
  29.4400000   -0.0067757
  29.4600000   -0.0066150
  29.4800000   -0.0063493
  29.5000000   -0.0059790
  29.5200000   -0.0055049
  29.5400000   -0.0049276
  29.5600000   -0.0042469
  29.5800000   -0.0034616
  29.6000000   -0.0025704
  29.6200000   -0.0015725
  29.6400000   -0.0004691
  29.6600000    0.0007350
  29.6800000    0.0020303
  29.7000000    0.0034017
  29.7200000    0.0048277
  29.7400000    0.0062808
  29.7600000    0.0077281
  29.7800000    0.0091322
  29.8000000    0.0104531
  29.8200000    0.0116499
  29.8400000    0.0126832
  29.8600000    0.0135164
  29.8800000    0.0141189
  29.9000000    0.0144670
  29.9200000    0.0145461
  29.9400000    0.0143522
  29.9600000    0.0138926
  29.9800000    0.0131871
  30.0000000    0.0122671
