 -10.0000000    0.0124152
  -9.9800000    0.0140824
  -9.9600000    0.0155185
  -9.9400000    0.0166774
  -9.9200000    0.0175304
  -9.9000000    0.0180667
  -9.8800000    0.0182933
  -9.8600000    0.0182332
  -9.8400000    0.0179206
  -9.8200000    0.0173972
  -9.8000000    0.0167067
  -9.7800000    0.0158900
  -9.7600000    0.0149821
  -9.7400000    0.0140093
  -9.7200000    0.0129889
  -9.7000000    0.0119295
  -9.6800000    0.0108336
  -9.6600000    0.0097000
  -9.6400000    0.0085274
  -9.6200000    0.0073167
  -9.6000000    0.0060733
  -9.5800000    0.0048083
  -9.5600000    0.0035374
  -9.5400000    0.0022806
  -9.5200000    0.0010591
  -9.5000000   -0.0001065
  -9.4800000   -0.0011986
  -9.4600000   -0.0022044
  -9.4400000   -0.0031162
  -9.4200000   -0.0039317
  -9.4000000   -0.0046527
  -9.3800000   -0.0052837
  -9.3600000   -0.0058305
  -9.3400000   -0.0062987
  -9.3200000   -0.0066935
  -9.3000000   -0.0070195
  -9.2800000   -0.0072816
  -9.2600000   -0.0074858
  -9.2400000   -0.0076406
  -9.2200000   -0.0077576
  -9.2000000   -0.0078517
  -9.1800000   -0.0079401
  -9.1600000   -0.0080417
  -9.1400000   -0.0081744
  -9.1200000   -0.0083537
  -9.1000000   -0.0085903
  -9.0800000   -0.0088890
  -9.0600000   -0.0092478
  -9.0400000   -0.0096584
  -9.0200000   -0.0101064
  -9.0000000   -0.0105734
  -8.9800000   -0.0110381
  -8.9600000   -0.0114783
  -8.9400000   -0.0118720
  -8.9200000   -0.0121983
  -8.9000000   -0.0124382
  -8.8800000   -0.0125741
  -8.8600000   -0.0125900
  -8.8400000   -0.0124706
  -8.8200000   -0.0122020
  -8.8000000   -0.0117710
  -8.7800000   -0.0111664
  -8.7600000   -0.0103799
  -8.7400000   -0.0094075
  -8.7200000   -0.0082510
  -8.7000000   -0.0069199
  -8.6800000   -0.0054323
  -8.6600000   -0.0038157
  -8.6400000   -0.0021064
  -8.6200000   -0.0003486
  -8.6000000    0.0014080
  -8.5800000    0.0031115
  -8.5600000    0.0047114
  -8.5400000    0.0061628
  -8.5200000    0.0074306
  -8.5000000    0.0084932
  -8.4800000    0.0093443
  -8.4600000    0.0099947
  -8.4400000    0.0104712
  -8.4200000    0.0108144
  -8.4000000    0.0110745
  -8.3800000    0.0113064
  -8.3600000    0.0115642
  -8.3400000    0.0118950
  -8.3200000    0.0123344
  -8.3000000    0.0129033
  -8.2800000    0.0136057
  -8.2600000    0.0144299
  -8.2400000    0.0153506
  -8.2200000    0.0163324
  -8.2000000    0.0173352
  -8.1800000    0.0183189
  -8.1600000    0.0192475
  -8.1400000    0.0200923
  -8.1200000    0.0208339
  -8.1000000    0.0214615
  -8.0800000    0.0219722
  -8.0600000    0.0223681
  -8.0400000    0.0226538
  -8.0200000    0.0228336
  -8.0000000    0.0229100
  -7.9800000    0.0228826
  -7.9600000    0.0227484
  -7.9400000    0.0225026
  -7.9200000    0.0221407
  -7.9000000    0.0216601
  -7.8800000    0.0210618
  -7.8600000    0.0203518
  -7.8400000    0.0195418
  -7.8200000    0.0186490
  -7.8000000    0.0176962
  -7.7800000    0.0167103
  -7.7600000    0.0157214
  -7.7400000    0.0147615
  -7.7200000    0.0138622
  -7.7000000    0.0130539
  -7.6800000    0.0123626
  -7.6600000    0.0118083
  -7.6400000    0.0114027
  -7.6200000    0.0111467
  -7.6000000    0.0110295
  -7.5800000    0.0110273
  -7.5600000    0.0111044
  -7.5400000    0.0112151
  -7.5200000    0.0113075
  -7.5000000    0.0113280
  -7.4800000    0.0112273
  -7.4600000    0.0109659
  -7.4400000    0.0105193
  -7.4200000    0.0098819
  -7.4000000    0.0090681
  -7.3800000    0.0081121
  -7.3600000    0.0070648
  -7.3400000    0.0059883
  -7.3200000    0.0049495
  -7.3000000    0.0040132
  -7.2800000    0.0032346
  -7.2600000    0.0026541
  -7.2400000    0.0022929
  -7.2200000    0.0021517
  -7.2000000    0.0022103
  -7.1800000    0.0024310
  -7.1600000    0.0027615
  -7.1400000    0.0031408
  -7.1200000    0.0035035
  -7.1000000    0.0037857
  -7.0800000    0.0039289
  -7.0600000    0.0038842
  -7.0400000    0.0036147
  -7.0200000    0.0030977
  -7.0000000    0.0023256
  -6.9800000    0.0013060
  -6.9600000    0.0000612
  -6.9400000   -0.0013735
  -6.9200000   -0.0029519
  -6.9000000   -0.0046207
  -6.8800000   -0.0063231
  -6.8600000   -0.0080037
  -6.8400000   -0.0096124
  -6.8200000   -0.0111091
  -6.8000000   -0.0124660
  -6.7800000   -0.0136696
  -6.7600000   -0.0147200
  -6.7400000   -0.0156287
  -6.7200000   -0.0164153
  -6.7000000   -0.0171022
  -6.6800000   -0.0177099
  -6.6600000   -0.0182525
  -6.6400000   -0.0187338
  -6.6200000   -0.0191459
  -6.6000000   -0.0194694
  -6.5800000   -0.0196751
  -6.5600000   -0.0197278
  -6.5400000   -0.0195904
  -6.5200000   -0.0192282
  -6.5000000   -0.0186130
  -6.4800000   -0.0177254
  -6.4600000   -0.0165565
  -6.4400000   -0.0151068
  -6.4200000   -0.0133855
  -6.4000000   -0.0114076
  -6.3800000   -0.0091913
  -6.3600000   -0.0067563
  -6.3400000   -0.0041218
  -6.3200000   -0.0013068
  -6.3000000    0.0016693
  -6.2800000    0.0047842
  -6.2600000    0.0080105
  -6.2400000    0.0113129
  -6.2200000    0.0146463
  -6.2000000    0.0179540
  -6.1800000    0.0211689
  -6.1600000    0.0242147
  -6.1400000    0.0270094
  -6.1200000    0.0294704
  -6.1000000    0.0315195
  -6.0800000    0.0330895
  -6.0600000    0.0341299
  -6.0400000    0.0346116
  -6.0200000    0.0345316
  -6.0000000    0.0339144
  -5.9800000    0.0328126
  -5.9600000    0.0313049
  -5.9400000    0.0294919
  -5.9200000    0.0274906
  -5.9000000    0.0254264
  -5.8800000    0.0234259
  -5.8600000    0.0216079
  -5.8400000    0.0200761
  -5.8200000    0.0189128
  -5.8000000    0.0181742
  -5.7800000    0.0178880
  -5.7600000    0.0180532
  -5.7400000    0.0186425
  -5.7200000    0.0196059
  -5.7000000    0.0208760
  -5.6800000    0.0223740
  -5.6600000    0.0240164
  -5.6400000    0.0257205
  -5.6200000    0.0274100
  -5.6000000    0.0290188
  -5.5800000    0.0304942
  -5.5600000    0.0317978
  -5.5400000    0.0329058
  -5.5200000    0.0338076
  -5.5000000    0.0345034
  -5.4800000    0.0350017
  -5.4600000    0.0353157
  -5.4400000    0.0354607
  -5.4200000    0.0354521
  -5.4000000    0.0353030
  -5.3800000    0.0350243
  -5.3600000    0.0346250
  -5.3400000    0.0341127
  -5.3200000    0.0334954
  -5.3000000    0.0327825
  -5.2800000    0.0319856
  -5.2600000    0.0311191
  -5.2400000    0.0301988
  -5.2200000    0.0292410
  -5.2000000    0.0282606
  -5.1800000    0.0272686
  -5.1600000    0.0262711
  -5.1400000    0.0252682
  -5.1200000    0.0242539
  -5.1000000    0.0232175
  -5.0800000    0.0221453
  -5.0600000    0.0210232
  -5.0400000    0.0198391
  -5.0200000    0.0185851
  -5.0000000    0.0172583
  -4.9800000    0.0158613
  -4.9600000    0.0144012
  -4.9400000    0.0128880
  -4.9200000    0.0113320
  -4.9000000    0.0097420
  -4.8800000    0.0081230
  -4.8600000    0.0064750
  -4.8400000    0.0047925
  -4.8200000    0.0030644
  -4.8000000    0.0012749
  -4.7800000   -0.0005949
  -4.7600000   -0.0025656
  -4.7400000   -0.0046577
  -4.7200000   -0.0068894
  -4.7000000   -0.0092749
  -4.6800000   -0.0118225
  -4.6600000   -0.0145324
  -4.6400000   -0.0173949
  -4.6200000   -0.0203892
  -4.6000000   -0.0234818
  -4.5800000   -0.0266266
  -4.5600000   -0.0297646
  -4.5400000   -0.0328260
  -4.5200000   -0.0357320
  -4.5000000   -0.0383984
  -4.4800000   -0.0407395
  -4.4600000   -0.0426729
  -4.4400000   -0.0441242
  -4.4200000   -0.0450317
  -4.4000000   -0.0453509
  -4.3800000   -0.0450576
  -4.3600000   -0.0441506
  -4.3400000   -0.0426525
  -4.3200000   -0.0406089
  -4.3000000   -0.0380866
  -4.2800000   -0.0351701
  -4.2600000   -0.0319562
  -4.2400000   -0.0285488
  -4.2200000   -0.0250531
  -4.2000000   -0.0215695
  -4.1800000   -0.0181889
  -4.1600000   -0.0149887
  -4.1400000   -0.0120310
  -4.1200000   -0.0093609
  -4.1000000   -0.0070074
  -4.0800000   -0.0049846
  -4.0600000   -0.0032935
  -4.0400000   -0.0019240
  -4.0200000   -0.0008573
  -4.0000000   -0.0000669
  -3.9800000    0.0004793
  -3.9600000    0.0008190
  -3.9400000    0.0009935
  -3.9200000    0.0010474
  -3.9000000    0.0010264
  -3.8800000    0.0009764
  -3.8600000    0.0009408
  -3.8400000    0.0009585
  -3.8200000    0.0010622
  -3.8000000    0.0012765
  -3.7800000    0.0016169
  -3.7600000    0.0020903
  -3.7400000    0.0026951
  -3.7200000    0.0034229
  -3.7000000    0.0042608
  -3.6800000    0.0051934
  -3.6600000    0.0062052
  -3.6400000    0.0072829
  -3.6200000    0.0084165
  -3.6000000    0.0096002
  -3.5800000    0.0108326
  -3.5600000    0.0121156
  -3.5400000    0.0134532
  -3.5200000    0.0148493
  -3.5000000    0.0163061
  -3.4800000    0.0178212
  -3.4600000    0.0193862
  -3.4400000    0.0209852
  -3.4200000    0.0225935
  -3.4000000    0.0241783
  -3.3800000    0.0256988
  -3.3600000    0.0271081
  -3.3400000    0.0283550
  -3.3200000    0.0293872
  -3.3000000    0.0301540
  -3.2800000    0.0306095
  -3.2600000    0.0307158
  -3.2400000    0.0304457
  -3.2200000    0.0297850
  -3.2000000    0.0287337
  -3.1800000    0.0273073
  -3.1600000    0.0255358
  -3.1400000    0.0234624
  -3.1200000    0.0211416
  -3.1000000    0.0186355
  -3.0800000    0.0160103
  -3.0600000    0.0133328
  -3.0400000    0.0106658
  -3.0200000    0.0080659
  -3.0000000    0.0055800
  -2.9800000    0.0032441
  -2.9600000    0.0010827
  -2.9400000   -0.0008911
  -2.9200000   -0.0026744
  -2.9000000   -0.0042726
  -2.8800000   -0.0056973
  -2.8600000   -0.0069638
  -2.8400000   -0.0080887
  -2.8200000   -0.0090872
  -2.8000000   -0.0099719
  -2.7800000   -0.0107509
  -2.7600000   -0.0114270
  -2.7400000   -0.0119980
  -2.7200000   -0.0124568
  -2.7000000   -0.0127929
  -2.6800000   -0.0129935
  -2.6600000   -0.0130453
  -2.6400000   -0.0129362
  -2.6200000   -0.0126564
  -2.6000000   -0.0121990
  -2.5800000   -0.0115605
  -2.5600000   -0.0107401
  -2.5400000   -0.0097389
  -2.5200000   -0.0085591
  -2.5000000   -0.0072026
  -2.4800000   -0.0056709
  -2.4600000   -0.0039655
  -2.4400000   -0.0020884
  -2.4200000   -0.0000444
  -2.4000000    0.0021569
  -2.3800000    0.0044985
  -2.3600000    0.0069540
  -2.3400000    0.0094863
  -2.3200000    0.0120477
  -2.3000000    0.0145813
  -2.2800000    0.0170238
  -2.2600000    0.0193090
  -2.2400000    0.0213726
  -2.2200000    0.0231557
  -2.2000000    0.0246088
  -2.1800000    0.0256934
  -2.1600000    0.0263828
  -2.1400000    0.0266608
  -2.1200000    0.0265202
  -2.1000000    0.0259598
  -2.0800000    0.0249828
  -2.0600000    0.0235956
  -2.0400000    0.0218076
  -2.0200000    0.0196335
  -2.0000000    0.0170955
  -1.9800000    0.0142273
  -1.9600000    0.0110770
  -1.9400000    0.0077084
  -1.9200000    0.0042016
  -1.9000000    0.0006501
  -1.8800000   -0.0028444
  -1.8600000   -0.0061787
  -1.8400000   -0.0092563
  -1.8200000   -0.0119953
  -1.8000000   -0.0143359
  -1.7800000   -0.0162445
  -1.7600000   -0.0177160
  -1.7400000   -0.0187725
  -1.7200000   -0.0194587
  -1.7000000   -0.0198350
  -1.6800000   -0.0199693
  -1.6600000   -0.0199280
  -1.6400000   -0.0197675
  -1.6200000   -0.0195278
  -1.6000000   -0.0192283
  -1.5800000   -0.0188661
  -1.5600000   -0.0184176
  -1.5400000   -0.0178430
  -1.5200000   -0.0170923
  -1.5000000   -0.0161135
  -1.4800000   -0.0148608
  -1.4600000   -0.0133030
  -1.4400000   -0.0114297
  -1.4200000   -0.0092573
  -1.4000000   -0.0068304
  -1.3800000   -0.0042230
  -1.3600000   -0.0015348
  -1.3400000    0.0011127
  -1.3200000    0.0035827
  -1.3000000    0.0057312
  -1.2800000    0.0074146
  -1.2600000    0.0084979
  -1.2400000    0.0088627
  -1.2200000    0.0084145
  -1.2000000    0.0070892
  -1.1800000    0.0048587
  -1.1600000    0.0017353
  -1.1400000   -0.0022252
  -1.1200000   -0.0069231
  -1.1000000   -0.0122160
  -1.0800000   -0.0179237
  -1.0600000   -0.0238361
  -1.0400000   -0.0297239
  -1.0200000   -0.0353521
  -1.0000000   -0.0404943
  -0.9800000   -0.0449482
  -0.9600000   -0.0485491
  -0.9400000   -0.0511803
  -0.9200000   -0.0527804
  -0.9000000   -0.0533454
  -0.8800000   -0.0529263
  -0.8600000   -0.0516219
  -0.8400000   -0.0495690
  -0.8200000   -0.0469295
  -0.8000000   -0.0438774
  -0.7800000   -0.0405863
  -0.7600000   -0.0372185
  -0.7400000   -0.0339163
  -0.7200000   -0.0307962
  -0.7000000   -0.0279457
  -0.6800000   -0.0254228
  -0.6600000   -0.0232566
  -0.6400000   -0.0214498
  -0.6200000   -0.0199820
  -0.6000000   -0.0188131
  -0.5800000   -0.0178867
  -0.5600000   -0.0171343
  -0.5400000   -0.0164779
  -0.5200000   -0.0158343
  -0.5000000   -0.0151173
  -0.4800000   -0.0142416
  -0.4600000   -0.0131252
  -0.4400000   -0.0116920
  -0.4200000   -0.0098744
  -0.4000000   -0.0076142
  -0.3800000   -0.0048639
  -0.3600000   -0.0015863
  -0.3400000    0.0022461
  -0.3200000    0.0066537
  -0.3000000    0.0116522
  -0.2800000    0.0172570
  -0.2600000    0.0234872
  -0.2400000    0.0303705
  -0.2200000    0.0379474
  -0.2000000    0.0462744
  -0.1800000    0.0554265
  -0.1600000    0.0654957
  -0.1400000    0.0765876
  -0.1200000    0.0888134
  -0.1000000    0.1022771
  -0.0800000    0.1170590
  -0.0600000    0.1331945
  -0.0400000    0.1506510
  -0.0200000    0.1693040
   0.0000000    0.1889164
   0.0200000    0.2091241
   0.0400000    0.2294316
   0.0600000    0.2492210
   0.0800000    0.2677764
   0.1000000    0.2843224
   0.1200000    0.2980778
   0.1400000    0.3083159
   0.1600000    0.3144290
   0.1800000    0.3159869
   0.2000000    0.3127832
   0.2200000    0.3048633
   0.2400000    0.2925289
   0.2600000    0.2763191
   0.2800000    0.2569687
   0.3000000    0.2353492
   0.3200000    0.2124004
   0.3400000    0.1890575
   0.3600000    0.1661854
   0.3800000    0.1445234
   0.4000000    0.1246467
   0.4200000    0.1069464
   0.4400000    0.0916270
   0.4600000    0.0787211
   0.4800000    0.0681148
   0.5000000    0.0595829
   0.5200000    0.0528258
   0.5400000    0.0475071
   0.5600000    0.0432866
   0.5800000    0.0398474
   0.6000000    0.0369155
   0.6200000    0.0342713
   0.6400000    0.0317537
   0.6600000    0.0292586
   0.6800000    0.0267310
   0.7000000    0.0241551
   0.7200000    0.0215419
   0.7400000    0.0189175
   0.7600000    0.0163110
   0.7800000    0.0137463
   0.8000000    0.0112346
   0.8200000    0.0087705
   0.8400000    0.0063301
   0.8600000    0.0038717
   0.8800000    0.0013369
   0.9000000   -0.0013461
   0.9200000   -0.0042593
   0.9400000   -0.0074914
   0.9600000   -0.0111342
   0.9800000   -0.0152790
   1.0000000   -0.0200131
   1.0200000   -0.0254152
   1.0400000   -0.0315514
   1.0600000   -0.0384695
   1.0800000   -0.0461939
   1.1000000   -0.0547190
   1.1200000   -0.0640038
   1.1400000   -0.0739665
   1.1600000   -0.0844810
   1.1800000   -0.0953760
   1.2000000   -0.1064371
   1.2200000   -0.1174118
   1.2400000   -0.1280200
   1.2600000   -0.1379658
   1.2800000   -0.1469536
   1.3000000   -0.1547048
   1.3200000   -0.1609746
   1.3400000   -0.1655671
   1.3600000   -0.1683476
   1.3800000   -0.1692498
   1.4000000   -0.1682789
   1.4200000   -0.1655093
   1.4400000   -0.1610777
   1.4600000   -0.1551732
   1.4800000   -0.1480242
   1.5000000   -0.1398848
   1.5200000   -0.1310214
   1.5400000   -0.1216993
   1.5600000   -0.1121723
   1.5800000   -0.1026727
   1.6000000   -0.0934038
   1.6200000   -0.0845346
   1.6400000   -0.0761951
   1.6600000   -0.0684748
   1.6800000   -0.0614213
   1.7000000   -0.0550418
   1.7200000   -0.0493063
   1.7400000   -0.0441523
   1.7600000   -0.0394915
   1.7800000   -0.0352177
   1.8000000   -0.0312159
   1.8200000   -0.0273716
   1.8400000   -0.0235797
   1.8600000   -0.0197523
   1.8800000   -0.0158250
   1.9000000   -0.0117616
   1.9200000   -0.0075553
   1.9400000   -0.0032289
   1.9600000    0.0011691
   1.9800000    0.0055689
   2.0000000    0.0098869
   2.0200000    0.0140334
   2.0400000    0.0179213
   2.0600000    0.0214744
   2.0800000    0.0246347
   2.1000000    0.0273682
   2.1200000    0.0296681
   2.1400000    0.0315555
   2.1600000    0.0330783
   2.1800000    0.0343059
   2.2000000    0.0353239
   2.2200000    0.0362255
   2.2400000    0.0371030
   2.2600000    0.0380395
   2.2800000    0.0391014
   2.3000000    0.0403316
   2.3200000    0.0417462
   2.3400000    0.0433330
   2.3600000    0.0450518
   2.3800000    0.0468388
   2.4000000    0.0486111
   2.4200000    0.0502742
   2.4400000    0.0517291
   2.4600000    0.0528805
   2.4800000    0.0536434
   2.5000000    0.0539492
   2.5200000    0.0537504
   2.5400000    0.0530228
   2.5600000    0.0517662
   2.5800000    0.0500040
   2.6000000    0.0477803
   2.6200000    0.0451564
   2.6400000    0.0422064
   2.6600000    0.0390121
   2.6800000    0.0356581
   2.7000000    0.0322271
   2.7200000    0.0287952
   2.7400000    0.0254291
   2.7600000    0.0221832
   2.7800000    0.0190987
   2.8000000    0.0162032
   2.8200000    0.0135121
   2.8400000    0.0110299
   2.8600000    0.0087528
   2.8800000    0.0066716
   2.9000000    0.0047743
   2.9200000    0.0030479
   2.9400000    0.0014807
   2.9600000    0.0000627
   2.9800000   -0.0012141
   3.0000000   -0.0023568
   3.0200000   -0.0033726
   3.0400000   -0.0042711
   3.0600000   -0.0050663
   3.0800000   -0.0057785
   3.1000000   -0.0064362
   3.1200000   -0.0070773
   3.1400000   -0.0077492
   3.1600000   -0.0085080
   3.1800000   -0.0094172
   3.2000000   -0.0105443
   3.2200000   -0.0119573
   3.2400000   -0.0137198
   3.2600000   -0.0158859
   3.2800000   -0.0184952
   3.3000000   -0.0215678
   3.3200000   -0.0251010
   3.3400000   -0.0290665
   3.3600000   -0.0334105
   3.3800000   -0.0380549
   3.4000000   -0.0429010
   3.4200000   -0.0478347
   3.4400000   -0.0527329
   3.4600000   -0.0574703
   3.4800000   -0.0619260
   3.5000000   -0.0659897
   3.5200000   -0.0695658
   3.5400000   -0.0725761
   3.5600000   -0.0749613
   3.5800000   -0.0766805
   3.6000000   -0.0777104
   3.6200000   -0.0780439
   3.6400000   -0.0776891
   3.6600000   -0.0766683
   3.6800000   -0.0750180
   3.7000000   -0.0727889
   3.7200000   -0.0700461
   3.7400000   -0.0668687
   3.7600000   -0.0633479
   3.7800000   -0.0595847
   3.8000000   -0.0556858
   3.8200000   -0.0517588
   3.8400000   -0.0479065
   3.8600000   -0.0442228
   3.8800000   -0.0407879
   3.9000000   -0.0376662
   3.9200000   -0.0349054
   3.9400000   -0.0325371
   3.9600000   -0.0305787
   3.9800000   -0.0290358
   4.0000000   -0.0279036
   4.0200000   -0.0271682
   4.0400000   -0.0268063
   4.0600000   -0.0267838
   4.0800000   -0.0270536
   4.1000000   -0.0275536
   4.1200000   -0.0282056
   4.1400000   -0.0289160
   4.1600000   -0.0295789
   4.1800000   -0.0300822
   4.2000000   -0.0303148
   4.2200000   -0.0301763
   4.2400000   -0.0295864
   4.2600000   -0.0284924
   4.2800000   -0.0268756
   4.3000000   -0.0247533
   4.3200000   -0.0221773
   4.3400000   -0.0192297
   4.3600000   -0.0160144
   4.3800000   -0.0126479
   4.4000000   -0.0092486
   4.4200000   -0.0059275
   4.4400000   -0.0027795
   4.4600000    0.0001223
   4.4800000    0.0027296
   4.5000000    0.0050195
   4.5200000    0.0069925
   4.5400000    0.0086686
   4.5600000    0.0100818
   4.5800000    0.0112742
   4.6000000    0.0122904
   4.6200000    0.0131720
   4.6400000    0.0139536
   4.6600000    0.0146604
   4.6800000    0.0153068
   4.7000000    0.0158969
   4.7200000    0.0164261
   4.7400000    0.0168835
   4.7600000    0.0172550
   4.7800000    0.0175254
   4.8000000    0.0176812
   4.8200000    0.0177114
   4.8400000    0.0176089
   4.8600000    0.0173696
   4.8800000    0.0169918
   4.9000000    0.0164751
   4.9200000    0.0158187
   4.9400000    0.0150207
   4.9600000    0.0140770
   4.9800000    0.0129814
   5.0000000    0.0117260
   5.0200000    0.0103022
   5.0400000    0.0087022
   5.0600000    0.0069213
   5.0800000    0.0049594
   5.1000000    0.0028232
   5.1200000    0.0005277
   5.1400000   -0.0019032
   5.1600000   -0.0044362
   5.1800000   -0.0070303
   5.2000000   -0.0096382
   5.2200000   -0.0122097
   5.2400000   -0.0146944
   5.2600000   -0.0170460
   5.2800000   -0.0192247
   5.3000000   -0.0212002
   5.3200000   -0.0229525
   5.3400000   -0.0244717
   5.3600000   -0.0257560
   5.3800000   -0.0268097
   5.4000000   -0.0276389
   5.4200000   -0.0282487
   5.4400000   -0.0286398
   5.4600000   -0.0288073
   5.4800000   -0.0287402
   5.5000000   -0.0284228
   5.5200000   -0.0278376
   5.5400000   -0.0269697
   5.5600000   -0.0258105
   5.5800000   -0.0243626
   5.6000000   -0.0226430
   5.6200000   -0.0206848
   5.6400000   -0.0185380
   5.6600000   -0.0162669
   5.6800000   -0.0139474
   5.7000000   -0.0116611
   5.7200000   -0.0094895
   5.7400000   -0.0075077
   5.7600000   -0.0057777
   5.7800000   -0.0043442
   5.8000000   -0.0032304
   5.8200000   -0.0024376
   5.8400000   -0.0019452
   5.8600000   -0.0017143
   5.8800000   -0.0016923
   5.9000000   -0.0018188
   5.9200000   -0.0020320
   5.9400000   -0.0022748
   5.9600000   -0.0025007
   5.9800000   -0.0026768
   6.0000000   -0.0027865
   6.0200000   -0.0028299
   6.0400000   -0.0028213
   6.0600000   -0.0027868
   6.0800000   -0.0027596
   6.1000000   -0.0027748
   6.1200000   -0.0028646
   6.1400000   -0.0030539
   6.1600000   -0.0033562
   6.1800000   -0.0037718
   6.2000000   -0.0042865
   6.2200000   -0.0048726
   6.2400000   -0.0054910
   6.2600000   -0.0060939
   6.2800000   -0.0066287
   6.3000000   -0.0070427
   6.3200000   -0.0072861
   6.3400000   -0.0073164
   6.3600000   -0.0071012
   6.3800000   -0.0066199
   6.4000000   -0.0058647
   6.4200000   -0.0048418
   6.4400000   -0.0035700
   6.4600000   -0.0020802
   6.4800000   -0.0004137
   6.5000000    0.0013794
   6.5200000    0.0032424
   6.5400000    0.0051144
   6.5600000    0.0069331
   6.5800000    0.0086373
   6.6000000    0.0101701
   6.6200000    0.0114819
   6.6400000    0.0125330
   6.6600000    0.0132962
   6.6800000    0.0137581
   6.7000000    0.0139206
   6.7200000    0.0137996
   6.7400000    0.0134249
   6.7600000    0.0128367
   6.7800000    0.0120831
   6.8000000    0.0112162
   6.8200000    0.0102883
   6.8400000    0.0093474
   6.8600000    0.0084348
   6.8800000    0.0075816
   6.9000000    0.0068072
   6.9200000    0.0061180
   6.9400000    0.0055079
   6.9600000    0.0049586
   6.9800000    0.0044416
   7.0000000    0.0039203
   7.0200000    0.0033525
   7.0400000    0.0026938
   7.0600000    0.0019000
   7.0800000    0.0009305
   7.1000000   -0.0002492
   7.1200000   -0.0016654
   7.1400000   -0.0033346
   7.1600000   -0.0052621
   7.1800000   -0.0074414
   7.2000000   -0.0098543
   7.2200000   -0.0124711
   7.2400000   -0.0152515
   7.2600000   -0.0181452
   7.2800000   -0.0210942
   7.3000000   -0.0240335
   7.3200000   -0.0268943
   7.3400000   -0.0296059
   7.3600000   -0.0320986
   7.3800000   -0.0343071
   7.4000000   -0.0361732
   7.4200000   -0.0376487
   7.4400000   -0.0386980
   7.4600000   -0.0392995
   7.4800000   -0.0394469
   7.5000000   -0.0391484
   7.5200000   -0.0384263
   7.5400000   -0.0373147
   7.5600000   -0.0358575
   7.5800000   -0.0341051
   7.6000000   -0.0321122
   7.6200000   -0.0299355
   7.6400000   -0.0276314
   7.6600000   -0.0252553
   7.6800000   -0.0228605
   7.7000000   -0.0204979
   7.7200000   -0.0182163
   7.7400000   -0.0160612
   7.7600000   -0.0140752
   7.7800000   -0.0122958
   7.8000000   -0.0107549
   7.8200000   -0.0094759
   7.8400000   -0.0084724
   7.8600000   -0.0077459
   7.8800000   -0.0072850
   7.9000000   -0.0070650
   7.9200000   -0.0070486
   7.9400000   -0.0071881
   7.9600000   -0.0074281
   7.9800000   -0.0077094
   8.0000000   -0.0079727
   8.0200000   -0.0081624
   8.0400000   -0.0082300
   8.0600000   -0.0081363
   8.0800000   -0.0078528
   8.1000000   -0.0073623
   8.1200000   -0.0066584
   8.1400000   -0.0057444
   8.1600000   -0.0046326
   8.1800000   -0.0033431
   8.2000000   -0.0019028
   8.2200000   -0.0003444
   8.2400000    0.0012937
   8.2600000    0.0029691
   8.2800000    0.0046365
   8.3000000    0.0062501
   8.3200000    0.0077660
   8.3400000    0.0091463
   8.3600000    0.0103627
   8.3800000    0.0113999
   8.4000000    0.0122585
   8.4200000    0.0129568
   8.4400000    0.0135299
   8.4600000    0.0140275
   8.4800000    0.0145091
   8.5000000    0.0150378
   8.5200000    0.0156732
   8.5400000    0.0164636
   8.5600000    0.0174397
   8.5800000    0.0186094
   8.6000000    0.0199554
   8.6200000    0.0214357
   8.6400000    0.0229860
   8.6600000    0.0245252
   8.6800000    0.0259622
   8.7000000    0.0272041
   8.7200000    0.0281630
   8.7400000    0.0287636
   8.7600000    0.0289482
   8.7800000    0.0286807
   8.8000000    0.0279477
   8.8200000    0.0267591
   8.8400000    0.0251461
   8.8600000    0.0231589
   8.8800000    0.0208627
   8.9000000    0.0183340
   8.9200000    0.0156560
   8.9400000    0.0129143
   8.9600000    0.0101925
   8.9800000    0.0075682
   9.0000000    0.0051095
   9.0200000    0.0028714
   9.0400000    0.0008943
   9.0600000   -0.0007976
   9.0800000   -0.0021962
   9.1000000   -0.0033081
   9.1200000   -0.0041529
   9.1400000   -0.0047592
   9.1600000   -0.0051617
   9.1800000   -0.0053976
   9.2000000   -0.0055026
   9.2200000   -0.0055097
   9.2400000   -0.0054468
   9.2600000   -0.0053370
   9.2800000   -0.0051995
   9.3000000   -0.0050503
   9.3200000   -0.0049046
   9.3400000   -0.0047779
   9.3600000   -0.0046868
   9.3800000   -0.0046497
   9.4000000   -0.0046855
   9.4200000   -0.0048124
   9.4400000   -0.0050454
   9.4600000   -0.0053944
   9.4800000   -0.0058617
   9.5000000   -0.0064404
   9.5200000   -0.0071138
   9.5400000   -0.0078555
   9.5600000   -0.0086314
   9.5800000   -0.0094015
   9.6000000   -0.0101238
   9.6200000   -0.0107577
   9.6400000   -0.0112677
   9.6600000   -0.0116265
   9.6800000   -0.0118171
   9.7000000   -0.0118339
   9.7200000   -0.0116823
   9.7400000   -0.0113773
   9.7600000   -0.0109408
   9.7800000   -0.0103988
   9.8000000   -0.0097780
   9.8200000   -0.0091029
   9.8400000   -0.0083939
   9.8600000   -0.0076661
   9.8800000   -0.0069297
   9.9000000   -0.0061906
   9.9200000   -0.0054527
   9.9400000   -0.0047207
   9.9600000   -0.0040017
   9.9800000   -0.0033082
  10.0000000   -0.0026592
  10.0200000   -0.0020806
  10.0400000   -0.0016050
  10.0600000   -0.0012701
  10.0800000   -0.0011162
  10.1000000   -0.0011832
  10.1200000   -0.0015070
  10.1400000   -0.0021158
  10.1600000   -0.0030264
  10.1800000   -0.0042414
  10.2000000   -0.0057465
  10.2200000   -0.0075097
  10.2400000   -0.0094809
  10.2600000   -0.0115936
  10.2800000   -0.0137670
  10.3000000   -0.0159109
  10.3200000   -0.0179299
  10.3400000   -0.0197295
  10.3600000   -0.0212219
  10.3800000   -0.0223315
  10.4000000   -0.0230005
  10.4200000   -0.0231919
  10.4400000   -0.0228923
  10.4600000   -0.0221129
  10.4800000   -0.0208880
  10.5000000   -0.0192732
  10.5200000   -0.0173409
  10.5400000   -0.0151758
  10.5600000   -0.0128695
  10.5800000   -0.0105145
  10.6000000   -0.0081992
  10.6200000   -0.0060034
  10.6400000   -0.0039947
  10.6600000   -0.0022261
  10.6800000   -0.0007353
  10.7000000    0.0004555
  10.7200000    0.0013382
  10.7400000    0.0019173
  10.7600000    0.0022076
  10.7800000    0.0022324
  10.8000000    0.0020212
  10.8200000    0.0016082
  10.8400000    0.0010308
  10.8600000    0.0003287
  10.8800000   -0.0004574
  10.9000000   -0.0012864
  10.9200000   -0.0021179
  10.9400000   -0.0029130
  10.9600000   -0.0036359
  10.9800000   -0.0042541
  11.0000000   -0.0047405
  11.0200000   -0.0050736
  11.0400000   -0.0052386
  11.0600000   -0.0052277
  11.0800000   -0.0050403
  11.1000000   -0.0046825
  11.1200000   -0.0041662
  11.1400000   -0.0035085
  11.1600000   -0.0027296
  11.1800000   -0.0018516
  11.2000000   -0.0008966
  11.2200000    0.0001145
  11.2400000    0.0011632
  11.2600000    0.0022341
  11.2800000    0.0033152
  11.3000000    0.0043970
  11.3200000    0.0054718
  11.3400000    0.0065320
  11.3600000    0.0075690
  11.3800000    0.0085714
  11.4000000    0.0095244
  11.4200000    0.0104091
  11.4400000    0.0112036
  11.4600000    0.0118837
  11.4800000    0.0124252
  11.5000000    0.0128063
  11.5200000    0.0130092
  11.5400000    0.0130230
  11.5600000    0.0128444
  11.5800000    0.0124784
  11.6000000    0.0119386
  11.6200000    0.0112459
  11.6400000    0.0104280
  11.6600000    0.0095179
  11.6800000    0.0085531
  11.7000000    0.0075748
  11.7200000    0.0066270
  11.7400000    0.0057557
  11.7600000    0.0050078
  11.7800000    0.0044291
  11.8000000    0.0040618
  11.8200000    0.0039409
  11.8400000    0.0040912
  11.8600000    0.0045233
  11.8800000    0.0052309
  11.9000000    0.0061890
  11.9200000    0.0073541
  11.9400000    0.0086659
  11.9600000    0.0100515
  11.9800000    0.0114299
  12.0000000    0.0127189
  12.0200000    0.0138410
  12.0400000    0.0147292
  12.0600000    0.0153318
  12.0800000    0.0156149
  12.1000000    0.0155632
  12.1200000    0.0151794
  12.1400000    0.0144809
  12.1600000    0.0134966
  12.1800000    0.0122630
  12.2000000    0.0108195
  12.2200000    0.0092057
  12.2400000    0.0074588
  12.2600000    0.0056124
  12.2800000    0.0036958
  12.3000000    0.0017345
  12.3200000   -0.0002495
  12.3400000   -0.0022364
  12.3600000   -0.0042087
  12.3800000   -0.0061500
  12.4000000   -0.0080455
  12.4200000   -0.0098809
  12.4400000   -0.0116432
  12.4600000   -0.0133191
  12.4800000   -0.0148953
  12.5000000   -0.0163576
  12.5200000   -0.0176902
  12.5400000   -0.0188754
  12.5600000   -0.0198941
  12.5800000   -0.0207264
  12.6000000   -0.0213531
  12.6200000   -0.0217575
  12.6400000   -0.0219271
  12.6600000   -0.0218555
  12.6800000   -0.0215439
  12.7000000   -0.0210017
  12.7200000   -0.0202466
  12.7400000   -0.0193034
  12.7600000   -0.0182035
  12.7800000   -0.0169830
  12.8000000   -0.0156815
  12.8200000   -0.0143409
  12.8400000   -0.0130047
  12.8600000   -0.0117175
  12.8800000   -0.0105249
  12.9000000   -0.0094733
  12.9200000   -0.0086088
  12.9400000   -0.0079761
  12.9600000   -0.0076163
  12.9800000   -0.0075638
  13.0000000   -0.0078434
  13.0200000   -0.0084659
  13.0400000   -0.0094250
  13.0600000   -0.0106949
  13.0800000   -0.0122289
  13.1000000   -0.0139595
  13.1200000   -0.0158013
  13.1400000   -0.0176543
  13.1600000   -0.0194099
  13.1800000   -0.0209574
  13.2000000   -0.0221908
  13.2200000   -0.0230155
  13.2400000   -0.0233543
  13.2600000   -0.0231518
  13.2800000   -0.0223774
  13.3000000   -0.0210261
  13.3200000   -0.0191186
  13.3400000   -0.0166992
  13.3600000   -0.0138331
  13.3800000   -0.0106031
  13.4000000   -0.0071062
  13.4200000   -0.0034490
  13.4400000    0.0002560
  13.4600000    0.0038945
  13.4800000    0.0073556
  13.5000000    0.0105365
  13.5200000    0.0133473
  13.5400000    0.0157167
  13.5600000    0.0175968
  13.5800000    0.0189661
  13.6000000    0.0198328
  13.6200000    0.0202342
  13.6400000    0.0202348
  13.6600000    0.0199213
  13.6800000    0.0193959
  13.7000000    0.0187669
  13.7200000    0.0181392
  13.7400000    0.0176046
  13.7600000    0.0172333
  13.7800000    0.0170678
  13.8000000    0.0171194
  13.8200000    0.0173687
  13.8400000    0.0177685
  13.8600000    0.0182509
  13.8800000    0.0187352
  13.9000000    0.0191380
  13.9200000    0.0193826
  13.9400000    0.0194074
  13.9600000    0.0191718
  13.9800000    0.0186603
  14.0000000    0.0178822
  14.0200000    0.0168700
  14.0400000    0.0156742
  14.0600000    0.0143574
  14.0800000    0.0129876
  14.1000000    0.0116314
  14.1200000    0.0103483
  14.1400000    0.0091867
  14.1600000    0.0081809
  14.1800000    0.0073504
  14.2000000    0.0067005
  14.2200000    0.0062236
  14.2400000    0.0059019
  14.2600000    0.0057098
  14.2800000    0.0056167
  14.3000000    0.0055892
  14.3200000    0.0055930
  14.3400000    0.0055943
  14.3600000    0.0055610
  14.3800000    0.0054628
  14.4000000    0.0052720
  14.4200000    0.0049635
  14.4400000    0.0045150
  14.4600000    0.0039075
  14.4800000    0.0031259
  14.5000000    0.0021601
  14.5200000    0.0010062
  14.5400000   -0.0003321
  14.5600000   -0.0018422
  14.5800000   -0.0035011
  14.6000000   -0.0052748
  14.6200000   -0.0071185
  14.6400000   -0.0089771
  14.6600000   -0.0107875
  14.6800000   -0.0124815
  14.7000000   -0.0139896
  14.7200000   -0.0152457
  14.7400000   -0.0161917
  14.7600000   -0.0167823
  14.7800000   -0.0169883
  14.8000000   -0.0168001
  14.8200000   -0.0162282
  14.8400000   -0.0153032
  14.8600000   -0.0140734
  14.8800000   -0.0126018
  14.9000000   -0.0109612
  14.9200000   -0.0092293
  14.9400000   -0.0074835
  14.9600000   -0.0057967
  14.9800000   -0.0042334
  15.0000000   -0.0028473
  15.0200000   -0.0016803
  15.0400000   -0.0007621
  15.0600000   -0.0001112
  15.0800000    0.0002645
  15.1000000    0.0003659
  15.1200000    0.0002017
  15.1400000   -0.0002117
  15.1600000   -0.0008507
  15.1800000   -0.0016842
  15.2000000   -0.0026726
  15.2200000   -0.0037673
  15.2400000   -0.0049101
  15.2600000   -0.0060335
  15.2800000   -0.0070616
  15.3000000   -0.0079126
  15.3200000   -0.0085023
  15.3400000   -0.0087492
  15.3600000   -0.0085804
  15.3800000   -0.0079394
  15.4000000   -0.0067921
  15.4200000   -0.0051340
  15.4400000   -0.0029946
  15.4600000   -0.0004399
  15.4800000    0.0024291
  15.5000000    0.0054811
  15.5200000    0.0085623
  15.5400000    0.0115086
  15.5600000    0.0141582
  15.5800000    0.0163657
  15.6000000    0.0180146
  15.6200000    0.0190271
  15.6400000    0.0193700
  15.6600000    0.0190559
  15.6800000    0.0181400
  15.7000000    0.0167115
  15.7200000    0.0148837
  15.7400000    0.0127815
  15.7600000    0.0105289
  15.7800000    0.0082384
  15.8000000    0.0060035
  15.8200000    0.0038941
  15.8400000    0.0019554
  15.8600000    0.0002107
  15.8800000   -0.0013342
  15.9000000   -0.0026845
  15.9200000   -0.0038504
  15.9400000   -0.0048413
  15.9600000   -0.0056614
  15.9800000   -0.0063083
  16.0000000   -0.0067719
  16.0200000   -0.0070369
  16.0400000   -0.0070851
  16.0600000   -0.0068991
  16.0800000   -0.0064656
  16.1000000   -0.0057790
  16.1200000   -0.0048427
  16.1400000   -0.0036711
  16.1600000   -0.0022894
  16.1800000   -0.0007335
  16.2000000    0.0009510
  16.2200000    0.0027103
  16.2400000    0.0044839
  16.2600000    0.0062065
  16.2800000    0.0078105
  16.3000000    0.0092291
  16.3200000    0.0104005
  16.3400000    0.0112721
  16.3600000    0.0118061
  16.3800000    0.0119842
  16.4000000    0.0118124
  16.4200000    0.0113242
  16.4400000    0.0105813
  16.4600000    0.0096717
  16.4800000    0.0087045
  16.5000000    0.0078022
  16.5200000    0.0070893
  16.5400000    0.0066806
  16.5600000    0.0066688
  16.5800000    0.0071130
  16.6000000    0.0080315
  16.6200000    0.0093970
  16.6400000    0.0111376
  16.6600000    0.0131431
  16.6800000    0.0152742
  16.7000000    0.0173764
  16.7200000    0.0192945
  16.7400000    0.0208876
  16.7600000    0.0220411
  16.7800000    0.0226766
  16.8000000    0.0227566
  16.8200000    0.0222846
  16.8400000    0.0213016
  16.8600000    0.0198785
  16.8800000    0.0181060
  16.9000000    0.0160848
  16.9200000    0.0139148
  16.9400000    0.0116872
  16.9600000    0.0094785
  16.9800000    0.0073469
  17.0000000    0.0053323
  17.0200000    0.0034575
  17.0400000    0.0017317
  17.0600000    0.0001548
  17.0800000   -0.0012794
  17.1000000   -0.0025794
  17.1200000   -0.0037539
  17.1400000   -0.0048102
  17.1600000   -0.0057546
  17.1800000   -0.0065918
  17.2000000   -0.0073257
  17.2200000   -0.0079598
  17.2400000   -0.0084963
  17.2600000   -0.0089365
  17.2800000   -0.0092789
  17.3000000   -0.0095188
  17.3200000   -0.0096478
  17.3400000   -0.0096532
  17.3600000   -0.0095192
  17.3800000   -0.0092286
  17.4000000   -0.0087653
  17.4200000   -0.0081172
  17.4400000   -0.0072795
  17.4600000   -0.0062578
  17.4800000   -0.0050707
  17.5000000   -0.0037509
  17.5200000   -0.0023460
  17.5400000   -0.0009171
  17.5600000    0.0004632
  17.5800000    0.0017149
  17.6000000    0.0027550
  17.6200000    0.0035036
  17.6400000    0.0038900
  17.6600000    0.0038593
  17.6800000    0.0033781
  17.7000000    0.0024394
  17.7200000    0.0010659
  17.7400000   -0.0006892
  17.7600000   -0.0027441
  17.7800000   -0.0049920
  17.8000000   -0.0073086
  17.8200000   -0.0095604
  17.8400000   -0.0116149
  17.8600000   -0.0133505
  17.8800000   -0.0146663
  17.9000000   -0.0154899
  17.9200000   -0.0157825
  17.9400000   -0.0155416
  17.9600000   -0.0148001
  17.9800000   -0.0136224
  18.0000000   -0.0120983
  18.0200000   -0.0103344
  18.0400000   -0.0084449
  18.0600000   -0.0065420
  18.0800000   -0.0047267
  18.1000000   -0.0030821
  18.1200000   -0.0016678
  18.1400000   -0.0005174
  18.1600000    0.0003608
  18.1800000    0.0009813
  18.2000000    0.0013763
  18.2200000    0.0015892
  18.2400000    0.0016676
  18.2600000    0.0016567
  18.2800000    0.0015943
  18.3000000    0.0015073
  18.3200000    0.0014102
  18.3400000    0.0013068
  18.3600000    0.0011924
  18.3800000    0.0010577
  18.4000000    0.0008927
  18.4200000    0.0006900
  18.4400000    0.0004467
  18.4600000    0.0001647
  18.4800000   -0.0001499
  18.5000000   -0.0004897
  18.5200000   -0.0008483
  18.5400000   -0.0012238
  18.5600000   -0.0016201
  18.5800000   -0.0020482
  18.6000000   -0.0025258
  18.6200000   -0.0030752
  18.6400000   -0.0037209
  18.6600000   -0.0044858
  18.6800000   -0.0053880
  18.7000000   -0.0064377
  18.7200000   -0.0076347
  18.7400000   -0.0089674
  18.7600000   -0.0104123
  18.7800000   -0.0119344
  18.8000000   -0.0134891
  18.8200000   -0.0150238
  18.8400000   -0.0164812
  18.8600000   -0.0178014
  18.8800000   -0.0189261
  18.9000000   -0.0198015
  18.9200000   -0.0203827
  18.9400000   -0.0206369
  18.9600000   -0.0205471
  18.9800000   -0.0201155
  19.0000000   -0.0193647
  19.0200000   -0.0183391
  19.0400000   -0.0171027
  19.0600000   -0.0157365
  19.0800000   -0.0143328
  19.1000000   -0.0129877
  19.1200000   -0.0117933
  19.1400000   -0.0108286
  19.1600000   -0.0101518
  19.1800000   -0.0097932
  19.2000000   -0.0097523
  19.2200000   -0.0099966
  19.2400000   -0.0104648
  19.2600000   -0.0110731
  19.2800000   -0.0117235
  19.3000000   -0.0123153
  19.3200000   -0.0127549
  19.3400000   -0.0129662
  19.3600000   -0.0128981
  19.3800000   -0.0125288
  19.4000000   -0.0118674
  19.4200000   -0.0109506
  19.4400000   -0.0098379
  19.4600000   -0.0086034
  19.4800000   -0.0073278
  19.5000000   -0.0060898
  19.5200000   -0.0049593
  19.5400000   -0.0039923
  19.5600000   -0.0032293
  19.5800000   -0.0026949
  19.6000000   -0.0024009
  19.6200000   -0.0023504
  19.6400000   -0.0025422
  19.6600000   -0.0029761
  19.6800000   -0.0036556
  19.7000000   -0.0045900
  19.7200000   -0.0057931
  19.7400000   -0.0072806
  19.7600000   -0.0090646
  19.7800000   -0.0111476
  19.8000000   -0.0135154
  19.8200000   -0.0161316
  19.8400000   -0.0189342
  19.8600000   -0.0218346
  19.8800000   -0.0247211
  19.9000000   -0.0274655
  19.9200000   -0.0299334
  19.9400000   -0.0319960
  19.9600000   -0.0335424
  19.9800000   -0.0344909
  20.0000000   -0.0347973
  20.0200000   -0.0344586
  20.0400000   -0.0335129
  20.0600000   -0.0320332
  20.0800000   -0.0301191
  20.1000000   -0.0278850
  20.1200000   -0.0254483
  20.1400000   -0.0229183
  20.1600000   -0.0203880
  20.1800000   -0.0179294
  20.2000000   -0.0155920
  20.2200000   -0.0134052
  20.2400000   -0.0113823
  20.2600000   -0.0095262
  20.2800000   -0.0078349
  20.3000000   -0.0063057
  20.3200000   -0.0049381
  20.3400000   -0.0037347
  20.3600000   -0.0027000
  20.3800000   -0.0018389
  20.4000000   -0.0011540
  20.4200000   -0.0006433
  20.4400000   -0.0002989
  20.4600000   -0.0001058
  20.4800000   -0.0000429
  20.5000000   -0.0000838
  20.5200000   -0.0001991
  20.5400000   -0.0003583
  20.5600000   -0.0005327
  20.5800000   -0.0006971
  20.6000000   -0.0008317
  20.6200000   -0.0009234
  20.6400000   -0.0009665
  20.6600000   -0.0009620
  20.6800000   -0.0009177
  20.7000000   -0.0008460
  20.7200000   -0.0007617
  20.7400000   -0.0006799
  20.7600000   -0.0006122
  20.7800000   -0.0005650
  20.8000000   -0.0005360
  20.8200000   -0.0005137
  20.8400000   -0.0004770
  20.8600000   -0.0003962
  20.8800000   -0.0002364
  20.9000000    0.0000391
  20.9200000    0.0004632
  20.9400000    0.0010601
  20.9600000    0.0018401
  20.9800000    0.0027966
  21.0000000    0.0039033
  21.0200000    0.0051155
  21.0400000    0.0063725
  21.0600000    0.0076032
  21.0800000    0.0087324
  21.1000000    0.0096892
  21.1200000    0.0104147
  21.1400000    0.0108686
  21.1600000    0.0110344
  21.1800000    0.0109212
  21.2000000    0.0105634
  21.2200000    0.0100166
  21.2400000    0.0093517
  21.2600000    0.0086466
  21.2800000    0.0079779
  21.3000000    0.0074119
  21.3200000    0.0069980
  21.3400000    0.0067628
  21.3600000    0.0067081
  21.3800000    0.0068115
  21.4000000    0.0070289
  21.4200000    0.0073006
  21.4400000    0.0075584
  21.4600000    0.0077333
  21.4800000    0.0077636
  21.5000000    0.0076009
  21.5200000    0.0072156
  21.5400000    0.0065982
  21.5600000    0.0057599
  21.5800000    0.0047294
  21.6000000    0.0035485
  21.6200000    0.0022661
  21.6400000    0.0009326
  21.6600000   -0.0004063
  21.6800000   -0.0017136
  21.7000000   -0.0029636
  21.7200000   -0.0041428
  21.7400000   -0.0052480
  21.7600000   -0.0062836
  21.7800000   -0.0072581
  21.8000000   -0.0081787
  21.8200000   -0.0090484
  21.8400000   -0.0098625
  21.8600000   -0.0106070
  21.8800000   -0.0112591
  21.9000000   -0.0117889
  21.9200000   -0.0121628
  21.9400000   -0.0123477
  21.9600000   -0.0123160
  21.9800000   -0.0120493
  22.0000000   -0.0115426
  22.0200000   -0.0108057
  22.0400000   -0.0098641
  22.0600000   -0.0087572
  22.0800000   -0.0075360
  22.1000000   -0.0062587
  22.1200000   -0.0049864
  22.1400000   -0.0037788
  22.1600000   -0.0026896
  22.1800000   -0.0017641
  22.2000000   -0.0010360
  22.2200000   -0.0005268
  22.2400000   -0.0002448
  22.2600000   -0.0001855
  22.2800000   -0.0003323
  22.3000000   -0.0006574
  22.3200000   -0.0011229
  22.3400000   -0.0016828
  22.3600000   -0.0022851
  22.3800000   -0.0028744
  22.4000000   -0.0033950
  22.4200000   -0.0037948
  22.4400000   -0.0040288
  22.4600000   -0.0040627
  22.4800000   -0.0038753
  22.5000000   -0.0034609
  22.5200000   -0.0028289
  22.5400000   -0.0020031
  22.5600000   -0.0010190
  22.5800000    0.0000796
  22.6000000    0.0012446
  22.6200000    0.0024282
  22.6400000    0.0035857
  22.6600000    0.0046793
  22.6800000    0.0056790
  22.7000000    0.0065636
  22.7200000    0.0073198
  22.7400000    0.0079411
  22.7600000    0.0084259
  22.7800000    0.0087751
  22.8000000    0.0089906
  22.8200000    0.0090733
  22.8400000    0.0090225
  22.8600000    0.0088345
  22.8800000    0.0085035
  22.9000000    0.0080216
  22.9200000    0.0073799
  22.9400000    0.0065697
  22.9600000    0.0055837
  22.9800000    0.0044173
  23.0000000    0.0030693
  23.0200000    0.0015423
  23.0400000   -0.0001578
  23.0600000   -0.0020223
  23.0800000   -0.0040407
  23.1000000   -0.0062018
  23.1200000   -0.0084945
  23.1400000   -0.0109077
  23.1600000   -0.0134294
  23.1800000   -0.0160446
  23.2000000   -0.0187326
  23.2200000   -0.0214639
  23.2400000   -0.0241967
  23.2600000   -0.0268749
  23.2800000   -0.0294270
  23.3000000   -0.0317679
  23.3200000   -0.0338023
  23.3400000   -0.0354298
  23.3600000   -0.0365532
  23.3800000   -0.0370854
  23.4000000   -0.0369580
  23.4200000   -0.0361272
  23.4400000   -0.0345786
  23.4600000   -0.0323279
  23.4800000   -0.0294205
  23.5000000   -0.0259271
  23.5200000   -0.0219381
  23.5400000   -0.0175567
  23.5600000   -0.0128921
  23.5800000   -0.0080529
  23.6000000   -0.0031424
  23.6200000    0.0017447
  23.6400000    0.0065243
  23.6600000    0.0111232
  23.6800000    0.0154783
  23.7000000    0.0195354
  23.7200000    0.0232482
  23.7400000    0.0265766
  23.7600000    0.0294866
  23.7800000    0.0319499
  23.8000000    0.0339441
  23.8200000    0.0354539
  23.8400000    0.0364714
  23.8600000    0.0369977
  23.8800000    0.0370440
  23.9000000    0.0366315
  23.9200000    0.0357922
  23.9400000    0.0345682
  23.9600000    0.0330109
  23.9800000    0.0311784
  24.0000000    0.0291340
  24.0200000    0.0269430
  24.0400000    0.0246700
  24.0600000    0.0223759
  24.0800000    0.0201156
  24.1000000    0.0179366
  24.1200000    0.0158779
  24.1400000    0.0139700
  24.1600000    0.0122352
  24.1800000    0.0106895
  24.2000000    0.0093437
  24.2200000    0.0082050
  24.2400000    0.0072785
  24.2600000    0.0065679
  24.2800000    0.0060757
  24.3000000    0.0058027
  24.3200000    0.0057463
  24.3400000    0.0058988
  24.3600000    0.0062452
  24.3800000    0.0067609
  24.4000000    0.0074095
  24.4200000    0.0081422
  24.4400000    0.0088979
  24.4600000    0.0096046
  24.4800000    0.0101827
  24.5000000    0.0105494
  24.5200000    0.0106246
  24.5400000    0.0103373
  24.5600000    0.0096319
  24.5800000    0.0084738
  24.6000000    0.0068538
  24.6200000    0.0047905
  24.6400000    0.0023302
  24.6600000   -0.0004554
  24.6800000   -0.0034742
  24.7000000   -0.0066198
  24.7200000   -0.0097792
  24.7400000   -0.0128407
  24.7600000   -0.0157011
  24.7800000   -0.0182721
  24.8000000   -0.0204848
  24.8200000   -0.0222913
  24.8400000   -0.0236658
  24.8600000   -0.0246017
  24.8800000   -0.0251089
  24.9000000   -0.0252094
  24.9200000   -0.0249320
  24.9400000   -0.0243090
  24.9600000   -0.0233720
  24.9800000   -0.0221506
  25.0000000   -0.0206717
  25.0200000   -0.0189610
  25.0400000   -0.0170448
  25.0600000   -0.0149533
  25.0800000   -0.0127235
  25.1000000   -0.0104013
  25.1200000   -0.0080424
  25.1400000   -0.0057119
  25.1600000   -0.0034810
  25.1800000   -0.0014233
  25.2000000    0.0003912
  25.2200000    0.0019021
  25.2400000    0.0030647
  25.2600000    0.0038547
  25.2800000    0.0042714
  25.3000000    0.0043386
  25.3200000    0.0041033
  25.3400000    0.0036314
  25.3600000    0.0030025
  25.3800000    0.0023032
  25.4000000    0.0016194
  25.4200000    0.0010302
  25.4400000    0.0006018
  25.4600000    0.0003831
  25.4800000    0.0004037
  25.5000000    0.0006729
  25.5200000    0.0011804
  25.5400000    0.0018989
  25.5600000    0.0027865
  25.5800000    0.0037909
  25.6000000    0.0048527
  25.6200000    0.0059102
  25.6400000    0.0069024
  25.6600000    0.0077740
  25.6800000    0.0084786
  25.7000000    0.0089823
  25.7200000    0.0092666
  25.7400000    0.0093312
  25.7600000    0.0091946
  25.7800000    0.0088946
  25.8000000    0.0084863
  25.8200000    0.0080393
  25.8400000    0.0076327
  25.8600000    0.0073493
  25.8800000    0.0072690
  25.9000000    0.0074616
  25.9200000    0.0079808
  25.9400000    0.0088586
  25.9600000    0.0101021
  25.9800000    0.0116919
  26.0000000    0.0135829
  26.0200000    0.0157078
  26.0400000    0.0179816
  26.0600000    0.0203086
  26.0800000    0.0225892
  26.1000000    0.0247276
  26.1200000    0.0266380
  26.1400000    0.0282503
  26.1600000    0.0295136
  26.1800000    0.0303971
  26.2000000    0.0308900
  26.2200000    0.0309987
  26.2400000    0.0307425
  26.2600000    0.0301487
  26.2800000    0.0292474
  26.3000000    0.0280667
  26.3200000    0.0266289
  26.3400000    0.0249478
  26.3600000    0.0230285
  26.3800000    0.0208675
  26.4000000    0.0184552
  26.4200000    0.0157791
  26.4400000    0.0128273
  26.4600000    0.0095928
  26.4800000    0.0060767
  26.5000000    0.0022915
  26.5200000   -0.0017368
  26.5400000   -0.0059676
  26.5600000   -0.0103452
  26.5800000   -0.0148005
  26.6000000   -0.0192521
  26.6200000   -0.0236095
  26.6400000   -0.0277764
  26.6600000   -0.0316549
  26.6800000   -0.0351499
  26.7000000   -0.0381735
  26.7200000   -0.0406498
  26.7400000   -0.0425194
  26.7600000   -0.0437434
  26.7800000   -0.0443060
  26.8000000   -0.0442172
  26.8200000   -0.0435134
  26.8400000   -0.0422568
  26.8600000   -0.0405327
  26.8800000   -0.0384459
  26.9000000   -0.0361147
  26.9200000   -0.0336643
  26.9400000   -0.0312190
  26.9600000   -0.0288942
  26.9800000   -0.0267890
  27.0000000   -0.0249804
  27.0200000   -0.0235187
  27.0400000   -0.0224256
  27.0600000   -0.0216949
  27.0800000   -0.0212957
  27.1000000   -0.0211773
  27.1200000   -0.0212753
  27.1400000   -0.0215190
  27.1600000   -0.0218375
  27.1800000   -0.0221657
  27.2000000   -0.0224476
  27.2200000   -0.0226388
  27.2400000   -0.0227070
  27.2600000   -0.0226310
  27.2800000   -0.0223990
  27.3000000   -0.0220063
  27.3200000   -0.0214531
  27.3400000   -0.0207434
  27.3600000   -0.0198835
  27.3800000   -0.0188820
  27.4000000   -0.0177493
  27.4200000   -0.0164986
  27.4400000   -0.0151461
  27.4600000   -0.0137107
  27.4800000   -0.0122146
  27.5000000   -0.0106824
  27.5200000   -0.0091405
  27.5400000   -0.0076164
  27.5600000   -0.0061374
  27.5800000   -0.0047302
  27.6000000   -0.0034196
  27.6200000   -0.0022284
  27.6400000   -0.0011767
  27.6600000   -0.0002809
  27.6800000    0.0004463
  27.7000000    0.0009977
  27.7200000    0.0013723
  27.7400000    0.0015771
  27.7600000    0.0016291
  27.7800000    0.0015564
  27.8000000    0.0013991
  27.8200000    0.0012097
  27.8400000    0.0010510
  27.8600000    0.0009934
  27.8800000    0.0011101
  27.9000000    0.0014712
  27.9200000    0.0021368
  27.9400000    0.0031504
  27.9600000    0.0045324
  27.9800000    0.0062767
  28.0000000    0.0083481
  28.0200000    0.0106843
  28.0400000    0.0132000
  28.0600000    0.0157935
  28.0800000    0.0183555
  28.1000000    0.0207789
  28.1200000    0.0229678
  28.1400000    0.0248449
  28.1600000    0.0263579
  28.1800000    0.0274812
  28.2000000    0.0282165
  28.2200000    0.0285895
  28.2400000    0.0286450
  28.2600000    0.0284411
  28.2800000    0.0280421
  28.3000000    0.0275123
  28.3200000    0.0269102
  28.3400000    0.0262847
  28.3600000    0.0256716
  28.3800000    0.0250929
  28.4000000    0.0245563
  28.4200000    0.0240567
  28.4400000    0.0235783
  28.4600000    0.0230971
  28.4800000    0.0225848
  28.5000000    0.0220119
  28.5200000    0.0213514
  28.5400000    0.0205821
  28.5600000    0.0196911
  28.5800000    0.0186761
  28.6000000    0.0175456
  28.6200000    0.0163188
  28.6400000    0.0150238
  28.6600000    0.0136947
  28.6800000    0.0123671
  28.7000000    0.0110741
  28.7200000    0.0098415
  28.7400000    0.0086835
  28.7600000    0.0075997
  28.7800000    0.0065740
  28.8000000    0.0055745
  28.8200000    0.0045565
  28.8400000    0.0034669
  28.8600000    0.0022498
  28.8800000    0.0008537
  28.9000000   -0.0007619
  28.9200000   -0.0026200
  28.9400000   -0.0047218
  28.9600000   -0.0070434
  28.9800000   -0.0095362
  29.0000000   -0.0121293
  29.0200000   -0.0147338
  29.0400000   -0.0172499
  29.0600000   -0.0195745
  29.0800000   -0.0216095
  29.1000000   -0.0232697
  29.1200000   -0.0244889
  29.1400000   -0.0252252
  29.1600000   -0.0254628
  29.1800000   -0.0252128
  29.2000000   -0.0245105
  29.2200000   -0.0234114
  29.2400000   -0.0219861
  29.2600000   -0.0203138
  29.2800000   -0.0184764
  29.3000000   -0.0165531
  29.3200000   -0.0146161
  29.3400000   -0.0127274
  29.3600000   -0.0109378
  29.3800000   -0.0092861
  29.4000000   -0.0078006
  29.4200000   -0.0064997
  29.4400000   -0.0053938
  29.4600000   -0.0044867
  29.4800000   -0.0037764
  29.5000000   -0.0032558
  29.5200000   -0.0029135
  29.5400000   -0.0027336
  29.5600000   -0.0026967
  29.5800000   -0.0027798
  29.6000000   -0.0029577
  29.6200000   -0.0032033
  29.6400000   -0.0034888
  29.6600000   -0.0037864
  29.6800000   -0.0040683
  29.7000000   -0.0043076
  29.7200000   -0.0044770
  29.7400000   -0.0045498
  29.7600000   -0.0044988
  29.7800000   -0.0042971
  29.8000000   -0.0039186
  29.8200000   -0.0033401
  29.8400000   -0.0025429
  29.8600000   -0.0015155
  29.8800000   -0.0002567
  29.9000000    0.0012226
  29.9200000    0.0028971
  29.9400000    0.0047276
  29.9600000    0.0066611
  29.9800000    0.0086342
  30.0000000    0.0105763
