201810220622 P 49.297 -129.724 10.000 57.273  1.192 0.0636022  6.500  5.000
201810220616 P 49.335 -129.289 10.000 57.320  1.528 0.0635730  6.800  5.000
201808220931 P 43.564 -127.717 10.000 51.622  3.281 0.0672989  6.200  5.000
201902011614 P 14.680 -92.453 66.000 44.694 59.571 0.0715678  6.700  5.000
201810282223 P 13.035 -90.369 22.000 45.768 62.910 0.0710358  6.100  5.000
201811250340 P 13.182 -81.093 10.000 54.159 67.306 0.0656331  6.000  5.000
201905121924 P  8.625 -82.830 19.000 51.065 71.989 0.0676357  6.000  5.000
201811111403 P 15.565 -49.872 10.000 83.965 73.379 0.0458133  6.300  5.000
201808212131 P 10.773 -62.902 146.820 70.581 75.557 0.0545027  7.300  5.000
201903231921 P  4.560 -76.223 122.000 56.333 78.975 0.0638289  6.100  5.000
201903310704 P -1.945 -80.810 18.000 50.594 85.780 0.0679322  6.200  5.000
201809070212 P -2.253 -78.790 110.500 52.543 86.559 0.0663484  6.200  5.000
201902221017 P -2.186 -77.050 145.000 54.272 86.798 0.0650873  7.500  5.000
201905260741 P -5.812 -75.270 122.570 55.583 91.436 0.0643254  8.000  5.000
201901051925 P -8.144 -71.587 570.410 59.010 94.578 0.0601681  6.800  5.000
201808240904 P -11.035 -70.828 630.000 59.563 97.972 0.0595156  7.100  5.000
201903010850 P -14.713 -70.155 267.000 60.087 102.225 0.0608661  7.000  5.000
201811012219 P -19.583 -69.266 102.000 60.951 107.786 0.0609042  6.200  5.000
201901200132 P -30.040 -71.382 63.000 59.905 119.906 0.0617210  6.700  5.000
201812190137 P -36.138 -101.072 10.000 39.113 139.825 0.0751943  6.300  5.000
201904051614 P -55.931 -27.852 57.000 90.684 146.805 0.0416742  6.400  5.000
201811152002 P -56.707 -25.546 15.000 91.694 147.918 0.0415723  6.400  5.000
201810290654 P -57.434 -66.383 10.000 69.721 148.533 0.0554603  6.300  5.000
201808140329 P -58.134 -25.272 25.000 91.399 149.327 0.0416077  6.100  5.000
201812110226 P -58.545 -26.386 133.000 90.716 149.545 0.0416465  7.100  5.000
201904091753 P -58.626 -25.304 38.000 91.232 149.792 0.0416237  6.500  5.000
201812121313 P -55.669 -128.664 10.000 47.384 178.006 0.0700294  6.300  5.000
201904181446 P -51.127 139.321 10.000 83.318 219.377 0.0462766  6.300  5.000
201810300213 P -39.057 174.958 225.480 57.023 228.489 0.0630043  6.100  5.000
201805180145 P -34.589 -178.414 11.000 50.548 231.578 0.0679820  6.100  5.000
201809100419 P -31.745 -179.373 115.000 50.412 235.395 0.0676978  6.900  5.000
201807072133 P -30.566 -178.070 35.000 49.001 236.440 0.0689167  6.000  5.000
201809162111 P -25.415 178.199 576.000 50.996 243.969 0.0650752  6.500  5.000
201904231420 P -24.706 -178.764 385.580 48.158 244.190 0.0679182  6.000  5.000
201811100833 P -20.454 -174.008 35.000 43.042 248.850 0.0727348  6.100  5.000
201901261956 P -21.048 -178.959 588.000 47.711 249.065 0.0670026  6.200  5.000
201812050643 P -22.063 169.733 10.000 58.283 249.207 0.0629439  6.600  5.000
201808290351 P -22.029 170.126 21.430 57.916 249.215 0.0631610  7.100  5.000
201809101931 P -21.988 170.158 12.000 57.884 249.262 0.0632045  6.300  5.000
201812050414 P -22.016 169.350 10.000 58.635 249.289 0.0627018  6.300  5.000
201812050418 P -21.950 169.427 10.000 58.559 249.361 0.0627543  7.500  5.000
201810160103 P -21.743 169.522 17.000 58.457 249.595 0.0628074  6.500  5.000
201905191427 P -21.731 169.576 16.000 58.406 249.605 0.0628448  6.000  5.000
201905190123 P -21.662 169.778 20.000 58.214 249.672 0.0629662  6.300  5.000
201901181318 P -19.204 168.745 38.670 59.063 252.588 0.0623648  6.000  5.000
201809061549 P -18.474 179.350 670.810 48.995 252.716 0.0656575  7.900  5.000
201807130946 P -18.928 169.047 167.000 58.769 252.897 0.0620968  6.400  5.000
201903100812 P -17.892 -178.603 578.190 47.004 253.249 0.0675042  6.200  5.000
201811182025 P -17.874 -178.927 540.000 47.309 253.313 0.0675630  6.800  5.000
201806212113 P -17.791 168.057 28.000 59.683 254.238 0.0619842  6.100  5.000
201808190428 P -16.978 -178.033 415.600 46.380 254.424 0.0688678  6.400  5.000
201904121223 P -15.407 -172.817 15.360 41.251 256.043 0.0738973  6.000  5.000
201808212232 P -16.031 168.143  9.000 59.591 256.265 0.0620898  6.500  5.000
201903201523 P -15.597 167.655 119.000 60.064 256.762 0.0614393  6.300  5.000
201812221425 P -13.400 166.815 42.000 60.927 259.249 0.0611328  6.000  5.000
201811160326 P -10.538 163.168 10.000 64.644 262.226 0.0587936  6.200  5.000
201809091931 P -10.021 161.503 68.000 66.317 262.653 0.0575373  6.500  5.000
201905062119 P -6.975 146.449 146.000 81.440 264.164 0.0472409  7.100  5.000
201904121451 P -6.488 148.739 30.000 79.244 264.939 0.0490607  6.000  5.000
201807191830 P -6.114 148.730 29.620 79.299 265.313 0.0490234  6.000  5.000
201901260351 P -7.009 156.321 355.000 71.706 265.318 0.0530898  6.200  5.000
201905030725 P -6.948 160.113 27.000 67.970 265.813 0.0565758  6.200  5.000
201805090757 P -5.882 151.784  9.000 76.314 265.930 0.0510869  6.000  5.000
201903301120 P -5.700 151.105 41.000 77.006 266.029 0.0505483  6.200  5.000
201810102048 P -5.701 151.205 39.000 76.908 266.041 0.0506189  7.000  5.000
201812160942 P -3.923 140.232 61.970 87.979 266.352 0.0428169  6.100  5.000
201810102200 P -4.962 151.723 121.000 76.487 266.855 0.0506741  6.200  5.000
201901171506 P -3.231 146.389 10.000 81.987 267.883 0.0472028  6.200  5.000
201902171435 P -3.341 152.132 368.120 76.290 268.553 0.0500564  6.400  5.000
201808282235 P 16.804 146.839 55.000 84.677 287.750 0.0452181  6.400  5.000
201902121234 P 19.020 145.796 144.320 86.041 289.752 0.0440156  6.000  5.000
201808161822 P 23.423 143.319 20.000 89.056 293.685 0.0421182  6.300  5.000
201904110818 P 40.410 143.298 18.000 91.807 310.400 0.0415553  6.000  5.000
201809051807 P 42.686 141.929 35.000 93.166 312.496 0.0413114  6.600  5.000
201805042232 P 19.318 -155.000  5.810 35.993 319.679 0.0769542  6.900  5.000
201808101812 P 48.459 154.939 27.000 85.528 320.120 0.0446708  6.000  5.000
201810090745 P 49.396 156.242 19.000 85.002 321.282 0.0450668  6.100  5.000
201903282206 P 50.495 159.943  9.000 83.135 323.147 0.0464061  6.200  5.000
201807060140 P 51.499 157.840 45.000 84.735 323.616 0.0452022  6.100  5.000
201810131110 P 52.855 153.243 461.000 87.848 324.019 0.0417992  6.700  5.000
201811142121 P 55.641 161.994 49.000 83.987 328.413 0.0457180  6.100  5.000
201812201701 P 55.100 164.699 16.560 82.358 328.574 0.0469336  7.300  5.000
201812241241 P 55.344 164.510 10.000 82.563 328.748 0.0468032  6.100  5.000
201904022135 P 52.170 178.071  7.980 74.057 330.299 0.0526068  6.400  5.000
201905230845 P 51.308 -178.239 30.000 71.728 331.098 0.0541033  6.000  5.000
201808152156 P 51.423 -178.026 33.930 71.702 331.282 0.0541119  6.500  5.000
201808230335 P 51.350 -177.760 20.000 71.527 331.337 0.0542592  6.300  5.000
201808251650 P 52.033 -171.023  7.900 68.987 334.955 0.0559536  6.000  5.000
201812310235 P 54.427 -161.513 31.000 67.382 341.399 0.0569588  6.000  5.000
201811301729 P 61.346 -149.955 46.700 70.869 350.586 0.0546127  7.100  5.000
201808122115 P 69.523 -144.339 16.200 78.076 355.330 0.0498864  6.000  5.000
