 -10.0000000    0.0485366
  -9.9800000    0.0441458
  -9.9600000    0.0411572
  -9.9400000    0.0396114
  -9.9200000    0.0394660
  -9.9000000    0.0405995
  -9.8800000    0.0428237
  -9.8600000    0.0459006
  -9.8400000    0.0495663
  -9.8200000    0.0535562
  -9.8000000    0.0576306
  -9.7800000    0.0615964
  -9.7600000    0.0653236
  -9.7400000    0.0687520
  -9.7200000    0.0718908
  -9.7000000    0.0748072
  -9.6800000    0.0776093
  -9.6600000    0.0804234
  -9.6400000    0.0833697
  -9.6200000    0.0865402
  -9.6000000    0.0899807
  -9.5800000    0.0936795
  -9.5600000    0.0975646
  -9.5400000    0.1015071
  -9.5200000    0.1053327
  -9.5000000    0.1088364
  -9.4800000    0.1118006
  -9.4600000    0.1140128
  -9.4400000    0.1152814
  -9.4200000    0.1154497
  -9.4000000    0.1144050
  -9.3800000    0.1120843
  -9.3600000    0.1084769
  -9.3400000    0.1036236
  -9.3200000    0.0976128
  -9.3000000    0.0905754
  -9.2800000    0.0826772
  -9.2600000    0.0741095
  -9.2400000    0.0650789
  -9.2200000    0.0557956
  -9.2000000    0.0464622
  -9.1800000    0.0372622
  -9.1600000    0.0283500
  -9.1400000    0.0198436
  -9.1200000    0.0118197
  -9.1000000    0.0043120
  -9.0800000   -0.0026871
  -9.0600000   -0.0092220
  -9.0400000   -0.0153670
  -9.0200000   -0.0212187
  -9.0000000   -0.0268869
  -8.9800000   -0.0324860
  -8.9600000   -0.0381267
  -8.9400000   -0.0439074
  -8.9200000   -0.0499067
  -8.9000000   -0.0561748
  -8.8800000   -0.0627260
  -8.8600000   -0.0695310
  -8.8400000   -0.0765102
  -8.8200000   -0.0835298
  -8.8000000   -0.0904015
  -8.7800000   -0.0968870
  -8.7600000   -0.1027089
  -8.7400000   -0.1075666
  -8.7200000   -0.1111590
  -8.7000000   -0.1132090
  -8.6800000   -0.1134905
  -8.6600000   -0.1118515
  -8.6400000   -0.1082332
  -8.6200000   -0.1026799
  -8.6000000   -0.0953405
  -8.5800000   -0.0864591
  -8.5600000   -0.0763564
  -8.5400000   -0.0654057
  -8.5200000   -0.0540033
  -8.5000000   -0.0425401
  -8.4800000   -0.0313754
  -8.4600000   -0.0208160
  -8.4400000   -0.0111031
  -8.4200000   -0.0024060
  -8.4000000    0.0051773
  -8.3800000    0.0116141
  -8.3600000    0.0169277
  -8.3400000    0.0211872
  -8.3200000    0.0244983
  -8.3000000    0.0269960
  -8.2800000    0.0288400
  -8.2600000    0.0302128
  -8.2400000    0.0313195
  -8.2200000    0.0323878
  -8.2000000    0.0336669
  -8.1800000    0.0354241
  -8.1600000    0.0379372
  -8.1400000    0.0414829
  -8.1200000    0.0463207
  -8.1000000    0.0526731
  -8.0800000    0.0607036
  -8.0600000    0.0704942
  -8.0400000    0.0820247
  -8.0200000    0.0951572
  -8.0000000    0.1096269
  -7.9800000    0.1250424
  -7.9600000    0.1408977
  -7.9400000    0.1565940
  -7.9200000    0.1714733
  -7.9000000    0.1848591
  -7.8800000    0.1961033
  -7.8600000    0.2046321
  -7.8400000    0.2099888
  -7.8200000    0.2118671
  -7.8000000    0.2101319
  -7.7800000    0.2048251
  -7.7600000    0.1961564
  -7.7400000    0.1844794
  -7.7200000    0.1702574
  -7.7000000    0.1540224
  -7.6800000    0.1363313
  -7.6600000    0.1177260
  -7.6400000    0.0986982
  -7.6200000    0.0796643
  -7.6000000    0.0609502
  -7.5800000    0.0427857
  -7.5600000    0.0253087
  -7.5400000    0.0085765
  -7.5200000   -0.0074178
  -7.5000000   -0.0227256
  -7.4800000   -0.0374218
  -7.4600000   -0.0515849
  -7.4400000   -0.0652780
  -7.4200000   -0.0785328
  -7.4000000   -0.0913378
  -7.3800000   -0.1036303
  -7.3600000   -0.1152936
  -7.3400000   -0.1261602
  -7.3200000   -0.1360205
  -7.3000000   -0.1446374
  -7.2800000   -0.1517666
  -7.2600000   -0.1571802
  -7.2400000   -0.1606932
  -7.2200000   -0.1621885
  -7.2000000   -0.1616395
  -7.1800000   -0.1591251
  -7.1600000   -0.1548363
  -7.1400000   -0.1490707
  -7.1200000   -0.1422158
  -7.1000000   -0.1347208
  -7.0800000   -0.1270591
  -7.0600000   -0.1196859
  -7.0400000   -0.1129951
  -7.0200000   -0.1072800
  -7.0000000   -0.1027037
  -6.9800000   -0.0992818
  -6.9600000   -0.0968799
  -6.9400000   -0.0952271
  -6.9200000   -0.0939428
  -6.9000000   -0.0925739
  -6.8800000   -0.0906382
  -6.8600000   -0.0876682
  -6.8400000   -0.0832514
  -6.8200000   -0.0770607
  -6.8000000   -0.0688753
  -6.7800000   -0.0585885
  -6.7600000   -0.0462043
  -6.7400000   -0.0318259
  -6.7200000   -0.0156375
  -6.7000000    0.0021137
  -6.6800000    0.0211358
  -6.6600000    0.0411040
  -6.6400000    0.0616693
  -6.6200000    0.0824603
  -6.6000000    0.1030840
  -6.5800000    0.1231245
  -6.5600000    0.1421454
  -6.5400000    0.1596966
  -6.5200000    0.1753276
  -6.5000000    0.1886065
  -6.4800000    0.1991445
  -6.4600000    0.2066222
  -6.4400000    0.2108146
  -6.4200000    0.2116122
  -6.4000000    0.2090336
  -6.3800000    0.2032302
  -6.3600000    0.1944793
  -6.3400000    0.1831690
  -6.3200000    0.1697748
  -6.3000000    0.1548304
  -6.2800000    0.1388964
  -6.2600000    0.1225281
  -6.2400000    0.1062456
  -6.2200000    0.0905075
  -6.2000000    0.0756907
  -6.1800000    0.0620748
  -6.1600000    0.0498347
  -6.1400000    0.0390395
  -6.1200000    0.0296585
  -6.1000000    0.0215746
  -6.0800000    0.0146029
  -6.0600000    0.0085154
  -6.0400000    0.0030676
  -6.0200000   -0.0019732
  -6.0000000   -0.0068019
  -5.9800000   -0.0115551
  -5.9600000   -0.0162965
  -5.9400000   -0.0210129
  -5.9200000   -0.0256200
  -5.9000000   -0.0299775
  -5.8800000   -0.0339130
  -5.8600000   -0.0372508
  -5.8400000   -0.0398423
  -5.8200000   -0.0415936
  -5.8000000   -0.0424869
  -5.7800000   -0.0425911
  -5.7600000   -0.0420616
  -5.7400000   -0.0411272
  -5.7200000   -0.0400665
  -5.7000000   -0.0391767
  -5.6800000   -0.0387390
  -5.6600000   -0.0389847
  -5.6400000   -0.0400673
  -5.6200000   -0.0420444
  -5.6000000   -0.0448704
  -5.5800000   -0.0484024
  -5.5600000   -0.0524161
  -5.5400000   -0.0566298
  -5.5200000   -0.0607325
  -5.5000000   -0.0644125
  -5.4800000   -0.0673815
  -5.4600000   -0.0693925
  -5.4400000   -0.0702496
  -5.4200000   -0.0698103
  -5.4000000   -0.0679802
  -5.3800000   -0.0647043
  -5.3600000   -0.0599564
  -5.3400000   -0.0537296
  -5.3200000   -0.0460315
  -5.3000000   -0.0368843
  -5.2800000   -0.0263313
  -5.2600000   -0.0144485
  -5.2400000   -0.0013608
  -5.2200000    0.0127425
  -5.2000000    0.0275941
  -5.1800000    0.0428420
  -5.1600000    0.0580531
  -5.1400000    0.0727278
  -5.1200000    0.0863283
  -5.1000000    0.0983157
  -5.0800000    0.1081952
  -5.0600000    0.1155624
  -5.0400000    0.1201446
  -5.0200000    0.1218316
  -5.0000000    0.1206908
  -4.9800000    0.1169639
  -4.9600000    0.1110445
  -4.9400000    0.1034409
  -4.9200000    0.0947259
  -4.9000000    0.0854833
  -4.8800000    0.0762552
  -4.8600000    0.0674973
  -4.8400000    0.0595470
  -4.8200000    0.0526057
  -4.8000000    0.0467377
  -4.7800000    0.0418814
  -4.7600000    0.0378716
  -4.7400000    0.0344697
  -4.7200000    0.0313954
  -4.7000000    0.0283589
  -4.6800000    0.0250900
  -4.6600000    0.0213620
  -4.6400000    0.0170101
  -4.6200000    0.0119427
  -4.6000000    0.0061476
  -4.5800000   -0.0003076
  -4.5600000   -0.0072812
  -4.5400000   -0.0145660
  -4.5200000   -0.0219023
  -4.5000000   -0.0289942
  -4.4800000   -0.0355269
  -4.4600000   -0.0411860
  -4.4400000   -0.0456773
  -4.4200000   -0.0487458
  -4.4000000   -0.0501935
  -4.3800000   -0.0498953
  -4.3600000   -0.0478117
  -4.3400000   -0.0439970
  -4.3200000   -0.0386029
  -4.3000000   -0.0318755
  -4.2800000   -0.0241461
  -4.2600000   -0.0158152
  -4.2400000   -0.0073296
  -4.2200000    0.0008440
  -4.2000000    0.0082495
  -4.1800000    0.0144716
  -4.1600000    0.0191634
  -4.1400000    0.0220686
  -4.1200000    0.0230367
  -4.1000000    0.0220285
  -4.0800000    0.0191124
  -4.0600000    0.0144518
  -4.0400000    0.0082860
  -4.0200000    0.0009051
  -4.0000000   -0.0073744
  -3.9800000   -0.0162348
  -3.9600000   -0.0253761
  -3.9400000   -0.0345293
  -3.9200000   -0.0434621
  -3.9000000   -0.0519770
  -3.8800000   -0.0599035
  -3.8600000   -0.0670863
  -3.8400000   -0.0733731
  -3.8200000   -0.0786036
  -3.8000000   -0.0826049
  -3.7800000   -0.0851918
  -3.7600000   -0.0861765
  -3.7400000   -0.0853831
  -3.7200000   -0.0826688
  -3.7000000   -0.0779460
  -3.6800000   -0.0712044
  -3.6600000   -0.0625274
  -3.6400000   -0.0521021
  -3.6200000   -0.0402190
  -3.6000000   -0.0272624
  -3.5800000   -0.0136900
  -3.5600000   -0.0000063
  -3.5400000    0.0132702
  -3.5200000    0.0256398
  -3.5000000    0.0366520
  -3.4800000    0.0459308
  -3.4600000    0.0531911
  -3.4400000    0.0582460
  -3.4200000    0.0610060
  -3.4000000    0.0614704
  -3.3800000    0.0597137
  -3.3600000    0.0558699
  -3.3400000    0.0501175
  -3.3200000    0.0426655
  -3.3000000    0.0337432
  -3.2800000    0.0235934
  -3.2600000    0.0124677
  -3.2400000    0.0006236
  -3.2200000   -0.0116769
  -3.2000000   -0.0241699
  -3.1800000   -0.0365917
  -3.1600000   -0.0486816
  -3.1400000   -0.0601850
  -3.1200000   -0.0708562
  -3.1000000   -0.0804612
  -3.0800000   -0.0887794
  -3.0600000   -0.0956071
  -3.0400000   -0.1007604
  -3.0200000   -0.1040812
  -3.0000000   -0.1054444
  -2.9800000   -0.1047686
  -2.9600000   -0.1020271
  -2.9400000   -0.0972603
  -2.9200000   -0.0905863
  -2.9000000   -0.0822068
  -2.8800000   -0.0724081
  -2.8600000   -0.0615530
  -2.8400000   -0.0500649
  -2.8200000   -0.0384040
  -2.8000000   -0.0270369
  -2.7800000   -0.0164041
  -2.7600000   -0.0068868
  -2.7400000    0.0012198
  -2.7200000    0.0077275
  -2.7000000    0.0125644
  -2.6800000    0.0157749
  -2.6600000    0.0175089
  -2.6400000    0.0180036
  -2.6200000    0.0175605
  -2.6000000    0.0165196
  -2.5800000    0.0152354
  -2.5600000    0.0140547
  -2.5400000    0.0132982
  -2.5200000    0.0132464
  -2.5000000    0.0141285
  -2.4800000    0.0161143
  -2.4600000    0.0193089
  -2.4400000    0.0237485
  -2.4200000    0.0293997
  -2.4000000    0.0361605
  -2.3800000    0.0438644
  -2.3600000    0.0522890
  -2.3400000    0.0611662
  -2.3200000    0.0701960
  -2.3000000    0.0790617
  -2.2800000    0.0874450
  -2.2600000    0.0950402
  -2.2400000    0.1015663
  -2.2200000    0.1067762
  -2.2000000    0.1104631
  -2.1800000    0.1124644
  -2.1600000    0.1126643
  -2.1400000    0.1109942
  -2.1200000    0.1074332
  -2.1000000    0.1020077
  -2.0800000    0.0947905
  -2.0600000    0.0858978
  -2.0400000    0.0754853
  -2.0200000    0.0637413
  -2.0000000    0.0508779
  -1.9800000    0.0371197
  -1.9600000    0.0226915
  -1.9400000    0.0078059
  -1.9200000   -0.0073495
  -1.9000000   -0.0226216
  -1.8800000   -0.0379003
  -1.8600000   -0.0531229
  -1.8400000   -0.0682758
  -1.8200000   -0.0833921
  -1.8000000   -0.0985447
  -1.7800000   -0.1138357
  -1.7600000   -0.1293805
  -1.7400000   -0.1452872
  -1.7200000   -0.1616330
  -1.7000000   -0.1784370
  -1.6800000   -0.1956347
  -1.6600000   -0.2130543
  -1.6400000   -0.2304015
  -1.6200000   -0.2472543
  -1.6000000   -0.2630707
  -1.5800000   -0.2772118
  -1.5600000   -0.2889771
  -1.5400000   -0.2976517
  -1.5200000   -0.3025596
  -1.5000000   -0.3031184
  -1.4800000   -0.2988894
  -1.4600000   -0.2896194
  -1.4400000   -0.2752690
  -1.4200000   -0.2560262
  -1.4000000   -0.2323057
  -1.3800000   -0.2047324
  -1.3600000   -0.1741134
  -1.3400000   -0.1413984
  -1.3200000   -0.1076322
  -1.3000000   -0.0739003
  -1.2800000   -0.0412722
  -1.2600000   -0.0107424
  -1.2400000    0.0168245
  -1.2200000    0.0407425
  -1.2000000    0.0605419
  -1.1800000    0.0759925
  -1.1600000    0.0871084
  -1.1400000    0.0941349
  -1.1200000    0.0975166
  -1.1000000    0.0978505
  -1.0800000    0.0958288
  -1.0600000    0.0921778
  -1.0400000    0.0876005
  -1.0200000    0.0827279
  -1.0000000    0.0780856
  -0.9800000    0.0740773
  -0.9600000    0.0709861
  -0.9400000    0.0689913
  -0.9200000    0.0681946
  -0.9000000    0.0686520
  -0.8800000    0.0704021
  -0.8600000    0.0734885
  -0.8400000    0.0779690
  -0.8200000    0.0839131
  -0.8000000    0.0913870
  -0.7800000    0.1004296
  -0.7600000    0.1110253
  -0.7400000    0.1230781
  -0.7200000    0.1363915
  -0.7000000    0.1506592
  -0.6800000    0.1654664
  -0.6600000    0.1803031
  -0.6400000    0.1945858
  -0.6200000    0.2076859
  -0.6000000    0.2189603
  -0.5800000    0.2277816
  -0.5600000    0.2335653
  -0.5400000    0.2357932
  -0.5200000    0.2340317
  -0.5000000    0.2279455
  -0.4800000    0.2173079
  -0.4600000    0.2020073
  -0.4400000    0.1820498
  -0.4200000    0.1575606
  -0.4000000    0.1287807
  -0.3800000    0.0960626
  -0.3600000    0.0598634
  -0.3400000    0.0207373
  -0.3200000   -0.0206712
  -0.3000000   -0.0636331
  -0.2800000   -0.1073382
  -0.2600000   -0.1508964
  -0.2400000   -0.1933386
  -0.2200000   -0.2336193
  -0.2000000   -0.2706242
  -0.1800000   -0.3031881
  -0.1600000   -0.3301241
  -0.1400000   -0.3502691
  -0.1200000   -0.3625438
  -0.1000000   -0.3660248
  -0.0800000   -0.3600237
  -0.0600000   -0.3441633
  -0.0400000   -0.3184417
  -0.0200000   -0.2832735
   0.0000000   -0.2394986
   0.0200000   -0.1883543
   0.0400000   -0.1314089
   0.0600000   -0.0704620
   0.0800000   -0.0074214
   0.1000000    0.0558311
   0.1200000    0.1175675
   0.1400000    0.1763240
   0.1600000    0.2309791
   0.1800000    0.2807945
   0.2000000    0.3254168
   0.2200000    0.3648444
   0.2400000    0.3993662
   0.2600000    0.4294841
   0.2800000    0.4558289
   0.3000000    0.4790800
   0.3200000    0.4998952
   0.3400000    0.5188560
   0.3600000    0.5364275
   0.3800000    0.5529338
   0.4000000    0.5685451
   0.4200000    0.5832736
   0.4400000    0.5969775
   0.4600000    0.6093693
   0.4800000    0.6200308
   0.5000000    0.6284334
   0.5200000    0.6339664
   0.5400000    0.6359721
   0.5600000    0.6337895
   0.5800000    0.6268029
   0.6000000    0.6144932
   0.6200000    0.5964871
   0.6400000    0.5725984
   0.6600000    0.5428568
   0.6800000    0.5075197
   0.7000000    0.4670641
   0.7200000    0.4221594
   0.7400000    0.3736238
   0.7600000    0.3223683
   0.7800000    0.2693364
   0.8000000    0.2154449
   0.8200000    0.1615336
   0.8400000    0.1083296
   0.8600000    0.0564268
   0.8800000    0.0062843
   0.9000000   -0.0417618
   0.9200000   -0.0874731
   0.9400000   -0.1306795
   0.9600000   -0.1712463
   0.9800000   -0.2090473
   1.0000000   -0.2439438
   1.0200000   -0.2757753
   1.0400000   -0.3043598
   1.0600000   -0.3295061
   1.0800000   -0.3510336
   1.1000000   -0.3687977
   1.1200000   -0.3827177
   1.1400000   -0.3928023
   1.1600000   -0.3991691
   1.1800000   -0.4020557
   1.2000000   -0.4018189
   1.2200000   -0.3989228
   1.2400000   -0.3939156
   1.2600000   -0.3873970
   1.2800000   -0.3799812
   1.3000000   -0.3722579
   1.3200000   -0.3647565
   1.3400000   -0.3579172
   1.3600000   -0.3520711
   1.3800000   -0.3474303
   1.4000000   -0.3440867
   1.4200000   -0.3420193
   1.4400000   -0.3411045
   1.4600000   -0.3411293
   1.4800000   -0.3418030
   1.5000000   -0.3427683
   1.5200000   -0.3436104
   1.5400000   -0.3438674
   1.5600000   -0.3430421
   1.5800000   -0.3406193
   1.6000000   -0.3360888
   1.6200000   -0.3289746
   1.6400000   -0.3188678
   1.6600000   -0.3054610
   1.6800000   -0.2885799
   1.7000000   -0.2682059
   1.7200000   -0.2444877
   1.7400000   -0.2177371
   1.7600000   -0.1884108
   1.7800000   -0.1570767
   1.8000000   -0.1243707
   1.8200000   -0.0909478
   1.8400000   -0.0574333
   1.8600000   -0.0243802
   1.8800000    0.0077636
   1.9000000    0.0386742
   1.9200000    0.0681557
   1.9400000    0.0961309
   1.9600000    0.1226204
   1.9800000    0.1477128
   2.0000000    0.1715323
   2.0200000    0.1942056
   2.0400000    0.2158338
   2.0600000    0.2364696
   2.0800000    0.2561049
   2.1000000    0.2746651
   2.1200000    0.2920133
   2.1400000    0.3079598
   2.1600000    0.3222764
   2.1800000    0.3347124
   2.2000000    0.3450113
   2.2200000    0.3529257
   2.2400000    0.3582301
   2.2600000    0.3607323
   2.2800000    0.3602822
   2.3000000    0.3567805
   2.3200000    0.3501854
   2.3400000    0.3405196
   2.3600000    0.3278750
   2.3800000    0.3124158
   2.4000000    0.2943781
   2.4200000    0.2740647
   2.4400000    0.2518361
   2.4600000    0.2280959
   2.4800000    0.2032720
   2.5000000    0.1777958
   2.5200000    0.1520794
   2.5400000    0.1264940
   2.5600000    0.1013500
   2.5800000    0.0768818
   2.6000000    0.0532363
   2.6200000    0.0304685
   2.6400000    0.0085417
   2.6600000   -0.0126633
   2.6800000   -0.0333343
   2.7000000   -0.0537060
   2.7200000   -0.0740322
   2.7400000   -0.0945542
   2.7600000   -0.1154664
   2.7800000   -0.1368829
   2.8000000   -0.1588092
   2.8200000   -0.1811219
   2.8400000   -0.2035614
   2.8600000   -0.2257392
   2.8800000   -0.2471619
   2.9000000   -0.2672695
   2.9200000   -0.2854847
   2.9400000   -0.3012688
   2.9600000   -0.3141755
   2.9800000   -0.3238970
   3.0000000   -0.3302954
   3.0200000   -0.3334151
   3.0400000   -0.3334745
   3.0600000   -0.3308394
   3.0800000   -0.3259813
   3.1000000   -0.3194266
   3.1200000   -0.3117049
   3.1400000   -0.3033016
   3.1600000   -0.2946217
   3.1800000   -0.2859663
   3.2000000   -0.2775238
   3.2200000   -0.2693738
   3.2400000   -0.2615007
   3.2600000   -0.2538136
   3.2800000   -0.2461678
   3.3000000   -0.2383858
   3.3200000   -0.2302749
   3.3400000   -0.2216410
   3.3600000   -0.2122989
   3.3800000   -0.2020802
   3.4000000   -0.1908396
   3.4200000   -0.1784613
   3.4400000   -0.1648660
   3.4600000   -0.1500189
   3.4800000   -0.1339377
   3.5000000   -0.1166998
   3.5200000   -0.0984475
   3.5400000   -0.0793896
   3.5600000   -0.0597979
   3.5800000   -0.0399986
   3.6000000   -0.0203580
   3.6200000   -0.0012633
   3.6400000    0.0169008
   3.6600000    0.0337765
   3.6800000    0.0490570
   3.7000000    0.0625082
   3.7200000    0.0739842
   3.7400000    0.0834366
   3.7600000    0.0909147
   3.7800000    0.0965584
   3.8000000    0.1005823
   3.8200000    0.1032544
   3.8400000    0.1048701
   3.8600000    0.1057253
   3.8800000    0.1060898
   3.9000000    0.1061854
   3.9200000    0.1061677
   3.9400000    0.1061159
   3.9600000    0.1060294
   3.9800000    0.1058310
   4.0000000    0.1053776
   4.0200000    0.1044762
   4.0400000    0.1029038
   4.0600000    0.1004304
   4.0800000    0.0968428
   4.1000000    0.0919675
   4.1200000    0.0856914
   4.1400000    0.0779773
   4.1600000    0.0688745
   4.1800000    0.0585219
   4.2000000    0.0471442
   4.2200000    0.0350402
   4.2400000    0.0225655
   4.2600000    0.0101095
   4.2800000   -0.0019296
   4.3000000   -0.0131710
   4.3200000   -0.0232751
   4.3400000   -0.0319640
   4.3600000   -0.0390363
   4.3800000   -0.0443754
   4.4000000   -0.0479525
   4.4200000   -0.0498226
   4.4400000   -0.0501166
   4.4600000   -0.0490289
   4.4800000   -0.0468041
   4.5000000   -0.0437214
   4.5200000   -0.0400801
   4.5400000   -0.0361850
   4.5600000   -0.0323334
   4.5800000   -0.0288027
   4.6000000   -0.0258388
   4.6200000   -0.0236458
   4.6400000   -0.0223763
   4.6600000   -0.0221229
   4.6800000   -0.0229124
   4.7000000   -0.0247032
   4.7200000   -0.0273871
   4.7400000   -0.0307975
   4.7600000   -0.0347224
   4.7800000   -0.0389248
   4.8000000   -0.0431668
   4.8200000   -0.0472362
   4.8400000   -0.0509727
   4.8600000   -0.0542892
   4.8800000   -0.0571869
   4.9000000   -0.0597587
   4.9200000   -0.0621825
   4.9400000   -0.0647022
   4.9600000   -0.0675994
   4.9800000   -0.0711589
   5.0000000   -0.0756313
   5.0200000   -0.0811985
   5.0400000   -0.0879462
   5.0600000   -0.0958465
   5.0800000   -0.1047527
   5.1000000   -0.1144079
   5.1200000   -0.1244643
   5.1400000   -0.1345129
   5.1600000   -0.1441175
   5.1800000   -0.1528507
   5.2000000   -0.1603264
   5.2200000   -0.1662263
   5.2400000   -0.1703178
   5.2600000   -0.1724611
   5.2800000   -0.1726080
   5.3000000   -0.1707920
   5.3200000   -0.1671127
   5.3400000   -0.1617184
   5.3600000   -0.1547886
   5.3800000   -0.1465202
   5.4000000   -0.1371178
   5.4200000   -0.1267892
   5.4400000   -0.1157464
   5.4600000   -0.1042087
   5.4800000   -0.0924075
   5.5000000   -0.0805893
   5.5200000   -0.0690160
   5.5400000   -0.0579600
   5.5600000   -0.0476950
   5.5800000   -0.0384822
   5.6000000   -0.0305541
   5.6200000   -0.0240985
   5.6400000   -0.0192438
   5.6600000   -0.0160488
   5.6800000   -0.0144982
   5.7000000   -0.0145032
   5.7200000   -0.0159090
   5.7400000   -0.0185049
   5.7600000   -0.0220378
   5.7800000   -0.0262262
   5.8000000   -0.0307725
   5.8200000   -0.0353734
   5.8400000   -0.0397277
   5.8600000   -0.0435412
   5.8800000   -0.0465309
   5.9000000   -0.0484287
   5.9200000   -0.0489866
   5.9400000   -0.0479838
   5.9600000   -0.0452368
   5.9800000   -0.0406113
   6.0000000   -0.0340361
   6.0200000   -0.0255164
   6.0400000   -0.0151436
   6.0600000   -0.0031026
   6.0800000    0.0103294
   6.1000000    0.0247896
   6.1200000    0.0398461
   6.1400000    0.0550195
   6.1600000    0.0698122
   6.1800000    0.0837392
   6.2000000    0.0963603
   6.2200000    0.1073093
   6.2400000    0.1163177
   6.2600000    0.1232306
   6.2800000    0.1280132
   6.3000000    0.1307485
   6.3200000    0.1316241
   6.3400000    0.1309129
   6.3600000    0.1289468
   6.3800000    0.1260875
   6.4000000    0.1226958
   6.4200000    0.1191033
   6.4400000    0.1155870
   6.4600000    0.1123499
   6.4800000    0.1095090
   6.5000000    0.1070897
   6.5200000    0.1050294
   6.5400000    0.1031878
   6.5600000    0.1013626
   6.5800000    0.0993110
   6.6000000    0.0967720
   6.6200000    0.0934894
   6.6400000    0.0892330
   6.6600000    0.0838149
   6.6800000    0.0771024
   6.7000000    0.0690249
   6.7200000    0.0595769
   6.7400000    0.0488161
   6.7600000    0.0368596
   6.7800000    0.0238775
   6.8000000    0.0100850
   6.8200000   -0.0042664
   6.8400000   -0.0188995
   6.8600000   -0.0335234
   6.8800000   -0.0478475
   6.9000000   -0.0615968
   6.9200000   -0.0745285
   6.9400000   -0.0864474
   6.9600000   -0.0972194
   6.9800000   -0.1067801
   7.0000000   -0.1151375
   7.0200000   -0.1223667
   7.0400000   -0.1285968
   7.0600000   -0.1339914
   7.0800000   -0.1387237
   7.1000000   -0.1429507
   7.1200000   -0.1467882
   7.1400000   -0.1502931
   7.1600000   -0.1534523
   7.1800000   -0.1561834
   7.2000000   -0.1583447
   7.2200000   -0.1597549
   7.2400000   -0.1602188
   7.2600000   -0.1595553
   7.2800000   -0.1576239
   7.3000000   -0.1543455
   7.3200000   -0.1497146
   7.3400000   -0.1438021
   7.3600000   -0.1367473
   7.3800000   -0.1287420
   7.4000000   -0.1200084
   7.4200000   -0.1107745
   7.4400000   -0.1012505
   7.4600000   -0.0916090
   7.4800000   -0.0819717
   7.5000000   -0.0724042
   7.5200000   -0.0629178
   7.5400000   -0.0534785
   7.5600000   -0.0440211
   7.5800000   -0.0344650
   7.6000000   -0.0247297
   7.6200000   -0.0147488
   7.6400000   -0.0044776
   7.6600000    0.0061028
   7.6800000    0.0169880
   7.7000000    0.0281556
   7.7200000    0.0395736
   7.7400000    0.0512069
   7.7600000    0.0630225
   7.7800000    0.0749891
   7.8000000    0.0870712
   7.8200000    0.0992181
   7.8400000    0.1113498
   7.8600000    0.1233419
   7.8800000    0.1350126
   7.9000000    0.1461164
   7.9200000    0.1563466
   7.9400000    0.1653476
   7.9600000    0.1727376
   7.9800000    0.1781399
   8.0000000    0.1812185
   8.0200000    0.1817150
   8.0400000    0.1794798
   8.0600000    0.1744952
   8.0800000    0.1668858
   8.1000000    0.1569154
   8.1200000    0.1449699
   8.1400000    0.1315291
   8.1600000    0.1171298
   8.1800000    0.1023262
   8.2000000    0.0876507
   8.2200000    0.0735789
   8.2400000    0.0605032
   8.2600000    0.0487147
   8.2800000    0.0383957
   8.3000000    0.0296204
   8.3200000    0.0223626
   8.3400000    0.0165088
   8.3600000    0.0118741
   8.3800000    0.0082193
   8.4000000    0.0052673
   8.4200000    0.0027194
   8.4400000    0.0002689
   8.4600000   -0.0023852
   8.4800000   -0.0055270
   8.5000000   -0.0094123
   8.5200000   -0.0142581
   8.5400000   -0.0202329
   8.5600000   -0.0274470
   8.5800000   -0.0359446
   8.6000000   -0.0456969
   8.6200000   -0.0565973
   8.6400000   -0.0684594
   8.6600000   -0.0810185
   8.6800000   -0.0939378
   8.7000000   -0.1068192
   8.7200000   -0.1192203
   8.7400000   -0.1306764
   8.7600000   -0.1407272
   8.7800000   -0.1489474
   8.8000000   -0.1549772
   8.8200000   -0.1585516
   8.8400000   -0.1595238
   8.8600000   -0.1578803
   8.8800000   -0.1537464
   8.9000000   -0.1473786
   8.9200000   -0.1391474
   8.9400000   -0.1295090
   8.9600000   -0.1189710
   8.9800000   -0.1080553
   9.0000000   -0.0972608
   9.0200000   -0.0870312
   9.0400000   -0.0777284
   9.0600000   -0.0696154
   9.0800000   -0.0628478
   9.1000000   -0.0574729
   9.1200000   -0.0534370
   9.1400000   -0.0505974
   9.1600000   -0.0487373
   9.1800000   -0.0475836
   9.2000000   -0.0468236
   9.2200000   -0.0461223
   9.2400000   -0.0451376
   9.2600000   -0.0435357
   9.2800000   -0.0410047
   9.3000000   -0.0372694
   9.3200000   -0.0321048
   9.3400000   -0.0253504
   9.3600000   -0.0169230
   9.3800000   -0.0068285
   9.4000000    0.0048314
   9.4200000    0.0178564
   9.4400000    0.0319526
   9.4600000    0.0467451
   9.4800000    0.0617980
   9.5000000    0.0766420
   9.5200000    0.0908054
   9.5400000    0.1038479
   9.5600000    0.1153912
   9.5800000    0.1251447
   9.6000000    0.1329224
   9.6200000    0.1386496
   9.6400000    0.1423587
   9.6600000    0.1441740
   9.6800000    0.1442899
   9.7000000    0.1429431
   9.7200000    0.1403831
   9.7400000    0.1368461
   9.7600000    0.1325322
   9.7800000    0.1275910
   9.8000000    0.1221151
   9.8200000    0.1161405
   9.8400000    0.1096562
   9.8600000    0.1026171
   9.8800000    0.0949619
   9.9000000    0.0866312
   9.9200000    0.0775850
   9.9400000    0.0678179
   9.9600000    0.0573699
   9.9800000    0.0463323
  10.0000000    0.0348483
  10.0200000    0.0231076
  10.0400000    0.0113363
  10.0600000   -0.0002182
  10.0800000   -0.0113053
  10.1000000   -0.0216905
  10.1200000   -0.0311740
  10.1400000   -0.0396074
  10.1600000   -0.0469046
  10.1800000   -0.0530474
  10.2000000   -0.0580846
  10.2200000   -0.0621228
  10.2400000   -0.0653133
  10.2600000   -0.0678330
  10.2800000   -0.0698648
  10.3000000   -0.0715761
  10.3200000   -0.0731016
  10.3400000   -0.0745284
  10.3600000   -0.0758866
  10.3800000   -0.0771452
  10.4000000   -0.0782130
  10.4200000   -0.0789453
  10.4400000   -0.0791541
  10.4600000   -0.0786229
  10.4800000   -0.0771246
  10.5000000   -0.0744412
  10.5200000   -0.0703859
  10.5400000   -0.0648245
  10.5600000   -0.0576957
  10.5800000   -0.0490277
  10.6000000   -0.0389486
  10.6200000   -0.0276903
  10.6400000   -0.0155824
  10.6600000   -0.0030377
  10.6800000    0.0094712
  10.7000000    0.0214423
  10.7200000    0.0323786
  10.7400000    0.0418229
  10.7600000    0.0493902
  10.7800000    0.0547946
  10.8000000    0.0578668
  10.8200000    0.0585639
  10.8400000    0.0569675
  10.8600000    0.0532746
  10.8800000    0.0477808
  10.9000000    0.0408579
  10.9200000    0.0329300
  10.9400000    0.0244469
  10.9600000    0.0158597
  10.9800000    0.0075968
  11.0000000    0.0000425
  11.0200000   -0.0064807
  11.0400000   -0.0117272
  11.0600000   -0.0155393
  11.0800000   -0.0178527
  11.1000000   -0.0186973
  11.1200000   -0.0181919
  11.1400000   -0.0165329
  11.1600000   -0.0139779
  11.1800000   -0.0108246
  11.2000000   -0.0073881
  11.2200000   -0.0039765
  11.2400000   -0.0008696
  11.2600000    0.0016996
  11.2800000    0.0035577
  11.3000000    0.0045980
  11.3200000    0.0047812
  11.3400000    0.0041309
  11.3600000    0.0027239
  11.3800000    0.0006786
  11.4000000   -0.0018597
  11.4200000   -0.0047327
  11.4400000   -0.0077826
  11.4600000   -0.0108642
  11.4800000   -0.0138543
  11.5000000   -0.0166578
  11.5200000   -0.0192115
  11.5400000   -0.0214842
  11.5600000   -0.0234733
  11.5800000   -0.0251990
  11.6000000   -0.0266959
  11.6200000   -0.0280030
  11.6400000   -0.0291530
  11.6600000   -0.0301619
  11.6800000   -0.0310202
  11.7000000   -0.0316870
  11.7200000   -0.0320873
  11.7400000   -0.0321131
  11.7600000   -0.0316289
  11.7800000   -0.0304813
  11.8000000   -0.0285116
  11.8200000   -0.0255697
  11.8400000   -0.0215299
  11.8600000   -0.0163044
  11.8800000   -0.0098548
  11.9000000   -0.0021991
  11.9200000    0.0065856
  11.9400000    0.0163660
  11.9600000    0.0269611
  11.9800000    0.0381534
  12.0000000    0.0497036
  12.0200000    0.0613661
  12.0400000    0.0729025
  12.0600000    0.0840931
  12.0800000    0.0947447
  12.1000000    0.1046933
  12.1200000    0.1138038
  12.1400000    0.1219655
  12.1600000    0.1290865
  12.1800000    0.1350871
  12.2000000    0.1398937
  12.2200000    0.1434357
  12.2400000    0.1456436
  12.2600000    0.1464504
  12.2800000    0.1457952
  12.3000000    0.1436281
  12.3200000    0.1399166
  12.3400000    0.1346515
  12.3600000    0.1278526
  12.3800000    0.1195728
  12.4000000    0.1099012
  12.4200000    0.0989638
  12.4400000    0.0869226
  12.4600000    0.0739727
  12.4800000    0.0603379
  12.5000000    0.0462647
  12.5200000    0.0320153
  12.5400000    0.0178596
  12.5600000    0.0040667
  12.5800000   -0.0091039
  12.6000000   -0.0214106
  12.6200000   -0.0326387
  12.6400000   -0.0426073
  12.6600000   -0.0511759
  12.6800000   -0.0582500
  12.7000000   -0.0637838
  12.7200000   -0.0677820
  12.7400000   -0.0702988
  12.7600000   -0.0714352
  12.7800000   -0.0713341
  12.8000000   -0.0701738
  12.8200000   -0.0681603
  12.8400000   -0.0655178
  12.8600000   -0.0624801
  12.8800000   -0.0592798
  12.9000000   -0.0561389
  12.9200000   -0.0532577
  12.9400000   -0.0508062
  12.9600000   -0.0489142
  12.9800000   -0.0476647
  13.0000000   -0.0470889
  13.0200000   -0.0471652
  13.0400000   -0.0478219
  13.0600000   -0.0489448
  13.0800000   -0.0503892
  13.1000000   -0.0519955
  13.1200000   -0.0536062
  13.1400000   -0.0550836
  13.1600000   -0.0563245
  13.1800000   -0.0572702
  13.2000000   -0.0579114
  13.2200000   -0.0582846
  13.2400000   -0.0584636
  13.2600000   -0.0585446
  13.2800000   -0.0586284
  13.3000000   -0.0588020
  13.3200000   -0.0591215
  13.3400000   -0.0595994
  13.3600000   -0.0601967
  13.3800000   -0.0608218
  13.4000000   -0.0613348
  13.4200000   -0.0615568
  13.4400000   -0.0612842
  13.4600000   -0.0603040
  13.4800000   -0.0584104
  13.5000000   -0.0554220
  13.5200000   -0.0511956
  13.5400000   -0.0456396
  13.5600000   -0.0387226
  13.5800000   -0.0304800
  13.6000000   -0.0210154
  13.6200000   -0.0104984
  13.6400000    0.0008426
  13.6600000    0.0127309
  13.6800000    0.0248575
  13.7000000    0.0368982
  13.7200000    0.0485334
  13.7400000    0.0594671
  13.7600000    0.0694441
  13.7800000    0.0782626
  13.8000000    0.0857820
  13.8200000    0.0919239
  13.8400000    0.0966668
  13.8600000    0.1000351
  13.8800000    0.1020843
  13.9000000    0.1028842
  13.9200000    0.1025030
  13.9400000    0.1009946
  13.9600000    0.0983902
  13.9800000    0.0946968
  14.0000000    0.0899013
  14.0200000    0.0839806
  14.0400000    0.0769143
  14.0600000    0.0687005
  14.0800000    0.0593692
  14.1000000    0.0489932
  14.1200000    0.0376940
  14.1400000    0.0256420
  14.1600000    0.0130502
  14.1800000    0.0001634
  14.2000000   -0.0127567
  14.2200000   -0.0254482
  14.2400000   -0.0376654
  14.2600000   -0.0491936
  14.2800000   -0.0598603
  14.3000000   -0.0695423
  14.3200000   -0.0781685
  14.3400000   -0.0857181
  14.3600000   -0.0922154
  14.3800000   -0.0977220
  14.4000000   -0.1023271
  14.4200000   -0.1061368
  14.4400000   -0.1092637
  14.4600000   -0.1118176
  14.4800000   -0.1138971
  14.5000000   -0.1155827
  14.5200000   -0.1169326
  14.5400000   -0.1179794
  14.5600000   -0.1187296
  14.5800000   -0.1191653
  14.6000000   -0.1192470
  14.6200000   -0.1189196
  14.6400000   -0.1181187
  14.6600000   -0.1167793
  14.6800000   -0.1148433
  14.7000000   -0.1122682
  14.7200000   -0.1090324
  14.7400000   -0.1051391
  14.7600000   -0.1006164
  14.7800000   -0.0955142
  14.8000000   -0.0898975
  14.8200000   -0.0838379
  14.8400000   -0.0774039
  14.8600000   -0.0706524
  14.8800000   -0.0636226
  14.9000000   -0.0563326
  14.9200000   -0.0487818
  14.9400000   -0.0409554
  14.9600000   -0.0328332
  14.9800000   -0.0243990
  15.0000000   -0.0156488
  15.0200000   -0.0065975
  15.0400000    0.0027193
  15.0600000    0.0122473
  15.0800000    0.0219200
  15.1000000    0.0316681
  15.1200000    0.0414300
  15.1400000    0.0511603
  15.1600000    0.0608364
  15.1800000    0.0704587
  15.2000000    0.0800464
  15.2200000    0.0896278
  15.2400000    0.0992269
  15.2600000    0.1088491
  15.2800000    0.1184679
  15.3000000    0.1280150
  15.3200000    0.1373767
  15.3400000    0.1463964
  15.3600000    0.1548828
  15.3800000    0.1626245
  15.4000000    0.1694057
  15.4200000    0.1750239
  15.4400000    0.1793045
  15.4600000    0.1821125
  15.4800000    0.1833588
  15.5000000    0.1830014
  15.5200000    0.1810423
  15.5400000    0.1775207
  15.5600000    0.1725047
  15.5800000    0.1660829
  15.6000000    0.1583563
  15.6200000    0.1494324
  15.6400000    0.1394220
  15.6600000    0.1284371
  15.6800000    0.1165915
  15.7000000    0.1040023
  15.7200000    0.0907911
  15.7400000    0.0770864
  15.7600000    0.0630243
  15.7800000    0.0487486
  15.8000000    0.0344105
  15.8200000    0.0201665
  15.8400000    0.0061762
  15.8600000   -0.0074004
  15.8800000   -0.0204065
  15.9000000   -0.0326920
  15.9200000   -0.0441177
  15.9400000   -0.0545595
  15.9600000   -0.0639134
  15.9800000   -0.0721002
  16.0000000   -0.0790707
  16.0200000   -0.0848100
  16.0400000   -0.0893395
  16.0600000   -0.0927175
  16.0800000   -0.0950367
  16.1000000   -0.0964168
  16.1200000   -0.0969951
  16.1400000   -0.0969134
  16.1600000   -0.0963032
  16.1800000   -0.0952714
  16.2000000   -0.0938877
  16.2200000   -0.0921762
  16.2400000   -0.0901126
  16.2600000   -0.0876272
  16.2800000   -0.0846150
  16.3000000   -0.0809498
  16.3200000   -0.0765032
  16.3400000   -0.0711634
  16.3600000   -0.0648538
  16.3800000   -0.0575473
  16.4000000   -0.0492752
  16.4200000   -0.0401301
  16.4400000   -0.0302612
  16.4600000   -0.0198645
  16.4800000   -0.0091679
  16.5000000    0.0015873
  16.5200000    0.0121650
  16.5400000    0.0223522
  16.5600000    0.0319752
  16.5800000    0.0409115
  16.6000000    0.0490977
  16.6200000    0.0565328
  16.6400000    0.0632771
  16.6600000    0.0694463
  16.6800000    0.0752015
  16.7000000    0.0807354
  16.7200000    0.0862553
  16.7400000    0.0919633
  16.7600000    0.0980352
  16.7800000    0.1045996
  16.8000000    0.1117189
  16.8200000    0.1193731
  16.8400000    0.1274509
  16.8600000    0.1357467
  16.8800000    0.1439666
  16.9000000    0.1517419
  16.9200000    0.1586513
  16.9400000    0.1642479
  16.9600000    0.1680903
  16.9800000    0.1697742
  17.0000000    0.1689612
  17.0200000    0.1654043
  17.0400000    0.1589650
  17.0600000    0.1496244
  17.0800000    0.1374848
  17.1000000    0.1227649
  17.1200000    0.1057885
  17.1400000    0.0869677
  17.1600000    0.0667833
  17.1800000    0.0457627
  17.2000000    0.0244574
  17.2200000    0.0034197
  17.2400000   -0.0168195
  17.2600000   -0.0357712
  17.2800000   -0.0530079
  17.3000000   -0.0681790
  17.3200000   -0.0810243
  17.3400000   -0.0913821
  17.3600000   -0.0991924
  17.3800000   -0.1044951
  17.4000000   -0.1074215
  17.4200000   -0.1081818
  17.4400000   -0.1070463
  17.4600000   -0.1043251
  17.4800000   -0.1003442
  17.5000000   -0.0954227
  17.5200000   -0.0898513
  17.5400000   -0.0838738
  17.5600000   -0.0776735
  17.5800000   -0.0713656
  17.6000000   -0.0649948
  17.6200000   -0.0585403
  17.6400000   -0.0519253
  17.6600000   -0.0450327
  17.6800000   -0.0377233
  17.7000000   -0.0298566
  17.7200000   -0.0213120
  17.7400000   -0.0120082
  17.7600000   -0.0019197
  17.7800000    0.0089109
  17.8000000    0.0203664
  17.8200000    0.0322545
  17.8400000    0.0443133
  17.8600000    0.0562232
  17.8800000    0.0676242
  17.9000000    0.0781373
  17.9200000    0.0873885
  17.9400000    0.0950347
  17.9600000    0.1007874
  17.9800000    0.1044345
  18.0000000    0.1058558
  18.0200000    0.1050322
  18.0400000    0.1020469
  18.0600000    0.0970781
  18.0800000    0.0903847
  18.1000000    0.0822851
  18.1200000    0.0731331
  18.1400000    0.0632930
  18.1600000    0.0531153
  18.1800000    0.0429183
  18.2000000    0.0329739
  18.2200000    0.0235011
  18.2400000    0.0146653
  18.2600000    0.0065829
  18.2800000   -0.0006707
  18.3000000   -0.0070515
  18.3200000   -0.0125375
  18.3400000   -0.0171214
  18.3600000   -0.0208057
  18.3800000   -0.0236010
  18.4000000   -0.0255274
  18.4200000   -0.0266177
  18.4400000   -0.0269209
  18.4600000   -0.0265068
  18.4800000   -0.0254673
  18.5000000   -0.0239170
  18.5200000   -0.0219893
  18.5400000   -0.0198293
  18.5600000   -0.0175847
  18.5800000   -0.0153930
  18.6000000   -0.0133687
  18.6200000   -0.0115916
  18.6400000   -0.0100968
  18.6600000   -0.0088700
  18.6800000   -0.0078481
  18.7000000   -0.0069263
  18.7200000   -0.0059711
  18.7400000   -0.0048374
  18.7600000   -0.0033891
  18.7800000   -0.0015188
  18.8000000    0.0008360
  18.8200000    0.0036817
  18.8400000    0.0069654
  18.8600000    0.0105797
  18.8800000    0.0143753
  18.9000000    0.0181790
  18.9200000    0.0218155
  18.9400000    0.0251282
  18.9600000    0.0279984
  18.9800000    0.0303577
  19.0000000    0.0321944
  19.0200000    0.0335528
  19.0400000    0.0345253
  19.0600000    0.0352405
  19.0800000    0.0358476
  19.1000000    0.0365011
  19.1200000    0.0373463
  19.1400000    0.0385066
  19.1600000    0.0400751
  19.1800000    0.0421082
  19.2000000    0.0446223
  19.2200000    0.0475931
  19.2400000    0.0509557
  19.2600000    0.0546068
  19.2800000    0.0584088
  19.3000000    0.0621946
  19.3200000    0.0657759
  19.3400000    0.0689529
  19.3600000    0.0715259
  19.3800000    0.0733083
  19.4000000    0.0741395
  19.4200000    0.0738962
  19.4400000    0.0725005
  19.4600000    0.0699247
  19.4800000    0.0661903
  19.5000000    0.0613640
  19.5200000    0.0555494
  19.5400000    0.0488766
  19.5600000    0.0414917
  19.5800000    0.0335474
  19.6000000    0.0251964
  19.6200000    0.0165869
  19.6400000    0.0078631
  19.6600000   -0.0008338
  19.6800000   -0.0093607
  19.7000000   -0.0175699
  19.7200000   -0.0253048
  19.7400000   -0.0323999
  19.7600000   -0.0386821
  19.7800000   -0.0439765
  19.8000000   -0.0481145
  19.8200000   -0.0509452
  19.8400000   -0.0523487
  19.8600000   -0.0522493
  19.8800000   -0.0506279
  19.9000000   -0.0475313
  19.9200000   -0.0430770
  19.9400000   -0.0374521
  19.9600000   -0.0309056
  19.9800000   -0.0237342
  20.0000000   -0.0162632
  20.0200000   -0.0088227
  20.0400000   -0.0017239
  20.0600000    0.0047647
  20.0800000    0.0104369
  20.1000000    0.0151621
  20.1200000    0.0188930
  20.1400000    0.0216657
  20.1600000    0.0235931
  20.1800000    0.0248534
  20.2000000    0.0256749
  20.2200000    0.0263181
  20.2400000    0.0270576
  20.2600000    0.0281637
  20.2800000    0.0298856
  20.3000000    0.0324351
  20.3200000    0.0359724
  20.3400000    0.0405937
  20.3600000    0.0463216
  20.3800000    0.0530982
  20.4000000    0.0607825
  20.4200000    0.0691525
  20.4400000    0.0779126
  20.4600000    0.0867065
  20.4800000    0.0951355
  20.5000000    0.1027808
  20.5200000    0.1092295
  20.5400000    0.1141025
  20.5600000    0.1170813
  20.5800000    0.1179334
  20.6000000    0.1165333
  20.6200000    0.1128768
  20.6400000    0.1070875
  20.6600000    0.0994143
  20.6800000    0.0902176
  20.7000000    0.0799460
  20.7200000    0.0691048
  20.7400000    0.0582166
  20.7600000    0.0477797
  20.7800000    0.0382279
  20.8000000    0.0298951
  20.8200000    0.0229905
  20.8400000    0.0175863
  20.8600000    0.0136205
  20.8800000    0.0109140
  20.9000000    0.0092004
  20.9200000    0.0081639
  20.9400000    0.0074817
  20.9600000    0.0068639
  20.9800000    0.0060874
  21.0000000    0.0050189
  21.0200000    0.0036249
  21.0400000    0.0019682
  21.0600000    0.0001932
  21.0800000   -0.0014984
  21.1000000   -0.0028771
  21.1200000   -0.0037149
  21.1400000   -0.0038122
  21.1600000   -0.0030176
  21.1800000   -0.0012408
  21.2000000    0.0015440
  21.2200000    0.0053013
  21.2400000    0.0099432
  21.2600000    0.0153408
  21.2800000    0.0213359
  21.3000000    0.0277513
  21.3200000    0.0343976
  21.3400000    0.0410774
  21.3600000    0.0475865
  21.3800000    0.0537143
  21.4000000    0.0592450
  21.4200000    0.0639606
  21.4400000    0.0676478
  21.4600000    0.0701076
  21.4800000    0.0711689
  21.5000000    0.0707029
  21.5200000    0.0686372
  21.5400000    0.0649674
  21.5600000    0.0597644
  21.5800000    0.0531756
  21.6000000    0.0454195
  21.6200000    0.0367747
  21.6400000    0.0275631
  21.6600000    0.0181309
  21.6800000    0.0088277
  21.7000000   -0.0000138
  21.7200000   -0.0080948
  21.7400000   -0.0151645
  21.7600000   -0.0210291
  21.7800000   -0.0255573
  21.8000000   -0.0286802
  21.8200000   -0.0303892
  21.8400000   -0.0307299
  21.8600000   -0.0297949
  21.8800000   -0.0277146
  21.9000000   -0.0246485
  21.9200000   -0.0207759
  21.9400000   -0.0162876
  21.9600000   -0.0113787
  21.9800000   -0.0062428
  22.0000000   -0.0010682
  22.0200000    0.0039652
  22.0400000    0.0086875
  22.0600000    0.0129402
  22.0800000    0.0165771
  22.1000000    0.0194673
  22.1200000    0.0214982
  22.1400000    0.0225809
  22.1600000    0.0226563
  22.1800000    0.0217018
  22.2000000    0.0197377
  22.2200000    0.0168311
  22.2400000    0.0130987
  22.2600000    0.0087045
  22.2800000    0.0038541
  22.3000000   -0.0012142
  22.3200000   -0.0062428
  22.3400000   -0.0109697
  22.3600000   -0.0151451
  22.3800000   -0.0185475
  22.4000000   -0.0209985
  22.4200000   -0.0223741
  22.4400000   -0.0226128
  22.4600000   -0.0217178
  22.4800000   -0.0197548
  22.5000000   -0.0168434
  22.5200000   -0.0131449
  22.5400000   -0.0088449
  22.5600000   -0.0041358
  22.5800000    0.0008024
  22.6000000    0.0058178
  22.6200000    0.0107987
  22.6400000    0.0156797
  22.6600000    0.0204412
  22.6800000    0.0251032
  22.7000000    0.0297125
  22.7200000    0.0343277
  22.7400000    0.0390020
  22.7600000    0.0437671
  22.7800000    0.0486200
  22.8000000    0.0535148
  22.8200000    0.0583595
  22.8400000    0.0630183
  22.8600000    0.0673191
  22.8800000    0.0710648
  22.9000000    0.0740465
  22.9200000    0.0760590
  22.9400000    0.0769138
  22.9600000    0.0764528
  22.9800000    0.0745578
  23.0000000    0.0711578
  23.0200000    0.0662329
  23.0400000    0.0598151
  23.0600000    0.0519864
  23.0800000    0.0428737
  23.1000000    0.0326436
  23.1200000    0.0214941
  23.1400000    0.0096478
  23.1600000   -0.0026559
  23.1800000   -0.0151672
  23.2000000   -0.0276321
  23.2200000   -0.0397963
  23.2400000   -0.0514100
  23.2600000   -0.0622311
  23.2800000   -0.0720290
  23.3000000   -0.0805891
  23.3200000   -0.0877184
  23.3400000   -0.0932526
  23.3600000   -0.0970642
  23.3800000   -0.0990709
  23.4000000   -0.0992445
  23.4200000   -0.0976171
  23.4400000   -0.0942852
  23.4600000   -0.0894096
  23.4800000   -0.0832104
  23.5000000   -0.0759563
  23.5200000   -0.0679502
  23.5400000   -0.0595111
  23.5600000   -0.0509547
  23.5800000   -0.0425743
  23.6000000   -0.0346252
  23.6200000   -0.0273128
  23.6400000   -0.0207869
  23.6600000   -0.0151417
  23.6800000   -0.0104202
  23.7000000   -0.0066231
  23.7200000   -0.0037192
  23.7400000   -0.0016561
  23.7600000   -0.0003701
  23.7800000    0.0002070
  23.8000000    0.0001425
  23.8200000   -0.0004988
  23.8400000   -0.0016560
  23.8600000   -0.0032707
  23.8800000   -0.0052863
  23.9000000   -0.0076471
  23.9200000   -0.0102965
  23.9400000   -0.0131762
  23.9600000   -0.0162242
  23.9800000   -0.0193719
  24.0000000   -0.0225409
  24.0200000   -0.0256386
  24.0400000   -0.0285540
  24.0600000   -0.0311552
  24.0800000   -0.0332887
  24.1000000   -0.0347826
  24.1200000   -0.0354542
  24.1400000   -0.0351224
  24.1600000   -0.0336241
  24.1800000   -0.0308330
  24.2000000   -0.0266794
  24.2200000   -0.0211671
  24.2400000   -0.0143862
  24.2600000   -0.0065180
  24.2800000    0.0021680
  24.3000000    0.0113266
  24.3200000    0.0205575
  24.3400000    0.0294325
  24.3600000    0.0375256
  24.3800000    0.0444444
  24.4000000    0.0498580
  24.4200000    0.0535201
  24.4400000    0.0552840
  24.4600000    0.0551102
  24.4800000    0.0530653
  24.5000000    0.0493130
  24.5200000    0.0441002
  24.5400000    0.0377372
  24.5600000    0.0305756
  24.5800000    0.0229856
  24.6000000    0.0153319
  24.6200000    0.0079524
  24.6400000    0.0011380
  24.6600000   -0.0048835
  24.6800000   -0.0099591
  24.7000000   -0.0140179
  24.7200000   -0.0170720
  24.7400000   -0.0192109
  24.7600000   -0.0205908
  24.7800000   -0.0214176
  24.8000000   -0.0219262
  24.8200000   -0.0223576
  24.8400000   -0.0229357
  24.8600000   -0.0238469
  24.8800000   -0.0252226
  24.9000000   -0.0271294
  24.9200000   -0.0295640
  24.9400000   -0.0324567
  24.9600000   -0.0356791
  24.9800000   -0.0390576
  25.0000000   -0.0423897
  25.0200000   -0.0454612
  25.0400000   -0.0480634
  25.0600000   -0.0500090
  25.0800000   -0.0511455
  25.1000000   -0.0513664
  25.1200000   -0.0506188
  25.1400000   -0.0489090
  25.1600000   -0.0463039
  25.1800000   -0.0429286
  25.2000000   -0.0389603
  25.2200000   -0.0346170
  25.2400000   -0.0301428
  25.2600000   -0.0257878
  25.2800000   -0.0217872
  25.3000000   -0.0183379
  25.3200000   -0.0155789
  25.3400000   -0.0135745
  25.3600000   -0.0123052
  25.3800000   -0.0116673
  25.4000000   -0.0114817
  25.4200000   -0.0115126
  25.4400000   -0.0114929
  25.4600000   -0.0111553
  25.4800000   -0.0102649
  25.5000000   -0.0086488
  25.5200000   -0.0062208
  25.5400000   -0.0029959
  25.5600000    0.0009049
  25.5800000    0.0052623
  25.6000000    0.0097770
  25.6200000    0.0140963
  25.6400000    0.0178474
  25.6600000    0.0206720
  25.6800000    0.0222590
  25.7000000    0.0223729
  25.7200000    0.0208731
  25.7400000    0.0177243
  25.7600000    0.0129963
  25.7800000    0.0068547
  25.8000000   -0.0004559
  25.8200000   -0.0086342
  25.8400000   -0.0173472
  25.8600000   -0.0262545
  25.8800000   -0.0350309
  25.9000000   -0.0433846
  25.9200000   -0.0510712
  25.9400000   -0.0579016
  25.9600000   -0.0637462
  25.9800000   -0.0685341
  26.0000000   -0.0722501
  26.0200000   -0.0749286
  26.0400000   -0.0766469
  26.0600000   -0.0775172
  26.0800000   -0.0776778
  26.1000000   -0.0772837
  26.1200000   -0.0764967
  26.1400000   -0.0754743
  26.1600000   -0.0743576
  26.1800000   -0.0732591
  26.2000000   -0.0722508
  26.2200000   -0.0713539
  26.2400000   -0.0705322
  26.2600000   -0.0696889
  26.2800000   -0.0686703
  26.3000000   -0.0672753
  26.3200000   -0.0652718
  26.3400000   -0.0624176
  26.3600000   -0.0584860
  26.3800000   -0.0532917
  26.4000000   -0.0467154
  26.4200000   -0.0387243
  26.4400000   -0.0293847
  26.4600000   -0.0188668
  26.4800000   -0.0074388
  26.5000000    0.0045482
  26.5200000    0.0166833
  26.5400000    0.0285261
  26.5600000    0.0396396
  26.5800000    0.0496236
  26.6000000    0.0581437
  26.6200000    0.0649550
  26.6400000    0.0699162
  26.6600000    0.0729929
  26.6800000    0.0742520
  26.7000000    0.0738457
  26.7200000    0.0719887
  26.7400000    0.0689324
  26.7600000    0.0649376
  26.7800000    0.0602509
  26.8000000    0.0550861
  26.8200000    0.0496135
  26.8400000    0.0439574
  26.8600000    0.0382009
  26.8800000    0.0323967
  26.9000000    0.0265813
  26.9200000    0.0207899
  26.9400000    0.0150691
  26.9600000    0.0094850
  26.9800000    0.0041257
  27.0000000   -0.0009027
  27.0200000   -0.0054854
  27.0400000   -0.0095122
  27.0600000   -0.0128917
  27.0800000   -0.0155645
  27.1000000   -0.0175131
  27.1200000   -0.0187653
  27.1400000   -0.0193925
  27.1600000   -0.0195012
  27.1800000   -0.0192196
  27.2000000   -0.0186824
  27.2200000   -0.0180144
  27.2400000   -0.0173170
  27.2600000   -0.0166590
  27.2800000   -0.0160720
  27.3000000   -0.0155519
  27.3200000   -0.0150660
  27.3400000   -0.0145619
  27.3600000   -0.0139795
  27.3800000   -0.0132615
  27.4000000   -0.0123625
  27.4200000   -0.0112541
  27.4400000   -0.0099264
  27.4600000   -0.0083859
  27.4800000   -0.0066498
  27.5000000   -0.0047390
  27.5200000   -0.0026706
  27.5400000   -0.0004508
  27.5600000    0.0019288
  27.5800000    0.0044929
  27.6000000    0.0072793
  27.6200000    0.0103327
  27.6400000    0.0136955
  27.6600000    0.0173959
  27.6800000    0.0214360
  27.7000000    0.0257811
  27.7200000    0.0303511
  27.7400000    0.0350170
  27.7600000    0.0396020
  27.7800000    0.0438888
  27.8000000    0.0476314
  27.8200000    0.0505726
  27.8400000    0.0524637
  27.8600000    0.0530851
  27.8800000    0.0522668
  27.9000000    0.0499062
  27.9200000    0.0459808
  27.9400000    0.0405563
  27.9600000    0.0337882
  27.9800000    0.0259163
  28.0000000    0.0172542
  28.0200000    0.0081726
  28.0400000   -0.0009217
  28.0600000   -0.0096100
  28.0800000   -0.0174866
  28.1000000   -0.0241847
  28.1200000   -0.0293991
  28.1400000   -0.0329066
  28.1600000   -0.0345804
  28.1800000   -0.0343989
  28.2000000   -0.0324476
  28.2200000   -0.0289128
  28.2400000   -0.0240697
  28.2600000   -0.0182624
  28.2800000   -0.0118803
  28.3000000   -0.0053306
  28.3200000    0.0009897
  28.3400000    0.0067199
  28.3600000    0.0115581
  28.3800000    0.0152773
  28.4000000    0.0177339
  28.4200000    0.0188689
  28.4400000    0.0187015
  28.4600000    0.0173165
  28.4800000    0.0148480
  28.5000000    0.0114623
  28.5200000    0.0073412
  28.5400000    0.0026686
  28.5600000   -0.0023786
  28.5800000   -0.0076345
  28.6000000   -0.0129450
  28.6200000   -0.0181647
  28.6400000   -0.0231538
  28.6600000   -0.0277754
  28.6800000   -0.0318951
  28.7000000   -0.0353847
  28.7200000   -0.0381284
  28.7400000   -0.0400322
  28.7600000   -0.0410345
  28.7800000   -0.0411150
  28.8000000   -0.0403013
  28.8200000   -0.0386704
  28.8400000   -0.0363439
  28.8600000   -0.0334786
  28.8800000   -0.0302516
  28.9000000   -0.0268425
  28.9200000   -0.0234158
  28.9400000   -0.0201054
  28.9600000   -0.0170038
  28.9800000   -0.0141566
  29.0000000   -0.0115647
  29.0200000   -0.0091913
  29.0400000   -0.0069737
  29.0600000   -0.0048376
  29.0800000   -0.0027108
  29.1000000   -0.0005359
  29.1200000    0.0017219
  29.1400000    0.0040705
  29.1600000    0.0064912
  29.1800000    0.0089435
  29.2000000    0.0113723
  29.2200000    0.0137168
  29.2400000    0.0159205
  29.2600000    0.0179392
  29.2800000    0.0197494
  29.3000000    0.0213527
  29.3200000    0.0227794
  29.3400000    0.0240891
  29.3600000    0.0253691
  29.3800000    0.0267308
  29.4000000    0.0283034
  29.4200000    0.0302266
  29.4400000    0.0326405
  29.4600000    0.0356749
  29.4800000    0.0394375
  29.5000000    0.0440021
  29.5200000    0.0493981
  29.5400000    0.0556017
  29.5600000    0.0625317
  29.5800000    0.0700478
  29.6000000    0.0779552
  29.6200000    0.0860131
  29.6400000    0.0939474
  29.6600000    0.1014664
  29.6800000    0.1082780
  29.7000000    0.1141075
  29.7200000    0.1187131
  29.7400000    0.1218994
  29.7600000    0.1235282
  29.7800000    0.1235246
  29.8000000    0.1218806
  29.8200000    0.1186552
  29.8400000    0.1139715
  29.8600000    0.1080120
  29.8800000    0.1010113
  29.9000000    0.0932471
  29.9200000    0.0850296
  29.9400000    0.0766887
  29.9600000    0.0685595
  29.9800000    0.0609669
  30.0000000    0.0542081
