 -10.0000000   -0.0321854
  -9.9800000   -0.0314360
  -9.9600000   -0.0298491
  -9.9400000   -0.0274159
  -9.9200000   -0.0241583
  -9.9000000   -0.0201305
  -9.8800000   -0.0154172
  -9.8600000   -0.0101311
  -9.8400000   -0.0044079
  -9.8200000    0.0015997
  -9.8000000    0.0077293
  -9.7800000    0.0138169
  -9.7600000    0.0197041
  -9.7400000    0.0252455
  -9.7200000    0.0303145
  -9.7000000    0.0348077
  -9.6800000    0.0386479
  -9.6600000    0.0417853
  -9.6400000    0.0441970
  -9.6200000    0.0458854
  -9.6000000    0.0468756
  -9.5800000    0.0472121
  -9.5600000    0.0469547
  -9.5400000    0.0461756
  -9.5200000    0.0449554
  -9.5000000    0.0433801
  -9.4800000    0.0415382
  -9.4600000    0.0395175
  -9.4400000    0.0374023
  -9.4200000    0.0352696
  -9.4000000    0.0331859
  -9.3800000    0.0312026
  -9.3600000    0.0293530
  -9.3400000    0.0276490
  -9.3200000    0.0260791
  -9.3000000    0.0246086
  -9.2800000    0.0231818
  -9.2600000    0.0217261
  -9.2400000    0.0201589
  -9.2200000    0.0183954
  -9.2000000    0.0163578
  -9.1800000    0.0139844
  -9.1600000    0.0112376
  -9.1400000    0.0081096
  -9.1200000    0.0046268
  -9.1000000    0.0008494
  -9.0800000   -0.0031304
  -9.0600000   -0.0071943
  -9.0400000   -0.0112055
  -9.0200000   -0.0150180
  -9.0000000   -0.0184864
  -8.9800000   -0.0214756
  -8.9600000   -0.0238685
  -8.9400000   -0.0255724
  -8.9200000   -0.0265219
  -8.9000000   -0.0266796
  -8.8800000   -0.0260344
  -8.8600000   -0.0245978
  -8.8400000   -0.0223990
  -8.8200000   -0.0194810
  -8.8000000   -0.0158968
  -8.7800000   -0.0117076
  -8.7600000   -0.0069841
  -8.7400000   -0.0018079
  -8.7200000    0.0037240
  -8.7000000    0.0094951
  -8.6800000    0.0153667
  -8.6600000    0.0211765
  -8.6400000    0.0267410
  -8.6200000    0.0318612
  -8.6000000    0.0363323
  -8.5800000    0.0399568
  -8.5600000    0.0425591
  -8.5400000    0.0440008
  -8.5200000    0.0441944
  -8.5000000    0.0431139
  -8.4800000    0.0408006
  -8.4600000    0.0373635
  -8.4400000    0.0329729
  -8.4200000    0.0278494
  -8.4000000    0.0222472
  -8.3800000    0.0164352
  -8.3600000    0.0106767
  -8.3400000    0.0052099
  -8.3200000    0.0002318
  -8.3000000   -0.0041137
  -8.2800000   -0.0077421
  -8.2600000   -0.0106290
  -8.2400000   -0.0128048
  -8.2200000   -0.0143455
  -8.2000000   -0.0153599
  -8.1800000   -0.0159753
  -8.1600000   -0.0163228
  -8.1400000   -0.0165244
  -8.1200000   -0.0166823
  -8.1000000   -0.0168712
  -8.0800000   -0.0171335
  -8.0600000   -0.0174791
  -8.0400000   -0.0178868
  -8.0200000   -0.0183092
  -8.0000000   -0.0186789
  -7.9800000   -0.0189163
  -7.9600000   -0.0189374
  -7.9400000   -0.0186620
  -7.9200000   -0.0180203
  -7.9000000   -0.0169581
  -7.8800000   -0.0154409
  -7.8600000   -0.0134540
  -7.8400000   -0.0110021
  -7.8200000   -0.0081058
  -7.8000000   -0.0047966
  -7.7800000   -0.0011119
  -7.7600000    0.0029108
  -7.7400000    0.0072376
  -7.7200000    0.0118412
  -7.7000000    0.0166997
  -7.6800000    0.0217946
  -7.6600000    0.0271048
  -7.6400000    0.0326001
  -7.6200000    0.0382334
  -7.6000000    0.0439341
  -7.5800000    0.0496033
  -7.5600000    0.0551122
  -7.5400000    0.0603042
  -7.5200000    0.0650009
  -7.5000000    0.0690114
  -7.4800000    0.0721437
  -7.4600000    0.0742171
  -7.4400000    0.0750743
  -7.4200000    0.0745923
  -7.4000000    0.0726897
  -7.3800000    0.0693320
  -7.3600000    0.0645343
  -7.3400000    0.0583602
  -7.3200000    0.0509204
  -7.3000000    0.0423695
  -7.2800000    0.0329008
  -7.2600000    0.0227423
  -7.2400000    0.0121498
  -7.2200000    0.0013999
  -7.2000000   -0.0092191
  -7.1800000   -0.0194180
  -7.1600000   -0.0289184
  -7.1400000   -0.0374661
  -7.1200000   -0.0448431
  -7.1000000   -0.0508796
  -7.0800000   -0.0554622
  -7.0600000   -0.0585394
  -7.0400000   -0.0601228
  -7.0200000   -0.0602842
  -7.0000000   -0.0591492
  -6.9800000   -0.0568879
  -6.9600000   -0.0537038
  -6.9400000   -0.0498225
  -6.9200000   -0.0454798
  -6.9000000   -0.0409114
  -6.8800000   -0.0363431
  -6.8600000   -0.0319823
  -6.8400000   -0.0280107
  -6.8200000   -0.0245771
  -6.8000000   -0.0217922
  -6.7800000   -0.0197236
  -6.7600000   -0.0183931
  -6.7400000   -0.0177751
  -6.7200000   -0.0177991
  -6.7000000   -0.0183535
  -6.6800000   -0.0192932
  -6.6600000   -0.0204500
  -6.6400000   -0.0216434
  -6.6200000   -0.0226939
  -6.6000000   -0.0234347
  -6.5800000   -0.0237223
  -6.5600000   -0.0234453
  -6.5400000   -0.0225303
  -6.5200000   -0.0209444
  -6.5000000   -0.0186953
  -6.4800000   -0.0158292
  -6.4600000   -0.0124252
  -6.4400000   -0.0085898
  -6.4200000   -0.0044487
  -6.4000000   -0.0001383
  -6.3800000    0.0042028
  -6.3600000    0.0084424
  -6.3400000    0.0124626
  -6.3200000    0.0161660
  -6.3000000    0.0194804
  -6.2800000    0.0223604
  -6.2600000    0.0247872
  -6.2400000    0.0267657
  -6.2200000    0.0283196
  -6.2000000    0.0294854
  -6.1800000    0.0303052
  -6.1600000    0.0308212
  -6.1400000    0.0310708
  -6.1200000    0.0310839
  -6.1000000    0.0308823
  -6.0800000    0.0304821
  -6.0600000    0.0298971
  -6.0400000    0.0291438
  -6.0200000    0.0282468
  -6.0000000    0.0272426
  -5.9800000    0.0261822
  -5.9600000    0.0251317
  -5.9400000    0.0241691
  -5.9200000    0.0233796
  -5.9000000    0.0228482
  -5.8800000    0.0226513
  -5.8600000    0.0228484
  -5.8400000    0.0234744
  -5.8200000    0.0245349
  -5.8000000    0.0260030
  -5.7800000    0.0278205
  -5.7600000    0.0299003
  -5.7400000    0.0321326
  -5.7200000    0.0343915
  -5.7000000    0.0365425
  -5.6800000    0.0384500
  -5.6600000    0.0399834
  -5.6400000    0.0410224
  -5.6200000    0.0414610
  -5.6000000    0.0412103
  -5.5800000    0.0402003
  -5.5600000    0.0383819
  -5.5400000    0.0357276
  -5.5200000    0.0322322
  -5.5000000    0.0279139
  -5.4800000    0.0228138
  -5.4600000    0.0169954
  -5.4400000    0.0105443
  -5.4200000    0.0035659
  -5.4000000   -0.0038164
  -5.3800000   -0.0114635
  -5.3600000   -0.0192233
  -5.3400000   -0.0269345
  -5.3200000   -0.0344292
  -5.3000000   -0.0415377
  -5.2800000   -0.0480929
  -5.2600000   -0.0539357
  -5.2400000   -0.0589205
  -5.2200000   -0.0629220
  -5.2000000   -0.0658402
  -5.1800000   -0.0676064
  -5.1600000   -0.0681868
  -5.1400000   -0.0675850
  -5.1200000   -0.0658424
  -5.1000000   -0.0630361
  -5.0800000   -0.0592755
  -5.0600000   -0.0546956
  -5.0400000   -0.0494501
  -5.0200000   -0.0437028
  -5.0000000   -0.0376184
  -4.9800000   -0.0313543
  -4.9600000   -0.0250521
  -4.9400000   -0.0188320
  -4.9200000   -0.0127884
  -4.9000000   -0.0069885
  -4.8800000   -0.0014736
  -4.8600000    0.0037371
  -4.8400000    0.0086404
  -4.8200000    0.0132418
  -4.8000000    0.0175473
  -4.7800000    0.0215565
  -4.7600000    0.0252567
  -4.7400000    0.0286196
  -4.7200000    0.0316003
  -4.7000000    0.0341402
  -4.6800000    0.0361703
  -4.6600000    0.0376181
  -4.6400000    0.0384137
  -4.6200000    0.0384968
  -4.6000000    0.0378217
  -4.5800000    0.0363618
  -4.5600000    0.0341114
  -4.5400000    0.0310859
  -4.5200000    0.0273201
  -4.5000000    0.0228655
  -4.4800000    0.0177864
  -4.4600000    0.0121550
  -4.4400000    0.0060473
  -4.4200000   -0.0004612
  -4.4000000   -0.0072985
  -4.3800000   -0.0143981
  -4.3600000   -0.0216993
  -4.3400000   -0.0291453
  -4.3200000   -0.0366800
  -4.3000000   -0.0442426
  -4.2800000   -0.0517615
  -4.2600000   -0.0591480
  -4.2400000   -0.0662907
  -4.2200000   -0.0730524
  -4.2000000   -0.0792696
  -4.1800000   -0.0847565
  -4.1600000   -0.0893125
  -4.1400000   -0.0927338
  -4.1200000   -0.0948275
  -4.1000000   -0.0954275
  -4.0800000   -0.0944096
  -4.0600000   -0.0917046
  -4.0400000   -0.0873080
  -4.0200000   -0.0812849
  -4.0000000   -0.0737695
  -3.9800000   -0.0649598
  -3.9600000   -0.0551075
  -3.9400000   -0.0445043
  -3.9200000   -0.0334665
  -3.9000000   -0.0223187
  -3.8800000   -0.0113778
  -3.8600000   -0.0009390
  -3.8400000    0.0087350
  -3.8200000    0.0174220
  -3.8000000    0.0249451
  -3.7800000    0.0311734
  -3.7600000    0.0360208
  -3.7400000    0.0394423
  -3.7200000    0.0414295
  -3.7000000    0.0420066
  -3.6800000    0.0412262
  -3.6600000    0.0391674
  -3.6400000    0.0359342
  -3.6200000    0.0316554
  -3.6000000    0.0264845
  -3.5800000    0.0205981
  -3.5600000    0.0141933
  -3.5400000    0.0074823
  -3.5200000    0.0006847
  -3.5000000   -0.0059830
  -3.4800000   -0.0123190
  -3.4600000   -0.0181468
  -3.4400000   -0.0233264
  -3.4200000   -0.0277610
  -3.4000000   -0.0314009
  -3.3800000   -0.0342429
  -3.3600000   -0.0363259
  -3.3400000   -0.0377221
  -3.3200000   -0.0385264
  -3.3000000   -0.0388442
  -3.2800000   -0.0387786
  -3.2600000   -0.0384197
  -3.2400000   -0.0378351
  -3.2200000   -0.0370639
  -3.2000000   -0.0361146
  -3.1800000   -0.0349653
  -3.1600000   -0.0335685
  -3.1400000   -0.0318582
  -3.1200000   -0.0297595
  -3.1000000   -0.0271986
  -3.0800000   -0.0241139
  -3.0600000   -0.0204650
  -3.0400000   -0.0162401
  -3.0200000   -0.0114604
  -3.0000000   -0.0061813
  -2.9800000   -0.0004899
  -2.9600000    0.0055000
  -2.9400000    0.0116552
  -2.9200000    0.0178313
  -2.9000000    0.0238818
  -2.8800000    0.0296649
  -2.8600000    0.0350498
  -2.8400000    0.0399205
  -2.8200000    0.0441766
  -2.8000000    0.0477334
  -2.7800000    0.0505198
  -2.7600000    0.0524754
  -2.7400000    0.0535486
  -2.7200000    0.0536946
  -2.7000000    0.0528756
  -2.6800000    0.0510623
  -2.6600000    0.0482371
  -2.6400000    0.0443984
  -2.6200000    0.0395665
  -2.6000000    0.0337888
  -2.5800000    0.0271444
  -2.5600000    0.0197482
  -2.5400000    0.0117520
  -2.5200000    0.0033435
  -2.5000000   -0.0052570
  -2.4800000   -0.0138032
  -2.4600000   -0.0220312
  -2.4400000   -0.0296698
  -2.4200000   -0.0364520
  -2.4000000   -0.0421275
  -2.3800000   -0.0464734
  -2.3600000   -0.0493054
  -2.3400000   -0.0504861
  -2.3200000   -0.0499312
  -2.3000000   -0.0476141
  -2.2800000   -0.0435664
  -2.2600000   -0.0378768
  -2.2400000   -0.0306873
  -2.2200000   -0.0221869
  -2.2000000   -0.0126036
  -2.1800000   -0.0021955
  -2.1600000    0.0087596
  -2.1400000    0.0199742
  -2.1200000    0.0311608
  -2.1000000    0.0420408
  -2.0800000    0.0523518
  -2.0600000    0.0618528
  -2.0400000    0.0703281
  -2.0200000    0.0775892
  -2.0000000    0.0834753
  -1.9800000    0.0878538
  -1.9600000    0.0906197
  -1.9400000    0.0916966
  -1.9200000    0.0910378
  -1.9000000    0.0886289
  -1.8800000    0.0844918
  -1.8600000    0.0786885
  -1.8400000    0.0713255
  -1.8200000    0.0625563
  -1.8000000    0.0525822
  -1.7800000    0.0416504
  -1.7600000    0.0300481
  -1.7400000    0.0180931
  -1.7200000    0.0061207
  -1.7000000   -0.0055314
  -1.6800000   -0.0165405
  -1.6600000   -0.0266157
  -1.6400000   -0.0355132
  -1.6200000   -0.0430481
  -1.6000000   -0.0491020
  -1.5800000   -0.0536248
  -1.5600000   -0.0566312
  -1.5400000   -0.0581923
  -1.5200000   -0.0584231
  -1.5000000   -0.0574682
  -1.4800000   -0.0554873
  -1.4600000   -0.0526422
  -1.4400000   -0.0490868
  -1.4200000   -0.0449621
  -1.4000000   -0.0403939
  -1.3800000   -0.0354959
  -1.3600000   -0.0303741
  -1.3400000   -0.0251325
  -1.3200000   -0.0198786
  -1.3000000   -0.0147267
  -1.2800000   -0.0097986
  -1.2600000   -0.0052213
  -1.2400000   -0.0011221
  -1.2200000    0.0023782
  -1.2000000    0.0051729
  -1.1800000    0.0071766
  -1.1600000    0.0083318
  -1.1400000    0.0086133
  -1.1200000    0.0080311
  -1.1000000    0.0066315
  -1.0800000    0.0044966
  -1.0600000    0.0017424
  -1.0400000   -0.0014830
  -1.0200000   -0.0050037
  -1.0000000   -0.0086192
  -0.9800000   -0.0121103
  -0.9600000   -0.0152450
  -0.9400000   -0.0177857
  -0.9200000   -0.0194973
  -0.9000000   -0.0201559
  -0.8800000   -0.0195571
  -0.8600000   -0.0175242
  -0.8400000   -0.0139156
  -0.8200000   -0.0086319
  -0.8000000   -0.0016219
  -0.7800000    0.0071114
  -0.7600000    0.0175040
  -0.7400000    0.0294255
  -0.7200000    0.0426730
  -0.7000000    0.0569678
  -0.6800000    0.0719547
  -0.6600000    0.0872068
  -0.6400000    0.1022375
  -0.6200000    0.1165197
  -0.6000000    0.1295118
  -0.5800000    0.1406902
  -0.5600000    0.1495830
  -0.5400000    0.1558024
  -0.5200000    0.1590703
  -0.5000000    0.1592334
  -0.4800000    0.1562651
  -0.4600000    0.1502528
  -0.4400000    0.1413730
  -0.4200000    0.1298576
  -0.4000000    0.1159559
  -0.3800000    0.0999009
  -0.3600000    0.0818830
  -0.3400000    0.0620388
  -0.3200000    0.0404561
  -0.3000000    0.0171964
  -0.2800000   -0.0076684
  -0.2600000   -0.0340085
  -0.2400000   -0.0615863
  -0.2200000   -0.0900096
  -0.2000000   -0.1186971
  -0.1800000   -0.1468620
  -0.1600000   -0.1735187
  -0.1400000   -0.1975149
  -0.1200000   -0.2175891
  -0.1000000   -0.2324481
  -0.0800000   -0.2408608
  -0.0600000   -0.2417566
  -0.0400000   -0.2343197
  -0.0200000   -0.2180692
   0.0000000   -0.1929141
   0.0200000   -0.1591790
   0.0400000   -0.1175939
   0.0600000   -0.0692531
   0.0800000   -0.0155433
   0.1000000    0.0419466
   0.1200000    0.1015276
   0.1400000    0.1615104
   0.1600000    0.2202950
   0.1800000    0.2764409
   0.2000000    0.3287139
   0.2200000    0.3761071
   0.2400000    0.4178398
   0.2600000    0.4533366
   0.2800000    0.4821956
   0.3000000    0.5041510
   0.3200000    0.5190371
   0.3400000    0.5267603
   0.3600000    0.5272817
   0.3800000    0.5206125
   0.4000000    0.5068224
   0.4200000    0.4860586
   0.4400000    0.4585716
   0.4600000    0.4247439
   0.4800000    0.3851158
   0.5000000    0.3404033
   0.5200000    0.2915040
   0.5400000    0.2394874
   0.5600000    0.1855681
   0.5800000    0.1310629
   0.6000000    0.0773343
   0.6200000    0.0257252
   0.6400000   -0.0225088
   0.6600000   -0.0662635
   0.6800000   -0.1046385
   0.7000000   -0.1369755
   0.7200000   -0.1628764
   0.7400000   -0.1822019
   0.7600000   -0.1950525
   0.7800000   -0.2017354
   0.8000000   -0.2027217
   0.8200000   -0.1986016
   0.8400000   -0.1900411
   0.8600000   -0.1777456
   0.8800000   -0.1624331
   0.9000000   -0.1448158
   0.9200000   -0.1255916
   0.9400000   -0.1054403
   0.9600000   -0.0850227
   0.9800000   -0.0649788
   1.0000000   -0.0459222
   1.0200000   -0.0284291
   1.0400000   -0.0130216
   1.0600000   -0.0001473
   1.0800000    0.0098444
   1.1000000    0.0167243
   1.1200000    0.0204021
   1.1400000    0.0209374
   1.1600000    0.0185413
   1.1800000    0.0135682
   1.2000000    0.0064955
   1.2200000   -0.0021056
   1.2400000   -0.0116072
   1.2600000   -0.0213667
   1.2800000   -0.0307696
   1.3000000   -0.0392703
   1.3200000   -0.0464272
   1.3400000   -0.0519287
   1.3600000   -0.0556078
   1.3800000   -0.0574457
   1.4000000   -0.0575610
   1.4200000   -0.0561895
   1.4400000   -0.0536533
   1.4600000   -0.0503248
   1.4800000   -0.0465877
   1.5000000   -0.0428008
   1.5200000   -0.0392664
   1.5400000   -0.0362086
   1.5600000   -0.0337618
   1.5800000   -0.0319710
   1.6000000   -0.0308023
   1.6200000   -0.0301620
   1.6400000   -0.0299208
   1.6600000   -0.0299384
   1.6800000   -0.0300866
   1.7000000   -0.0302660
   1.7200000   -0.0304152
   1.7400000   -0.0305124
   1.7600000   -0.0305685
   1.7800000   -0.0306157
   1.8000000   -0.0306920
   1.8200000   -0.0308262
   1.8400000   -0.0310244
   1.8600000   -0.0312619
   1.8800000   -0.0314789
   1.9000000   -0.0315833
   1.9200000   -0.0314567
   1.9400000   -0.0309646
   1.9600000   -0.0299687
   1.9800000   -0.0283383
   2.0000000   -0.0259620
   2.0200000   -0.0227567
   2.0400000   -0.0186742
   2.0600000   -0.0137049
   2.0800000   -0.0078796
   2.1000000   -0.0012684
   2.1200000    0.0060220
   2.1400000    0.0138535
   2.1600000    0.0220623
   2.1800000    0.0304670
   2.2000000    0.0388770
   2.2200000    0.0471024
   2.2400000    0.0549638
   2.2600000    0.0623019
   2.2800000    0.0689868
   2.3000000    0.0749252
   2.3200000    0.0800664
   2.3400000    0.0844044
   2.3600000    0.0879781
   2.3800000    0.0908666
   2.4000000    0.0931817
   2.4200000    0.0950568
   2.4400000    0.0966332
   2.4600000    0.0980445
   2.4800000    0.0994014
   2.5000000    0.1007774
   2.5200000    0.1021994
   2.5400000    0.1036422
   2.5600000    0.1050298
   2.5800000    0.1062439
   2.6000000    0.1071377
   2.6200000    0.1075543
   2.6400000    0.1073473
   2.6600000    0.1064001
   2.6800000    0.1046420
   2.7000000    0.1020577
   2.7200000    0.0986892
   2.7400000    0.0946305
   2.7600000    0.0900150
   2.7800000    0.0849983
   2.8000000    0.0797391
   2.8200000    0.0743810
   2.8400000    0.0690378
   2.8600000    0.0637841
   2.8800000    0.0586520
   2.9000000    0.0536339
   2.9200000    0.0486902
   2.9400000    0.0437601
   2.9600000    0.0387733
   2.9800000    0.0336612
   3.0000000    0.0283656
   3.0200000    0.0228445
   3.0400000    0.0170742
   3.0600000    0.0110485
   3.0800000    0.0047757
   3.1000000   -0.0017259
   3.1200000   -0.0084320
   3.1400000   -0.0153161
   3.1600000   -0.0223518
   3.1800000   -0.0295134
   3.2000000   -0.0367746
   3.2200000   -0.0441065
   3.2400000   -0.0514747
   3.2600000   -0.0588366
   3.2800000   -0.0661391
   3.3000000   -0.0733172
   3.3200000   -0.0802947
   3.3400000   -0.0869848
   3.3600000   -0.0932933
   3.3800000   -0.0991212
   3.4000000   -0.1043680
   3.4200000   -0.1089349
   3.4400000   -0.1127274
   3.4600000   -0.1156565
   3.4800000   -0.1176397
   3.5000000   -0.1186009
   3.5200000   -0.1184701
   3.5400000   -0.1171826
   3.5600000   -0.1146799
   3.5800000   -0.1109101
   3.6000000   -0.1058310
   3.6200000   -0.0994143
   3.6400000   -0.0916518
   3.6600000   -0.0825627
   3.6800000   -0.0722021
   3.7000000   -0.0606692
   3.7200000   -0.0481147
   3.7400000   -0.0347455
   3.7600000   -0.0208263
   3.7800000   -0.0066767
   3.8000000    0.0073361
   3.8200000    0.0208107
   3.8400000    0.0333280
   3.8600000    0.0444720
   3.8800000    0.0538522
   3.9000000    0.0611262
   3.9200000    0.0660201
   3.9400000    0.0683452
   3.9600000    0.0680091
   3.9800000    0.0650204
   4.0000000    0.0594867
   4.0200000    0.0516058
   4.0400000    0.0416516
   4.0600000    0.0299565
   4.0800000    0.0168915
   4.1000000    0.0028463
   4.1200000   -0.0117880
   4.1400000   -0.0266340
   4.1600000   -0.0413384
   4.1800000   -0.0555779
   4.2000000   -0.0690622
   4.2200000   -0.0815325
   4.2400000   -0.0927599
   4.2600000   -0.1025417
   4.2800000   -0.1106990
   4.3000000   -0.1170758
   4.3200000   -0.1215399
   4.3400000   -0.1239854
   4.3600000   -0.1243374
   4.3800000   -0.1225575
   4.4000000   -0.1186491
   4.4200000   -0.1126624
   4.4400000   -0.1046975
   4.4600000   -0.0949056
   4.4800000   -0.0834873
   4.5000000   -0.0706896
   4.5200000   -0.0567991
   4.5400000   -0.0421350
   4.5600000   -0.0270392
   4.5800000   -0.0118668
   4.6000000    0.0030248
   4.6200000    0.0172860
   4.6400000    0.0305854
   4.6600000    0.0426195
   4.6800000    0.0531207
   4.7000000    0.0618649
   4.7200000    0.0686771
   4.7400000    0.0734344
   4.7600000    0.0760687
   4.7800000    0.0765655
   4.8000000    0.0749625
   4.8200000    0.0713466
   4.8400000    0.0658495
   4.8600000    0.0586447
   4.8800000    0.0499426
   4.9000000    0.0399874
   4.9200000    0.0290531
   4.9400000    0.0174386
   4.9600000    0.0054621
   4.9800000   -0.0065470
   5.0000000   -0.0182586
   5.0200000   -0.0293544
   5.0400000   -0.0395421
   5.0600000   -0.0485701
   5.0800000   -0.0562412
   5.1000000   -0.0624231
   5.1200000   -0.0670551
   5.1400000   -0.0701494
   5.1600000   -0.0717862
   5.1800000   -0.0721033
   5.2000000   -0.0712820
   5.2200000   -0.0695293
   5.2400000   -0.0670597
   5.2600000   -0.0640775
   5.2800000   -0.0607634
   5.3000000   -0.0572636
   5.3200000   -0.0536858
   5.3400000   -0.0500991
   5.3600000   -0.0465392
   5.3800000   -0.0430164
   5.4000000   -0.0395265
   5.4200000   -0.0360611
   5.4400000   -0.0326171
   5.4600000   -0.0292035
   5.4800000   -0.0258448
   5.5000000   -0.0225806
   5.5200000   -0.0194621
   5.5400000   -0.0165456
   5.5600000   -0.0138852
   5.5800000   -0.0115249
   5.6000000   -0.0094919
   5.6200000   -0.0077930
   5.6400000   -0.0064130
   5.6600000   -0.0053170
   5.6800000   -0.0044554
   5.7000000   -0.0037710
   5.7200000   -0.0032073
   5.7400000   -0.0027166
   5.7600000   -0.0022674
   5.7800000   -0.0018489
   5.8000000   -0.0014731
   5.8200000   -0.0011740
   5.8400000   -0.0010028
   5.8600000   -0.0010218
   5.8800000   -0.0012958
   5.9000000   -0.0018834
   5.9200000   -0.0028281
   5.9400000   -0.0041514
   5.9600000   -0.0058481
   5.9800000   -0.0078838
   6.0000000   -0.0101948
   6.0200000   -0.0126912
   6.0400000   -0.0152609
   6.0600000   -0.0177749
   6.0800000   -0.0200938
   6.1000000   -0.0220733
   6.1200000   -0.0235711
   6.1400000   -0.0244528
   6.1600000   -0.0245986
   6.1800000   -0.0239094
   6.2000000   -0.0223143
   6.2200000   -0.0197767
   6.2400000   -0.0163005
   6.2600000   -0.0119344
   6.2800000   -0.0067738
   6.3000000   -0.0009602
   6.3200000    0.0053230
   6.3400000    0.0118590
   6.3600000    0.0184077
   6.3800000    0.0247195
   6.4000000    0.0305495
   6.4200000    0.0356726
   6.4400000    0.0398971
   6.4600000    0.0430764
   6.4800000    0.0451179
   6.5000000    0.0459889
   6.5200000    0.0457172
   6.5400000    0.0443898
   6.5600000    0.0421454
   6.5800000    0.0391654
   6.6000000    0.0356607
   6.6200000    0.0318571
   6.6400000    0.0279804
   6.6600000    0.0242415
   6.6800000    0.0208239
   6.7000000    0.0178739
   6.7200000    0.0154952
   6.7400000    0.0137465
   6.7600000    0.0126434
   6.7800000    0.0121628
   6.8000000    0.0122487
   6.8200000    0.0128194
   6.8400000    0.0137733
   6.8600000    0.0149940
   6.8800000    0.0163549
   6.9000000    0.0177222
   6.9200000    0.0189585
   6.9400000    0.0199274
   6.9600000    0.0204992
   6.9800000    0.0205585
   7.0000000    0.0200136
   7.0200000    0.0188064
   7.0400000    0.0169216
   7.0600000    0.0143934
   7.0800000    0.0113087
   7.1000000    0.0078051
   7.1200000    0.0040637
   7.1400000    0.0002967
   7.1600000   -0.0032697
   7.1800000   -0.0064131
   7.2000000   -0.0089347
   7.2200000   -0.0106745
   7.2400000   -0.0115241
   7.2600000   -0.0114319
   7.2800000   -0.0104034
   7.3000000   -0.0084948
   7.3200000   -0.0058018
   7.3400000   -0.0024469
   7.3600000    0.0014348
   7.3800000    0.0057071
   7.4000000    0.0102414
   7.4200000    0.0149202
   7.4400000    0.0196369
   7.4600000    0.0242920
   7.4800000    0.0287872
   7.5000000    0.0330198
   7.5200000    0.0368789
   7.5400000    0.0402449
   7.5600000    0.0429930
   7.5800000    0.0450001
   7.6000000    0.0461551
   7.6200000    0.0463701
   7.6400000    0.0455909
   7.6600000    0.0438054
   7.6800000    0.0410478
   7.7000000    0.0373988
   7.7200000    0.0329812
   7.7400000    0.0279517
   7.7600000    0.0224906
   7.7800000    0.0167904
   7.8000000    0.0110456
   7.8200000    0.0054439
   7.8400000    0.0001609
   7.8600000   -0.0046432
   7.8800000   -0.0088245
   7.9000000   -0.0122544
   7.9200000   -0.0148187
   7.9400000   -0.0164179
   7.9600000   -0.0169681
   7.9800000   -0.0164054
   8.0000000   -0.0146910
   8.0200000   -0.0118187
   8.0400000   -0.0078226
   8.0600000   -0.0027843
   8.0800000    0.0031632
   8.1000000    0.0098335
   8.1200000    0.0169902
   8.1400000    0.0243560
   8.1600000    0.0316254
   8.1800000    0.0384827
   8.2000000    0.0446227
   8.2200000    0.0497726
   8.2400000    0.0537121
   8.2600000    0.0562910
   8.2800000    0.0574404
   8.3000000    0.0571773
   8.3200000    0.0556016
   8.3400000    0.0528844
   8.3600000    0.0492511
   8.3800000    0.0449587
   8.4000000    0.0402720
   8.4200000    0.0354396
   8.4400000    0.0306739
   8.4600000    0.0261366
   8.4800000    0.0219312
   8.5000000    0.0181027
   8.5200000    0.0146452
   8.5400000    0.0115141
   8.5600000    0.0086427
   8.5800000    0.0059589
   8.6000000    0.0034017
   8.6200000    0.0009331
   8.6400000   -0.0014546
   8.6600000   -0.0037375
   8.6800000   -0.0058639
   8.7000000   -0.0077639
   8.7200000   -0.0093607
   8.7400000   -0.0105843
   8.7600000   -0.0113836
   8.7800000   -0.0117354
   8.8000000   -0.0116494
   8.8200000   -0.0111685
   8.8400000   -0.0103630
   8.8600000   -0.0093220
   8.8800000   -0.0081403
   8.9000000   -0.0069060
   8.9200000   -0.0056881
   8.9400000   -0.0045272
   8.9600000   -0.0034316
   8.9800000   -0.0023773
   9.0000000   -0.0013144
   9.0200000   -0.0001769
   9.0400000    0.0011037
   9.0600000    0.0025849
   9.0800000    0.0043000
   9.1000000    0.0062496
   9.1200000    0.0083961
   9.1400000    0.0106648
   9.1600000    0.0129494
   9.1800000    0.0151218
   9.2000000    0.0170445
   9.2200000    0.0185828
   9.2400000    0.0196167
   9.2600000    0.0200478
   9.2800000    0.0198043
   9.3000000    0.0188404
   9.3200000    0.0171332
   9.3400000    0.0146775
   9.3600000    0.0114808
   9.3800000    0.0075597
   9.4000000    0.0029400
   9.4200000   -0.0023397
   9.4400000   -0.0082215
   9.4600000   -0.0146183
   9.4800000   -0.0214051
   9.5000000   -0.0284117
   9.5200000   -0.0354204
   9.5400000   -0.0421701
   9.5600000   -0.0483672
   9.5800000   -0.0537036
   9.6000000   -0.0578794
   9.6200000   -0.0606280
   9.6400000   -0.0617404
   9.6600000   -0.0610853
   9.6800000   -0.0586224
   9.7000000   -0.0544073
   9.7200000   -0.0485869
   9.7400000   -0.0413874
   9.7600000   -0.0330954
   9.7800000   -0.0240354
   9.8000000   -0.0145466
   9.8200000   -0.0049621
   9.8400000    0.0044092
   9.8600000    0.0132942
   9.8800000    0.0214627
   9.9000000    0.0287290
   9.9200000    0.0349497
   9.9400000    0.0400187
   9.9600000    0.0438618
   9.9800000    0.0464308
  10.0000000    0.0476989
  10.0200000    0.0476583
  10.0400000    0.0463196
  10.0600000    0.0437129
  10.0800000    0.0398903
  10.1000000    0.0349288
  10.1200000    0.0289334
  10.1400000    0.0220387
  10.1600000    0.0144090
  10.1800000    0.0062360
  10.2000000   -0.0022658
  10.2200000   -0.0108664
  10.2400000   -0.0193294
  10.2600000   -0.0274219
  10.2800000   -0.0349254
  10.3000000   -0.0416451
  10.3200000   -0.0474175
  10.3400000   -0.0521156
  10.3600000   -0.0556508
  10.3800000   -0.0579717
  10.4000000   -0.0590610
  10.4200000   -0.0589295
  10.4400000   -0.0576113
  10.4600000   -0.0551579
  10.4800000   -0.0516356
  10.5000000   -0.0471238
  10.5200000   -0.0417165
  10.5400000   -0.0355249
  10.5600000   -0.0286811
  10.5800000   -0.0213407
  10.6000000   -0.0136842
  10.6200000   -0.0059136
  10.6400000    0.0017530
  10.6600000    0.0090926
  10.6800000    0.0158900
  10.7000000    0.0219525
  10.7200000    0.0271246
  10.7400000    0.0312989
  10.7600000    0.0344239
  10.7800000    0.0365047
  10.8000000    0.0375989
  10.8200000    0.0378057
  10.8400000    0.0372519
  10.8600000    0.0360751
  10.8800000    0.0344071
  10.9000000    0.0323599
  10.9200000    0.0300155
  10.9400000    0.0274211
  10.9600000    0.0245901
  10.9800000    0.0215069
  11.0000000    0.0181367
  11.0200000    0.0144376
  11.0400000    0.0103722
  11.0600000    0.0059193
  11.0800000    0.0010832
  11.1000000   -0.0041001
  11.1200000   -0.0095607
  11.1400000   -0.0151954
  11.1600000   -0.0208718
  11.1800000   -0.0264346
  11.2000000   -0.0317142
  11.2200000   -0.0365353
  11.2400000   -0.0407267
  11.2600000   -0.0441290
  11.2800000   -0.0466023
  11.3000000   -0.0480309
  11.3200000   -0.0483269
  11.3400000   -0.0474309
  11.3600000   -0.0453121
  11.3800000   -0.0419656
  11.4000000   -0.0374103
  11.4200000   -0.0316863
  11.4400000   -0.0248521
  11.4600000   -0.0169837
  11.4800000   -0.0081747
  11.5000000    0.0014634
  11.5200000    0.0117986
  11.5400000    0.0226766
  11.5600000    0.0339188
  11.5800000    0.0453214
  11.6000000    0.0566557
  11.6200000    0.0676717
  11.6400000    0.0781023
  11.6600000    0.0876714
  11.6800000    0.0961038
  11.7000000    0.1031364
  11.7200000    0.1085308
  11.7400000    0.1120862
  11.7600000    0.1136510
  11.7800000    0.1131331
  11.8000000    0.1105076
  11.8200000    0.1058202
  11.8400000    0.0991879
  11.8600000    0.0907942
  11.8800000    0.0808810
  11.9000000    0.0697357
  11.9200000    0.0576761
  11.9400000    0.0450322
  11.9600000    0.0321286
  11.9800000    0.0192668
  12.0000000    0.0067106
  12.0200000   -0.0053256
  12.0400000   -0.0166821
  12.0600000   -0.0272554
  12.0800000   -0.0369932
  12.1000000   -0.0458853
  12.1200000   -0.0539508
  12.1400000   -0.0612232
  12.1600000   -0.0677365
  12.1800000   -0.0735121
  12.2000000   -0.0785499
  12.2200000   -0.0828242
  12.2400000   -0.0862841
  12.2600000   -0.0888594
  12.2800000   -0.0904696
  12.3000000   -0.0910367
  12.3200000   -0.0904973
  12.3400000   -0.0888144
  12.3600000   -0.0859856
  12.3800000   -0.0820482
  12.4000000   -0.0770780
  12.4200000   -0.0711851
  12.4400000   -0.0645040
  12.4600000   -0.0571821
  12.4800000   -0.0493670
  12.5000000   -0.0411945
  12.5200000   -0.0327796
  12.5400000   -0.0242116
  12.5600000   -0.0155534
  12.5800000   -0.0068470
  12.6000000    0.0018779
  12.6200000    0.0105918
  12.6400000    0.0192524
  12.6600000    0.0277930
  12.6800000    0.0361134
  12.7000000    0.0440770
  12.7200000    0.0515120
  12.7400000    0.0582203
  12.7600000    0.0639903
  12.7800000    0.0686144
  12.8000000    0.0719072
  12.8200000    0.0737230
  12.8400000    0.0739701
  12.8600000    0.0726200
  12.8800000    0.0697104
  12.9000000    0.0653419
  12.9200000    0.0596700
  12.9400000    0.0528922
  12.9600000    0.0452343
  12.9800000    0.0369358
  13.0000000    0.0282381
  13.0200000    0.0193755
  13.0400000    0.0105693
  13.0600000    0.0020267
  13.0800000   -0.0060591
  13.1000000   -0.0135071
  13.1200000   -0.0201462
  13.1400000   -0.0258153
  13.1600000   -0.0303656
  13.1800000   -0.0336653
  13.2000000   -0.0356072
  13.2200000   -0.0361182
  13.2400000   -0.0351692
  13.2600000   -0.0327833
  13.2800000   -0.0290425
  13.3000000   -0.0240894
  13.3200000   -0.0181249
  13.3400000   -0.0114006
  13.3600000   -0.0042064
  13.3800000    0.0031452
  13.4000000    0.0103362
  13.4200000    0.0170618
  13.4400000    0.0230465
  13.4600000    0.0280573
  13.4800000    0.0319131
  13.5000000    0.0344891
  13.5200000    0.0357171
  13.5400000    0.0355822
  13.5600000    0.0341164
  13.5800000    0.0313921
  13.6000000    0.0275149
  13.6200000    0.0226176
  13.6400000    0.0168564
  13.6600000    0.0104082
  13.6800000    0.0034688
  13.7000000   -0.0037484
  13.7200000   -0.0110151
  13.7400000   -0.0180915
  13.7600000   -0.0247332
  13.7800000   -0.0306999
  13.8000000   -0.0357664
  13.8200000   -0.0397345
  13.8400000   -0.0424456
  13.8600000   -0.0437913
  13.8800000   -0.0437218
  13.9000000   -0.0422499
  13.9200000   -0.0394516
  13.9400000   -0.0354601
  13.9600000   -0.0304560
  13.9800000   -0.0246537
  14.0000000   -0.0182846
  14.0200000   -0.0115794
  14.0400000   -0.0047518
  14.0600000    0.0020161
  14.0800000    0.0085823
  14.1000000    0.0148497
  14.1200000    0.0207633
  14.1400000    0.0263037
  14.1600000    0.0314756
  14.1800000    0.0362938
  14.2000000    0.0407711
  14.2200000    0.0449068
  14.2400000    0.0486805
  14.2600000    0.0520507
  14.2800000    0.0549585
  14.3000000    0.0573353
  14.3200000    0.0591134
  14.3400000    0.0602368
  14.3600000    0.0606700
  14.3800000    0.0604044
  14.4000000    0.0594594
  14.4200000    0.0578800
  14.4400000    0.0557301
  14.4600000    0.0530835
  14.4800000    0.0500142
  14.5000000    0.0465875
  14.5200000    0.0428529
  14.5400000    0.0388410
  14.5600000    0.0345637
  14.5800000    0.0300184
  14.6000000    0.0251948
  14.6200000    0.0200837
  14.6400000    0.0146863
  14.6600000    0.0090229
  14.6800000    0.0031392
  14.7000000   -0.0028910
  14.7200000   -0.0089659
  14.7400000   -0.0149603
  14.7600000   -0.0207328
  14.7800000   -0.0261348
  14.8000000   -0.0310207
  14.8200000   -0.0352568
  14.8400000   -0.0387277
  14.8600000   -0.0413412
  14.8800000   -0.0430283
  14.9000000   -0.0437420
  14.9200000   -0.0434531
  14.9400000   -0.0421466
  14.9600000   -0.0398176
  14.9800000   -0.0364699
  15.0000000   -0.0321172
  15.0200000   -0.0267859
  15.0400000   -0.0205210
  15.0600000   -0.0133919
  15.0800000   -0.0054987
  15.1000000    0.0030236
  15.1200000    0.0120044
  15.1400000    0.0212395
  15.1600000    0.0304975
  15.1800000    0.0395298
  15.2000000    0.0480823
  15.2200000    0.0559092
  15.2400000    0.0627856
  15.2600000    0.0685192
  15.2800000    0.0729590
  15.3000000    0.0760005
  15.3200000    0.0775877
  15.3400000    0.0777118
  15.3600000    0.0764070
  15.3800000    0.0737448
  15.4000000    0.0698278
  15.4200000    0.0647835
  15.4400000    0.0587584
  15.4600000    0.0519143
  15.4800000    0.0444240
  15.5000000    0.0364693
  15.5200000    0.0282382
  15.5400000    0.0199228
  15.5600000    0.0117157
  15.5800000    0.0038069
  15.6000000   -0.0036213
  15.6200000   -0.0103987
  15.6400000   -0.0163725
  15.6600000   -0.0214120
  15.6800000   -0.0254125
  15.7000000   -0.0282987
  15.7200000   -0.0300259
  15.7400000   -0.0305809
  15.7600000   -0.0299811
  15.7800000   -0.0282723
  15.8000000   -0.0255259
  15.8200000   -0.0218354
  15.8400000   -0.0173117
  15.8600000   -0.0120788
  15.8800000   -0.0062689
  15.9000000   -0.0000183
  15.9200000    0.0065366
  15.9400000    0.0132629
  15.9600000    0.0200337
  15.9800000    0.0267296
  16.0000000    0.0332395
  16.0200000    0.0394611
  16.0400000    0.0453001
  16.0600000    0.0506693
  16.0800000    0.0554880
  16.1000000    0.0596816
  16.1200000    0.0631814
  16.1400000    0.0659257
  16.1600000    0.0678618
  16.1800000    0.0689488
  16.2000000    0.0691611
  16.2200000    0.0684916
  16.2400000    0.0669555
  16.2600000    0.0645918
  16.2800000    0.0614640
  16.3000000    0.0576581
  16.3200000    0.0532788
  16.3400000    0.0484439
  16.3600000    0.0432767
  16.3800000    0.0378987
  16.4000000    0.0324226
  16.4200000    0.0269464
  16.4400000    0.0215498
  16.4600000    0.0162927
  16.4800000    0.0112161
  16.5000000    0.0063448
  16.5200000    0.0016911
  16.5400000   -0.0027403
  16.5600000   -0.0069484
  16.5800000   -0.0109320
  16.6000000   -0.0146858
  16.6200000   -0.0181987
  16.6400000   -0.0214517
  16.6600000   -0.0244170
  16.6800000   -0.0270577
  16.7000000   -0.0293290
  16.7200000   -0.0311795
  16.7400000   -0.0325544
  16.7600000   -0.0334000
  16.7800000   -0.0336690
  16.8000000   -0.0333266
  16.8200000   -0.0323561
  16.8400000   -0.0307642
  16.8600000   -0.0285833
  16.8800000   -0.0258724
  16.9000000   -0.0227137
  16.9200000   -0.0192073
  16.9400000   -0.0154630
  16.9600000   -0.0115915
  16.9800000   -0.0076953
  17.0000000   -0.0038617
  17.0200000   -0.0001580
  17.0400000    0.0033693
  17.0600000    0.0066917
  17.0800000    0.0097939
  17.1000000    0.0126655
  17.1200000    0.0152939
  17.1400000    0.0176565
  17.1600000    0.0197166
  17.1800000    0.0214210
  17.2000000    0.0227023
  17.2200000    0.0234836
  17.2400000    0.0236855
  17.2600000    0.0232363
  17.2800000    0.0220807
  17.3000000    0.0201898
  17.3200000    0.0175688
  17.3400000    0.0142629
  17.3600000    0.0103599
  17.3800000    0.0059905
  17.4000000    0.0013243
  17.4200000   -0.0034372
  17.4400000   -0.0080705
  17.4600000   -0.0123435
  17.4800000   -0.0160298
  17.5000000   -0.0189236
  17.5200000   -0.0208540
  17.5400000   -0.0216970
  17.5600000   -0.0213830
  17.5800000   -0.0199008
  17.6000000   -0.0172960
  17.6200000   -0.0136650
  17.6400000   -0.0091454
  17.6600000   -0.0039045
  17.6800000    0.0018739
  17.7000000    0.0080008
  17.7200000    0.0142916
  17.7400000    0.0205731
  17.7600000    0.0266870
  17.7800000    0.0324907
  17.8000000    0.0378559
  17.8200000    0.0426664
  17.8400000    0.0468153
  17.8600000    0.0502029
  17.8800000    0.0527363
  17.9000000    0.0543303
  17.9200000    0.0549102
  17.9400000    0.0544156
  17.9600000    0.0528064
  17.9800000    0.0500672
  18.0000000    0.0462133
  18.0200000    0.0412936
  18.0400000    0.0353937
  18.0600000    0.0286351
  18.0800000    0.0211731
  18.1000000    0.0131919
  18.1200000    0.0048981
  18.1400000   -0.0034878
  18.1600000   -0.0117409
  18.1800000   -0.0196405
  18.2000000   -0.0269801
  18.2200000   -0.0335744
  18.2400000   -0.0392669
  18.2600000   -0.0439346
  18.2800000   -0.0474917
  18.3000000   -0.0498913
  18.3200000   -0.0511257
  18.3400000   -0.0512245
  18.3600000   -0.0502523
  18.3800000   -0.0483033
  18.4000000   -0.0454965
  18.4200000   -0.0419686
  18.4400000   -0.0378667
  18.4600000   -0.0333416
  18.4800000   -0.0285397
  18.5000000   -0.0235977
  18.5200000   -0.0186362
  18.5400000   -0.0137563
  18.5600000   -0.0090365
  18.5800000   -0.0045315
  18.6000000   -0.0002719
  18.6200000    0.0037338
  18.6400000    0.0074972
  18.6600000    0.0110459
  18.6800000    0.0144192
  18.7000000    0.0176615
  18.7200000    0.0208170
  18.7400000    0.0239219
  18.7600000    0.0269992
  18.7800000    0.0300527
  18.8000000    0.0330640
  18.8200000    0.0359912
  18.8400000    0.0387700
  18.8600000    0.0413188
  18.8800000    0.0435435
  18.9000000    0.0453459
  18.9200000    0.0466303
  18.9400000    0.0473103
  18.9600000    0.0473126
  18.9800000    0.0465790
  19.0000000    0.0450658
  19.0200000    0.0427415
  19.0400000    0.0395836
  19.0600000    0.0355762
  19.0800000    0.0307095
  19.1000000    0.0249822
  19.1200000    0.0184060
  19.1400000    0.0110143
  19.1600000    0.0028702
  19.1800000   -0.0059234
  19.2000000   -0.0152174
  19.2200000   -0.0248125
  19.2400000   -0.0344612
  19.2600000   -0.0438738
  19.2800000   -0.0527318
  19.3000000   -0.0607042
  19.3200000   -0.0674678
  19.3400000   -0.0727286
  19.3600000   -0.0762419
  19.3800000   -0.0778298
  19.4000000   -0.0773941
  19.4200000   -0.0749239
  19.4400000   -0.0704968
  19.4600000   -0.0642740
  19.4800000   -0.0564913
  19.5000000   -0.0474449
  19.5200000   -0.0374752
  19.5400000   -0.0269492
  19.5600000   -0.0162427
  19.5800000   -0.0057245
  19.6000000    0.0042587
  19.6200000    0.0133935
  19.6400000    0.0214095
  19.6600000    0.0280854
  19.6800000    0.0332530
  19.7000000    0.0367987
  19.7200000    0.0386633
  19.7400000    0.0388403
  19.7600000    0.0373732
  19.7800000    0.0343526
  19.8000000    0.0299120
  19.8200000    0.0242253
  19.8400000    0.0175023
  19.8600000    0.0099857
  19.8800000    0.0019468
  19.9000000   -0.0063203
  19.9200000   -0.0145050
  19.9400000   -0.0222899
  19.9600000   -0.0293618
  19.9800000   -0.0354255
  20.0000000   -0.0402190
  20.0200000   -0.0435295
  20.0400000   -0.0452085
  20.0600000   -0.0451838
  20.0800000   -0.0434679
  20.1000000   -0.0401612
  20.1200000   -0.0354480
  20.1400000   -0.0295866
  20.1600000   -0.0228942
  20.1800000   -0.0157262
  20.2000000   -0.0084546
  20.2200000   -0.0014445
  20.2400000    0.0049669
  20.2600000    0.0104882
  20.2800000    0.0148876
  20.3000000    0.0180015
  20.3200000    0.0197380
  20.3400000    0.0200763
  20.3600000    0.0190623
  20.3800000    0.0168019
  20.4000000    0.0134518
  20.4200000    0.0092096
  20.4400000    0.0043032
  20.4600000   -0.0010201
  20.4800000   -0.0065052
  20.5000000   -0.0119000
  20.5200000   -0.0169666
  20.5400000   -0.0214920
  20.5600000   -0.0252968
  20.5800000   -0.0282435
  20.6000000   -0.0302413
  20.6200000   -0.0312487
  20.6400000   -0.0312725
  20.6600000   -0.0303634
  20.6800000   -0.0286084
  20.7000000   -0.0261209
  20.7200000   -0.0230289
  20.7400000   -0.0194631
  20.7600000   -0.0155462
  20.7800000   -0.0113851
  20.8000000   -0.0070654
  20.8200000   -0.0026521
  20.8400000    0.0018079
  20.8600000    0.0062780
  20.8800000    0.0107233
  20.9000000    0.0151015
  20.9200000    0.0193552
  20.9400000    0.0234074
  20.9600000    0.0271621
  20.9800000    0.0305084
  21.0000000    0.0333291
  21.0200000    0.0355118
  21.0400000    0.0369607
  21.0600000    0.0376070
  21.0800000    0.0374164
  21.1000000    0.0363924
  21.1200000    0.0345749
  21.1400000    0.0320347
  21.1600000    0.0288651
  21.1800000    0.0251724
  21.2000000    0.0210661
  21.2200000    0.0166511
  21.2400000    0.0120227
  21.2600000    0.0072646
  21.2800000    0.0024487
  21.3000000   -0.0023624
  21.3200000   -0.0071127
  21.3400000   -0.0117499
  21.3600000   -0.0162245
  21.3800000   -0.0204892
  21.4000000   -0.0245008
  21.4200000   -0.0282217
  21.4400000   -0.0316227
  21.4600000   -0.0346840
  21.4800000   -0.0373956
  21.5000000   -0.0397556
  21.5200000   -0.0417665
  21.5400000   -0.0434309
  21.5600000   -0.0447461
  21.5800000   -0.0456996
  21.6000000   -0.0462654
  21.6200000   -0.0464029
  21.6400000   -0.0460584
  21.6600000   -0.0451688
  21.6800000   -0.0436684
  21.7000000   -0.0414970
  21.7200000   -0.0386086
  21.7400000   -0.0349802
  21.7600000   -0.0306190
  21.7800000   -0.0255667
  21.8000000   -0.0199010
  21.8200000   -0.0137338
  21.8400000   -0.0072051
  21.8600000   -0.0004747
  21.8800000    0.0062879
  21.9000000    0.0129144
  21.9200000    0.0192484
  21.9400000    0.0251529
  21.9600000    0.0305162
  21.9800000    0.0352543
  22.0000000    0.0393096
  22.0200000    0.0426476
  22.0400000    0.0452517
  22.0600000    0.0471171
  22.0800000    0.0482449
  22.1000000    0.0486373
  22.1200000    0.0482942
  22.1400000    0.0472119
  22.1600000    0.0453825
  22.1800000    0.0427965
  22.2000000    0.0394449
  22.2200000    0.0353233
  22.2400000    0.0304362
  22.2600000    0.0248015
  22.2800000    0.0184541
  22.3000000    0.0114499
  22.3200000    0.0038673
  22.3400000   -0.0041914
  22.3600000   -0.0126010
  22.3800000   -0.0212157
  22.4000000   -0.0298723
  22.4200000   -0.0383953
  22.4400000   -0.0466018
  22.4600000   -0.0543066
  22.4800000   -0.0613285
  22.5000000   -0.0674952
  22.5200000   -0.0726489
  22.5400000   -0.0766522
  22.5600000   -0.0793929
  22.5800000   -0.0807899
  22.6000000   -0.0807972
  22.6200000   -0.0794079
  22.6400000   -0.0766553
  22.6600000   -0.0726129
  22.6800000   -0.0673911
  22.7000000   -0.0611322
  22.7200000   -0.0540030
  22.7400000   -0.0461873
  22.7600000   -0.0378773
  22.7800000   -0.0292665
  22.8000000   -0.0205443
  22.8200000   -0.0118917
  22.8400000   -0.0034794
  22.8600000    0.0045330
  22.8800000    0.0119972
  22.9000000    0.0187766
  22.9200000    0.0247472
  22.9400000    0.0297993
  22.9600000    0.0338407
  22.9800000    0.0368001
  23.0000000    0.0386305
  23.0200000    0.0393119
  23.0400000    0.0388536
  23.0600000    0.0372943
  23.0800000    0.0347011
  23.1000000    0.0311676
  23.1200000    0.0268106
  23.1400000    0.0217668
  23.1600000    0.0161891
  23.1800000    0.0102433
  23.2000000    0.0041040
  23.2200000   -0.0020495
  23.2400000   -0.0080380
  23.2600000   -0.0136884
  23.2800000   -0.0188408
  23.3000000   -0.0233556
  23.3200000   -0.0271218
  23.3400000   -0.0300632
  23.3600000   -0.0321438
  23.3800000   -0.0333695
  23.4000000   -0.0337867
  23.4200000   -0.0334773
  23.4400000   -0.0325502
  23.4600000   -0.0311304
  23.4800000   -0.0293472
  23.5000000   -0.0273228
  23.5200000   -0.0251625
  23.5400000   -0.0229481
  23.5600000   -0.0207352
  23.5800000   -0.0185537
  23.6000000   -0.0164119
  23.6200000   -0.0143026
  23.6400000   -0.0122102
  23.6600000   -0.0101177
  23.6800000   -0.0080117
  23.7000000   -0.0058863
  23.7200000   -0.0037436
  23.7400000   -0.0015925
  23.7600000    0.0005542
  23.7800000    0.0026835
  23.8000000    0.0047856
  23.8200000    0.0068569
  23.8400000    0.0089006
  23.8600000    0.0109262
  23.8800000    0.0129463
  23.9000000    0.0149722
  23.9200000    0.0170092
  23.9400000    0.0190512
  23.9600000    0.0210763
  23.9800000    0.0230443
  24.0000000    0.0248958
  24.0200000    0.0265542
  24.0400000    0.0279294
  24.0600000    0.0289235
  24.0800000    0.0294374
  24.1000000    0.0293786
  24.1200000    0.0286678
  24.1400000    0.0272453
  24.1600000    0.0250765
  24.1800000    0.0221559
  24.2000000    0.0185097
  24.2200000    0.0141976
  24.2400000    0.0093133
  24.2600000    0.0039836
  24.2800000   -0.0016338
  24.3000000   -0.0073545
  24.3200000   -0.0129732
  24.3400000   -0.0182725
  24.3600000   -0.0230332
  24.3800000   -0.0270474
  24.4000000   -0.0301311
  24.4200000   -0.0321387
  24.4400000   -0.0329737
  24.4600000   -0.0325987
  24.4800000   -0.0310392
  24.5000000   -0.0283834
  24.5200000   -0.0247769
  24.5400000   -0.0204113
  24.5600000   -0.0155102
  24.5800000   -0.0103120
  24.6000000   -0.0050528
  24.6200000    0.0000493
  24.6400000    0.0048076
  24.6600000    0.0090749
  24.6800000    0.0127476
  24.7000000    0.0157649
  24.7200000    0.0181043
  24.7400000    0.0197746
  24.7600000    0.0208071
  24.7800000    0.0212473
  24.8000000    0.0211475
  24.8200000    0.0205612
  24.8400000    0.0195405
  24.8600000    0.0181342
  24.8800000    0.0163888
  24.9000000    0.0143503
  24.9200000    0.0120658
  24.9400000    0.0095856
  24.9600000    0.0069646
  24.9800000    0.0042624
  25.0000000    0.0015425
  25.0200000   -0.0011290
  25.0400000   -0.0036860
  25.0600000   -0.0060653
  25.0800000   -0.0082097
  25.1000000   -0.0100708
  25.1200000   -0.0116112
  25.1400000   -0.0128066
  25.1600000   -0.0136464
  25.1800000   -0.0141329
  25.2000000   -0.0142801
  25.2200000   -0.0141109
  25.2400000   -0.0136547
  25.2600000   -0.0129437
  25.2800000   -0.0120105
  25.3000000   -0.0108860
  25.3200000   -0.0095988
  25.3400000   -0.0081754
  25.3600000   -0.0066415
  25.3800000   -0.0050239
  25.4000000   -0.0033519
  25.4200000   -0.0016586
  25.4400000    0.0000193
  25.4600000    0.0016433
  25.4800000    0.0031765
  25.5000000    0.0045871
  25.5200000    0.0058533
  25.5400000    0.0069670
  25.5600000    0.0079367
  25.5800000    0.0087877
  25.6000000    0.0095604
  25.6200000    0.0103065
  25.6400000    0.0110821
  25.6600000    0.0119411
  25.6800000    0.0129273
  25.7000000    0.0140680
  25.7200000    0.0153685
  25.7400000    0.0168103
  25.7600000    0.0183505
  25.7800000    0.0199254
  25.8000000    0.0214553
  25.8200000    0.0228519
  25.8400000    0.0240258
  25.8600000    0.0248945
  25.8800000    0.0253894
  25.9000000    0.0254609
  25.9200000    0.0250818
  25.9400000    0.0242484
  25.9600000    0.0229784
  25.9800000    0.0213083
  26.0000000    0.0192882
  26.0200000    0.0169768
  26.0400000    0.0144358
  26.0600000    0.0117264
  26.0800000    0.0089058
  26.1000000    0.0060267
  26.1200000    0.0031384
  26.1400000    0.0002880
  26.1600000   -0.0024754
  26.1800000   -0.0050991
  26.2000000   -0.0075239
  26.2200000   -0.0096841
  26.2400000   -0.0115092
  26.2600000   -0.0129276
  26.2800000   -0.0138720
  26.3000000   -0.0142868
  26.3200000   -0.0141349
  26.3400000   -0.0134048
  26.3600000   -0.0121153
  26.3800000   -0.0103186
  26.4000000   -0.0080997
  26.4200000   -0.0055730
  26.4400000   -0.0028760
  26.4600000   -0.0001601
  26.4800000    0.0024193
  26.5000000    0.0047136
  26.5200000    0.0065915
  26.5400000    0.0079466
  26.5600000    0.0087039
  26.5800000    0.0088228
  26.6000000    0.0082970
  26.6200000    0.0071525
  26.6400000    0.0054432
  26.6600000    0.0032453
  26.6800000    0.0006511
  26.7000000   -0.0022370
  26.7200000   -0.0053122
  26.7400000   -0.0084679
  26.7600000   -0.0116017
  26.7800000   -0.0146183
  26.8000000   -0.0174322
  26.8200000   -0.0199686
  26.8400000   -0.0221657
  26.8600000   -0.0239748
  26.8800000   -0.0253622
  26.9000000   -0.0263092
  26.9200000   -0.0268131
  26.9400000   -0.0268881
  26.9600000   -0.0265652
  26.9800000   -0.0258922
  27.0000000   -0.0249336
  27.0200000   -0.0237681
  27.0400000   -0.0224867
  27.0600000   -0.0211878
  27.0800000   -0.0199719
  27.1000000   -0.0189351
  27.1200000   -0.0181608
  27.1400000   -0.0177131
  27.1600000   -0.0176289
  27.1800000   -0.0179135
  27.2000000   -0.0185378
  27.2200000   -0.0194383
  27.2400000   -0.0205217
  27.2600000   -0.0216711
  27.2800000   -0.0227559
  27.3000000   -0.0236429
  27.3200000   -0.0242070
  27.3400000   -0.0243419
  27.3600000   -0.0239681
  27.3800000   -0.0230377
  27.4000000   -0.0215364
  27.4200000   -0.0194815
  27.4400000   -0.0169180
  27.4600000   -0.0139114
  27.4800000   -0.0105413
  27.5000000   -0.0068934
  27.5200000   -0.0030543
  27.5400000    0.0008935
  27.5600000    0.0048728
  27.5800000    0.0088129
  27.6000000    0.0126474
  27.6200000    0.0163120
  27.6400000    0.0197423
  27.6600000    0.0228716
  27.6800000    0.0256305
  27.7000000    0.0279482
  27.7200000    0.0297555
  27.7400000    0.0309897
  27.7600000    0.0316000
  27.7800000    0.0315534
  27.8000000    0.0308401
  27.8200000    0.0294770
  27.8400000    0.0275088
  27.8600000    0.0250067
  27.8800000    0.0220647
  27.9000000    0.0187930
  27.9200000    0.0153114
  27.9400000    0.0117413
  27.9600000    0.0081986
  27.9800000    0.0047886
  28.0000000    0.0016024
  28.0200000   -0.0012845
  28.0400000   -0.0038110
  28.0600000   -0.0059293
  28.0800000   -0.0076013
  28.1000000   -0.0087964
  28.1200000   -0.0094895
  28.1400000   -0.0096601
  28.1600000   -0.0092925
  28.1800000   -0.0083776
  28.2000000   -0.0069154
  28.2200000   -0.0049175
  28.2400000   -0.0024106
  28.2600000    0.0005617
  28.2800000    0.0039367
  28.3000000    0.0076330
  28.3200000    0.0115511
  28.3400000    0.0155760
  28.3600000    0.0195817
  28.3800000    0.0234362
  28.4000000    0.0270083
  28.4200000    0.0301739
  28.4400000    0.0328232
  28.4600000    0.0348667
  28.4800000    0.0362398
  28.5000000    0.0369064
  28.5200000    0.0368596
  28.5400000    0.0361210
  28.5600000    0.0347375
  28.5800000    0.0327771
  28.6000000    0.0303237
  28.6200000    0.0274707
  28.6400000    0.0243161
  28.6600000    0.0209571
  28.6800000    0.0174863
  28.7000000    0.0139886
  28.7200000    0.0105401
  28.7400000    0.0072060
  28.7600000    0.0040414
  28.7800000    0.0010902
  28.8000000   -0.0016142
  28.8200000   -0.0040495
  28.8400000   -0.0062040
  28.8600000   -0.0080771
  28.8800000   -0.0096781
  28.9000000   -0.0110256
  28.9200000   -0.0121455
  28.9400000   -0.0130678
  28.9600000   -0.0138231
  28.9800000   -0.0144383
  29.0000000   -0.0149327
  29.0200000   -0.0153136
  29.0400000   -0.0155740
  29.0600000   -0.0156916
  29.0800000   -0.0156291
  29.1000000   -0.0153373
  29.1200000   -0.0147599
  29.1400000   -0.0138389
  29.1600000   -0.0125221
  29.1800000   -0.0107698
  29.2000000   -0.0085610
  29.2200000   -0.0058988
  29.2400000   -0.0028131
  29.2600000    0.0006373
  29.2800000    0.0043666
  29.3000000    0.0082649
  29.3200000    0.0122035
  29.3400000    0.0160419
  29.3600000    0.0196363
  29.3800000    0.0228483
  29.4000000    0.0255542
  29.4200000    0.0276535
  29.4400000    0.0290759
  29.4600000    0.0297863
  29.4800000    0.0297873
  29.5000000    0.0291176
  29.5200000    0.0278485
  29.5400000    0.0260762
  29.5600000    0.0239125
  29.5800000    0.0214740
  29.6000000    0.0188710
  29.6200000    0.0161973
  29.6400000    0.0135235
  29.6600000    0.0108918
  29.6800000    0.0083163
  29.7000000    0.0057852
  29.7200000    0.0032681
  29.7400000    0.0007231
  29.7600000   -0.0018926
  29.7800000   -0.0046143
  29.8000000   -0.0074619
  29.8200000   -0.0104342
  29.8400000   -0.0135057
  29.8600000   -0.0166268
  29.8800000   -0.0197253
  29.9000000   -0.0227104
  29.9200000   -0.0254776
  29.9400000   -0.0279149
  29.9600000   -0.0299082
  29.9800000   -0.0313482
  30.0000000   -0.0321351
