 -10.0000000    0.0349950
  -9.9800000    0.0349464
  -9.9600000    0.0345951
  -9.9400000    0.0339851
  -9.9200000    0.0331799
  -9.9000000    0.0322592
  -9.8800000    0.0313136
  -9.8600000    0.0304390
  -9.8400000    0.0297297
  -9.8200000    0.0292721
  -9.8000000    0.0291392
  -9.7800000    0.0293851
  -9.7600000    0.0300415
  -9.7400000    0.0311157
  -9.7200000    0.0325901
  -9.7000000    0.0344234
  -9.6800000    0.0365530
  -9.6600000    0.0388999
  -9.6400000    0.0413732
  -9.6200000    0.0438762
  -9.6000000    0.0463125
  -9.5800000    0.0485911
  -9.5600000    0.0506320
  -9.5400000    0.0523695
  -9.5200000    0.0537543
  -9.5000000    0.0547549
  -9.4800000    0.0553565
  -9.4600000    0.0555594
  -9.4400000    0.0553767
  -9.4200000    0.0548311
  -9.4000000    0.0539515
  -9.3800000    0.0527711
  -9.3600000    0.0513239
  -9.3400000    0.0496438
  -9.3200000    0.0477626
  -9.3000000    0.0457095
  -9.2800000    0.0435104
  -9.2600000    0.0411878
  -9.2400000    0.0387608
  -9.2200000    0.0362455
  -9.2000000    0.0336561
  -9.1800000    0.0310049
  -9.1600000    0.0283043
  -9.1400000    0.0255674
  -9.1200000    0.0228095
  -9.1000000    0.0200489
  -9.0800000    0.0173079
  -9.0600000    0.0146128
  -9.0400000    0.0119932
  -9.0200000    0.0094820
  -9.0000000    0.0071128
  -8.9800000    0.0049189
  -8.9600000    0.0029302
  -8.9400000    0.0011711
  -8.9200000   -0.0003422
  -8.9000000   -0.0016040
  -8.8800000   -0.0026213
  -8.8600000   -0.0034147
  -8.8400000   -0.0040188
  -8.8200000   -0.0044818
  -8.8000000   -0.0048628
  -8.7800000   -0.0052286
  -8.7600000   -0.0056492
  -8.7400000   -0.0061922
  -8.7200000   -0.0069175
  -8.7000000   -0.0078710
  -8.6800000   -0.0090807
  -8.6600000   -0.0105534
  -8.6400000   -0.0122731
  -8.6200000   -0.0142025
  -8.6000000   -0.0162850
  -8.5800000   -0.0184500
  -8.5600000   -0.0206181
  -8.5400000   -0.0227075
  -8.5200000   -0.0246401
  -8.5000000   -0.0263475
  -8.4800000   -0.0277749
  -8.4600000   -0.0288849
  -8.4400000   -0.0296590
  -8.4200000   -0.0300981
  -8.4000000   -0.0302211
  -8.3800000   -0.0300627
  -8.3600000   -0.0296699
  -8.3400000   -0.0290975
  -8.3200000   -0.0284034
  -8.3000000   -0.0276435
  -8.2800000   -0.0268672
  -8.2600000   -0.0261140
  -8.2400000   -0.0254108
  -8.2200000   -0.0247724
  -8.2000000   -0.0242022
  -8.1800000   -0.0236963
  -8.1600000   -0.0232477
  -8.1400000   -0.0228519
  -8.1200000   -0.0225115
  -8.1000000   -0.0222400
  -8.0800000   -0.0220633
  -8.0600000   -0.0220185
  -8.0400000   -0.0221501
  -8.0200000   -0.0225040
  -8.0000000   -0.0231205
  -7.9800000   -0.0240258
  -7.9600000   -0.0252263
  -7.9400000   -0.0267034
  -7.9200000   -0.0284124
  -7.9000000   -0.0302840
  -7.8800000   -0.0322297
  -7.8600000   -0.0341495
  -7.8400000   -0.0359406
  -7.8200000   -0.0375072
  -7.8000000   -0.0387682
  -7.7800000   -0.0396637
  -7.7600000   -0.0401579
  -7.7400000   -0.0402394
  -7.7200000   -0.0399190
  -7.7000000   -0.0392250
  -7.6800000   -0.0381978
  -7.6600000   -0.0368844
  -7.6400000   -0.0353329
  -7.6200000   -0.0335896
  -7.6000000   -0.0316964
  -7.5800000   -0.0296908
  -7.5600000   -0.0276063
  -7.5400000   -0.0254742
  -7.5200000   -0.0233252
  -7.5000000   -0.0211910
  -7.4800000   -0.0191049
  -7.4600000   -0.0171020
  -7.4400000   -0.0152183
  -7.4200000   -0.0134892
  -7.4000000   -0.0119473
  -7.3800000   -0.0106212
  -7.3600000   -0.0095328
  -7.3400000   -0.0086968
  -7.3200000   -0.0081197
  -7.3000000   -0.0077997
  -7.2800000   -0.0077276
  -7.2600000   -0.0078873
  -7.2400000   -0.0082577
  -7.2200000   -0.0088138
  -7.2000000   -0.0095284
  -7.1800000   -0.0103740
  -7.1600000   -0.0113236
  -7.1400000   -0.0123526
  -7.1200000   -0.0134393
  -7.1000000   -0.0145660
  -7.0800000   -0.0157196
  -7.0600000   -0.0168910
  -7.0400000   -0.0180755
  -7.0200000   -0.0192711
  -7.0000000   -0.0204775
  -6.9800000   -0.0216945
  -6.9600000   -0.0229199
  -6.9400000   -0.0241478
  -6.9200000   -0.0253671
  -6.9000000   -0.0265607
  -6.8800000   -0.0277053
  -6.8600000   -0.0287715
  -6.8400000   -0.0297262
  -6.8200000   -0.0305335
  -6.8000000   -0.0311582
  -6.7800000   -0.0315678
  -6.7600000   -0.0317357
  -6.7400000   -0.0316435
  -6.7200000   -0.0312827
  -6.7000000   -0.0306565
  -6.6800000   -0.0297800
  -6.6600000   -0.0286796
  -6.6400000   -0.0273926
  -6.6200000   -0.0259643
  -6.6000000   -0.0244457
  -6.5800000   -0.0228900
  -6.5600000   -0.0213486
  -6.5400000   -0.0198678
  -6.5200000   -0.0184854
  -6.5000000   -0.0172273
  -6.4800000   -0.0161064
  -6.4600000   -0.0151210
  -6.4400000   -0.0142552
  -6.4200000   -0.0134800
  -6.4000000   -0.0127550
  -6.3800000   -0.0120307
  -6.3600000   -0.0112515
  -6.3400000   -0.0103585
  -6.3200000   -0.0092928
  -6.3000000   -0.0079988
  -6.2800000   -0.0064278
  -6.2600000   -0.0045408
  -6.2400000   -0.0023125
  -6.2200000    0.0002658
  -6.2000000    0.0031838
  -6.1800000    0.0064099
  -6.1600000    0.0098909
  -6.1400000    0.0135523
  -6.1200000    0.0173006
  -6.1000000    0.0210269
  -6.0800000    0.0246119
  -6.0600000    0.0279324
  -6.0400000    0.0308682
  -6.0200000    0.0333088
  -6.0000000    0.0351607
  -5.9800000    0.0363528
  -5.9600000    0.0368406
  -5.9400000    0.0366080
  -5.9200000    0.0356684
  -5.9000000    0.0340618
  -5.8800000    0.0318518
  -5.8600000    0.0291205
  -5.8400000    0.0259625
  -5.8200000    0.0224792
  -5.8000000    0.0187732
  -5.7800000    0.0149434
  -5.7600000    0.0110816
  -5.7400000    0.0072694
  -5.7200000    0.0035774
  -5.7000000    0.0000638
  -5.6800000   -0.0032251
  -5.6600000   -0.0062551
  -5.6400000   -0.0090036
  -5.6200000   -0.0114589
  -5.6000000   -0.0136198
  -5.5800000   -0.0154947
  -5.5600000   -0.0171001
  -5.5400000   -0.0184594
  -5.5200000   -0.0196002
  -5.5000000   -0.0205523
  -5.4800000   -0.0213446
  -5.4600000   -0.0220030
  -5.4400000   -0.0225479
  -5.4200000   -0.0229928
  -5.4000000   -0.0233440
  -5.3800000   -0.0236008
  -5.3600000   -0.0237572
  -5.3400000   -0.0238036
  -5.3200000   -0.0237295
  -5.3000000   -0.0235266
  -5.2800000   -0.0231908
  -5.2600000   -0.0227250
  -5.2400000   -0.0221401
  -5.2200000   -0.0214565
  -5.2000000   -0.0207039
  -5.1800000   -0.0199207
  -5.1600000   -0.0191526
  -5.1400000   -0.0184504
  -5.1200000   -0.0178667
  -5.1000000   -0.0174531
  -5.0800000   -0.0172557
  -5.0600000   -0.0173123
  -5.0400000   -0.0176484
  -5.0200000   -0.0182754
  -5.0000000   -0.0191892
  -4.9800000   -0.0203705
  -4.9600000   -0.0217866
  -4.9400000   -0.0233942
  -4.9200000   -0.0251436
  -4.9000000   -0.0269828
  -4.8800000   -0.0288616
  -4.8600000   -0.0307354
  -4.8400000   -0.0325677
  -4.8200000   -0.0343315
  -4.8000000   -0.0360093
  -4.7800000   -0.0375930
  -4.7600000   -0.0390820
  -4.7400000   -0.0404817
  -4.7200000   -0.0418016
  -4.7000000   -0.0430542
  -4.6800000   -0.0442531
  -4.6600000   -0.0454124
  -4.6400000   -0.0465453
  -4.6200000   -0.0476634
  -4.6000000   -0.0487750
  -4.5800000   -0.0498842
  -4.5600000   -0.0509893
  -4.5400000   -0.0520811
  -4.5200000   -0.0531426
  -4.5000000   -0.0541479
  -4.4800000   -0.0550638
  -4.4600000   -0.0558505
  -4.4400000   -0.0564650
  -4.4200000   -0.0568640
  -4.4000000   -0.0570080
  -4.3800000   -0.0568652
  -4.3600000   -0.0564146
  -4.3400000   -0.0556488
  -4.3200000   -0.0545752
  -4.3000000   -0.0532162
  -4.2800000   -0.0516077
  -4.2600000   -0.0497968
  -4.2400000   -0.0478387
  -4.2200000   -0.0457927
  -4.2000000   -0.0437183
  -4.1800000   -0.0416713
  -4.1600000   -0.0397006
  -4.1400000   -0.0378458
  -4.1200000   -0.0361353
  -4.1000000   -0.0345857
  -4.0800000   -0.0332027
  -4.0600000   -0.0319822
  -4.0400000   -0.0309127
  -4.0200000   -0.0299785
  -4.0000000   -0.0291618
  -3.9800000   -0.0284461
  -3.9600000   -0.0278179
  -3.9400000   -0.0272674
  -3.9200000   -0.0267891
  -3.9000000   -0.0263808
  -3.8800000   -0.0260421
  -3.8600000   -0.0257731
  -3.8400000   -0.0255726
  -3.8200000   -0.0254380
  -3.8000000   -0.0253648
  -3.7800000   -0.0253479
  -3.7600000   -0.0253827
  -3.7400000   -0.0254671
  -3.7200000   -0.0256026
  -3.7000000   -0.0257954
  -3.6800000   -0.0260559
  -3.6600000   -0.0263976
  -3.6400000   -0.0268345
  -3.6200000   -0.0273784
  -3.6000000   -0.0280354
  -3.5800000   -0.0288031
  -3.5600000   -0.0296686
  -3.5400000   -0.0306075
  -3.5200000   -0.0315845
  -3.5000000   -0.0325552
  -3.4800000   -0.0334696
  -3.4600000   -0.0342756
  -3.4400000   -0.0349240
  -3.4200000   -0.0353720
  -3.4000000   -0.0355876
  -3.3800000   -0.0355516
  -3.3600000   -0.0352597
  -3.3400000   -0.0347225
  -3.3200000   -0.0339645
  -3.3000000   -0.0330220
  -3.2800000   -0.0319407
  -3.2600000   -0.0307712
  -3.2400000   -0.0295659
  -3.2200000   -0.0283741
  -3.2000000   -0.0272383
  -3.1800000   -0.0261905
  -3.1600000   -0.0252493
  -3.1400000   -0.0244181
  -3.1200000   -0.0236842
  -3.1000000   -0.0230203
  -3.0800000   -0.0223861
  -3.0600000   -0.0217327
  -3.0400000   -0.0210063
  -3.0200000   -0.0201537
  -3.0000000   -0.0191266
  -2.9800000   -0.0178854
  -2.9600000   -0.0164023
  -2.9400000   -0.0146619
  -2.9200000   -0.0126615
  -2.9000000   -0.0104090
  -2.8800000   -0.0079204
  -2.8600000   -0.0052173
  -2.8400000   -0.0023232
  -2.8200000    0.0007386
  -2.8000000    0.0039471
  -2.7800000    0.0072848
  -2.7600000    0.0107380
  -2.7400000    0.0142962
  -2.7200000    0.0179513
  -2.7000000    0.0216962
  -2.6800000    0.0255232
  -2.6600000    0.0294222
  -2.6400000    0.0333788
  -2.6200000    0.0373723
  -2.6000000    0.0413748
  -2.5800000    0.0453489
  -2.5600000    0.0492481
  -2.5400000    0.0530161
  -2.5200000    0.0565882
  -2.5000000    0.0598933
  -2.4800000    0.0628573
  -2.4600000    0.0654070
  -2.4400000    0.0674748
  -2.4200000    0.0690039
  -2.4000000    0.0699527
  -2.3800000    0.0702985
  -2.3600000    0.0700403
  -2.3400000    0.0691996
  -2.3200000    0.0678200
  -2.3000000    0.0659643
  -2.2800000    0.0637116
  -2.2600000    0.0611514
  -2.2400000    0.0583788
  -2.2200000    0.0554885
  -2.2000000    0.0525689
  -2.1800000    0.0496972
  -2.1600000    0.0469350
  -2.1400000    0.0443253
  -2.1200000    0.0418911
  -2.1000000    0.0396343
  -2.0800000    0.0375379
  -2.0600000    0.0355680
  -2.0400000    0.0336781
  -2.0200000    0.0318138
  -2.0000000    0.0299186
  -1.9800000    0.0279392
  -1.9600000    0.0258304
  -1.9400000    0.0235596
  -1.9200000    0.0211097
  -1.9000000    0.0184802
  -1.8800000    0.0156880
  -1.8600000    0.0127656
  -1.8400000    0.0097594
  -1.8200000    0.0067267
  -1.8000000    0.0037323
  -1.7800000    0.0008457
  -1.7600000   -0.0018632
  -1.7400000   -0.0043262
  -1.7200000   -0.0064803
  -1.7000000   -0.0082703
  -1.6800000   -0.0096503
  -1.6600000   -0.0105860
  -1.6400000   -0.0110555
  -1.6200000   -0.0110498
  -1.6000000   -0.0105730
  -1.5800000   -0.0096414
  -1.5600000   -0.0082829
  -1.5400000   -0.0065355
  -1.5200000   -0.0044465
  -1.5000000   -0.0020711
  -1.4800000    0.0005283
  -1.4600000    0.0032831
  -1.4400000    0.0061193
  -1.4200000    0.0089587
  -1.4000000    0.0117199
  -1.3800000    0.0143208
  -1.3600000    0.0166808
  -1.3400000    0.0187237
  -1.3200000    0.0203812
  -1.3000000    0.0215961
  -1.2800000    0.0223248
  -1.2600000    0.0225388
  -1.2400000    0.0222252
  -1.2200000    0.0213854
  -1.2000000    0.0200320
  -1.1800000    0.0181851
  -1.1600000    0.0158676
  -1.1400000    0.0131008
  -1.1200000    0.0099009
  -1.1000000    0.0062769
  -1.0800000    0.0022309
  -1.0600000   -0.0022396
  -1.0400000   -0.0071373
  -1.0200000   -0.0124596
  -1.0000000   -0.0181924
  -0.9800000   -0.0243040
  -0.9600000   -0.0307411
  -0.9400000   -0.0374261
  -0.9200000   -0.0442570
  -0.9000000   -0.0511101
  -0.8800000   -0.0578443
  -0.8600000   -0.0643075
  -0.8400000   -0.0703440
  -0.8200000   -0.0758016
  -0.8000000   -0.0805398
  -0.7800000   -0.0844358
  -0.7600000   -0.0873900
  -0.7400000   -0.0893303
  -0.7200000   -0.0902141
  -0.7000000   -0.0900288
  -0.6800000   -0.0887899
  -0.6600000   -0.0865380
  -0.6400000   -0.0833328
  -0.6200000   -0.0792471
  -0.6000000   -0.0743585
  -0.5800000   -0.0687424
  -0.5600000   -0.0624642
  -0.5400000   -0.0555741
  -0.5200000   -0.0481028
  -0.5000000   -0.0400603
  -0.4800000   -0.0314363
  -0.4600000   -0.0222023
  -0.4400000   -0.0123148
  -0.4200000   -0.0017185
  -0.4000000    0.0096511
  -0.3800000    0.0218676
  -0.3600000    0.0350149
  -0.3400000    0.0491908
  -0.3200000    0.0645116
  -0.3000000    0.0811173
  -0.2800000    0.0991749
  -0.2600000    0.1188782
  -0.2400000    0.1404430
  -0.2200000    0.1640946
  -0.2000000    0.1900491
  -0.1800000    0.2184865
  -0.1600000    0.2495181
  -0.1400000    0.2831507
  -0.1200000    0.3192498
  -0.1000000    0.3575070
  -0.0800000    0.3974164
  -0.0600000    0.4382632
  -0.0400000    0.4791281
  -0.0200000    0.5189121
   0.0000000    0.5563792
   0.0200000    0.5902175
   0.0400000    0.6191154
   0.0600000    0.6418450
   0.0800000    0.6573488
   0.1000000    0.6648188
   0.1200000    0.6637625
   0.1400000    0.6540465
   0.1600000    0.6359155
   0.1800000    0.6099819
   0.2000000    0.5771882
   0.2200000    0.5387452
   0.2400000    0.4960514
   0.2600000    0.4506034
   0.2800000    0.4039020
   0.3000000    0.3573671
   0.3200000    0.3122636
   0.3400000    0.2696471
   0.3600000    0.2303297
   0.3800000    0.1948680
   0.4000000    0.1635697
   0.4200000    0.1365174
   0.4400000    0.1136036
   0.4600000    0.0945722
   0.4800000    0.0790618
   0.5000000    0.0666478
   0.5200000    0.0568773
   0.5400000    0.0492985
   0.5600000    0.0434809
   0.5800000    0.0390277
   0.6000000    0.0355818
   0.6200000    0.0328258
   0.6400000    0.0304802
   0.6600000    0.0282982
   0.6800000    0.0260629
   0.7000000    0.0235846
   0.7200000    0.0207008
   0.7400000    0.0172780
   0.7600000    0.0132154
   0.7800000    0.0084484
   0.8000000    0.0029522
   0.8200000   -0.0032571
   0.8400000   -0.0101238
   0.8600000   -0.0175569
   0.8800000   -0.0254375
   0.9000000   -0.0336282
   0.9200000   -0.0419833
   0.9400000   -0.0503598
   0.9600000   -0.0586255
   0.9800000   -0.0666660
   1.0000000   -0.0743878
   1.0200000   -0.0817196
   1.0400000   -0.0886101
   1.0600000   -0.0950243
   1.0800000   -0.1009391
   1.1000000   -0.1063382
   1.1200000   -0.1112079
   1.1400000   -0.1155332
   1.1600000   -0.1192953
   1.1800000   -0.1224695
   1.2000000   -0.1250243
   1.2200000   -0.1269214
   1.2400000   -0.1281166
   1.2600000   -0.1285613
   1.2800000   -0.1282057
   1.3000000   -0.1270025
   1.3200000   -0.1249118
   1.3400000   -0.1219069
   1.3600000   -0.1179799
   1.3800000   -0.1131470
   1.4000000   -0.1074519
   1.4200000   -0.1009682
   1.4400000   -0.0937977
   1.4600000   -0.0860675
   1.4800000   -0.0779226
   1.5000000   -0.0695175
   1.5200000   -0.0610053
   1.5400000   -0.0525268
   1.5600000   -0.0441996
   1.5800000   -0.0361093
   1.6000000   -0.0283029
   1.6200000   -0.0207857
   1.6400000   -0.0135217
   1.6600000   -0.0064375
   1.6800000    0.0005706
   1.7000000    0.0076273
   1.7200000    0.0148670
   1.7400000    0.0224231
   1.7600000    0.0304163
   1.7800000    0.0389454
   1.8000000    0.0480785
   1.8200000    0.0578473
   1.8400000    0.0682428
   1.8600000    0.0792125
   1.8800000    0.0906599
   1.9000000    0.1024448
   1.9200000    0.1143853
   1.9400000    0.1262614
   1.9600000    0.1378192
   1.9800000    0.1487784
   2.0000000    0.1588409
   2.0200000    0.1677019
   2.0400000    0.1750638
   2.0600000    0.1806507
   2.0800000    0.1842252
   2.1000000    0.1856039
   2.1200000    0.1846725
   2.1400000    0.1813963
   2.1600000    0.1758285
   2.1800000    0.1681104
   2.2000000    0.1584679
   2.2200000    0.1471998
   2.2400000    0.1346619
   2.2600000    0.1212463
   2.2800000    0.1073584
   2.3000000    0.0933935
   2.3200000    0.0797152
   2.3400000    0.0666377
   2.3600000    0.0544122
   2.3800000    0.0432195
   2.4000000    0.0331685
   2.4200000    0.0242990
   2.4400000    0.0165894
   2.4600000    0.0099668
   2.4800000    0.0043191
   2.5000000   -0.0004933
   2.5200000   -0.0046254
   2.5400000   -0.0082374
   2.5600000   -0.0114861
   2.5800000   -0.0145181
   2.6000000   -0.0174646
   2.6200000   -0.0204387
   2.6400000   -0.0235334
   2.6600000   -0.0268219
   2.6800000   -0.0303585
   2.7000000   -0.0341804
   2.7200000   -0.0383105
   2.7400000   -0.0427590
   2.7600000   -0.0475259
   2.7800000   -0.0526020
   2.8000000   -0.0579689
   2.8200000   -0.0635984
   2.8400000   -0.0694513
   2.8600000   -0.0754755
   2.8800000   -0.0816051
   2.9000000   -0.0877598
   2.9200000   -0.0938462
   2.9400000   -0.0997603
   2.9600000   -0.1053916
   2.9800000   -0.1106278
   3.0000000   -0.1153607
   3.0200000   -0.1194911
   3.0400000   -0.1229329
   3.0600000   -0.1256160
   3.0800000   -0.1274874
   3.1000000   -0.1285106
   3.1200000   -0.1286640
   3.1400000   -0.1279393
   3.1600000   -0.1263391
   3.1800000   -0.1238761
   3.2000000   -0.1205727
   3.2200000   -0.1164614
   3.2400000   -0.1115867
   3.2600000   -0.1060060
   3.2800000   -0.0997908
   3.3000000   -0.0930261
   3.3200000   -0.0858093
   3.3400000   -0.0782461
   3.3600000   -0.0704462
   3.3800000   -0.0625176
   3.4000000   -0.0545606
   3.4200000   -0.0466631
   3.4400000   -0.0388966
   3.4600000   -0.0313147
   3.4800000   -0.0239534
   3.5000000   -0.0168341
   3.5200000   -0.0099673
   3.5400000   -0.0033582
   3.5600000    0.0029880
   3.5800000    0.0090617
   3.6000000    0.0148454
   3.6200000    0.0203121
   3.6400000    0.0254262
   3.6600000    0.0301458
   3.6800000    0.0344269
   3.7000000    0.0382277
   3.7200000    0.0415140
   3.7400000    0.0442630
   3.7600000    0.0464659
   3.7800000    0.0481287
   3.8000000    0.0492711
   3.8200000    0.0499230
   3.8400000    0.0501199
   3.8600000    0.0498976
   3.8800000    0.0492869
   3.9000000    0.0483091
   3.9200000    0.0469737
   3.9400000    0.0452775
   3.9600000    0.0432070
   3.9800000    0.0407420
   4.0000000    0.0378611
   4.0200000    0.0345479
   4.0400000    0.0307973
   4.0600000    0.0266199
   4.0800000    0.0220453
   4.1000000    0.0171226
   4.1200000    0.0119187
   4.1400000    0.0065137
   4.1600000    0.0009956
   4.1800000   -0.0045470
   4.2000000   -0.0100312
   4.2200000   -0.0153855
   4.2400000   -0.0205535
   4.2600000   -0.0254956
   4.2800000   -0.0301877
   4.3000000   -0.0346179
   4.3200000   -0.0387817
   4.3400000   -0.0426761
   4.3600000   -0.0462942
   4.3800000   -0.0496209
   4.4000000   -0.0526301
   4.4200000   -0.0552855
   4.4400000   -0.0575422
   4.4600000   -0.0593521
   4.4800000   -0.0606692
   4.5000000   -0.0614560
   4.5200000   -0.0616899
   4.5400000   -0.0613669
   4.5600000   -0.0605038
   4.5800000   -0.0591384
   4.6000000   -0.0573267
   4.6200000   -0.0551384
   4.6400000   -0.0526514
   4.6600000   -0.0499458
   4.6800000   -0.0470982
   4.7000000   -0.0441777
   4.7200000   -0.0412422
   4.7400000   -0.0383380
   4.7600000   -0.0354997
   4.7800000   -0.0327523
   4.8000000   -0.0301138
   4.8200000   -0.0275985
   4.8400000   -0.0252200
   4.8600000   -0.0229940
   4.8800000   -0.0209402
   4.9000000   -0.0190823
   4.9200000   -0.0174482
   4.9400000   -0.0160681
   4.9600000   -0.0149721
   4.9800000   -0.0141872
   5.0000000   -0.0137346
   5.0200000   -0.0136266
   5.0400000   -0.0138647
   5.0600000   -0.0144378
   5.0800000   -0.0153227
   5.1000000   -0.0164834
   5.1200000   -0.0178730
   5.1400000   -0.0194354
   5.1600000   -0.0211066
   5.1800000   -0.0228180
   5.2000000   -0.0244979
   5.2200000   -0.0260746
   5.2400000   -0.0274791
   5.2600000   -0.0286473
   5.2800000   -0.0295235
   5.3000000   -0.0300624
   5.3200000   -0.0302315
   5.3400000   -0.0300123
   5.3600000   -0.0294015
   5.3800000   -0.0284099
   5.4000000   -0.0270615
   5.4200000   -0.0253915
   5.4400000   -0.0234440
   5.4600000   -0.0212695
   5.4800000   -0.0189232
   5.5000000   -0.0164633
   5.5200000   -0.0139507
   5.5400000   -0.0114482
   5.5600000   -0.0090205
   5.5800000   -0.0067333
   5.6000000   -0.0046523
   5.6200000   -0.0028403
   5.6400000   -0.0013541
   5.6600000   -0.0002406
   5.6800000    0.0004678
   5.7000000    0.0007566
   5.7200000    0.0006318
   5.7400000    0.0001205
   5.7600000   -0.0007302
   5.7800000   -0.0018567
   5.8000000   -0.0031840
   5.8200000   -0.0046309
   5.8400000   -0.0061166
   5.8600000   -0.0075661
   5.8800000   -0.0089136
   5.9000000   -0.0101060
   5.9200000   -0.0111033
   5.9400000   -0.0118784
   5.9600000   -0.0124158
   5.9800000   -0.0127103
   6.0000000   -0.0127652
   6.0200000   -0.0125912
   6.0400000   -0.0122066
   6.0600000   -0.0116363
   6.0800000   -0.0109133
   6.1000000   -0.0100780
   6.1200000   -0.0091791
   6.1400000   -0.0082729
   6.1600000   -0.0074222
   6.1800000   -0.0066950
   6.2000000   -0.0061624
   6.2200000   -0.0058957
   6.2400000   -0.0059638
   6.2600000   -0.0064294
   6.2800000   -0.0073458
   6.3000000   -0.0087527
   6.3200000   -0.0106726
   6.3400000   -0.0131067
   6.3600000   -0.0160323
   6.3800000   -0.0194004
   6.4000000   -0.0231360
   6.4200000   -0.0271397
   6.4400000   -0.0312912
   6.4600000   -0.0354565
   6.4800000   -0.0394947
   6.5000000   -0.0432680
   6.5200000   -0.0466501
   6.5400000   -0.0495349
   6.5600000   -0.0518422
   6.5800000   -0.0535220
   6.6000000   -0.0545554
   6.6200000   -0.0549524
   6.6400000   -0.0547476
   6.6600000   -0.0539945
   6.6800000   -0.0527582
   6.7000000   -0.0511091
   6.7200000   -0.0491167
   6.7400000   -0.0468451
   6.7600000   -0.0443498
   6.7800000   -0.0416767
   6.8000000   -0.0388616
   6.8200000   -0.0359318
   6.8400000   -0.0329074
   6.8600000   -0.0298039
   6.8800000   -0.0266343
   6.9000000   -0.0234108
   6.9200000   -0.0201465
   6.9400000   -0.0168564
   6.9600000   -0.0135581
   6.9800000   -0.0102718
   7.0000000   -0.0070197
   7.0200000   -0.0038261
   7.0400000   -0.0007173
   7.0600000    0.0022792
   7.0800000    0.0051337
   7.1000000    0.0078135
   7.1200000    0.0102824
   7.1400000    0.0124992
   7.1600000    0.0144175
   7.1800000    0.0159853
   7.2000000    0.0171465
   7.2200000    0.0178436
   7.2400000    0.0180212
   7.2600000    0.0176315
   7.2800000    0.0166394
   7.3000000    0.0150286
   7.3200000    0.0128059
   7.3400000    0.0100053
   7.3600000    0.0066886
   7.3800000    0.0029449
   7.4000000   -0.0011135
   7.4200000   -0.0053562
   7.4400000   -0.0096428
   7.4600000   -0.0138308
   7.4800000   -0.0177849
   7.5000000   -0.0213845
   7.5200000   -0.0245312
   7.5400000   -0.0271540
   7.5600000   -0.0292117
   7.5800000   -0.0306938
   7.6000000   -0.0316188
   7.6200000   -0.0320292
   7.6400000   -0.0319861
   7.6600000   -0.0315615
   7.6800000   -0.0308298
   7.7000000   -0.0298603
   7.7200000   -0.0287096
   7.7400000   -0.0274166
   7.7600000   -0.0259992
   7.7800000   -0.0244543
   7.8000000   -0.0227600
   7.8200000   -0.0208805
   7.8400000   -0.0187736
   7.8600000   -0.0163982
   7.8800000   -0.0137227
   7.9000000   -0.0107321
   7.9200000   -0.0074332
   7.9400000   -0.0038570
   7.9600000   -0.0000585
   7.9800000    0.0038869
   8.0000000    0.0078899
   8.0200000    0.0118545
   8.0400000    0.0156874
   8.0600000    0.0193064
   8.0800000    0.0226476
   8.1000000    0.0256701
   8.1200000    0.0283588
   8.1400000    0.0307231
   8.1600000    0.0327941
   8.1800000    0.0346178
   8.2000000    0.0362491
   8.2200000    0.0377433
   8.2400000    0.0391490
   8.2600000    0.0405028
   8.2800000    0.0418249
   8.3000000    0.0431178
   8.3200000    0.0443669
   8.3400000    0.0455434
   8.3600000    0.0466084
   8.3800000    0.0475183
   8.4000000    0.0482299
   8.4200000    0.0487052
   8.4400000    0.0489152
   8.4600000    0.0488423
   8.4800000    0.0484810
   8.5000000    0.0478377
   8.5200000    0.0469290
   8.5400000    0.0457790
   8.5600000    0.0444168
   8.5800000    0.0428735
   8.6000000    0.0411799
   8.6200000    0.0393638
   8.6400000    0.0374493
   8.6600000    0.0354557
   8.6800000    0.0333972
   8.7000000    0.0312838
   8.7200000    0.0291216
   8.7400000    0.0269141
   8.7600000    0.0246639
   8.7800000    0.0223736
   8.8000000    0.0200476
   8.8200000    0.0176931
   8.8400000    0.0153211
   8.8600000    0.0129466
   8.8800000    0.0105884
   8.9000000    0.0082684
   8.9200000    0.0060097
   8.9400000    0.0038358
   8.9600000    0.0017679
   8.9800000   -0.0001759
   9.0000000   -0.0019824
   9.0200000   -0.0036425
   9.0400000   -0.0051518
   9.0600000   -0.0065083
   9.0800000   -0.0077115
   9.1000000   -0.0087600
   9.1200000   -0.0096508
   9.1400000   -0.0103783
   9.1600000   -0.0109349
   9.1800000   -0.0113120
   9.2000000   -0.0115030
   9.2200000   -0.0115047
   9.2400000   -0.0113204
   9.2600000   -0.0109613
   9.2800000   -0.0104465
   9.3000000   -0.0098026
   9.3200000   -0.0090614
   9.3400000   -0.0082563
   9.3600000   -0.0074191
   9.3800000   -0.0065762
   9.4000000   -0.0057460
   9.4200000   -0.0049367
   9.4400000   -0.0041467
   9.4600000   -0.0033653
   9.4800000   -0.0025752
   9.5000000   -0.0017559
   9.5200000   -0.0008871
   9.5400000    0.0000477
   9.5600000    0.0010587
   9.5800000    0.0021480
   9.6000000    0.0033089
   9.6200000    0.0045265
   9.6400000    0.0057795
   9.6600000    0.0070425
   9.6800000    0.0082895
   9.7000000    0.0094965
   9.7200000    0.0106449
   9.7400000    0.0117233
   9.7600000    0.0127293
   9.7800000    0.0136691
   9.8000000    0.0145570
   9.8200000    0.0154129
   9.8400000    0.0162597
   9.8600000    0.0171195
   9.8800000    0.0180106
   9.9000000    0.0189441
   9.9200000    0.0199222
   9.9400000    0.0209369
   9.9600000    0.0219702
   9.9800000    0.0229954
  10.0000000    0.0239795
  10.0200000    0.0248857
  10.0400000    0.0256767
  10.0600000    0.0263172
  10.0800000    0.0267763
  10.1000000    0.0270286
  10.1200000    0.0270559
  10.1400000    0.0268462
  10.1600000    0.0263947
  10.1800000    0.0257029
  10.2000000    0.0247786
  10.2200000    0.0236357
  10.2400000    0.0222951
  10.2600000    0.0207846
  10.2800000    0.0191392
  10.3000000    0.0174015
  10.3200000    0.0156205
  10.3400000    0.0138499
  10.3600000    0.0121456
  10.3800000    0.0105614
  10.4000000    0.0091454
  10.4200000    0.0079347
  10.4400000    0.0069514
  10.4600000    0.0061998
  10.4800000    0.0056639
  10.5000000    0.0053083
  10.5200000    0.0050803
  10.5400000    0.0049140
  10.5600000    0.0047363
  10.5800000    0.0044738
  10.6000000    0.0040591
  10.6200000    0.0034379
  10.6400000    0.0025733
  10.6600000    0.0014493
  10.6800000    0.0000719
  10.7000000   -0.0015318
  10.7200000   -0.0033163
  10.7400000   -0.0052215
  10.7600000   -0.0071772
  10.7800000   -0.0091081
  10.8000000   -0.0109386
  10.8200000   -0.0125964
  10.8400000   -0.0140161
  10.8600000   -0.0151417
  10.8800000   -0.0159288
  10.9000000   -0.0163452
  10.9200000   -0.0163727
  10.9400000   -0.0160068
  10.9600000   -0.0152570
  10.9800000   -0.0141469
  11.0000000   -0.0127132
  11.0200000   -0.0110048
  11.0400000   -0.0090819
  11.0600000   -0.0070136
  11.0800000   -0.0048768
  11.1000000   -0.0027529
  11.1200000   -0.0007259
  11.1400000    0.0011215
  11.1600000    0.0027104
  11.1800000    0.0039702
  11.2000000    0.0048417
  11.2200000    0.0052809
  11.2400000    0.0052618
  11.2600000    0.0047779
  11.2800000    0.0038433
  11.3000000    0.0024913
  11.3200000    0.0007718
  11.3400000   -0.0012527
  11.3600000   -0.0035121
  11.3800000   -0.0059338
  11.4000000   -0.0084474
  11.4200000   -0.0109884
  11.4400000   -0.0135002
  11.4600000   -0.0159348
  11.4800000   -0.0182513
  11.5000000   -0.0204143
  11.5200000   -0.0223915
  11.5400000   -0.0241517
  11.5600000   -0.0256639
  11.5800000   -0.0268983
  11.6000000   -0.0278272
  11.6200000   -0.0284284
  11.6400000   -0.0286882
  11.6600000   -0.0286029
  11.6800000   -0.0281812
  11.7000000   -0.0274425
  11.7200000   -0.0264150
  11.7400000   -0.0251311
  11.7600000   -0.0236223
  11.7800000   -0.0219132
  11.8000000   -0.0200173
  11.8200000   -0.0179333
  11.8400000   -0.0156449
  11.8600000   -0.0131219
  11.8800000   -0.0103257
  11.9000000   -0.0072149
  11.9200000   -0.0037538
  11.9400000    0.0000803
  11.9600000    0.0042904
  11.9800000    0.0088544
  12.0000000    0.0137235
  12.0200000    0.0188232
  12.0400000    0.0240569
  12.0600000    0.0293126
  12.0800000    0.0344710
  12.1000000    0.0394133
  12.1200000    0.0440301
  12.1400000    0.0482269
  12.1600000    0.0519291
  12.1800000    0.0550835
  12.2000000    0.0576577
  12.2200000    0.0596382
  12.2400000    0.0610264
  12.2600000    0.0618343
  12.2800000    0.0620814
  12.3000000    0.0617908
  12.3200000    0.0609872
  12.3400000    0.0596961
  12.3600000    0.0579428
  12.3800000    0.0557528
  12.4000000    0.0531520
  12.4200000    0.0501671
  12.4400000    0.0468261
  12.4600000    0.0431578
  12.4800000    0.0391927
  12.5000000    0.0349626
  12.5200000    0.0305014
  12.5400000    0.0258450
  12.5600000    0.0210316
  12.5800000    0.0161013
  12.6000000    0.0110952
  12.6200000    0.0060538
  12.6400000    0.0010149
  12.6600000   -0.0039886
  12.6800000   -0.0089316
  12.7000000   -0.0137986
  12.7200000   -0.0185844
  12.7400000   -0.0232938
  12.7600000   -0.0279398
  12.7800000   -0.0325400
  12.8000000   -0.0371120
  12.8200000   -0.0416686
  12.8400000   -0.0462120
  12.8600000   -0.0507302
  12.8800000   -0.0551931
  12.9000000   -0.0595520
  12.9200000   -0.0637398
  12.9400000   -0.0676734
  12.9600000   -0.0712584
  12.9800000   -0.0743939
  13.0000000   -0.0769786
  13.0200000   -0.0789164
  13.0400000   -0.0801224
  13.0600000   -0.0805270
  13.0800000   -0.0800801
  13.1000000   -0.0787538
  13.1200000   -0.0765440
  13.1400000   -0.0734717
  13.1600000   -0.0695825
  13.1800000   -0.0649460
  13.2000000   -0.0596539
  13.2200000   -0.0538176
  13.2400000   -0.0475640
  13.2600000   -0.0410319
  13.2800000   -0.0343665
  13.3000000   -0.0277142
  13.3200000   -0.0212173
  13.3400000   -0.0150084
  13.3600000   -0.0092059
  13.3800000   -0.0039102
  13.4000000    0.0007991
  13.4200000    0.0048652
  13.4400000    0.0082544
  13.4600000    0.0109560
  13.4800000    0.0129813
  13.5000000    0.0143614
  13.5200000    0.0151455
  13.5400000    0.0153976
  13.5600000    0.0151944
  13.5800000    0.0146220
  13.6000000    0.0137723
  13.6200000    0.0127404
  13.6400000    0.0116203
  13.6600000    0.0105011
  13.6800000    0.0094633
  13.7000000    0.0085743
  13.7200000    0.0078846
  13.7400000    0.0074245
  13.7600000    0.0072013
  13.7800000    0.0071984
  13.8000000    0.0073759
  13.8200000    0.0076730
  13.8400000    0.0080126
  13.8600000    0.0083078
  13.8800000    0.0084696
  13.9000000    0.0084155
  13.9200000    0.0080776
  13.9400000    0.0074095
  13.9600000    0.0063915
  13.9800000    0.0050323
  14.0000000    0.0033682
  14.0200000    0.0014584
  14.0400000   -0.0006215
  14.0600000   -0.0027886
  14.0800000   -0.0049615
  14.1000000   -0.0070696
  14.1200000   -0.0090595
  14.1400000   -0.0108995
  14.1600000   -0.0125809
  14.1800000   -0.0141151
  14.2000000   -0.0155296
  14.2200000   -0.0168601
  14.2400000   -0.0181437
  14.2600000   -0.0194111
  14.2800000   -0.0206807
  14.3000000   -0.0219557
  14.3200000   -0.0232231
  14.3400000   -0.0244566
  14.3600000   -0.0256212
  14.3800000   -0.0266798
  14.4000000   -0.0276004
  14.4200000   -0.0283633
  14.4400000   -0.0289650
  14.4600000   -0.0294216
  14.4800000   -0.0297679
  14.5000000   -0.0300544
  14.5200000   -0.0303413
  14.5400000   -0.0306913
  14.5600000   -0.0311628
  14.5800000   -0.0318024
  14.6000000   -0.0326409
  14.6200000   -0.0336906
  14.6400000   -0.0349459
  14.6600000   -0.0363865
  14.6800000   -0.0379820
  14.7000000   -0.0396979
  14.7200000   -0.0415012
  14.7400000   -0.0433641
  14.7600000   -0.0452673
  14.7800000   -0.0471989
  14.8000000   -0.0491531
  14.8200000   -0.0511252
  14.8400000   -0.0531072
  14.8600000   -0.0550817
  14.8800000   -0.0570181
  14.9000000   -0.0588697
  14.9200000   -0.0605733
  14.9400000   -0.0620516
  14.9600000   -0.0632178
  14.9800000   -0.0639818
  15.0000000   -0.0642584
  15.0200000   -0.0639746
  15.0400000   -0.0630770
  15.0600000   -0.0615372
  15.0800000   -0.0593549
  15.1000000   -0.0565592
  15.1200000   -0.0532063
  15.1400000   -0.0493762
  15.1600000   -0.0451671
  15.1800000   -0.0406889
  15.2000000   -0.0360567
  15.2200000   -0.0313848
  15.2400000   -0.0267808
  15.2600000   -0.0223416
  15.2800000   -0.0181501
  15.3000000   -0.0142731
  15.3200000   -0.0107602
  15.3400000   -0.0076430
  15.3600000   -0.0049360
  15.3800000   -0.0026364
  15.4000000   -0.0007254
  15.4200000    0.0008303
  15.4400000    0.0020768
  15.4600000    0.0030701
  15.4800000    0.0038730
  15.5000000    0.0045510
  15.5200000    0.0051676
  15.5400000    0.0057793
  15.5600000    0.0064307
  15.5800000    0.0071498
  15.6000000    0.0079444
  15.6200000    0.0088007
  15.6400000    0.0096827
  15.6600000    0.0105349
  15.6800000    0.0112867
  15.7000000    0.0118589
  15.7200000    0.0121719
  15.7400000    0.0121546
  15.7600000    0.0117525
  15.7800000    0.0109357
  15.8000000    0.0097034
  15.8200000    0.0080870
  15.8400000    0.0061482
  15.8600000    0.0039757
  15.8800000    0.0016772
  15.9000000   -0.0006297
  15.9200000   -0.0028279
  15.9400000   -0.0048118
  15.9600000   -0.0064962
  15.9800000   -0.0078240
  16.0000000   -0.0087702
  16.0200000   -0.0093428
  16.0400000   -0.0095809
  16.0600000   -0.0095489
  16.0800000   -0.0093291
  16.1000000   -0.0090126
  16.1200000   -0.0086903
  16.1400000   -0.0084436
  16.1600000   -0.0083375
  16.1800000   -0.0084152
  16.2000000   -0.0086959
  16.2200000   -0.0091742
  16.2400000   -0.0098225
  16.2600000   -0.0105955
  16.2800000   -0.0114349
  16.3000000   -0.0122758
  16.3200000   -0.0130522
  16.3400000   -0.0137020
  16.3600000   -0.0141706
  16.3800000   -0.0144139
  16.4000000   -0.0143988
  16.4200000   -0.0141035
  16.4400000   -0.0135167
  16.4600000   -0.0126363
  16.4800000   -0.0114678
  16.5000000   -0.0100234
  16.5200000   -0.0083209
  16.5400000   -0.0063838
  16.5600000   -0.0042411
  16.5800000   -0.0019284
  16.6000000    0.0005115
  16.6200000    0.0030274
  16.6400000    0.0055591
  16.6600000    0.0080370
  16.6800000    0.0103823
  16.7000000    0.0125085
  16.7200000    0.0143239
  16.7400000    0.0157353
  16.7600000    0.0166532
  16.7800000    0.0169987
  16.8000000    0.0167097
  16.8200000    0.0157489
  16.8400000    0.0141102
  16.8600000    0.0118226
  16.8800000    0.0089532
  16.9000000    0.0056050
  16.9200000    0.0019125
  16.9400000   -0.0019672
  16.9600000   -0.0058652
  16.9800000   -0.0096136
  17.0000000   -0.0130581
  17.0200000   -0.0160682
  17.0400000   -0.0185458
  17.0600000   -0.0204282
  17.0800000   -0.0216877
  17.1000000   -0.0223273
  17.1200000   -0.0223731
  17.1400000   -0.0218655
  17.1600000   -0.0208504
  17.1800000   -0.0193715
  17.2000000   -0.0174659
  17.2200000   -0.0151616
  17.2400000   -0.0124785
  17.2600000   -0.0094314
  17.2800000   -0.0060339
  17.3000000   -0.0023031
  17.3200000    0.0017368
  17.3400000    0.0060520
  17.3600000    0.0105984
  17.3800000    0.0153219
  17.4000000    0.0201605
  17.4200000    0.0250463
  17.4400000    0.0299085
  17.4600000    0.0346761
  17.4800000    0.0392802
  17.5000000    0.0436563
  17.5200000    0.0477466
  17.5400000    0.0515018
  17.5600000    0.0548830
  17.5800000    0.0578630
  17.6000000    0.0604270
  17.6200000    0.0625721
  17.6400000    0.0643059
  17.6600000    0.0656437
  17.6800000    0.0666042
  17.7000000    0.0672051
  17.7200000    0.0674593
  17.7400000    0.0673710
  17.7600000    0.0669343
  17.7800000    0.0661337
  17.8000000    0.0649470
  17.8200000    0.0633498
  17.8400000    0.0613211
  17.8600000    0.0588497
  17.8800000    0.0559388
  17.9000000    0.0526094
  17.9200000    0.0489010
  17.9400000    0.0448697
  17.9600000    0.0405842
  17.9800000    0.0361198
  18.0000000    0.0315516
  18.0200000    0.0269482
  18.0400000    0.0223658
  18.0600000    0.0178448
  18.0800000    0.0134079
  18.1000000    0.0090605
  18.1200000    0.0047931
  18.1400000    0.0005850
  18.1600000   -0.0035903
  18.1800000   -0.0077604
  18.2000000   -0.0119484
  18.2200000   -0.0161686
  18.2400000   -0.0204221
  18.2600000   -0.0246947
  18.2800000   -0.0289557
  18.3000000   -0.0331576
  18.3200000   -0.0372380
  18.3400000   -0.0411220
  18.3600000   -0.0447259
  18.3800000   -0.0479616
  18.4000000   -0.0507412
  18.4200000   -0.0529816
  18.4400000   -0.0546089
  18.4600000   -0.0555620
  18.4800000   -0.0557962
  18.5000000   -0.0552849
  18.5200000   -0.0540210
  18.5400000   -0.0520181
  18.5600000   -0.0493092
  18.5800000   -0.0459463
  18.6000000   -0.0419986
  18.6200000   -0.0375495
  18.6400000   -0.0326936
  18.6600000   -0.0275328
  18.6800000   -0.0221719
  18.7000000   -0.0167137
  18.7200000   -0.0112545
  18.7400000   -0.0058792
  18.7600000   -0.0006576
  18.7800000    0.0043582
  18.8000000    0.0091357
  18.8200000    0.0136612
  18.8400000    0.0179379
  18.8600000    0.0219821
  18.8800000    0.0258182
  18.9000000    0.0294723
  18.9200000    0.0329662
  18.9400000    0.0363114
  18.9600000    0.0395046
  18.9800000    0.0425248
  19.0000000    0.0453333
  19.0200000    0.0478750
  19.0400000    0.0500830
  19.0600000    0.0518841
  19.0800000    0.0532062
  19.1000000    0.0539850
  19.1200000    0.0541708
  19.1400000    0.0537342
  19.1600000    0.0526694
  19.1800000    0.0509960
  19.2000000    0.0487588
  19.2200000    0.0460251
  19.2400000    0.0428814
  19.2600000    0.0394287
  19.2800000    0.0357766
  19.3000000    0.0320379
  19.3200000    0.0283225
  19.3400000    0.0247327
  19.3600000    0.0213577
  19.3800000    0.0182699
  19.4000000    0.0155221
  19.4200000    0.0131460
  19.4400000    0.0111518
  19.4600000    0.0095296
  19.4800000    0.0082518
  19.5000000    0.0072766
  19.5200000    0.0065527
  19.5400000    0.0060229
  19.5600000    0.0056289
  19.5800000    0.0053146
  19.6000000    0.0050287
  19.6200000    0.0047265
  19.6400000    0.0043711
  19.6600000    0.0039331
  19.6800000    0.0033911
  19.7000000    0.0027303
  19.7200000    0.0019431
  19.7400000    0.0010274
  19.7600000   -0.0000131
  19.7800000   -0.0011694
  19.8000000   -0.0024276
  19.8200000   -0.0037688
  19.8400000   -0.0051694
  19.8600000   -0.0066005
  19.8800000   -0.0080283
  19.9000000   -0.0094132
  19.9200000   -0.0107106
  19.9400000   -0.0118710
  19.9600000   -0.0128416
  19.9800000   -0.0135687
  20.0000000   -0.0140005
  20.0200000   -0.0140920
  20.0400000   -0.0138089
  20.0600000   -0.0131327
  20.0800000   -0.0120647
  20.1000000   -0.0106285
  20.1200000   -0.0088707
  20.1400000   -0.0068605
  20.1600000   -0.0046858
  20.1800000   -0.0024483
  20.2000000   -0.0002575
  20.2200000    0.0017768
  20.2400000    0.0035507
  20.2600000    0.0049725
  20.2800000    0.0059677
  20.3000000    0.0064821
  20.3200000    0.0064839
  20.3400000    0.0059646
  20.3600000    0.0049382
  20.3800000    0.0034412
  20.4000000    0.0015305
  20.4200000   -0.0007180
  20.4400000   -0.0032112
  20.4600000   -0.0058415
  20.4800000   -0.0084900
  20.5000000   -0.0110308
  20.5200000   -0.0133357
  20.5400000   -0.0152807
  20.5600000   -0.0167529
  20.5800000   -0.0176569
  20.6000000   -0.0179222
  20.6200000   -0.0175079
  20.6400000   -0.0164071
  20.6600000   -0.0146479
  20.6800000   -0.0122923
  20.7000000   -0.0094320
  20.7200000   -0.0061823
  20.7400000   -0.0026733
  20.7600000    0.0009593
  20.7800000    0.0045840
  20.8000000    0.0080828
  20.8200000    0.0113585
  20.8400000    0.0143399
  20.8600000    0.0169849
  20.8800000    0.0192801
  20.9000000    0.0212386
  20.9200000    0.0228956
  20.9400000    0.0243024
  20.9600000    0.0255193
  20.9800000    0.0266092
  21.0000000    0.0276305
  21.0200000    0.0286315
  21.0400000    0.0296451
  21.0600000    0.0306859
  21.0800000    0.0317480
  21.1000000    0.0328041
  21.1200000    0.0338075
  21.1400000    0.0346941
  21.1600000    0.0353866
  21.1800000    0.0358001
  21.2000000    0.0358478
  21.2200000    0.0354473
  21.2400000    0.0345272
  21.2600000    0.0330324
  21.2800000    0.0309286
  21.3000000    0.0282055
  21.3200000    0.0248784
  21.3400000    0.0209878
  21.3600000    0.0165982
  21.3800000    0.0117951
  21.4000000    0.0066813
  21.4200000    0.0013723
  21.4400000   -0.0040084
  21.4600000   -0.0093348
  21.4800000   -0.0144831
  21.5000000   -0.0193371
  21.5200000   -0.0237927
  21.5400000   -0.0277618
  21.5600000   -0.0311762
  21.5800000   -0.0339895
  21.6000000   -0.0361786
  21.6200000   -0.0377436
  21.6400000   -0.0387066
  21.6600000   -0.0391092
  21.6800000   -0.0390088
  21.7000000   -0.0384745
  21.7200000   -0.0375826
  21.7400000   -0.0364118
  21.7600000   -0.0350395
  21.7800000   -0.0335378
  21.8000000   -0.0319713
  21.8200000   -0.0303947
  21.8400000   -0.0288524
  21.8600000   -0.0273775
  21.8800000   -0.0259923
  21.9000000   -0.0247096
  21.9200000   -0.0235328
  21.9400000   -0.0224586
  21.9600000   -0.0214783
  21.9800000   -0.0205799
  22.0000000   -0.0197510
  22.0200000   -0.0189801
  22.0400000   -0.0182596
  22.0600000   -0.0175869
  22.0800000   -0.0169651
  22.1000000   -0.0164036
  22.1200000   -0.0159168
  22.1400000   -0.0155232
  22.1600000   -0.0152421
  22.1800000   -0.0150921
  22.2000000   -0.0150873
  22.2200000   -0.0152352
  22.2400000   -0.0155341
  22.2600000   -0.0159719
  22.2800000   -0.0165248
  22.3000000   -0.0171577
  22.3200000   -0.0178254
  22.3400000   -0.0184749
  22.3600000   -0.0190478
  22.3800000   -0.0194845
  22.4000000   -0.0197280
  22.4200000   -0.0197284
  22.4400000   -0.0194468
  22.4600000   -0.0188588
  22.4800000   -0.0179567
  22.5000000   -0.0167512
  22.5200000   -0.0152704
  22.5400000   -0.0135590
  22.5600000   -0.0116746
  22.5800000   -0.0096839
  22.6000000   -0.0076581
  22.6200000   -0.0056678
  22.6400000   -0.0037788
  22.6600000   -0.0020485
  22.6800000   -0.0005228
  22.7000000    0.0007650
  22.7200000    0.0017948
  22.7400000    0.0025585
  22.7600000    0.0030593
  22.7800000    0.0033095
  22.8000000    0.0033294
  22.8200000    0.0031450
  22.8400000    0.0027880
  22.8600000    0.0022941
  22.8800000    0.0017031
  22.9000000    0.0010582
  22.9200000    0.0004054
  22.9400000   -0.0002074
  22.9600000   -0.0007318
  22.9800000   -0.0011209
  23.0000000   -0.0013308
  23.0200000   -0.0013235
  23.0400000   -0.0010681
  23.0600000   -0.0005430
  23.0800000    0.0002628
  23.1000000    0.0013494
  23.1200000    0.0027055
  23.1400000    0.0043081
  23.1600000    0.0061238
  23.1800000    0.0081087
  23.2000000    0.0102103
  23.2200000    0.0123682
  23.2400000    0.0145163
  23.2600000    0.0165853
  23.2800000    0.0185053
  23.3000000    0.0202093
  23.3200000    0.0216363
  23.3400000    0.0227352
  23.3600000    0.0234674
  23.3800000    0.0238090
  23.4000000    0.0237514
  23.4200000    0.0233017
  23.4400000    0.0224802
  23.4600000    0.0213182
  23.4800000    0.0198544
  23.5000000    0.0181311
  23.5200000    0.0161912
  23.5400000    0.0140757
  23.5600000    0.0118222
  23.5800000    0.0094654
  23.6000000    0.0070376
  23.6200000    0.0045716
  23.6400000    0.0021027
  23.6600000   -0.0003290
  23.6800000   -0.0026767
  23.7000000   -0.0048865
  23.7200000   -0.0068983
  23.7400000   -0.0086479
  23.7600000   -0.0100707
  23.7800000   -0.0111058
  23.8000000   -0.0117007
  23.8200000   -0.0118161
  23.8400000   -0.0114299
  23.8600000   -0.0105397
  23.8800000   -0.0091646
  23.9000000   -0.0073451
  23.9200000   -0.0051413
  23.9400000   -0.0026296
  23.9600000    0.0001017
  23.9800000    0.0029577
  24.0000000    0.0058428
  24.0200000    0.0086667
  24.0400000    0.0113496
  24.0600000    0.0138268
  24.0800000    0.0160519
  24.1000000    0.0179986
  24.1200000    0.0196606
  24.1400000    0.0210505
  24.1600000    0.0221968
  24.1800000    0.0231400
  24.2000000    0.0239285
  24.2200000    0.0246133
  24.2400000    0.0252437
  24.2600000    0.0258634
  24.2800000    0.0265067
  24.3000000    0.0271968
  24.3200000    0.0279440
  24.3400000    0.0287461
  24.3600000    0.0295886
  24.3800000    0.0304470
  24.4000000    0.0312888
  24.4200000    0.0320760
  24.4400000    0.0327686
  24.4600000    0.0333265
  24.4800000    0.0337129
  24.5000000    0.0338959
  24.5200000    0.0338502
  24.5400000    0.0335586
  24.5600000    0.0330122
  24.5800000    0.0322113
  24.6000000    0.0311645
  24.6200000    0.0298890
  24.6400000    0.0284089
  24.6600000    0.0267544
  24.6800000    0.0249597
  24.7000000    0.0230617
  24.7200000    0.0210971
  24.7400000    0.0191008
  24.7600000    0.0171038
  24.7800000    0.0151319
  24.8000000    0.0132042
  24.8200000    0.0113332
  24.8400000    0.0095247
  24.8600000    0.0077782
  24.8800000    0.0060882
  24.9000000    0.0044447
  24.9200000    0.0028346
  24.9400000    0.0012419
  24.9600000   -0.0003507
  24.9800000   -0.0019619
  25.0000000   -0.0036106
  25.0200000   -0.0053148
  25.0400000   -0.0070913
  25.0600000   -0.0089539
  25.0800000   -0.0109123
  25.1000000   -0.0129717
  25.1200000   -0.0151313
  25.1400000   -0.0173848
  25.1600000   -0.0197205
  25.1800000   -0.0221224
  25.2000000   -0.0245719
  25.2200000   -0.0270493
  25.2400000   -0.0295359
  25.2600000   -0.0320155
  25.2800000   -0.0344752
  25.3000000   -0.0369061
  25.3200000   -0.0393027
  25.3400000   -0.0416614
  25.3600000   -0.0439794
  25.3800000   -0.0462522
  25.4000000   -0.0484718
  25.4200000   -0.0506247
  25.4400000   -0.0526914
  25.4600000   -0.0546449
  25.4800000   -0.0564513
  25.5000000   -0.0580706
  25.5200000   -0.0594576
  25.5400000   -0.0605640
  25.5600000   -0.0613404
  25.5800000   -0.0617388
  25.6000000   -0.0617155
  25.6200000   -0.0612338
  25.6400000   -0.0602672
  25.6600000   -0.0588024
  25.6800000   -0.0568411
  25.7000000   -0.0544018
  25.7200000   -0.0515203
  25.7400000   -0.0482490
  25.7600000   -0.0446544
  25.7800000   -0.0408141
  25.8000000   -0.0368121
  25.8200000   -0.0327338
  25.8400000   -0.0286617
  25.8600000   -0.0246699
  25.8800000   -0.0208212
  25.9000000   -0.0171642
  25.9200000   -0.0137325
  25.9400000   -0.0105447
  25.9600000   -0.0076057
  25.9800000   -0.0049090
  26.0000000   -0.0024397
  26.0200000   -0.0001769
  26.0400000    0.0019027
  26.0600000    0.0038225
  26.0800000    0.0056034
  26.1000000    0.0072621
  26.1200000    0.0088094
  26.1400000    0.0102497
  26.1600000    0.0115802
  26.1800000    0.0127916
  26.2000000    0.0138688
  26.2200000    0.0147917
  26.2400000    0.0155375
  26.2600000    0.0160825
  26.2800000    0.0164042
  26.3000000    0.0164837
  26.3200000    0.0163076
  26.3400000    0.0158698
  26.3600000    0.0151725
  26.3800000    0.0142270
  26.4000000    0.0130533
  26.4200000    0.0116796
  26.4400000    0.0101408
  26.4600000    0.0084771
  26.4800000    0.0067313
  26.5000000    0.0049468
  26.5200000    0.0031651
  26.5400000    0.0014235
  26.5600000   -0.0002467
  26.5800000   -0.0018216
  26.6000000   -0.0032853
  26.6200000   -0.0046296
  26.6400000   -0.0058533
  26.6600000   -0.0069603
  26.6800000   -0.0079577
  26.7000000   -0.0088526
  26.7200000   -0.0096508
  26.7400000   -0.0103540
  26.7600000   -0.0109592
  26.7800000   -0.0114584
  26.8000000   -0.0118397
  26.8200000   -0.0120892
  26.8400000   -0.0121931
  26.8600000   -0.0121414
  26.8800000   -0.0119297
  26.9000000   -0.0115616
  26.9200000   -0.0110497
  26.9400000   -0.0104154
  26.9600000   -0.0096874
  26.9800000   -0.0088994
  27.0000000   -0.0080868
  27.0200000   -0.0072835
  27.0400000   -0.0065186
  27.0600000   -0.0058135
  27.0800000   -0.0051810
  27.1000000   -0.0046237
  27.1200000   -0.0041356
  27.1400000   -0.0037029
  27.1600000   -0.0033067
  27.1800000   -0.0029253
  27.2000000   -0.0025371
  27.2200000   -0.0021229
  27.2400000   -0.0016684
  27.2600000   -0.0011649
  27.2800000   -0.0006111
  27.3000000   -0.0000125
  27.3200000    0.0006183
  27.3400000    0.0012621
  27.3600000    0.0018949
  27.3800000    0.0024889
  27.4000000    0.0030146
  27.4200000    0.0034427
  27.4400000    0.0037468
  27.4600000    0.0039054
  27.4800000    0.0039040
  27.5000000    0.0037373
  27.5200000    0.0034100
  27.5400000    0.0029373
  27.5600000    0.0023448
  27.5800000    0.0016665
  27.6000000    0.0009434
  27.6200000    0.0002201
  27.6400000   -0.0004578
  27.6600000   -0.0010471
  27.6800000   -0.0015101
  27.7000000   -0.0018170
  27.7200000   -0.0019474
  27.7400000   -0.0018915
  27.7600000   -0.0016496
  27.7800000   -0.0012310
  27.8000000   -0.0006527
  27.8200000    0.0000634
  27.8400000    0.0008930
  27.8600000    0.0018115
  27.8800000    0.0027962
  27.9000000    0.0038275
  27.9200000    0.0048900
  27.9400000    0.0059721
  27.9600000    0.0070661
  27.9800000    0.0081673
  28.0000000    0.0092733
  28.0200000    0.0103840
  28.0400000    0.0115012
  28.0600000    0.0126287
  28.0800000    0.0137727
  28.1000000    0.0149420
  28.1200000    0.0161476
  28.1400000    0.0174024
  28.1600000    0.0187195
  28.1800000    0.0201098
  28.2000000    0.0215801
  28.2200000    0.0231289
  28.2400000    0.0247442
  28.2600000    0.0264008
  28.2800000    0.0280587
  28.3000000    0.0296633
  28.3200000    0.0311472
  28.3400000    0.0324336
  28.3600000    0.0334420
  28.3800000    0.0340948
  28.4000000    0.0343249
  28.4200000    0.0340829
  28.4400000    0.0333434
  28.4600000    0.0321097
  28.4800000    0.0304152
  28.5000000    0.0283222
  28.5200000    0.0259178
  28.5400000    0.0233067
  28.5600000    0.0206020
  28.5800000    0.0179162
  28.6000000    0.0153508
  28.6200000    0.0129895
  28.6400000    0.0108917
  28.6600000    0.0090903
  28.6800000    0.0075918
  28.7000000    0.0063799
  28.7200000    0.0054197
  28.7400000    0.0046647
  28.7600000    0.0040630
  28.7800000    0.0035634
  28.8000000    0.0031200
  28.8200000    0.0026958
  28.8400000    0.0022643
  28.8600000    0.0018098
  28.8800000    0.0013269
  28.9000000    0.0008189
  28.9200000    0.0002966
  28.9400000   -0.0002233
  28.9600000   -0.0007198
  28.9800000   -0.0011691
  29.0000000   -0.0015452
  29.0200000   -0.0018218
  29.0400000   -0.0019738
  29.0600000   -0.0019787
  29.0800000   -0.0018191
  29.1000000   -0.0014844
  29.1200000   -0.0009727
  29.1400000   -0.0002925
  29.1600000    0.0005372
  29.1800000    0.0014867
  29.2000000    0.0025178
  29.2200000    0.0035858
  29.2400000    0.0046434
  29.2600000    0.0056450
  29.2800000    0.0065506
  29.3000000    0.0073303
  29.3200000    0.0079670
  29.3400000    0.0084584
  29.3600000    0.0088169
  29.3800000    0.0090683
  29.4000000    0.0092483
  29.4200000    0.0093982
  29.4400000    0.0095599
  29.4600000    0.0097706
  29.4800000    0.0100587
  29.5000000    0.0104408
  29.5200000    0.0109205
  29.5400000    0.0114889
  29.5600000    0.0121277
  29.5800000    0.0128128
  29.6000000    0.0135192
  29.6200000    0.0142258
  29.6400000    0.0149195
  29.6600000    0.0155982
  29.6800000    0.0162712
  29.7000000    0.0169588
  29.7200000    0.0176892
  29.7400000    0.0184944
  29.7600000    0.0194054
  29.7800000    0.0204468
  29.8000000    0.0216326
  29.8200000    0.0229625
  29.8400000    0.0244204
  29.8600000    0.0259737
  29.8800000    0.0275753
  29.9000000    0.0291665
  29.9200000    0.0306817
  29.9400000    0.0320533
  29.9600000    0.0332173
  29.9800000    0.0341193
  30.0000000    0.0347191
