 -10.0000000    0.0687283
  -9.9800000    0.0696555
  -9.9600000    0.0693562
  -9.9400000    0.0679273
  -9.9200000    0.0655427
  -9.9000000    0.0624334
  -9.8800000    0.0588598
  -9.8600000    0.0550812
  -9.8400000    0.0513254
  -9.8200000    0.0477649
  -9.8000000    0.0445004
  -9.7800000    0.0415561
  -9.7600000    0.0388835
  -9.7400000    0.0363753
  -9.7200000    0.0338846
  -9.7000000    0.0312460
  -9.6800000    0.0282976
  -9.6600000    0.0248992
  -9.6400000    0.0209450
  -9.6200000    0.0163726
  -9.6000000    0.0111660
  -9.5800000    0.0053547
  -9.5600000   -0.0009890
  -9.5400000   -0.0077549
  -9.5200000   -0.0148006
  -9.5000000   -0.0219574
  -9.4800000   -0.0290375
  -9.4600000   -0.0358428
  -9.4400000   -0.0421748
  -9.4200000   -0.0478467
  -9.4000000   -0.0526961
  -9.3800000   -0.0565969
  -9.3600000   -0.0594689
  -9.3400000   -0.0612832
  -9.3200000   -0.0620625
  -9.3000000   -0.0618742
  -9.2800000   -0.0608183
  -9.2600000   -0.0590118
  -9.2400000   -0.0565702
  -9.2200000   -0.0535910
  -9.2000000   -0.0501410
  -9.1800000   -0.0462500
  -9.1600000   -0.0419110
  -9.1400000   -0.0370888
  -9.1200000   -0.0317331
  -9.1000000   -0.0257955
  -9.0800000   -0.0192470
  -9.0600000   -0.0120921
  -9.0400000   -0.0043785
  -9.0200000    0.0038004
  -9.0000000    0.0123101
  -8.9800000    0.0209864
  -8.9600000    0.0296509
  -8.9400000    0.0381298
  -8.9200000    0.0462716
  -8.9000000    0.0539628
  -8.8800000    0.0611373
  -8.8600000    0.0677817
  -8.8400000    0.0739321
  -8.8200000    0.0796666
  -8.8000000    0.0850920
  -8.7800000    0.0903276
  -8.7600000    0.0954876
  -8.7400000    0.1006645
  -8.7200000    0.1059138
  -8.7000000    0.1112423
  -8.6800000    0.1166010
  -8.6600000    0.1218825
  -8.6400000    0.1269237
  -8.6200000    0.1315139
  -8.6000000    0.1354065
  -8.5800000    0.1383360
  -8.5600000    0.1400365
  -8.5400000    0.1402621
  -8.5200000    0.1388067
  -8.5000000    0.1355211
  -8.4800000    0.1303272
  -8.4600000    0.1232264
  -8.4400000    0.1143024
  -8.4200000    0.1037186
  -8.4000000    0.0917089
  -8.3800000    0.0785658
  -8.3600000    0.0646241
  -8.3400000    0.0502434
  -8.3200000    0.0357909
  -8.3000000    0.0216237
  -8.2800000    0.0080741
  -8.2600000   -0.0045642
  -8.2400000   -0.0160475
  -8.2200000   -0.0261904
  -8.2000000   -0.0348720
  -8.1800000   -0.0420391
  -8.1600000   -0.0477055
  -8.1400000   -0.0519475
  -8.1200000   -0.0548957
  -8.1000000   -0.0567218
  -8.0800000   -0.0576224
  -8.0600000   -0.0577995
  -8.0400000   -0.0574411
  -8.0200000   -0.0567014
  -8.0000000   -0.0556858
  -7.9800000   -0.0544398
  -7.9600000   -0.0529468
  -7.9400000   -0.0511320
  -7.9200000   -0.0488758
  -7.9000000   -0.0460330
  -7.8800000   -0.0424562
  -7.8600000   -0.0380217
  -7.8400000   -0.0326522
  -7.8200000   -0.0263355
  -7.8000000   -0.0191352
  -7.7800000   -0.0111923
  -7.7600000   -0.0027179
  -7.7400000    0.0060233
  -7.7200000    0.0147356
  -7.7000000    0.0231183
  -7.6800000    0.0308926
  -7.6600000    0.0378260
  -7.6400000    0.0437513
  -7.6200000    0.0485781
  -7.6000000    0.0522969
  -7.5800000    0.0549740
  -7.5600000    0.0567396
  -7.5400000    0.0577701
  -7.5200000    0.0582668
  -7.5000000    0.0584345
  -7.4800000    0.0584618
  -7.4600000    0.0585055
  -7.4400000    0.0586809
  -7.4200000    0.0590586
  -7.4000000    0.0596664
  -7.3800000    0.0604963
  -7.3600000    0.0615135
  -7.3400000    0.0626653
  -7.3200000    0.0638881
  -7.3000000    0.0651109
  -7.2800000    0.0662550
  -7.2600000    0.0672301
  -7.2400000    0.0679303
  -7.2200000    0.0682295
  -7.2000000    0.0679810
  -7.1800000    0.0670218
  -7.1600000    0.0651832
  -7.1400000    0.0623066
  -7.1200000    0.0582635
  -7.1000000    0.0529762
  -7.0800000    0.0464371
  -7.0600000    0.0387215
  -7.0400000    0.0299925
  -7.0200000    0.0204967
  -7.0000000    0.0105487
  -6.9800000    0.0005085
  -6.9600000   -0.0092485
  -6.9400000   -0.0183631
  -6.9200000   -0.0265227
  -6.9000000   -0.0334878
  -6.8800000   -0.0391096
  -6.8600000   -0.0433396
  -6.8400000   -0.0462288
  -6.8200000   -0.0479175
  -6.8000000   -0.0486176
  -6.7800000   -0.0485890
  -6.7600000   -0.0481124
  -6.7400000   -0.0474614
  -6.7200000   -0.0468756
  -6.7000000   -0.0465374
  -6.6800000   -0.0465533
  -6.6600000   -0.0469422
  -6.6400000   -0.0476306
  -6.6200000   -0.0484565
  -6.6000000   -0.0491804
  -6.5800000   -0.0495058
  -6.5600000   -0.0491045
  -6.5400000   -0.0476482
  -6.5200000   -0.0448409
  -6.5000000   -0.0404506
  -6.4800000   -0.0343356
  -6.4600000   -0.0264628
  -6.4400000   -0.0169146
  -6.4200000   -0.0058828
  -6.4000000    0.0063491
  -6.3800000    0.0194350
  -6.3600000    0.0330017
  -6.3400000    0.0466869
  -6.3200000    0.0601733
  -6.3000000    0.0732142
  -6.2800000    0.0856467
  -6.2600000    0.0973904
  -6.2400000    0.1084310
  -6.2200000    0.1187937
  -6.2000000    0.1285085
  -6.1800000    0.1375749
  -6.1600000    0.1459324
  -6.1400000    0.1534407
  -6.1200000    0.1598751
  -6.1000000    0.1649368
  -6.0800000    0.1682776
  -6.0600000    0.1695360
  -6.0400000    0.1683779
  -6.0200000    0.1645369
  -6.0000000    0.1578486
  -5.9800000    0.1482733
  -5.9600000    0.1359046
  -5.9400000    0.1209640
  -5.9200000    0.1037819
  -5.9000000    0.0847695
  -5.8800000    0.0643850
  -5.8600000    0.0430999
  -5.8400000    0.0213685
  -5.8200000   -0.0003952
  -5.8000000   -0.0218309
  -5.7800000   -0.0426372
  -5.7600000   -0.0625673
  -5.7400000   -0.0814194
  -5.7200000   -0.0990223
  -5.7000000   -0.1152217
  -5.6800000   -0.1298674
  -5.6600000   -0.1428052
  -5.6400000   -0.1538736
  -5.6200000   -0.1629068
  -5.6000000   -0.1697421
  -5.5800000   -0.1742321
  -5.5600000   -0.1762585
  -5.5400000   -0.1757463
  -5.5200000   -0.1726770
  -5.5000000   -0.1670977
  -5.4800000   -0.1591267
  -5.4600000   -0.1489539
  -5.4400000   -0.1368359
  -5.4200000   -0.1230874
  -5.4000000   -0.1080675
  -5.3800000   -0.0921643
  -5.3600000   -0.0757772
  -5.3400000   -0.0592980
  -5.3200000   -0.0430932
  -5.3000000   -0.0274868
  -5.2800000   -0.0127457
  -5.2600000    0.0009314
  -5.2400000    0.0134212
  -5.2200000    0.0246784
  -5.2000000    0.0347329
  -5.1800000    0.0436815
  -5.1600000    0.0516757
  -5.1400000    0.0589046
  -5.1200000    0.0655761
  -5.1000000    0.0718962
  -5.0800000    0.0780506
  -5.0600000    0.0841874
  -5.0400000    0.0904061
  -5.0200000    0.0967509
  -5.0000000    0.1032118
  -4.9800000    0.1097310
  -4.9600000    0.1162159
  -4.9400000    0.1225552
  -4.9200000    0.1286373
  -4.9000000    0.1343661
  -4.8800000    0.1396734
  -4.8600000    0.1445238
  -4.8400000    0.1489115
  -4.8200000    0.1528481
  -4.8000000    0.1563427
  -4.7800000    0.1593788
  -4.7600000    0.1618896
  -4.7400000    0.1637396
  -4.7200000    0.1647156
  -4.7000000    0.1645306
  -4.6800000    0.1628440
  -4.6600000    0.1592957
  -4.6400000    0.1535514
  -4.6200000    0.1453542
  -4.6000000    0.1345731
  -4.5800000    0.1212438
  -4.5600000    0.1055929
  -4.5400000    0.0880413
  -4.5200000    0.0691857
  -4.5000000    0.0497587
  -4.4800000    0.0305722
  -4.4600000    0.0124508
  -4.4400000   -0.0038372
  -4.4200000   -0.0176434
  -4.4000000   -0.0284899
  -4.3800000   -0.0361039
  -4.3600000   -0.0404312
  -4.3400000   -0.0416313
  -4.3200000   -0.0400551
  -4.3000000   -0.0362090
  -4.2800000   -0.0307107
  -4.2600000   -0.0242405
  -4.2400000   -0.0174929
  -4.2200000   -0.0111307
  -4.2000000   -0.0057454
  -4.1800000   -0.0018235
  -4.1600000    0.0002782
  -4.1400000    0.0003502
  -4.1200000   -0.0016620
  -4.1000000   -0.0056594
  -4.0800000   -0.0114005
  -4.0600000   -0.0185220
  -4.0400000   -0.0265683
  -4.0200000   -0.0350269
  -4.0000000   -0.0433694
  -3.9800000   -0.0510912
  -3.9600000   -0.0577486
  -3.9400000   -0.0629889
  -3.9200000   -0.0665694
  -3.9000000   -0.0683642
  -3.8800000   -0.0683594
  -3.8600000   -0.0666367
  -3.8400000   -0.0633497
  -3.8200000   -0.0586963
  -3.8000000   -0.0528917
  -3.7800000   -0.0461459
  -3.7600000   -0.0386485
  -3.7400000   -0.0305615
  -3.7200000   -0.0220197
  -3.7000000   -0.0131374
  -3.6800000   -0.0040176
  -3.6600000    0.0052395
  -3.6400000    0.0145305
  -3.6200000    0.0237478
  -3.6000000    0.0327827
  -3.5800000    0.0415329
  -3.5600000    0.0499105
  -3.5400000    0.0578487
  -3.5200000    0.0653047
  -3.5000000    0.0722567
  -3.4800000    0.0786962
  -3.4600000    0.0846155
  -3.4400000    0.0899938
  -3.4200000    0.0947853
  -3.4000000    0.0989125
  -3.3800000    0.1022666
  -3.3600000    0.1047170
  -3.3400000    0.1061279
  -3.3200000    0.1063811
  -3.3000000    0.1053999
  -3.2800000    0.1031705
  -3.2600000    0.0997569
  -3.2400000    0.0953059
  -3.2200000    0.0900401
  -3.2000000    0.0842402
  -3.1800000    0.0782182
  -3.1600000    0.0722840
  -3.1400000    0.0667122
  -3.1200000    0.0617110
  -3.1000000    0.0573997
  -3.0800000    0.0537963
  -3.0600000    0.0508180
  -3.0400000    0.0482932
  -3.0200000    0.0459842
  -3.0000000    0.0436174
  -2.9800000    0.0409168
  -2.9600000    0.0376375
  -2.9400000    0.0335943
  -2.9200000    0.0286845
  -2.9000000    0.0229007
  -2.8800000    0.0163352
  -2.8600000    0.0091748
  -2.8400000    0.0016880
  -2.8200000   -0.0057944
  -2.8000000   -0.0129034
  -2.7800000   -0.0192588
  -2.7600000   -0.0244972
  -2.7400000   -0.0283000
  -2.7200000   -0.0304195
  -2.7000000   -0.0307007
  -2.6800000   -0.0290974
  -2.6600000   -0.0256799
  -2.6400000   -0.0206333
  -2.6200000   -0.0142446
  -2.6000000   -0.0068784
  -2.5800000    0.0010570
  -2.5600000    0.0091512
  -2.5400000    0.0170359
  -2.5200000    0.0244280
  -2.5000000    0.0311647
  -2.4800000    0.0372265
  -2.4600000    0.0427421
  -2.4400000    0.0479759
  -2.4200000    0.0532944
  -2.4000000    0.0591168
  -2.3800000    0.0658540
  -2.3600000    0.0738422
  -2.3400000    0.0832814
  -2.3200000    0.0941844
  -2.3000000    0.1063468
  -2.2800000    0.1193403
  -2.2600000    0.1325339
  -2.2400000    0.1451408
  -2.2200000    0.1562857
  -2.2000000    0.1650877
  -2.1800000    0.1707459
  -2.1600000    0.1726207
  -2.1400000    0.1702999
  -2.1200000    0.1636429
  -2.1000000    0.1527974
  -2.0800000    0.1381892
  -2.0600000    0.1204855
  -2.0400000    0.1005366
  -2.0200000    0.0793045
  -2.0000000    0.0577839
  -1.9800000    0.0369251
  -1.9600000    0.0175657
  -1.9400000    0.0003756
  -1.9200000   -0.0141787
  -1.9000000   -0.0258513
  -1.8800000   -0.0346123
  -1.8600000   -0.0406257
  -1.8400000   -0.0442112
  -1.8200000   -0.0457946
  -1.8000000   -0.0458523
  -1.7800000   -0.0448539
  -1.7600000   -0.0432110
  -1.7400000   -0.0412349
  -1.7200000   -0.0391089
  -1.7000000   -0.0368773
  -1.6800000   -0.0344528
  -1.6600000   -0.0316395
  -1.6400000   -0.0281702
  -1.6200000   -0.0237524
  -1.6000000   -0.0181166
  -1.5800000   -0.0110615
  -1.5600000   -0.0024901
  -1.5400000    0.0075675
  -1.5200000    0.0189475
  -1.5000000    0.0313614
  -1.4800000    0.0444203
  -1.4600000    0.0576694
  -1.4400000    0.0706296
  -1.4200000    0.0828404
  -1.4000000    0.0939000
  -1.3800000    0.1034977
  -1.3600000    0.1114383
  -1.3400000    0.1176536
  -1.3200000    0.1222047
  -1.3000000    0.1252724
  -1.2800000    0.1271394
  -1.2600000    0.1281644
  -1.2400000    0.1287522
  -1.2200000    0.1293191
  -1.2000000    0.1302577
  -1.1800000    0.1319028
  -1.1600000    0.1344986
  -1.1400000    0.1381718
  -1.1200000    0.1429099
  -1.1000000    0.1485490
  -1.0800000    0.1547708
  -1.0600000    0.1611113
  -1.0400000    0.1669822
  -1.0200000    0.1717048
  -1.0000000    0.1745551
  -0.9800000    0.1748189
  -0.9600000    0.1718520
  -0.9400000    0.1651417
  -0.9200000    0.1543635
  -0.9000000    0.1394261
  -0.8800000    0.1205006
  -0.8600000    0.0980285
  -0.8400000    0.0727052
  -0.8200000    0.0454418
  -0.8000000    0.0173043
  -0.7800000   -0.0105620
  -0.7600000   -0.0370165
  -0.7400000   -0.0610099
  -0.7200000   -0.0816621
  -0.7000000   -0.0983274
  -0.6800000   -0.1106396
  -0.6600000   -0.1185351
  -0.6400000   -0.1222506
  -0.6200000   -0.1222993
  -0.6000000   -0.1194244
  -0.5800000   -0.1145364
  -0.5600000   -0.1086383
  -0.5400000   -0.1027433
  -0.5200000   -0.0977913
  -0.5000000   -0.0945711
  -0.4800000   -0.0936524
  -0.4600000   -0.0953339
  -0.4400000   -0.0996128
  -0.4200000   -0.1061778
  -0.4000000   -0.1144291
  -0.3800000   -0.1235233
  -0.3600000   -0.1324416
  -0.3400000   -0.1400758
  -0.3200000   -0.1453244
  -0.3000000   -0.1471903
  -0.2800000   -0.1448690
  -0.2600000   -0.1378199
  -0.2400000   -0.1258113
  -0.2200000   -0.1089350
  -0.2000000   -0.0875879
  -0.1800000   -0.0624233
  -0.1600000   -0.0342761
  -0.1400000   -0.0040701
  -0.1200000    0.0272825
  -0.1000000    0.0589796
  -0.0800000    0.0904151
  -0.0600000    0.1212442
  -0.0400000    0.1514190
  -0.0200000    0.1811935
   0.0000000    0.2110926
   0.0200000    0.2418492
   0.0400000    0.2743128
   0.0600000    0.3093379
   0.0800000    0.3476612
   0.1000000    0.3897815
   0.1200000    0.4358553
   0.1400000    0.4856203
   0.1600000    0.5383591
   0.1800000    0.5929102
   0.2000000    0.6477280
   0.2200000    0.7009888
   0.2400000    0.7507317
   0.2600000    0.7950196
   0.2800000    0.8321020
   0.3000000    0.8605589
   0.3200000    0.8794087
   0.3400000    0.8881677
   0.3600000    0.8868551
   0.3800000    0.8759452
   0.4000000    0.8562764
   0.4200000    0.8289318
   0.4400000    0.7951099
   0.4600000    0.7560034
   0.4800000    0.7127017
   0.5000000    0.6661278
   0.5200000    0.6170119
   0.5400000    0.5659009
   0.5600000    0.5131945
   0.5800000    0.4591974
   0.6000000    0.4041741
   0.6200000    0.3483972
   0.6400000    0.2921801
   0.6600000    0.2358904
   0.6800000    0.1799460
   0.7000000    0.1247963
   0.7200000    0.0708946
   0.7400000    0.0186699
   0.7600000   -0.0314985
   0.7800000   -0.0792976
   0.8000000   -0.1244880
   0.8200000   -0.1669013
   0.8400000   -0.2064300
   0.8600000   -0.2430126
   0.8800000   -0.2766161
   0.9000000   -0.3072200
   0.9200000   -0.3348012
   0.9400000   -0.3593233
   0.9600000   -0.3807292
   0.9800000   -0.3989384
   1.0000000   -0.4138489
   1.0200000   -0.4253434
   1.0400000   -0.4333003
   1.0600000   -0.4376096
   1.0800000   -0.4381907
   1.1000000   -0.4350133
   1.1200000   -0.4281152
   1.1400000   -0.4176178
   1.1600000   -0.4037339
   1.1800000   -0.3867655
   1.2000000   -0.3670931
   1.2200000   -0.3451531
   1.2400000   -0.3214090
   1.2600000   -0.2963172
   1.2800000   -0.2702946
   1.3000000   -0.2436892
   1.3200000   -0.2167619
   1.3400000   -0.1896782
   1.3600000   -0.1625141
   1.3800000   -0.1352727
   1.4000000   -0.1079099
   1.4200000   -0.0803657
   1.4400000   -0.0525949
   1.4600000   -0.0245944
   1.4800000    0.0035771
   1.5000000    0.0317886
   1.5200000    0.0598371
   1.5400000    0.0874571
   1.5600000    0.1143368
   1.5800000    0.1401395
   1.6000000    0.1645274
   1.6200000    0.1871830
   1.6400000    0.2078286
   1.6600000    0.2262412
   1.6800000    0.2422621
   1.7000000    0.2558023
   1.7200000    0.2668427
   1.7400000    0.2754313
   1.7600000    0.2816770
   1.7800000    0.2857412
   1.8000000    0.2878271
   1.8200000    0.2881670
   1.8400000    0.2870087
   1.8600000    0.2846007
   1.8800000    0.2811774
   1.9000000    0.2769467
   1.9200000    0.2720798
   1.9400000    0.2667056
   1.9600000    0.2609108
   1.9800000    0.2547447
   2.0000000    0.2482298
   2.0200000    0.2413749
   2.0400000    0.2341900
   2.0600000    0.2266992
   2.0800000    0.2189505
   2.1000000    0.2110203
   2.1200000    0.2030117
   2.1400000    0.1950468
   2.1600000    0.1872556
   2.1800000    0.1797609
   2.2000000    0.1726644
   2.2200000    0.1660340
   2.2400000    0.1598947
   2.2600000    0.1542248
   2.2800000    0.1489568
   2.3000000    0.1439829
   2.3200000    0.1391637
   2.3400000    0.1343394
   2.3600000    0.1293414
   2.3800000    0.1240034
   2.4000000    0.1181709
   2.4200000    0.1117089
   2.4400000    0.1045074
   2.4600000    0.0964860
   2.4800000    0.0875965
   2.5000000    0.0778261
   2.5200000    0.0671999
   2.5400000    0.0557841
   2.5600000    0.0436888
   2.5800000    0.0310707
   2.6000000    0.0181334
   2.6200000    0.0051252
   2.6400000   -0.0076670
   2.6600000   -0.0199291
   2.6800000   -0.0313352
   2.7000000   -0.0415685
   2.7200000   -0.0503442
   2.7400000   -0.0574339
   2.7600000   -0.0626879
   2.7800000   -0.0660535
   2.8000000   -0.0675855
   2.8200000   -0.0674483
   2.8400000   -0.0659077
   2.8600000   -0.0633130
   2.8800000   -0.0600702
   2.9000000   -0.0566093
   2.9200000   -0.0533483
   2.9400000   -0.0506582
   2.9600000   -0.0488317
   2.9800000   -0.0480603
   3.0000000   -0.0484199
   3.0200000   -0.0498694
   3.0400000   -0.0522589
   3.0600000   -0.0553488
   3.0800000   -0.0588366
   3.1000000   -0.0623884
   3.1200000   -0.0656706
   3.1400000   -0.0683802
   3.1600000   -0.0702687
   3.1800000   -0.0711590
   3.2000000   -0.0709520
   3.2200000   -0.0696259
   3.2400000   -0.0672263
   3.2600000   -0.0638517
   3.2800000   -0.0596346
   3.3000000   -0.0547226
   3.3200000   -0.0492614
   3.3400000   -0.0433799
   3.3600000   -0.0371812
   3.3800000   -0.0307377
   3.4000000   -0.0240899
   3.4200000   -0.0172502
   3.4400000   -0.0102084
   3.4600000   -0.0029395
   3.4800000    0.0045877
   3.5000000    0.0124008
   3.5200000    0.0205150
   3.5400000    0.0289241
   3.5600000    0.0375929
   3.5800000    0.0464511
   3.6000000    0.0553901
   3.6200000    0.0642625
   3.6400000    0.0728862
   3.6600000    0.0810520
   3.6800000    0.0885360
   3.7000000    0.0951150
   3.7200000    0.1005845
   3.7400000    0.1047773
   3.7600000    0.1075809
   3.7800000    0.1089518
   3.8000000    0.1089242
   3.8200000    0.1076126
   3.8400000    0.1052058
   3.8600000    0.1019543
   3.8800000    0.0981489
   3.9000000    0.0940951
   3.9200000    0.0900836
   3.9400000    0.0863609
   3.9600000    0.0831034
   3.9800000    0.0803985
   4.0000000    0.0782341
   4.0200000    0.0765002
   4.0400000    0.0750017
   4.0600000    0.0734812
   4.0800000    0.0716494
   4.1000000    0.0692200
   4.1200000    0.0659432
   4.1400000    0.0616349
   4.1600000    0.0561965
   4.1800000    0.0496244
   4.2000000    0.0420061
   4.2200000    0.0335061
   4.2400000    0.0243425
   4.2600000    0.0147586
   4.2800000    0.0049940
   4.3000000   -0.0047408
   4.3200000   -0.0142832
   4.3400000   -0.0235277
   4.3600000   -0.0324256
   4.3800000   -0.0409757
   4.4000000   -0.0492088
   4.4200000   -0.0571692
   4.4400000   -0.0648965
   4.4600000   -0.0724111
   4.4800000   -0.0797058
   4.5000000   -0.0867441
   4.5200000   -0.0934648
   4.5400000   -0.0997917
   4.5600000   -0.1056450
   4.5800000   -0.1109527
   4.6000000   -0.1156590
   4.6200000   -0.1197277
   4.6400000   -0.1231414
   4.6600000   -0.1258954
   4.6800000   -0.1279895
   4.7000000   -0.1294177
   4.7200000   -0.1301599
   4.7400000   -0.1301760
   4.7600000   -0.1294029
   4.7800000   -0.1277567
   4.8000000   -0.1251373
   4.8200000   -0.1214361
   4.8400000   -0.1165455
   4.8600000   -0.1103681
   4.8800000   -0.1028267
   4.9000000   -0.0938721
   4.9200000   -0.0834904
   4.9400000   -0.0717084
   4.9600000   -0.0585963
   4.9800000   -0.0442686
   5.0000000   -0.0288817
   5.0200000   -0.0126286
   5.0400000    0.0042700
   5.0600000    0.0215771
   5.0800000    0.0390535
   5.1000000    0.0564707
   5.1200000    0.0736243
   5.1400000    0.0903428
   5.1600000    0.1064915
   5.1800000    0.1219713
   5.2000000    0.1367102
   5.2200000    0.1506503
   5.2400000    0.1637321
   5.2600000    0.1758780
   5.2800000    0.1869782
   5.3000000    0.1968832
   5.3200000    0.2054029
   5.3400000    0.2123146
   5.3600000    0.2173788
   5.3800000    0.2203605
   5.4000000    0.2210536
   5.4200000    0.2193038
   5.4400000    0.2150277
   5.4600000    0.2082240
   5.4800000    0.1989758
   5.5000000    0.1874444
   5.5200000    0.1738543
   5.5400000    0.1584741
   5.5600000    0.1415945
   5.5800000    0.1235085
   5.6000000    0.1044950
   5.6200000    0.0848091
   5.6400000    0.0646790
   5.6600000    0.0443090
   5.6800000    0.0238870
   5.7000000    0.0035944
   5.7200000   -0.0163840
   5.7400000   -0.0358528
   5.7600000   -0.0546028
   5.7800000   -0.0724125
   5.8000000   -0.0890539
   5.8200000   -0.1043034
   5.8400000   -0.1179539
   5.8600000   -0.1298297
   5.8800000   -0.1397998
   5.9000000   -0.1477902
   5.9200000   -0.1537924
   5.9400000   -0.1578687
   5.9600000   -0.1601509
   5.9800000   -0.1608346
   6.0000000   -0.1601666
   6.0200000   -0.1584270
   6.0400000   -0.1559075
   6.0600000   -0.1528861
   6.0800000   -0.1496034
   6.1000000   -0.1462408
   6.1200000   -0.1429064
   6.1400000   -0.1396282
   6.1600000   -0.1363578
   6.1800000   -0.1329827
   6.2000000   -0.1293472
   6.2200000   -0.1252764
   6.2400000   -0.1206014
   6.2600000   -0.1151807
   6.2800000   -0.1089147
   6.3000000   -0.1017518
   6.3200000   -0.0936859
   6.3400000   -0.0847467
   6.3600000   -0.0749863
   6.3800000   -0.0644649
   6.4000000   -0.0532396
   6.4200000   -0.0413586
   6.4400000   -0.0288623
   6.4600000   -0.0157898
   6.4800000   -0.0021897
   6.5000000    0.0118670
   6.5200000    0.0262767
   6.5400000    0.0408968
   6.5600000    0.0555455
   6.5800000    0.0700074
   6.6000000    0.0840456
   6.6200000    0.0974159
   6.6400000    0.1098832
   6.6600000    0.1212349
   6.6800000    0.1312923
   6.7000000    0.1399159
   6.7200000    0.1470064
   6.7400000    0.1525017
   6.7600000    0.1563705
   6.7800000    0.1586057
   6.8000000    0.1592182
   6.8200000    0.1582320
   6.8400000    0.1556832
   6.8600000    0.1516203
   6.8800000    0.1461069
   6.9000000    0.1392256
   6.9200000    0.1310813
   6.9400000    0.1218032
   6.9600000    0.1115446
   6.9800000    0.1004807
   7.0000000    0.0888033
   7.0200000    0.0767139
   7.0400000    0.0644146
   7.0600000    0.0520993
   7.0800000    0.0399445
   7.1000000    0.0281003
   7.1200000    0.0166844
   7.1400000    0.0057775
   7.1600000   -0.0045785
   7.1800000   -0.0143787
   7.2000000   -0.0236499
   7.2200000   -0.0324418
   7.2400000   -0.0408155
   7.2600000   -0.0488297
   7.2800000   -0.0565263
   7.3000000   -0.0639174
   7.3200000   -0.0709750
   7.3400000   -0.0776249
   7.3600000   -0.0837469
   7.3800000   -0.0891801
   7.4000000   -0.0937339
   7.4200000   -0.0972030
   7.4400000   -0.0993839
   7.4600000   -0.1000921
   7.4800000   -0.0991760
   7.5000000   -0.0965277
   7.5200000   -0.0920896
   7.5400000   -0.0858565
   7.5600000   -0.0778742
   7.5800000   -0.0682378
   7.6000000   -0.0570888
   7.6200000   -0.0446134
   7.6400000   -0.0310435
   7.6600000   -0.0166574
   7.6800000   -0.0017812
   7.7000000    0.0132128
   7.7200000    0.0279117
   7.7400000    0.0418741
   7.7600000    0.0546486
   7.7800000    0.0657993
   7.8000000    0.0749348
   7.8200000    0.0817380
   7.8400000    0.0859930
   7.8600000    0.0876043
   7.8800000    0.0866056
   7.9000000    0.0831563
   7.9200000    0.0775250
   7.9400000    0.0700630
   7.9600000    0.0611711
   7.9800000    0.0512639
   8.0000000    0.0407367
   8.0200000    0.0299397
   8.0400000    0.0191611
   8.0600000    0.0086209
   8.0800000   -0.0015249
   8.1000000   -0.0111736
   8.1200000   -0.0202601
   8.1400000   -0.0287416
   8.1600000   -0.0365838
   8.1800000   -0.0437520
   8.2000000   -0.0502078
   8.2200000   -0.0559103
   8.2400000   -0.0608199
   8.2600000   -0.0649044
   8.2800000   -0.0681427
   8.3000000   -0.0705272
   8.3200000   -0.0720620
   8.3400000   -0.0727585
   8.3600000   -0.0726295
   8.3800000   -0.0716828
   8.4000000   -0.0699161
   8.4200000   -0.0673159
   8.4400000   -0.0638590
   8.4600000   -0.0595188
   8.4800000   -0.0542735
   8.5000000   -0.0481154
   8.5200000   -0.0410602
   8.5400000   -0.0331534
   8.5600000   -0.0244740
   8.5800000   -0.0151338
   8.6000000   -0.0052740
   8.6200000    0.0049409
   8.6400000    0.0153304
   8.6600000    0.0257055
   8.6800000    0.0358749
   8.7000000    0.0456501
   8.7200000    0.0548493
   8.7400000    0.0633005
   8.7600000    0.0708443
   8.7800000    0.0773377
   8.8000000    0.0826584
   8.8200000    0.0867099
   8.8400000    0.0894270
   8.8600000    0.0907796
   8.8800000    0.0907752
   8.9000000    0.0894585
   8.9200000    0.0869066
   8.9400000    0.0832218
   8.9600000    0.0785216
   8.9800000    0.0729271
   9.0000000    0.0665528
   9.0200000    0.0594975
   9.0400000    0.0518403
   9.0600000    0.0436395
   9.0800000    0.0349367
   9.1000000    0.0257641
   9.1200000    0.0161546
   9.1400000    0.0061515
   9.1600000   -0.0041821
   9.1800000   -0.0147569
   9.2000000   -0.0254545
   9.2200000   -0.0361282
   9.2400000   -0.0466077
   9.2600000   -0.0567069
   9.2800000   -0.0662340
   9.3000000   -0.0750023
   9.3200000   -0.0828420
   9.3400000   -0.0896107
   9.3600000   -0.0952017
   9.3800000   -0.0995518
   9.4000000   -0.1026441
   9.4200000   -0.1045102
   9.4400000   -0.1052268
   9.4600000   -0.1049109
   9.4800000   -0.1037112
   9.5000000   -0.1017966
   9.5200000   -0.0993442
   9.5400000   -0.0965251
   9.5600000   -0.0934907
   9.5800000   -0.0903602
   9.6000000   -0.0872101
   9.6200000   -0.0840659
   9.6400000   -0.0808985
   9.6600000   -0.0776239
   9.6800000   -0.0741077
   9.7000000   -0.0701750
   9.7200000   -0.0656242
   9.7400000   -0.0602448
   9.7600000   -0.0538380
   9.7800000   -0.0462387
   9.8000000   -0.0373354
   9.8200000   -0.0270883
   9.8400000   -0.0155404
   9.8600000   -0.0028229
   9.8800000    0.0108485
   9.9000000    0.0251845
   9.9200000    0.0398410
   9.9400000    0.0544426
   9.9600000    0.0686083
   9.9800000    0.0819786
  10.0000000    0.0942383
  10.0200000    0.1051349
  10.0400000    0.1144907
  10.0600000    0.1222062
  10.0800000    0.1282568
  10.1000000    0.1326824
  10.1200000    0.1355713
  10.1400000    0.1370409
  10.1600000    0.1372169
  10.1800000    0.1362147
  10.2000000    0.1341236
  10.2200000    0.1309969
  10.2400000    0.1268499
  10.2600000    0.1216643
  10.2800000    0.1153995
  10.3000000    0.1080094
  10.3200000    0.0994613
  10.3400000    0.0897544
  10.3600000    0.0789350
  10.3800000    0.0671062
  10.4000000    0.0544290
  10.4200000    0.0411175
  10.4400000    0.0274252
  10.4600000    0.0136277
  10.4800000    0.0000021
  10.5000000   -0.0131932
  10.5200000   -0.0257352
  10.5400000   -0.0374481
  10.5600000   -0.0482089
  10.5800000   -0.0579456
  10.6000000   -0.0666296
  10.6200000   -0.0742633
  10.6400000   -0.0808654
  10.6600000   -0.0864552
  10.6800000   -0.0910393
  10.7000000   -0.0946021
  10.7200000   -0.0971012
  10.7400000   -0.0984689
  10.7600000   -0.0986200
  10.7800000   -0.0974636
  10.8000000   -0.0949193
  10.8200000   -0.0909350
  10.8400000   -0.0855032
  10.8600000   -0.0786760
  10.8800000   -0.0705740
  10.9000000   -0.0613902
  10.9200000   -0.0513859
  10.9400000   -0.0408800
  10.9600000   -0.0302310
  10.9800000   -0.0198137
  11.0000000   -0.0099922
  11.0200000   -0.0010914
  11.0400000    0.0066295
  11.0600000    0.0129994
  11.0800000    0.0179505
  11.1000000    0.0215241
  11.1200000    0.0238659
  11.1400000    0.0252111
  11.1600000    0.0258593
  11.1800000    0.0261431
  11.2000000    0.0263929
  11.2200000    0.0269016
  11.2400000    0.0278943
  11.2600000    0.0295045
  11.2800000    0.0317616
  11.3000000    0.0345882
  11.3200000    0.0378093
  11.3400000    0.0411701
  11.3600000    0.0443604
  11.3800000    0.0470438
  11.4000000    0.0488866
  11.4200000    0.0495860
  11.4400000    0.0488942
  11.4600000    0.0466380
  11.4800000    0.0427335
  11.5000000    0.0371949
  11.5200000    0.0301387
  11.5400000    0.0217821
  11.5600000    0.0124367
  11.5800000    0.0024962
  11.6000000   -0.0075817
  11.6200000   -0.0172993
  11.6400000   -0.0261477
  11.6600000   -0.0336390
  11.6800000   -0.0393412
  11.7000000   -0.0429101
  11.7200000   -0.0441174
  11.7400000   -0.0428713
  11.7600000   -0.0392259
  11.7800000   -0.0333794
  11.8000000   -0.0256600
  11.8200000   -0.0165008
  11.8400000   -0.0064060
  11.8600000    0.0040883
  11.8800000    0.0144542
  11.9000000    0.0242105
  11.9200000    0.0329548
  11.9400000    0.0403870
  11.9600000    0.0463227
  11.9800000    0.0506952
  12.0000000    0.0535472
  12.0200000    0.0550128
  12.0400000    0.0552922
  12.0600000    0.0546224
  12.0800000    0.0532458
  12.1000000    0.0513807
  12.1200000    0.0491961
  12.1400000    0.0467944
  12.1600000    0.0442027
  12.1800000    0.0413747
  12.2000000    0.0382022
  12.2200000    0.0345364
  12.2400000    0.0302141
  12.2600000    0.0250888
  12.2800000    0.0190592
  12.3000000    0.0120946
  12.3200000    0.0042512
  12.3400000   -0.0043213
  12.3600000   -0.0133848
  12.3800000   -0.0226293
  12.4000000   -0.0316983
  12.4200000   -0.0402205
  12.4400000   -0.0478446
  12.4600000   -0.0542727
  12.4800000   -0.0592886
  12.5000000   -0.0627787
  12.5200000   -0.0647420
  12.5400000   -0.0652896
  12.5600000   -0.0646330
  12.5800000   -0.0630615
  12.6000000   -0.0609129
  12.6200000   -0.0585377
  12.6400000   -0.0562629
  12.6600000   -0.0543566
  12.6800000   -0.0529996
  12.7000000   -0.0522646
  12.7200000   -0.0521084
  12.7400000   -0.0523760
  12.7600000   -0.0528176
  12.7800000   -0.0531175
  12.8000000   -0.0529304
  12.8200000   -0.0519216
  12.8400000   -0.0498073
  12.8600000   -0.0463876
  12.8800000   -0.0415711
  12.9000000   -0.0353859
  12.9200000   -0.0279765
  12.9400000   -0.0195878
  12.9600000   -0.0105372
  12.9800000   -0.0011805
  13.0000000    0.0081259
  13.0200000    0.0170601
  13.0400000    0.0253633
  13.0600000    0.0328587
  13.0800000    0.0394590
  13.1000000    0.0451612
  13.1200000    0.0500317
  13.1400000    0.0541831
  13.1600000    0.0577459
  13.1800000    0.0608414
  13.2000000    0.0635568
  13.2200000    0.0659278
  13.2400000    0.0679309
  13.2600000    0.0694850
  13.2800000    0.0704632
  13.3000000    0.0707124
  13.3200000    0.0700780
  13.3400000    0.0684299
  13.3600000    0.0656868
  13.3800000    0.0618347
  13.4000000    0.0569383
  13.4200000    0.0511427
  13.4400000    0.0446660
  13.4600000    0.0377835
  13.4800000    0.0308050
  13.5000000    0.0240487
  13.5200000    0.0178135
  13.5400000    0.0123534
  13.5600000    0.0078556
  13.5800000    0.0044256
  13.6000000    0.0020790
  13.6200000    0.0007420
  13.6400000    0.0002596
  13.6600000    0.0004102
  13.6800000    0.0009267
  13.7000000    0.0015202
  13.7200000    0.0019065
  13.7400000    0.0018308
  13.7600000    0.0010906
  13.7800000   -0.0004459
  13.8000000   -0.0028280
  13.8200000   -0.0060171
  13.8400000   -0.0098890
  13.8600000   -0.0142443
  13.8800000   -0.0188243
  13.9000000   -0.0233335
  13.9200000   -0.0274640
  13.9400000   -0.0309221
  13.9600000   -0.0334527
  13.9800000   -0.0348608
  14.0000000   -0.0350270
  14.0200000   -0.0339169
  14.0400000   -0.0315837
  14.0600000   -0.0281633
  14.0800000   -0.0238649
  14.1000000   -0.0189554
  14.1200000   -0.0137425
  14.1400000   -0.0085548
  14.1600000   -0.0037217
  14.1800000    0.0004453
  14.2000000    0.0036705
  14.2200000    0.0057293
  14.2400000    0.0064606
  14.2600000    0.0057752
  14.2800000    0.0036596
  14.3000000    0.0001748
  14.3200000   -0.0045505
  14.3400000   -0.0103316
  14.3600000   -0.0169450
  14.3800000   -0.0241477
  14.4000000   -0.0316985
  14.4200000   -0.0393772
  14.4400000   -0.0470010
  14.4600000   -0.0544348
  14.4800000   -0.0615932
  14.5000000   -0.0684365
  14.5200000   -0.0749574
  14.5400000   -0.0811634
  14.5600000   -0.0870554
  14.5800000   -0.0926062
  14.6000000   -0.0977426
  14.6200000   -0.1023332
  14.6400000   -0.1061847
  14.6600000   -0.1090477
  14.6800000   -0.1106319
  14.7000000   -0.1106290
  14.7200000   -0.1087411
  14.7400000   -0.1047123
  14.7600000   -0.0983577
  14.7800000   -0.0895895
  14.8000000   -0.0784345
  14.8200000   -0.0650432
  14.8400000   -0.0496879
  14.8600000   -0.0327517
  14.8800000   -0.0147081
  14.9000000    0.0039054
  14.9200000    0.0225182
  14.9400000    0.0405594
  14.9600000    0.0574886
  14.9800000    0.0728247
  15.0000000    0.0861689
  15.0200000    0.0972228
  15.0400000    0.1057995
  15.0600000    0.1118278
  15.0800000    0.1153509
  15.1000000    0.1165175
  15.1200000    0.1155686
  15.1400000    0.1128182
  15.1600000    0.1086310
  15.1800000    0.1033956
  15.2000000    0.0974972
  15.2200000    0.0912893
  15.2400000    0.0850681
  15.2600000    0.0790508
  15.2800000    0.0733598
  15.3000000    0.0680156
  15.3200000    0.0629396
  15.3400000    0.0579661
  15.3600000    0.0528649
  15.3800000    0.0473712
  15.4000000    0.0412204
  15.4200000    0.0341841
  15.4400000    0.0261045
  15.4600000    0.0169206
  15.4800000    0.0066857
  15.5000000   -0.0044272
  15.5200000   -0.0161331
  15.5400000   -0.0280546
  15.5600000   -0.0397500
  15.5800000   -0.0507495
  15.6000000   -0.0605921
  15.6200000   -0.0688629
  15.6400000   -0.0752237
  15.6600000   -0.0794380
  15.6800000   -0.0813849
  15.7000000   -0.0810650
  15.7200000   -0.0785957
  15.7400000   -0.0741983
  15.7600000   -0.0681786
  15.7800000   -0.0609019
  15.8000000   -0.0527655
  15.8200000   -0.0441693
  15.8400000   -0.0354877
  15.8600000   -0.0270445
  15.8800000   -0.0190916
  15.9000000   -0.0117950
  15.9200000   -0.0052280
  15.9400000    0.0006273
  15.9600000    0.0058693
  15.9800000    0.0106584
  16.0000000    0.0151927
  16.0200000    0.0196793
  16.0400000    0.0243049
  16.0600000    0.0292085
  16.0800000    0.0344604
  16.1000000    0.0400486
  16.1200000    0.0458749
  16.1400000    0.0517620
  16.1600000    0.0574689
  16.1800000    0.0627152
  16.2000000    0.0672092
  16.2200000    0.0706780
  16.2400000    0.0728958
  16.2600000    0.0737078
  16.2800000    0.0730465
  16.3000000    0.0709405
  16.3200000    0.0675142
  16.3400000    0.0629789
  16.3600000    0.0576174
  16.3800000    0.0517628
  16.4000000    0.0457725
  16.4200000    0.0400021
  16.4400000    0.0347768
  16.4600000    0.0303671
  16.4800000    0.0269658
  16.5000000    0.0246724
  16.5200000    0.0234834
  16.5400000    0.0232914
  16.5600000    0.0238938
  16.5800000    0.0250101
  16.6000000    0.0263075
  16.6200000    0.0274328
  16.6400000    0.0280461
  16.6600000    0.0278553
  16.6800000    0.0266440
  16.7000000    0.0242927
  16.7200000    0.0207886
  16.7400000    0.0162229
  16.7600000    0.0107777
  16.7800000    0.0047027
  16.8000000   -0.0017149
  16.8200000   -0.0081823
  16.8400000   -0.0144318
  16.8600000   -0.0202460
  16.8800000   -0.0254751
  16.9000000   -0.0300449
  16.9200000   -0.0339555
  16.9400000   -0.0372712
  16.9600000   -0.0401043
  16.9800000   -0.0425955
  17.0000000   -0.0448927
  17.0200000   -0.0471309
  17.0400000   -0.0494160
  17.0600000   -0.0518124
  17.0800000   -0.0543361
  17.1000000   -0.0569535
  17.1200000   -0.0595853
  17.1400000   -0.0621143
  17.1600000   -0.0643983
  17.1800000   -0.0662843
  17.2000000   -0.0676245
  17.2200000   -0.0682918
  17.2400000   -0.0681931
  17.2600000   -0.0672804
  17.2800000   -0.0655558
  17.3000000   -0.0630731
  17.3200000   -0.0599326
  17.3400000   -0.0562719
  17.3600000   -0.0522524
  17.3800000   -0.0480432
  17.4000000   -0.0438050
  17.4200000   -0.0396747
  17.4400000   -0.0357531
  17.4600000   -0.0320967
  17.4800000   -0.0287155
  17.5000000   -0.0255754
  17.5200000   -0.0226060
  17.5400000   -0.0197128
  17.5600000   -0.0167919
  17.5800000   -0.0137449
  17.6000000   -0.0104935
  17.6200000   -0.0069901
  17.6400000   -0.0032244
  17.6600000    0.0007761
  17.6800000    0.0049512
  17.7000000    0.0092175
  17.7200000    0.0134818
  17.7400000    0.0176552
  17.7600000    0.0216656
  17.7800000    0.0254674
  17.8000000    0.0290444
  17.8200000    0.0324075
  17.8400000    0.0355860
  17.8600000    0.0386148
  17.8800000    0.0415182
  17.9000000    0.0442949
  17.9200000    0.0469065
  17.9400000    0.0492707
  17.9600000    0.0512620
  17.9800000    0.0527201
  18.0000000    0.0534643
  18.0200000    0.0533132
  18.0400000    0.0521059
  18.0600000    0.0497233
  18.0800000    0.0461049
  18.1000000    0.0412610
  18.1200000    0.0352775
  18.1400000    0.0283131
  18.1600000    0.0205902
  18.1800000    0.0123801
  18.2000000    0.0039837
  18.2200000   -0.0042889
  18.2400000   -0.0121396
  18.2600000   -0.0193022
  18.2800000   -0.0255582
  18.3000000   -0.0307500
  18.3200000   -0.0347886
  18.3400000   -0.0376562
  18.3600000   -0.0394048
  18.3800000   -0.0401491
  18.4000000   -0.0400558
  18.4200000   -0.0393309
  18.4400000   -0.0382033
  18.4600000   -0.0369098
  18.4800000   -0.0356789
  18.5000000   -0.0347165
  18.5200000   -0.0341935
  18.5400000   -0.0342360
  18.5600000   -0.0349175
  18.5800000   -0.0362541
  18.6000000   -0.0382025
  18.6200000   -0.0406607
  18.6400000   -0.0434719
  18.6600000   -0.0464314
  18.6800000   -0.0492968
  18.7000000   -0.0518026
  18.7200000   -0.0536766
  18.7400000   -0.0546595
  18.7600000   -0.0545262
  18.7800000   -0.0531057
  18.8000000   -0.0503006
  18.8200000   -0.0461016
  18.8400000   -0.0405963
  18.8600000   -0.0339712
  18.8800000   -0.0265045
  18.9000000   -0.0185513
  18.9200000   -0.0105193
  18.9400000   -0.0028401
  18.9600000    0.0040649
  18.9800000    0.0098190
  19.0000000    0.0141214
  19.0200000    0.0167735
  19.0400000    0.0176956
  19.0600000    0.0169334
  19.0800000    0.0146529
  19.1000000    0.0111247
  19.1200000    0.0066990
  19.1400000    0.0017742
  19.1600000   -0.0032377
  19.1800000   -0.0079447
  19.2000000   -0.0120058
  19.2200000   -0.0151546
  19.2400000   -0.0172161
  19.2600000   -0.0181135
  19.2800000   -0.0178672
  19.3000000   -0.0165847
  19.3200000   -0.0144452
  19.3400000   -0.0116783
  19.3600000   -0.0085411
  19.3800000   -0.0052939
  19.4000000   -0.0021773
  19.4200000    0.0006071
  19.4400000    0.0029119
  19.4600000    0.0046534
  19.4800000    0.0058137
  19.5000000    0.0064376
  19.5200000    0.0066219
  19.5400000    0.0064997
  19.5600000    0.0062211
  19.5800000    0.0059315
  19.6000000    0.0057508
  19.6200000    0.0057551
  19.6400000    0.0059634
  19.6600000    0.0063310
  19.6800000    0.0067508
  19.7000000    0.0070618
  19.7200000    0.0070655
  19.7400000    0.0065466
  19.7600000    0.0052974
  19.7800000    0.0031419
  19.8000000   -0.0000425
  19.8200000   -0.0043088
  19.8400000   -0.0096310
  19.8600000   -0.0159028
  19.8800000   -0.0229448
  19.9000000   -0.0305187
  19.9200000   -0.0383467
  19.9400000   -0.0461353
  19.9600000   -0.0535981
  19.9800000   -0.0604781
  20.0000000   -0.0665651
  20.0200000   -0.0717073
  20.0400000   -0.0758163
  20.0600000   -0.0788658
  20.0800000   -0.0808834
  20.1000000   -0.0819388
  20.1200000   -0.0821289
  20.1400000   -0.0815623
  20.1600000   -0.0803460
  20.1800000   -0.0785753
  20.2000000   -0.0763273
  20.2200000   -0.0736612
  20.2400000   -0.0706218
  20.2600000   -0.0672477
  20.2800000   -0.0635813
  20.3000000   -0.0596791
  20.3200000   -0.0556204
  20.3400000   -0.0515130
  20.3600000   -0.0474930
  20.3800000   -0.0437210
  20.4000000   -0.0403716
  20.4200000   -0.0376203
  20.4400000   -0.0356273
  20.4600000   -0.0345205
  20.4800000   -0.0343810
  20.5000000   -0.0352316
  20.5200000   -0.0370307
  20.5400000   -0.0396712
  20.5600000   -0.0429867
  20.5800000   -0.0467620
  20.6000000   -0.0507482
  20.6200000   -0.0546803
  20.6400000   -0.0582964
  20.6600000   -0.0613550
  20.6800000   -0.0636507
  20.7000000   -0.0650259
  20.7200000   -0.0653784
  20.7400000   -0.0646629
  20.7600000   -0.0628887
  20.7800000   -0.0601117
  20.8000000   -0.0564224
  20.8200000   -0.0519307
  20.8400000   -0.0467495
  20.8600000   -0.0409777
  20.8800000   -0.0346860
  20.9000000   -0.0279071
  20.9200000   -0.0206311
  20.9400000   -0.0128100
  20.9600000   -0.0043689
  20.9800000    0.0047740
  21.0000000    0.0146827
  21.0200000    0.0253756
  21.0400000    0.0367999
  21.0600000    0.0488111
  21.0800000    0.0611628
  21.1000000    0.0735097
  21.1200000    0.0854245
  21.1400000    0.0964279
  21.1600000    0.1060294
  21.1800000    0.1137734
  21.2000000    0.1192850
  21.2200000    0.1223089
  21.2400000    0.1227366
  21.2600000    0.1206180
  21.2800000    0.1161554
  21.3000000    0.1096808
  21.3200000    0.1016210
  21.3400000    0.0924532
  21.3600000    0.0826596
  21.3800000    0.0726839
  21.4000000    0.0628973
  21.4200000    0.0535757
  21.4400000    0.0448896
  21.4600000    0.0369074
  21.4800000    0.0296090
  21.5000000    0.0229065
  21.5200000    0.0166693
  21.5400000    0.0107493
  21.5600000    0.0050041
  21.5800000   -0.0006849
  21.6000000   -0.0063987
  21.6200000   -0.0121730
  21.6400000   -0.0179962
  21.6600000   -0.0238102
  21.6800000   -0.0295166
  21.7000000   -0.0349848
  21.7200000   -0.0400628
  21.7400000   -0.0445902
  21.7600000   -0.0484119
  21.7800000   -0.0513927
  21.8000000   -0.0534318
  21.8200000   -0.0544750
  21.8400000   -0.0545242
  21.8600000   -0.0536422
  21.8800000   -0.0519528
  21.9000000   -0.0496342
  21.9200000   -0.0469072
  21.9400000   -0.0440183
  21.9600000   -0.0412200
  21.9800000   -0.0387491
  22.0000000   -0.0368075
  22.0200000   -0.0355447
  22.0400000   -0.0350464
  22.0600000   -0.0353295
  22.0800000   -0.0363428
  22.1000000   -0.0379751
  22.1200000   -0.0400684
  22.1400000   -0.0424347
  22.1600000   -0.0448756
  22.1800000   -0.0472010
  22.2000000   -0.0492470
  22.2200000   -0.0508897
  22.2400000   -0.0520542
  22.2600000   -0.0527182
  22.2800000   -0.0529095
  22.3000000   -0.0526984
  22.3200000   -0.0521851
  22.3400000   -0.0514843
  22.3600000   -0.0507085
  22.3800000   -0.0499522
  22.4000000   -0.0492782
  22.4200000   -0.0487093
  22.4400000   -0.0482241
  22.4600000   -0.0477601
  22.4800000   -0.0472207
  22.5000000   -0.0464881
  22.5200000   -0.0454376
  22.5400000   -0.0439542
  22.5600000   -0.0419461
  22.5800000   -0.0393564
  22.6000000   -0.0361697
  22.6200000   -0.0324136
  22.6400000   -0.0281544
  22.6600000   -0.0234889
  22.6800000   -0.0185331
  22.7000000   -0.0134082
  22.7200000   -0.0082283
  22.7400000   -0.0030883
  22.7600000    0.0019444
  22.7800000    0.0068347
  22.8000000    0.0115805
  22.8200000    0.0162097
  22.8400000    0.0207735
  22.8600000    0.0253364
  22.8800000    0.0299650
  22.9000000    0.0347150
  22.9200000    0.0396181
  22.9400000    0.0446699
  22.9600000    0.0498202
  22.9800000    0.0549659
  23.0000000    0.0599496
  23.0200000    0.0645622
  23.0400000    0.0685536
  23.0600000    0.0716478
  23.0800000    0.0735648
  23.1000000    0.0740458
  23.1200000    0.0728803
  23.1400000    0.0699315
  23.1600000    0.0651576
  23.1800000    0.0586257
  23.2000000    0.0505158
  23.2200000    0.0411141
  23.2400000    0.0307955
  23.2600000    0.0199970
  23.2800000    0.0091845
  23.3000000   -0.0011835
  23.3200000   -0.0106909
  23.3400000   -0.0189949
  23.3600000   -0.0258480
  23.3800000   -0.0311117
  23.4000000   -0.0347581
  23.4200000   -0.0368630
  23.4400000   -0.0375898
  23.4600000   -0.0371675
  23.4800000   -0.0358665
  23.5000000   -0.0339728
  23.5200000   -0.0317649
  23.5400000   -0.0294939
  23.5600000   -0.0273685
  23.5800000   -0.0255444
  23.6000000   -0.0241192
  23.6200000   -0.0231315
  23.6400000   -0.0225641
  23.6600000   -0.0223498
  23.6800000   -0.0223813
  23.7000000   -0.0225221
  23.7200000   -0.0226197
  23.7400000   -0.0225187
  23.7600000   -0.0220740
  23.7800000   -0.0211624
  23.8000000   -0.0196918
  23.8200000   -0.0176076
  23.8400000   -0.0148941
  23.8600000   -0.0115742
  23.8800000   -0.0077047
  23.9000000   -0.0033690
  23.9200000    0.0013301
  23.9400000    0.0062797
  23.9600000    0.0113638
  23.9800000    0.0164705
  24.0000000    0.0214960
  24.0200000    0.0263483
  24.0400000    0.0309477
  24.0600000    0.0352269
  24.0800000    0.0391294
  24.1000000    0.0426072
  24.1200000    0.0456190
  24.1400000    0.0481274
  24.1600000    0.0500977
  24.1800000    0.0514969
  24.2000000    0.0522939
  24.2200000    0.0524607
  24.2400000    0.0519738
  24.2600000    0.0508164
  24.2800000    0.0489809
  24.3000000    0.0464703
  24.3200000    0.0433003
  24.3400000    0.0394999
  24.3600000    0.0351129
  24.3800000    0.0301985
  24.4000000    0.0248327
  24.4200000    0.0191099
  24.4400000    0.0131437
  24.4600000    0.0070688
  24.4800000    0.0010405
  24.5000000   -0.0047668
  24.5200000   -0.0101638
  24.5400000   -0.0149535
  24.5600000   -0.0189398
  24.5800000   -0.0219400
  24.6000000   -0.0237966
  24.6200000   -0.0243896
  24.6400000   -0.0236461
  24.6600000   -0.0215465
  24.6800000   -0.0181263
  24.7000000   -0.0134722
  24.7200000   -0.0077135
  24.7400000   -0.0010100
  24.7600000    0.0064635
  24.7800000    0.0145312
  24.8000000    0.0230300
  24.8200000    0.0318180
  24.8400000    0.0407786
  24.8600000    0.0498179
  24.8800000    0.0588579
  24.9000000    0.0678245
  24.9200000    0.0766341
  24.9400000    0.0851811
  24.9600000    0.0933282
  24.9800000    0.1009024
  25.0000000    0.1076977
  25.0200000    0.1134851
  25.0400000    0.1180283
  25.0600000    0.1211041
  25.0800000    0.1225234
  25.1000000    0.1221506
  25.1200000    0.1199183
  25.1400000    0.1158348
  25.1600000    0.1099837
  25.1800000    0.1025158
  25.2000000    0.0936353
  25.2200000    0.0835823
  25.2400000    0.0726147
  25.2600000    0.0609929
  25.2800000    0.0489679
  25.3000000    0.0367756
  25.3200000    0.0246359
  25.3400000    0.0127557
  25.3600000    0.0013338
  25.3800000   -0.0094342
  25.4000000   -0.0193537
  25.4200000   -0.0282325
  25.4400000   -0.0358867
  25.4600000   -0.0421499
  25.4800000   -0.0468857
  25.5000000   -0.0500008
  25.5200000   -0.0514561
  25.5400000   -0.0512761
  25.5600000   -0.0495518
  25.5800000   -0.0464396
  25.6000000   -0.0421536
  25.6200000   -0.0369530
  25.6400000   -0.0311247
  25.6600000   -0.0249645
  25.6800000   -0.0187564
  25.7000000   -0.0127530
  25.7200000   -0.0071593
  25.7400000   -0.0021200
  25.7600000    0.0022874
  25.7800000    0.0060542
  25.8000000    0.0092351
  25.8200000    0.0119387
  25.8400000    0.0143126
  25.8600000    0.0165257
  25.8800000    0.0187494
  25.9000000    0.0211390
  25.9200000    0.0238168
  25.9400000    0.0268598
  25.9600000    0.0302909
  25.9800000    0.0340769
  26.0000000    0.0381309
  26.0200000    0.0423208
  26.0400000    0.0464822
  26.0600000    0.0504339
  26.0800000    0.0539952
  26.1000000    0.0570026
  26.1200000    0.0593250
  26.1400000    0.0608745
  26.1600000    0.0616134
  26.1800000    0.0615559
  26.2000000    0.0607651
  26.2200000    0.0593453
  26.2400000    0.0574315
  26.2600000    0.0551769
  26.2800000    0.0527398
  26.3000000    0.0502710
  26.3200000    0.0479036
  26.3400000    0.0457449
  26.3600000    0.0438707
  26.3800000    0.0423237
  26.4000000    0.0411126
  26.4200000    0.0402150
  26.4400000    0.0395803
  26.4600000    0.0391341
  26.4800000    0.0387836
  26.5000000    0.0384220
  26.5200000    0.0379346
  26.5400000    0.0372047
  26.5600000    0.0361196
  26.5800000    0.0345774
  26.6000000    0.0324936
  26.6200000    0.0298080
  26.6400000    0.0264905
  26.6600000    0.0225448
  26.6800000    0.0180114
  26.7000000    0.0129669
  26.7200000    0.0075211
  26.7400000    0.0018105
  26.7600000   -0.0040098
  26.7800000   -0.0097767
  26.8000000   -0.0153314
  26.8200000   -0.0205308
  26.8400000   -0.0252591
  26.8600000   -0.0294371
  26.8800000   -0.0330282
  26.9000000   -0.0360410
  26.9200000   -0.0385266
  26.9400000   -0.0405722
  26.9600000   -0.0422886
  26.9800000   -0.0437955
  27.0000000   -0.0452036
  27.0200000   -0.0465971
  27.0400000   -0.0480176
  27.0600000   -0.0494532
  27.0800000   -0.0508330
  27.1000000   -0.0520293
  27.1200000   -0.0528679
  27.1400000   -0.0531450
  27.1600000   -0.0526492
  27.1800000   -0.0511857
  27.2000000   -0.0486006
  27.2200000   -0.0448003
  27.2400000   -0.0397651
  27.2600000   -0.0335543
  27.2800000   -0.0263031
  27.3000000   -0.0182112
  27.3200000   -0.0095263
  27.3400000   -0.0005239
  27.3600000    0.0085126
  27.3800000    0.0173092
  27.4000000    0.0256139
  27.4200000    0.0332041
  27.4400000    0.0398888
  27.4600000    0.0455069
  27.4800000    0.0499238
  27.5000000    0.0530286
  27.5200000    0.0547336
  27.5400000    0.0549765
  27.5600000    0.0537273
  27.5800000    0.0509956
  27.6000000    0.0468404
  27.6200000    0.0413762
  27.6400000    0.0347760
  27.6600000    0.0272690
  27.6800000    0.0191302
  27.7000000    0.0106653
  27.7200000    0.0021901
  27.7400000   -0.0059930
  27.7600000   -0.0136180
  27.7800000   -0.0204762
  27.8000000   -0.0264311
  27.8200000   -0.0314272
  27.8400000   -0.0354911
  27.8600000   -0.0387243
  27.8800000   -0.0412899
  27.9000000   -0.0433936
  27.9200000   -0.0452618
  27.9400000   -0.0471177
  27.9600000   -0.0491594
  27.9800000   -0.0515403
  28.0000000   -0.0543539
  28.0200000   -0.0576257
  28.0400000   -0.0613107
  28.0600000   -0.0652984
  28.0800000   -0.0694249
  28.1000000   -0.0734891
  28.1200000   -0.0772737
  28.1400000   -0.0805661
  28.1600000   -0.0831791
  28.1800000   -0.0849665
  28.2000000   -0.0858340
  28.2200000   -0.0857426
  28.2400000   -0.0847045
  28.2600000   -0.0827738
  28.2800000   -0.0800318
  28.3000000   -0.0765717
  28.3200000   -0.0724833
  28.3400000   -0.0678418
  28.3600000   -0.0627016
  28.3800000   -0.0570958
  28.4000000   -0.0510414
  28.4200000   -0.0445487
  28.4400000   -0.0376319
  28.4600000   -0.0303200
  28.4800000   -0.0226649
  28.5000000   -0.0147448
  28.5200000   -0.0066636
  28.5400000    0.0014549
  28.5600000    0.0094753
  28.5800000    0.0172611
  28.6000000    0.0246847
  28.6200000    0.0316352
  28.6400000    0.0380236
  28.6600000    0.0437845
  28.6800000    0.0488750
  28.7000000    0.0532702
  28.7200000    0.0569588
  28.7400000    0.0599369
  28.7600000    0.0622036
  28.7800000    0.0637570
  28.8000000    0.0645928
  28.8200000    0.0647040
  28.8400000    0.0640829
  28.8600000    0.0627249
  28.8800000    0.0606332
  28.9000000    0.0578252
  28.9200000    0.0543376
  28.9400000    0.0502327
  28.9600000    0.0456009
  28.9800000    0.0405614
  29.0000000    0.0352596
  29.0200000    0.0298589
  29.0400000    0.0245300
  29.0600000    0.0194368
  29.0800000    0.0147201
  29.1000000    0.0104830
  29.1200000    0.0067777
  29.1400000    0.0035986
  29.1600000    0.0008803
  29.1800000   -0.0014969
  29.2000000   -0.0036948
  29.2200000   -0.0059004
  29.2400000   -0.0083050
  29.2600000   -0.0110840
  29.2800000   -0.0143773
  29.3000000   -0.0182742
  29.3200000   -0.0228041
  29.3400000   -0.0279328
  29.3600000   -0.0335648
  29.3800000   -0.0395499
  29.4000000   -0.0456938
  29.4200000   -0.0517706
  29.4400000   -0.0575356
  29.4600000   -0.0627388
  29.4800000   -0.0671381
  29.5000000   -0.0705115
  29.5200000   -0.0726700
  29.5400000   -0.0734691
  29.5600000   -0.0728197
  29.5800000   -0.0706964
  29.6000000   -0.0671423
  29.6200000   -0.0622687
  29.6400000   -0.0562478
  29.6600000   -0.0492995
  29.6800000   -0.0416720
  29.7000000   -0.0336184
  29.7200000   -0.0253735
  29.7400000   -0.0171321
  29.7600000   -0.0090351
  29.7800000   -0.0011634
  29.8000000    0.0064572
  29.8200000    0.0138417
  29.8400000    0.0210249
  29.8600000    0.0280364
  29.8800000    0.0348776
  29.9000000    0.0415039
  29.9200000    0.0478172
  29.9400000    0.0536685
  29.9600000    0.0588728
  29.9800000    0.0632320
  30.0000000    0.0665634
