 -10.0000000   -0.0075422
  -9.9800000   -0.0072048
  -9.9600000   -0.0065301
  -9.9400000   -0.0054819
  -9.9200000   -0.0040469
  -9.9000000   -0.0022350
  -9.8800000   -0.0000783
  -9.8600000    0.0023731
  -9.8400000    0.0050557
  -9.8200000    0.0078990
  -9.8000000    0.0108315
  -9.7800000    0.0137867
  -9.7600000    0.0167075
  -9.7400000    0.0195487
  -9.7200000    0.0222783
  -9.7000000    0.0248760
  -9.6800000    0.0273299
  -9.6600000    0.0296331
  -9.6400000    0.0317788
  -9.6200000    0.0337564
  -9.6000000    0.0355490
  -9.5800000    0.0371316
  -9.5600000    0.0384721
  -9.5400000    0.0395334
  -9.5200000    0.0402771
  -9.5000000    0.0406680
  -9.4800000    0.0406787
  -9.4600000    0.0402932
  -9.4400000    0.0395097
  -9.4200000    0.0383410
  -9.4000000    0.0368141
  -9.3800000    0.0349670
  -9.3600000    0.0328455
  -9.3400000    0.0304981
  -9.3200000    0.0279718
  -9.3000000    0.0253078
  -9.2800000    0.0225393
  -9.2600000    0.0196894
  -9.2400000    0.0167714
  -9.2200000    0.0137908
  -9.2000000    0.0107476
  -9.1800000    0.0076401
  -9.1600000    0.0044688
  -9.1400000    0.0012405
  -9.1200000   -0.0020292
  -9.1000000   -0.0053128
  -9.0800000   -0.0085704
  -9.0600000   -0.0117501
  -9.0400000   -0.0147889
  -9.0200000   -0.0176162
  -9.0000000   -0.0201570
  -8.9800000   -0.0223364
  -8.9600000   -0.0240838
  -8.9400000   -0.0253378
  -8.9200000   -0.0260494
  -8.9000000   -0.0261858
  -8.8800000   -0.0257317
  -8.8600000   -0.0246906
  -8.8400000   -0.0230840
  -8.8200000   -0.0209498
  -8.8000000   -0.0183400
  -8.7800000   -0.0153173
  -8.7600000   -0.0119521
  -8.7400000   -0.0083190
  -8.7200000   -0.0044943
  -8.7000000   -0.0005538
  -8.6800000    0.0034284
  -8.6600000    0.0073810
  -8.6400000    0.0112359
  -8.6200000    0.0149287
  -8.6000000    0.0183996
  -8.5800000    0.0215939
  -8.5600000    0.0244640
  -8.5400000    0.0269700
  -8.5200000    0.0290816
  -8.5000000    0.0307784
  -8.4800000    0.0320498
  -8.4600000    0.0328938
  -8.4400000    0.0333148
  -8.4200000    0.0333204
  -8.4000000    0.0329181
  -8.3800000    0.0321123
  -8.3600000    0.0309013
  -8.3400000    0.0292771
  -8.3200000    0.0272258
  -8.3000000    0.0247305
  -8.2800000    0.0217764
  -8.2600000    0.0183570
  -8.2400000    0.0144817
  -8.2200000    0.0101827
  -8.2000000    0.0055211
  -8.1800000    0.0005911
  -8.1600000   -0.0044790
  -8.1400000   -0.0095298
  -8.1200000   -0.0143769
  -8.1000000   -0.0188210
  -8.0800000   -0.0226604
  -8.0600000   -0.0257052
  -8.0400000   -0.0277917
  -8.0200000   -0.0287952
  -8.0000000   -0.0286407
  -7.9800000   -0.0273097
  -7.9600000   -0.0248430
  -7.9400000   -0.0213387
  -7.9200000   -0.0169470
  -7.9000000   -0.0118600
  -7.8800000   -0.0062996
  -7.8600000   -0.0005030
  -7.8400000    0.0052921
  -7.8200000    0.0108637
  -7.8000000    0.0160185
  -7.7800000    0.0206047
  -7.7600000    0.0245207
  -7.7400000    0.0277203
  -7.7200000    0.0302135
  -7.7000000    0.0320633
  -7.6800000    0.0333775
  -7.6600000    0.0342970
  -7.6400000    0.0349818
  -7.6200000    0.0355942
  -7.6000000    0.0362833
  -7.5800000    0.0371693
  -7.5600000    0.0383323
  -7.5400000    0.0398031
  -7.5200000    0.0415597
  -7.5000000    0.0435284
  -7.4800000    0.0455892
  -7.4600000    0.0475860
  -7.4400000    0.0493392
  -7.4200000    0.0506606
  -7.4000000    0.0513690
  -7.3800000    0.0513052
  -7.3600000    0.0503441
  -7.3400000    0.0484048
  -7.3200000    0.0454562
  -7.3000000    0.0415189
  -7.2800000    0.0366626
  -7.2600000    0.0310002
  -7.2400000    0.0246781
  -7.2200000    0.0178651
  -7.2000000    0.0107403
  -7.1800000    0.0034803
  -7.1600000   -0.0037513
  -7.1400000   -0.0108132
  -7.1200000   -0.0175925
  -7.1000000   -0.0240080
  -7.0800000   -0.0300096
  -7.0600000   -0.0355753
  -7.0400000   -0.0407054
  -7.0200000   -0.0454147
  -7.0000000   -0.0497245
  -6.9800000   -0.0536539
  -6.9600000   -0.0572128
  -6.9400000   -0.0603972
  -6.9200000   -0.0631869
  -6.9000000   -0.0655463
  -6.8800000   -0.0674285
  -6.8600000   -0.0687815
  -6.8400000   -0.0695560
  -6.8200000   -0.0697143
  -6.8000000   -0.0692381
  -6.7800000   -0.0681349
  -6.7600000   -0.0664412
  -6.7400000   -0.0642240
  -6.7200000   -0.0615774
  -6.7000000   -0.0586176
  -6.6800000   -0.0554746
  -6.6600000   -0.0522824
  -6.6400000   -0.0491698
  -6.6200000   -0.0462495
  -6.6000000   -0.0436109
  -6.5800000   -0.0413130
  -6.5600000   -0.0393816
  -6.5400000   -0.0378080
  -6.5200000   -0.0365517
  -6.5000000   -0.0355449
  -6.4800000   -0.0346992
  -6.4600000   -0.0339134
  -6.4400000   -0.0330819
  -6.4200000   -0.0321028
  -6.4000000   -0.0308844
  -6.3800000   -0.0293508
  -6.3600000   -0.0274446
  -6.3400000   -0.0251283
  -6.3200000   -0.0223841
  -6.3000000   -0.0192108
  -6.2800000   -0.0156222
  -6.2600000   -0.0116426
  -6.2400000   -0.0073044
  -6.2200000   -0.0026452
  -6.2000000    0.0022937
  -6.1800000    0.0074685
  -6.1600000    0.0128326
  -6.1400000    0.0183357
  -6.1200000    0.0239230
  -6.1000000    0.0295337
  -6.0800000    0.0351000
  -6.0600000    0.0405470
  -6.0400000    0.0457924
  -6.0200000    0.0507485
  -6.0000000    0.0553241
  -5.9800000    0.0594276
  -5.9600000    0.0629704
  -5.9400000    0.0658711
  -5.9200000    0.0680585
  -5.9000000    0.0694753
  -5.8800000    0.0700806
  -5.8600000    0.0698517
  -5.8400000    0.0687851
  -5.8200000    0.0668973
  -5.8000000    0.0642251
  -5.7800000    0.0608247
  -5.7600000    0.0567714
  -5.7400000    0.0521577
  -5.7200000    0.0470915
  -5.7000000    0.0416928
  -5.6800000    0.0360895
  -5.6600000    0.0304120
  -5.6400000    0.0247874
  -5.6200000    0.0193324
  -5.6000000    0.0141469
  -5.5800000    0.0093081
  -5.5600000    0.0048654
  -5.5400000    0.0008373
  -5.5200000   -0.0027890
  -5.5000000   -0.0060562
  -5.4800000   -0.0090327
  -5.4600000   -0.0118061
  -5.4400000   -0.0144748
  -5.4200000   -0.0171385
  -5.4000000   -0.0198888
  -5.3800000   -0.0227993
  -5.3600000   -0.0259184
  -5.3400000   -0.0292637
  -5.3200000   -0.0328197
  -5.3000000   -0.0365387
  -5.2800000   -0.0403445
  -5.2600000   -0.0441395
  -5.2400000   -0.0478124
  -5.2200000   -0.0512479
  -5.2000000   -0.0543346
  -5.1800000   -0.0569722
  -5.1600000   -0.0590762
  -5.1400000   -0.0605797
  -5.1200000   -0.0614331
  -5.1000000   -0.0616017
  -5.0800000   -0.0610625
  -5.0600000   -0.0598011
  -5.0400000   -0.0578094
  -5.0200000   -0.0550857
  -5.0000000   -0.0516363
  -4.9800000   -0.0474792
  -4.9600000   -0.0426488
  -4.9400000   -0.0372009
  -4.9200000   -0.0312170
  -4.9000000   -0.0248060
  -4.8800000   -0.0181034
  -4.8600000   -0.0112676
  -4.8400000   -0.0044729
  -4.8200000    0.0020998
  -4.8000000    0.0082739
  -4.7800000    0.0138875
  -4.7600000    0.0188037
  -4.7400000    0.0229176
  -4.7200000    0.0261619
  -4.7000000    0.0285074
  -4.6800000    0.0299616
  -4.6600000    0.0305635
  -4.6400000    0.0303768
  -4.6200000    0.0294810
  -4.6000000    0.0279633
  -4.5800000    0.0259096
  -4.5600000    0.0233982
  -4.5400000    0.0204943
  -4.5200000    0.0172474
  -4.5000000    0.0136903
  -4.4800000    0.0098405
  -4.4600000    0.0057031
  -4.4400000    0.0012752
  -4.4200000   -0.0034491
  -4.4000000   -0.0084729
  -4.3800000   -0.0137908
  -4.3600000   -0.0193838
  -4.3400000   -0.0252144
  -4.3200000   -0.0312232
  -4.3000000   -0.0373270
  -4.2800000   -0.0434184
  -4.2600000   -0.0493677
  -4.2400000   -0.0550270
  -4.2200000   -0.0602361
  -4.2000000   -0.0648305
  -4.1800000   -0.0686504
  -4.1600000   -0.0715496
  -4.1400000   -0.0734048
  -4.1200000   -0.0741224
  -4.1000000   -0.0736448
  -4.0800000   -0.0719525
  -4.0600000   -0.0690651
  -4.0400000   -0.0650385
  -4.0200000   -0.0599612
  -4.0000000   -0.0539484
  -3.9800000   -0.0471354
  -3.9600000   -0.0396715
  -3.9400000   -0.0317132
  -3.9200000   -0.0234198
  -3.9000000   -0.0149484
  -3.8800000   -0.0064511
  -3.8600000    0.0019274
  -3.8400000    0.0100519
  -3.8200000    0.0177978
  -3.8000000    0.0250525
  -3.7800000    0.0317167
  -3.7600000    0.0377064
  -3.7400000    0.0429535
  -3.7200000    0.0474082
  -3.7000000    0.0510390
  -3.6800000    0.0538339
  -3.6600000    0.0557994
  -3.6400000    0.0569599
  -3.6200000    0.0573556
  -3.6000000    0.0570404
  -3.5800000    0.0560787
  -3.5600000    0.0545432
  -3.5400000    0.0525114
  -3.5200000    0.0500635
  -3.5000000    0.0472794
  -3.4800000    0.0442369
  -3.4600000    0.0410095
  -3.4400000    0.0376648
  -3.4200000    0.0342639
  -3.4000000    0.0308608
  -3.3800000    0.0275026
  -3.3600000    0.0242306
  -3.3400000    0.0210814
  -3.3200000    0.0180886
  -3.3000000    0.0152841
  -3.2800000    0.0126988
  -3.2600000    0.0103628
  -3.2400000    0.0083045
  -3.2200000    0.0065492
  -3.2000000    0.0051167
  -3.1800000    0.0040195
  -3.1600000    0.0032603
  -3.1400000    0.0028313
  -3.1200000    0.0027135
  -3.1000000    0.0028775
  -3.0800000    0.0032851
  -3.0600000    0.0038915
  -3.0400000    0.0046480
  -3.0200000    0.0055045
  -3.0000000    0.0064123
  -2.9800000    0.0073256
  -2.9600000    0.0082031
  -2.9400000    0.0090096
  -2.9200000    0.0097159
  -2.9000000    0.0102998
  -2.8800000    0.0107459
  -2.8600000    0.0110455
  -2.8400000    0.0111964
  -2.8200000    0.0112020
  -2.8000000    0.0110701
  -2.7800000    0.0108115
  -2.7600000    0.0104380
  -2.7400000    0.0099602
  -2.7200000    0.0093850
  -2.7000000    0.0087135
  -2.6800000    0.0079397
  -2.6600000    0.0070489
  -2.6400000    0.0060186
  -2.6200000    0.0048192
  -2.6000000    0.0034169
  -2.5800000    0.0017776
  -2.5600000   -0.0001285
  -2.5400000   -0.0023214
  -2.5200000   -0.0048053
  -2.5000000   -0.0075633
  -2.4800000   -0.0105529
  -2.4600000   -0.0137028
  -2.4400000   -0.0169128
  -2.4200000   -0.0200551
  -2.4000000   -0.0229799
  -2.3800000   -0.0255230
  -2.3600000   -0.0275166
  -2.3400000   -0.0288016
  -2.3200000   -0.0292416
  -2.3000000   -0.0287350
  -2.2800000   -0.0272267
  -2.2600000   -0.0247148
  -2.2400000   -0.0212539
  -2.2200000   -0.0169524
  -2.2000000   -0.0119649
  -2.1800000   -0.0064793
  -2.1600000   -0.0007015
  -2.1400000    0.0051634
  -2.1200000    0.0109275
  -2.1000000    0.0164361
  -2.0800000    0.0215782
  -2.0600000    0.0262926
  -2.0400000    0.0305676
  -2.0200000    0.0344357
  -2.0000000    0.0379629
  -1.9800000    0.0412355
  -1.9600000    0.0443448
  -1.9400000    0.0473726
  -1.9200000    0.0503788
  -1.9000000    0.0533920
  -1.8800000    0.0564057
  -1.8600000    0.0593774
  -1.8400000    0.0622339
  -1.8200000    0.0648791
  -1.8000000    0.0672052
  -1.7800000    0.0691042
  -1.7600000    0.0704797
  -1.7400000    0.0712568
  -1.7200000    0.0713886
  -1.7000000    0.0708591
  -1.6800000    0.0696826
  -1.6600000    0.0678977
  -1.6400000    0.0655601
  -1.6200000    0.0627319
  -1.6000000    0.0594721
  -1.5800000    0.0558272
  -1.5600000    0.0518253
  -1.5400000    0.0474738
  -1.5200000    0.0427606
  -1.5000000    0.0376604
  -1.4800000    0.0321427
  -1.4600000    0.0261822
  -1.4400000    0.0197699
  -1.4200000    0.0129219
  -1.4000000    0.0056862
  -1.3800000   -0.0018543
  -1.3600000   -0.0095817
  -1.3400000   -0.0173483
  -1.3200000   -0.0249834
  -1.3000000   -0.0323031
  -1.2800000   -0.0391213
  -1.2600000   -0.0452605
  -1.2400000   -0.0505626
  -1.2200000   -0.0548978
  -1.2000000   -0.0581713
  -1.1800000   -0.0603281
  -1.1600000   -0.0613550
  -1.1400000   -0.0612790
  -1.1200000   -0.0601640
  -1.1000000   -0.0581038
  -1.0800000   -0.0552128
  -1.0600000   -0.0516150
  -1.0400000   -0.0474310
  -1.0200000   -0.0427646
  -1.0000000   -0.0376901
  -0.9800000   -0.0322407
  -0.9600000   -0.0264004
  -0.9400000   -0.0200996
  -0.9200000   -0.0132167
  -0.9000000   -0.0055858
  -0.8800000    0.0029894
  -0.8600000    0.0127145
  -0.8400000    0.0237780
  -0.8200000    0.0363215
  -0.8000000    0.0504082
  -0.7800000    0.0659936
  -0.7600000    0.0829024
  -0.7400000    0.1008136
  -0.7200000    0.1192600
  -0.7000000    0.1376412
  -0.6800000    0.1552530
  -0.6600000    0.1713314
  -0.6400000    0.1851076
  -0.6200000    0.1958705
  -0.6000000    0.2030276
  -0.5800000    0.2061607
  -0.5600000    0.2050658
  -0.5400000    0.1997744
  -0.5200000    0.1905514
  -0.5000000    0.1778687
  -0.4800000    0.1623583
  -0.4600000    0.1447481
  -0.4400000    0.1257896
  -0.4200000    0.1061861
  -0.4000000    0.0865286
  -0.3800000    0.0672503
  -0.3600000    0.0486029
  -0.3400000    0.0306591
  -0.3200000    0.0133407
  -0.3000000   -0.0035304
  -0.2800000   -0.0201649
  -0.2600000   -0.0367314
  -0.2400000   -0.0532823
  -0.2200000   -0.0696912
  -0.2000000   -0.0856114
  -0.1800000   -0.1004606
  -0.1600000   -0.1134380
  -0.1400000   -0.1235732
  -0.1200000   -0.1298045
  -0.1000000   -0.1310780
  -0.0800000   -0.1264581
  -0.0600000   -0.1152362
  -0.0400000   -0.0970237
  -0.0200000   -0.0718165
   0.0000000   -0.0400227
   0.0200000   -0.0024463
   0.0400000    0.0397706
   0.0600000    0.0852437
   0.0800000    0.1324677
   0.1000000    0.1799488
   0.1200000    0.2263332
   0.1400000    0.2705139
   0.1600000    0.3117044
   0.1800000    0.3494692
   0.2000000    0.3837090
   0.2200000    0.4146020
   0.2400000    0.4425123
   0.2600000    0.4678753
   0.2800000    0.4910784
   0.3000000    0.5123530
   0.3200000    0.5316911
   0.3400000    0.5488020
   0.3600000    0.5631110
   0.3800000    0.5738058
   0.4000000    0.5799211
   0.4200000    0.5804538
   0.4400000    0.5744920
   0.4600000    0.5613416
   0.4800000    0.5406346
   0.5000000    0.5124031
   0.5200000    0.4771113
   0.5400000    0.4356404
   0.5600000    0.3892287
   0.5800000    0.3393750
   0.6000000    0.2877182
   0.6200000    0.2359061
   0.6400000    0.1854710
   0.6600000    0.1377235
   0.6800000    0.0936757
   0.7000000    0.0539998
   0.7200000    0.0190226
   0.7400000   -0.0112468
   0.7600000   -0.0370631
   0.7800000   -0.0588733
   0.8000000   -0.0772368
   0.8200000   -0.0927475
   0.8400000   -0.1059649
   0.8600000   -0.1173597
   0.8800000   -0.1272795
   0.9000000   -0.1359322
   0.9200000   -0.1433906
   0.9400000   -0.1496111
   0.9600000   -0.1544665
   0.9800000   -0.1577853
   1.0000000   -0.1593938
   1.0200000   -0.1591556
   1.0400000   -0.1570037
   1.0600000   -0.1529627
   1.0800000   -0.1471565
   1.1000000   -0.1398043
   1.1200000   -0.1312016
   1.1400000   -0.1216936
   1.1600000   -0.1116405
   1.1800000   -0.1013831
   1.2000000   -0.0912109
   1.2200000   -0.0813396
   1.2400000   -0.0718986
   1.2600000   -0.0629317
   1.2800000   -0.0544097
   1.3000000   -0.0462523
   1.3200000   -0.0383570
   1.3400000   -0.0306281
   1.3600000   -0.0230032
   1.3800000   -0.0154727
   1.4000000   -0.0080897
   1.4200000   -0.0009683
   1.4400000    0.0057274
   1.4600000    0.0118028
   1.4800000    0.0170575
   1.5000000    0.0213105
   1.5200000    0.0244236
   1.5400000    0.0263188
   1.5600000    0.0269876
   1.5800000    0.0264917
   1.6000000    0.0249551
   1.6200000    0.0225486
   1.6400000    0.0194700
   1.6600000    0.0159222
   1.6800000    0.0120928
   1.7000000    0.0081370
   1.7200000    0.0041667
   1.7400000    0.0002463
   1.7600000   -0.0036046
   1.7800000   -0.0074017
   1.8000000   -0.0111824
   1.8200000   -0.0149896
   1.8400000   -0.0188546
   1.8600000   -0.0227821
   1.8800000   -0.0267381
   1.9000000   -0.0306432
   1.9200000   -0.0343699
   1.9400000   -0.0377463
   1.9600000   -0.0405644
   1.9800000   -0.0425918
   2.0000000   -0.0435868
   2.0200000   -0.0433156
   2.0400000   -0.0415688
   2.0600000   -0.0381775
   2.0800000   -0.0330279
   2.1000000   -0.0260715
   2.1200000   -0.0173323
   2.1400000   -0.0069097
   2.1600000    0.0050240
   2.1800000    0.0182304
   2.2000000    0.0324166
   2.2200000    0.0472504
   2.2400000    0.0623792
   2.2600000    0.0774504
   2.2800000    0.0921328
   2.3000000    0.1061359
   2.3200000    0.1192274
   2.3400000    0.1312445
   2.3600000    0.1421001
   2.3800000    0.1517812
   2.4000000    0.1603401
   2.4200000    0.1678794
   2.4400000    0.1745313
   2.4600000    0.1804346
   2.4800000    0.1857120
   2.5000000    0.1904496
   2.5200000    0.1946831
   2.5400000    0.1983905
   2.5600000    0.2014936
   2.5800000    0.2038668
   2.6000000    0.2053530
   2.6200000    0.2057829
   2.6400000    0.2049962
   2.6600000    0.2028606
   2.6800000    0.1992874
   2.7000000    0.1942414
   2.7200000    0.1877445
   2.7400000    0.1798740
   2.7600000    0.1707555
   2.7800000    0.1605527
   2.8000000    0.1494558
   2.8200000    0.1376697
   2.8400000    0.1254028
   2.8600000    0.1128573
   2.8800000    0.1002219
   2.9000000    0.0876644
   2.9200000    0.0753274
   2.9400000    0.0633239
   2.9600000    0.0517344
   2.9800000    0.0406058
   3.0000000    0.0299509
   3.0200000    0.0197517
   3.0400000    0.0099638
   3.0600000    0.0005241
   3.0800000   -0.0086395
   3.1000000   -0.0175974
   3.1200000   -0.0264060
   3.1400000   -0.0350972
   3.1600000   -0.0436695
   3.1800000   -0.0520817
   3.2000000   -0.0602517
   3.2200000   -0.0680588
   3.2400000   -0.0753506
   3.2600000   -0.0819546
   3.2800000   -0.0876917
   3.3000000   -0.0923921
   3.3200000   -0.0959106
   3.3400000   -0.0981402
   3.3600000   -0.0990223
   3.3800000   -0.0985516
   3.4000000   -0.0967765
   3.4200000   -0.0937933
   3.4400000   -0.0897361
   3.4600000   -0.0847635
   3.4800000   -0.0790445
   3.5000000   -0.0727452
   3.5200000   -0.0660183
   3.5400000   -0.0589975
   3.5600000   -0.0517961
   3.5800000   -0.0445110
   3.6000000   -0.0372291
   3.6200000   -0.0300368
   3.6400000   -0.0230275
   3.6600000   -0.0163084
   3.6800000   -0.0100027
   3.7000000   -0.0042478
   3.7200000    0.0008107
   3.7400000    0.0050282
   3.7600000    0.0082730
   3.7800000    0.0104377
   3.8000000    0.0114501
   3.8200000    0.0112814
   3.8400000    0.0099501
   3.8600000    0.0075231
   3.8800000    0.0041124
   3.9000000   -0.0001323
   3.9200000   -0.0050321
   3.9400000   -0.0103906
   3.9600000   -0.0160048
   3.9800000   -0.0216764
   4.0000000   -0.0272213
   4.0200000   -0.0324778
   4.0400000   -0.0373121
   4.0600000   -0.0416212
   4.0800000   -0.0453345
   4.1000000   -0.0484127
   4.1200000   -0.0508454
   4.1400000   -0.0526475
   4.1600000   -0.0538552
   4.1800000   -0.0545215
   4.2000000   -0.0547110
   4.2200000   -0.0544955
   4.2400000   -0.0539482
   4.2600000   -0.0531392
   4.2800000   -0.0521297
   4.3000000   -0.0509674
   4.3200000   -0.0496826
   4.3400000   -0.0482852
   4.3600000   -0.0467640
   4.3800000   -0.0450881
   4.4000000   -0.0432108
   4.4200000   -0.0410761
   4.4400000   -0.0386263
   4.4600000   -0.0358112
   4.4800000   -0.0325968
   4.5000000   -0.0289728
   4.5200000   -0.0249576
   4.5400000   -0.0206009
   4.5600000   -0.0159819
   4.5800000   -0.0112057
   4.6000000   -0.0063955
   4.6200000   -0.0016842
   4.6400000    0.0027955
   4.6600000    0.0069211
   4.6800000    0.0105879
   4.7000000    0.0137155
   4.7200000    0.0162518
   4.7400000    0.0181733
   4.7600000    0.0194832
   4.7800000    0.0202072
   4.8000000    0.0203877
   4.8200000    0.0200760
   4.8400000    0.0193265
   4.8600000    0.0181899
   4.8800000    0.0167093
   4.9000000    0.0149179
   4.9200000    0.0128393
   4.9400000    0.0104896
   4.9600000    0.0078815
   4.9800000    0.0050283
   5.0000000    0.0019486
   5.0200000   -0.0013306
   5.0400000   -0.0047729
   5.0600000   -0.0083326
   5.0800000   -0.0119583
   5.1000000   -0.0155966
   5.1200000   -0.0191981
   5.1400000   -0.0227217
   5.1600000   -0.0261392
   5.1800000   -0.0294369
   5.2000000   -0.0326146
   5.2200000   -0.0356831
   5.2400000   -0.0386577
   5.2600000   -0.0415512
   5.2800000   -0.0443666
   5.3000000   -0.0470895
   5.3200000   -0.0496836
   5.3400000   -0.0520881
   5.3600000   -0.0542197
   5.3800000   -0.0559771
   5.4000000   -0.0572499
   5.4200000   -0.0579282
   5.4400000   -0.0579149
   5.4600000   -0.0571363
   5.4800000   -0.0555512
   5.5000000   -0.0531567
   5.5200000   -0.0499908
   5.5400000   -0.0461303
   5.5600000   -0.0416853
   5.5800000   -0.0367906
   5.6000000   -0.0315950
   5.6200000   -0.0262507
   5.6400000   -0.0209025
   5.6600000   -0.0156792
   5.6800000   -0.0106875
   5.7000000   -0.0060088
   5.7200000   -0.0016993
   5.7400000    0.0022075
   5.7600000    0.0056952
   5.7800000    0.0087585
   5.8000000    0.0113963
   5.8200000    0.0136053
   5.8400000    0.0153753
   5.8600000    0.0166875
   5.8800000    0.0175144
   5.9000000    0.0178231
   5.9200000    0.0175812
   5.9400000    0.0167640
   5.9600000    0.0153614
   5.9800000    0.0133856
   6.0000000    0.0108761
   6.0200000    0.0079020
   6.0400000    0.0045613
   6.0600000    0.0009775
   6.0800000   -0.0027079
   6.1000000   -0.0063440
   6.1200000   -0.0097808
   6.1400000   -0.0128798
   6.1600000   -0.0155238
   6.1800000   -0.0176240
   6.2000000   -0.0191261
   6.2200000   -0.0200121
   6.2400000   -0.0202994
   6.2600000   -0.0200367
   6.2800000   -0.0192978
   6.3000000   -0.0181717
   6.3200000   -0.0167531
   6.3400000   -0.0151315
   6.3600000   -0.0133811
   6.3800000   -0.0115533
   6.4000000   -0.0096716
   6.4200000   -0.0077298
   6.4400000   -0.0056951
   6.4600000   -0.0035136
   6.4800000   -0.0011200
   6.5000000    0.0015513
   6.5200000    0.0045550
   6.5400000    0.0079236
   6.5600000    0.0116602
   6.5800000    0.0157328
   6.6000000    0.0200745
   6.6200000    0.0245858
   6.6400000    0.0291421
   6.6600000    0.0336019
   6.6800000    0.0378180
   6.7000000    0.0416474
   6.7200000    0.0449614
   6.7400000    0.0476530
   6.7600000    0.0496429
   6.7800000    0.0508827
   6.8000000    0.0513556
   6.8200000    0.0510749
   6.8400000    0.0500811
   6.8600000    0.0484370
   6.8800000    0.0462224
   6.9000000    0.0435276
   6.9200000    0.0404475
   6.9400000    0.0370750
   6.9600000    0.0334965
   6.9800000    0.0297870
   7.0000000    0.0260079
   7.0200000    0.0222056
   7.0400000    0.0184125
   7.0600000    0.0146498
   7.0800000    0.0109312
   7.1000000    0.0072687
   7.1200000    0.0036780
   7.1400000    0.0001843
   7.1600000   -0.0031730
   7.1800000   -0.0063378
   7.2000000   -0.0092367
   7.2200000   -0.0117816
   7.2400000   -0.0138744
   7.2600000   -0.0154147
   7.2800000   -0.0163096
   7.3000000   -0.0164831
   7.3200000   -0.0158873
   7.3400000   -0.0145101
   7.3600000   -0.0123825
   7.3800000   -0.0095808
   7.4000000   -0.0062264
   7.4200000   -0.0024797
   7.4400000    0.0014684
   7.4600000    0.0054103
   7.4800000    0.0091370
   7.5000000    0.0124549
   7.5200000    0.0152028
   7.5400000    0.0172659
   7.5600000    0.0185877
   7.5800000    0.0191752
   7.6000000    0.0191002
   7.6200000    0.0184936
   7.6400000    0.0175345
   7.6600000    0.0164348
   7.6800000    0.0154215
   7.7000000    0.0147167
   7.7200000    0.0145199
   7.7400000    0.0149912
   7.7600000    0.0162396
   7.7800000    0.0183150
   7.8000000    0.0212062
   7.8200000    0.0248425
   7.8400000    0.0291006
   7.8600000    0.0338147
   7.8800000    0.0387886
   7.9000000    0.0438098
   7.9200000    0.0486632
   7.9400000    0.0531441
   7.9600000    0.0570702
   7.9800000    0.0602899
   8.0000000    0.0626884
   8.0200000    0.0641907
   8.0400000    0.0647603
   8.0600000    0.0643963
   8.0800000    0.0631276
   8.1000000    0.0610058
   8.1200000    0.0580988
   8.1400000    0.0544840
   8.1600000    0.0502442
   8.1800000    0.0454648
   8.2000000    0.0402336
   8.2200000    0.0346423
   8.2400000    0.0287881
   8.2600000    0.0227768
   8.2800000    0.0167238
   8.3000000    0.0107534
   8.3200000    0.0049966
   8.3400000   -0.0004140
   8.3600000   -0.0053512
   8.3800000   -0.0097007
   8.4000000   -0.0133694
   8.4200000   -0.0162915
   8.4400000   -0.0184336
   8.4600000   -0.0197961
   8.4800000   -0.0204116
   8.5000000   -0.0203406
   8.5200000   -0.0196642
   8.5400000   -0.0184759
   8.5600000   -0.0168723
   8.5800000   -0.0149444
   8.6000000   -0.0127705
   8.6200000   -0.0104097
   8.6400000   -0.0078991
   8.6600000   -0.0052512
   8.6800000   -0.0024552
   8.7000000    0.0005221
   8.7200000    0.0037314
   8.7400000    0.0072361
   8.7600000    0.0111051
   8.7800000    0.0154038
   8.8000000    0.0201848
   8.8200000    0.0254772
   8.8400000    0.0312767
   8.8600000    0.0375371
   8.8800000    0.0441651
   8.9000000    0.0510184
   8.9200000    0.0579107
   8.9400000    0.0646200
   8.9600000    0.0709038
   8.9800000    0.0765176
   9.0000000    0.0812343
   9.0200000    0.0848651
   9.0400000    0.0872758
   9.0600000    0.0883987
   9.0800000    0.0882381
   9.1000000    0.0868684
   9.1200000    0.0844254
   9.1400000    0.0810924
   9.1600000    0.0770828
   9.1800000    0.0726212
   9.2000000    0.0679260
   9.2200000    0.0631950
   9.2400000    0.0585947
   9.2600000    0.0542543
   9.2800000    0.0502646
   9.3000000    0.0466801
   9.3200000    0.0435239
   9.3400000    0.0407940
   9.3600000    0.0384704
   9.3800000    0.0365205
   9.4000000    0.0349052
   9.4200000    0.0335822
   9.4400000    0.0325086
   9.4600000    0.0316429
   9.4800000    0.0309456
   9.5000000    0.0303796
   9.5200000    0.0299111
   9.5400000    0.0295101
   9.5600000    0.0291508
   9.5800000    0.0288135
   9.6000000    0.0284845
   9.6200000    0.0281571
   9.6400000    0.0278313
   9.6600000    0.0275125
   9.6800000    0.0272098
   9.7000000    0.0269328
   9.7200000    0.0266887
   9.7400000    0.0264786
   9.7600000    0.0262945
   9.7800000    0.0261183
   9.8000000    0.0259209
   9.8200000    0.0256644
   9.8400000    0.0253057
   9.8600000    0.0248013
   9.8800000    0.0241130
   9.9000000    0.0232141
   9.9200000    0.0220941
   9.9400000    0.0207621
   9.9600000    0.0192480
   9.9800000    0.0176008
  10.0000000    0.0158847
  10.0200000    0.0141733
  10.0400000    0.0125417
  10.0600000    0.0110590
  10.0800000    0.0097806
  10.1000000    0.0087423
  10.1200000    0.0079554
  10.1400000    0.0074058
  10.1600000    0.0070543
  10.1800000    0.0068401
  10.2000000    0.0066863
  10.2200000    0.0065071
  10.2400000    0.0062157
  10.2600000    0.0057324
  10.2800000    0.0049917
  10.3000000    0.0039490
  10.3200000    0.0025844
  10.3400000    0.0009045
  10.3600000   -0.0010577
  10.3800000   -0.0032460
  10.4000000   -0.0055859
  10.4200000   -0.0079910
  10.4400000   -0.0103710
  10.4600000   -0.0126386
  10.4800000   -0.0147174
  10.5000000   -0.0165471
  10.5200000   -0.0180873
  10.5400000   -0.0193186
  10.5600000   -0.0202419
  10.5800000   -0.0208742
  10.6000000   -0.0212436
  10.6200000   -0.0213831
  10.6400000   -0.0213244
  10.6600000   -0.0210923
  10.6800000   -0.0207016
  10.7000000   -0.0201563
  10.7200000   -0.0194508
  10.7400000   -0.0185746
  10.7600000   -0.0175176
  10.7800000   -0.0162766
  10.8000000   -0.0148615
  10.8200000   -0.0133003
  10.8400000   -0.0116405
  10.8600000   -0.0099499
  10.8800000   -0.0083122
  10.9000000   -0.0068220
  10.9200000   -0.0055774
  10.9400000   -0.0046717
  10.9600000   -0.0041856
  10.9800000   -0.0041802
  11.0000000   -0.0046916
  11.0200000   -0.0057276
  11.0400000   -0.0072660
  11.0600000   -0.0092549
  11.0800000   -0.0116143
  11.1000000   -0.0142398
  11.1200000   -0.0170064
  11.1400000   -0.0197743
  11.1600000   -0.0223956
  11.1800000   -0.0247215
  11.2000000   -0.0266108
  11.2200000   -0.0279378
  11.2400000   -0.0286004
  11.2600000   -0.0285264
  11.2800000   -0.0276775
  11.3000000   -0.0260507
  11.3200000   -0.0236757
  11.3400000   -0.0206094
  11.3600000   -0.0169271
  11.3800000   -0.0127128
  11.4000000   -0.0080479
  11.4200000   -0.0030030
  11.4400000    0.0023691
  11.4600000    0.0080349
  11.4800000    0.0139774
  11.5000000    0.0201888
  11.5200000    0.0266586
  11.5400000    0.0333603
  11.5600000    0.0402378
  11.5800000    0.0471939
  11.6000000    0.0540837
  11.6200000    0.0607134
  11.6400000    0.0668477
  11.6600000    0.0722227
  11.6800000    0.0765658
  11.7000000    0.0796193
  11.7200000    0.0811646
  11.7400000    0.0810451
  11.7600000    0.0791841
  11.7800000    0.0755954
  11.8000000    0.0703853
  11.8200000    0.0637463
  11.8400000    0.0559407
  11.8600000    0.0472796
  11.8800000    0.0380960
  11.9000000    0.0287171
  11.9200000    0.0194381
  11.9400000    0.0105001
  11.9600000    0.0020739
  11.9800000   -0.0057473
  12.0000000   -0.0129480
  12.0200000   -0.0195816
  12.0400000   -0.0257538
  12.0600000   -0.0316017
  12.0800000   -0.0372693
  12.1000000   -0.0428829
  12.1200000   -0.0485286
  12.1400000   -0.0542362
  12.1600000   -0.0599688
  12.1800000   -0.0656221
  12.2000000   -0.0710318
  12.2200000   -0.0759892
  12.2400000   -0.0802632
  12.2600000   -0.0836258
  12.2800000   -0.0858781
  12.3000000   -0.0868745
  12.3200000   -0.0865406
  12.3400000   -0.0848848
  12.3600000   -0.0820000
  12.3800000   -0.0780561
  12.4000000   -0.0732853
  12.4200000   -0.0679592
  12.4400000   -0.0623625
  12.4600000   -0.0567658
  12.4800000   -0.0513997
  12.5000000   -0.0464337
  12.5200000   -0.0419622
  12.5400000   -0.0379986
  12.5600000   -0.0344783
  12.5800000   -0.0312701
  12.6000000   -0.0281945
  12.6200000   -0.0250466
  12.6400000   -0.0216220
  12.6600000   -0.0177413
  12.6800000   -0.0132727
  12.7000000   -0.0081490
  12.7200000   -0.0023768
  12.7400000    0.0039601
  12.7600000    0.0107073
  12.7800000    0.0176523
  12.8000000    0.0245429
  12.8200000    0.0311100
  12.8400000    0.0370911
  12.8600000    0.0422535
  12.8800000    0.0464133
  12.9000000    0.0494499
  12.9200000    0.0513140
  12.9400000    0.0520282
  12.9600000    0.0516806
  12.9800000    0.0504132
  13.0000000    0.0484057
  13.0200000    0.0458561
  13.0400000    0.0429624
  13.0600000    0.0399040
  13.0800000    0.0368282
  13.1000000    0.0338392
  13.1200000    0.0309935
  13.1400000    0.0282996
  13.1600000    0.0257226
  13.1800000    0.0231924
  13.2000000    0.0206156
  13.2200000    0.0178872
  13.2400000    0.0149045
  13.2600000    0.0115781
  13.2800000    0.0078429
  13.3000000    0.0036642
  13.3200000   -0.0009571
  13.3400000   -0.0059843
  13.3600000   -0.0113465
  13.3800000   -0.0169433
  13.4000000   -0.0226509
  13.4200000   -0.0283302
  13.4400000   -0.0338336
  13.4600000   -0.0390138
  13.4800000   -0.0437305
  13.5000000   -0.0478570
  13.5200000   -0.0512857
  13.5400000   -0.0539328
  13.5600000   -0.0557412
  13.5800000   -0.0566831
  13.6000000   -0.0567606
  13.6200000   -0.0560043
  13.6400000   -0.0544714
  13.6600000   -0.0522413
  13.6800000   -0.0494096
  13.7000000   -0.0460820
  13.7200000   -0.0423666
  13.7400000   -0.0383673
  13.7600000   -0.0341775
  13.7800000   -0.0298759
  13.8000000   -0.0255233
  13.8200000   -0.0211625
  13.8400000   -0.0168196
  13.8600000   -0.0125071
  13.8800000   -0.0082284
  13.9000000   -0.0039823
  13.9200000    0.0002316
  13.9400000    0.0044092
  13.9600000    0.0085384
  13.9800000    0.0125975
  14.0000000    0.0165551
  14.0200000    0.0203712
  14.0400000    0.0239997
  14.0600000    0.0273920
  14.0800000    0.0305011
  14.1000000    0.0332851
  14.1200000    0.0357106
  14.1400000    0.0377548
  14.1600000    0.0394061
  14.1800000    0.0406631
  14.2000000    0.0415316
  14.2200000    0.0420211
  14.2400000    0.0421402
  14.2600000    0.0418921
  14.2800000    0.0412713
  14.3000000    0.0402619
  14.3200000    0.0388379
  14.3400000    0.0369658
  14.3600000    0.0346094
  14.3800000    0.0317360
  14.4000000    0.0283236
  14.4200000    0.0243679
  14.4400000    0.0198882
  14.4600000    0.0149316
  14.4800000    0.0095747
  14.5000000    0.0039225
  14.5200000   -0.0018959
  14.5400000   -0.0077334
  14.5600000   -0.0134343
  14.5800000   -0.0188442
  14.6000000   -0.0238212
  14.6200000   -0.0282456
  14.6400000   -0.0320292
  14.6600000   -0.0351204
  14.6800000   -0.0375072
  14.7000000   -0.0392153
  14.7200000   -0.0403024
  14.7400000   -0.0408485
  14.7600000   -0.0409442
  14.7800000   -0.0406775
  14.8000000   -0.0401211
  14.8200000   -0.0393221
  14.8400000   -0.0382956
  14.8600000   -0.0370236
  14.8800000   -0.0354582
  14.9000000   -0.0335307
  14.9200000   -0.0311638
  14.9400000   -0.0282861
  14.9600000   -0.0248463
  14.9800000   -0.0208260
  15.0000000   -0.0162478
  15.0200000   -0.0111791
  15.0400000   -0.0057303
  15.0600000   -0.0000472
  15.0800000    0.0056998
  15.1000000    0.0113302
  15.1200000    0.0166678
  15.1400000    0.0215551
  15.1600000    0.0258637
  15.1800000    0.0295029
  15.2000000    0.0324221
  15.2200000    0.0346099
  15.2400000    0.0360901
  15.2600000    0.0369140
  15.2800000    0.0371527
  15.3000000    0.0368881
  15.3200000    0.0362058
  15.3400000    0.0351891
  15.3600000    0.0339151
  15.3800000    0.0324526
  15.4000000    0.0308617
  15.4200000    0.0291945
  15.4400000    0.0274962
  15.4600000    0.0258068
  15.4800000    0.0241618
  15.5000000    0.0225935
  15.5200000    0.0211308
  15.5400000    0.0197988
  15.5600000    0.0186180
  15.5800000    0.0176029
  15.6000000    0.0167601
  15.6200000    0.0160869
  15.6400000    0.0155693
  15.6600000    0.0151812
  15.6800000    0.0148840
  15.7000000    0.0146270
  15.7200000    0.0143502
  15.7400000    0.0139882
  15.7600000    0.0134753
  15.7800000    0.0127529
  15.8000000    0.0117771
  15.8200000    0.0105265
  15.8400000    0.0090083
  15.8600000    0.0072640
  15.8800000    0.0053698
  15.9000000    0.0034358
  15.9200000    0.0015992
  15.9400000    0.0000157
  15.9600000   -0.0011529
  15.9800000   -0.0017521
  16.0000000   -0.0016481
  16.0200000   -0.0007400
  16.0400000    0.0010313
  16.0600000    0.0036775
  16.0800000    0.0071616
  16.1000000    0.0114010
  16.1200000    0.0162734
  16.1400000    0.0216262
  16.1600000    0.0272865
  16.1800000    0.0330726
  16.2000000    0.0388036
  16.2200000    0.0443094
  16.2400000    0.0494371
  16.2600000    0.0540566
  16.2800000    0.0580635
  16.3000000    0.0613802
  16.3200000    0.0639553
  16.3400000    0.0657615
  16.3600000    0.0667933
  16.3800000    0.0670634
  16.4000000    0.0665998
  16.4200000    0.0654430
  16.4400000    0.0636438
  16.4600000    0.0612614
  16.4800000    0.0583626
  16.5000000    0.0550208
  16.5200000    0.0513149
  16.5400000    0.0473290
  16.5600000    0.0431502
  16.5800000    0.0388668
  16.6000000    0.0345652
  16.6200000    0.0303268
  16.6400000    0.0262242
  16.6600000    0.0223172
  16.6800000    0.0186497
  16.7000000    0.0152472
  16.7200000    0.0121149
  16.7400000    0.0092376
  16.7600000    0.0065814
  16.7800000    0.0040955
  16.8000000    0.0017172
  16.8200000   -0.0006231
  16.8400000   -0.0029954
  16.8600000   -0.0054630
  16.8800000   -0.0080752
  16.9000000   -0.0108602
  16.9200000   -0.0138196
  16.9400000   -0.0169241
  16.9600000   -0.0201116
  16.9800000   -0.0232892
  17.0000000   -0.0263373
  17.0200000   -0.0291183
  17.0400000   -0.0314878
  17.0600000   -0.0333082
  17.0800000   -0.0344636
  17.1000000   -0.0348736
  17.1200000   -0.0345055
  17.1400000   -0.0333821
  17.1600000   -0.0315844
  17.1800000   -0.0292484
  17.2000000   -0.0265551
  17.2200000   -0.0237159
  17.2400000   -0.0209521
  17.2600000   -0.0184738
  17.2800000   -0.0164579
  17.3000000   -0.0150287
  17.3200000   -0.0142436
  17.3400000   -0.0140849
  17.3600000   -0.0144598
  17.3800000   -0.0152081
  17.4000000   -0.0161163
  17.4200000   -0.0169390
  17.4400000   -0.0174223
  17.4600000   -0.0173300
  17.4800000   -0.0164667
  17.5000000   -0.0146988
  17.5200000   -0.0119681
  17.5400000   -0.0082992
  17.5600000   -0.0037982
  17.5800000    0.0013558
  17.6000000    0.0069267
  17.6200000    0.0126425
  17.6400000    0.0182197
  17.6600000    0.0233885
  17.6800000    0.0279162
  17.7000000    0.0316269
  17.7200000    0.0344149
  17.7400000    0.0362503
  17.7600000    0.0371775
  17.7800000    0.0373047
  17.8000000    0.0367876
  17.8200000    0.0358080
  17.8400000    0.0345501
  17.8600000    0.0331779
  17.8800000    0.0318153
  17.9000000    0.0305329
  17.9200000    0.0293419
  17.9400000    0.0281964
  17.9600000    0.0270043
  17.9800000    0.0256434
  18.0000000    0.0239832
  18.0200000    0.0219060
  18.0400000    0.0193280
  18.0600000    0.0162136
  18.0800000    0.0125847
  18.1000000    0.0085209
  18.1200000    0.0041525
  18.1400000   -0.0003538
  18.1600000   -0.0048124
  18.1800000   -0.0090396
  18.2000000   -0.0128729
  18.2200000   -0.0161866
  18.2400000   -0.0189033
  18.2600000   -0.0209978
  18.2800000   -0.0224957
  18.3000000   -0.0234658
  18.3200000   -0.0240085
  18.3400000   -0.0242412
  18.3600000   -0.0242836
  18.3800000   -0.0242436
  18.4000000   -0.0242063
  18.4200000   -0.0242261
  18.4400000   -0.0243228
  18.4600000   -0.0244819
  18.4800000   -0.0246577
  18.5000000   -0.0247799
  18.5200000   -0.0247617
  18.5400000   -0.0245086
  18.5600000   -0.0239285
  18.5800000   -0.0229399
  18.6000000   -0.0214800
  18.6200000   -0.0195111
  18.6400000   -0.0170247
  18.6600000   -0.0140432
  18.6800000   -0.0106203
  18.7000000   -0.0068375
  18.7200000   -0.0027989
  18.7400000    0.0013753
  18.7600000    0.0055578
  18.7800000    0.0096235
  18.8000000    0.0134576
  18.8200000    0.0169642
  18.8400000    0.0200714
  18.8600000    0.0227346
  18.8800000    0.0249365
  18.9000000    0.0266844
  18.9200000    0.0280049
  18.9400000    0.0289369
  18.9600000    0.0295240
  18.9800000    0.0298069
  19.0000000    0.0298172
  19.0200000    0.0295732
  19.0400000    0.0290779
  19.0600000    0.0283198
  19.0800000    0.0272759
  19.1000000    0.0259169
  19.1200000    0.0242130
  19.1400000    0.0221405
  19.1600000    0.0196883
  19.1800000    0.0168630
  19.2000000    0.0136921
  19.2200000    0.0102259
  19.2400000    0.0065363
  19.2600000    0.0027136
  19.2800000   -0.0011389
  19.3000000   -0.0049117
  19.3200000   -0.0084969
  19.3400000   -0.0117959
  19.3600000   -0.0147270
  19.3800000   -0.0172303
  19.4000000   -0.0192715
  19.4200000   -0.0208424
  19.4400000   -0.0219589
  19.4600000   -0.0226570
  19.4800000   -0.0229866
  19.5000000   -0.0230045
  19.5200000   -0.0227671
  19.5400000   -0.0223234
  19.5600000   -0.0217103
  19.5800000   -0.0209491
  19.6000000   -0.0200445
  19.6200000   -0.0189870
  19.6400000   -0.0177564
  19.6600000   -0.0163280
  19.6800000   -0.0146800
  19.7000000   -0.0128008
  19.7200000   -0.0106958
  19.7400000   -0.0083922
  19.7600000   -0.0059416
  19.7800000   -0.0034188
  19.8000000   -0.0009180
  19.8200000    0.0014548
  19.8400000    0.0035909
  19.8600000    0.0053896
  19.8800000    0.0067680
  19.9000000    0.0076703
  19.9200000    0.0080741
  19.9400000    0.0079933
  19.9600000    0.0074784
  19.9800000    0.0066130
  20.0000000    0.0055080
  20.0200000    0.0042938
  20.0400000    0.0031114
  20.0600000    0.0021028
  20.0800000    0.0014018
  20.1000000    0.0011251
  20.1200000    0.0013638
  20.1400000    0.0021761
  20.1600000    0.0035811
  20.1800000    0.0055546
  20.2000000    0.0080267
  20.2200000    0.0108831
  20.2400000    0.0139692
  20.2600000    0.0170992
  20.2800000    0.0200678
  20.3000000    0.0226664
  20.3200000    0.0247005
  20.3400000    0.0260074
  20.3600000    0.0264731
  20.3800000    0.0260441
  20.4000000    0.0247343
  20.4200000    0.0226254
  20.4400000    0.0198595
  20.4600000    0.0166254
  20.4800000    0.0131399
  20.5000000    0.0096254
  20.5200000    0.0062884
  20.5400000    0.0032987
  20.5600000    0.0007748
  20.5800000   -0.0012252
  20.6000000   -0.0027049
  20.6200000   -0.0037245
  20.6400000   -0.0043881
  20.6600000   -0.0048285
  20.6800000   -0.0051888
  20.7000000   -0.0056047
  20.7200000   -0.0061893
  20.7400000   -0.0070222
  20.7600000   -0.0081435
  20.7800000   -0.0095533
  20.8000000   -0.0112154
  20.8200000   -0.0130659
  20.8400000   -0.0150225
  20.8600000   -0.0169957
  20.8800000   -0.0188990
  20.9000000   -0.0206570
  20.9200000   -0.0222111
  20.9400000   -0.0235229
  20.9600000   -0.0245739
  20.9800000   -0.0253641
  21.0000000   -0.0259080
  21.0200000   -0.0262312
  21.0400000   -0.0263655
  21.0600000   -0.0263461
  21.0800000   -0.0262088
  21.1000000   -0.0259887
  21.1200000   -0.0257198
  21.1400000   -0.0254350
  21.1600000   -0.0251664
  21.1800000   -0.0249455
  21.2000000   -0.0248022
  21.2200000   -0.0247636
  21.2400000   -0.0248520
  21.2600000   -0.0250816
  21.2800000   -0.0254556
  21.3000000   -0.0259636
  21.3200000   -0.0265790
  21.3400000   -0.0272582
  21.3600000   -0.0279408
  21.3800000   -0.0285515
  21.4000000   -0.0290038
  21.4200000   -0.0292047
  21.4400000   -0.0290616
  21.4600000   -0.0284883
  21.4800000   -0.0274129
  21.5000000   -0.0257836
  21.5200000   -0.0235744
  21.5400000   -0.0207888
  21.5600000   -0.0174612
  21.5800000   -0.0136556
  21.6000000   -0.0094631
  21.6200000   -0.0049956
  21.6400000   -0.0003794
  21.6600000    0.0042538
  21.6800000    0.0087749
  21.7000000    0.0130659
  21.7200000    0.0170272
  21.7400000    0.0205828
  21.7600000    0.0236840
  21.7800000    0.0263102
  21.8000000    0.0284676
  21.8200000    0.0301857
  21.8400000    0.0315116
  21.8600000    0.0325031
  21.8800000    0.0332219
  21.9000000    0.0337263
  21.9200000    0.0340656
  21.9400000    0.0342760
  21.9600000    0.0343796
  21.9800000    0.0343854
  22.0000000    0.0342933
  22.0200000    0.0340991
  22.0400000    0.0338015
  22.0600000    0.0334079
  22.0800000    0.0329391
  22.1000000    0.0324321
  22.1200000    0.0319387
  22.1400000    0.0315211
  22.1600000    0.0312450
  22.1800000    0.0311699
  22.2000000    0.0313385
  22.2200000    0.0317671
  22.2400000    0.0324382
  22.2600000    0.0332965
  22.2800000    0.0342498
  22.3000000    0.0351745
  22.3200000    0.0359260
  22.3400000    0.0363521
  22.3600000    0.0363094
  22.3800000    0.0356786
  22.4000000    0.0343786
  22.4200000    0.0323770
  22.4400000    0.0296949
  22.4600000    0.0264063
  22.4800000    0.0226318
  22.5000000    0.0185269
  22.5200000    0.0142671
  22.5400000    0.0100312
  22.5600000    0.0059849
  22.5800000    0.0022668
  22.6000000   -0.0010220
  22.6200000   -0.0038234
  22.6400000   -0.0061226
  22.6600000   -0.0079440
  22.6800000   -0.0093430
  22.7000000   -0.0103958
  22.7200000   -0.0111870
  22.7400000   -0.0117990
  22.7600000   -0.0123021
  22.7800000   -0.0127470
  22.8000000   -0.0131614
  22.8200000   -0.0135490
  22.8400000   -0.0138921
  22.8600000   -0.0141572
  22.8800000   -0.0143020
  22.9000000   -0.0142843
  22.9200000   -0.0140702
  22.9400000   -0.0136421
  22.9600000   -0.0130043
  22.9800000   -0.0121860
  23.0000000   -0.0112411
  23.0200000   -0.0102445
  23.0400000   -0.0092859
  23.0600000   -0.0084604
  23.0800000   -0.0078583
  23.1000000   -0.0075547
  23.1200000   -0.0076002
  23.1400000   -0.0080139
  23.1600000   -0.0087804
  23.1800000   -0.0098491
  23.2000000   -0.0111388
  23.2200000   -0.0125446
  23.2400000   -0.0139474
  23.2600000   -0.0152249
  23.2800000   -0.0162625
  23.3000000   -0.0169626
  23.3200000   -0.0172527
  23.3400000   -0.0170896
  23.3600000   -0.0164615
  23.3800000   -0.0153863
  23.4000000   -0.0139081
  23.4200000   -0.0120915
  23.4400000   -0.0100155
  23.4600000   -0.0077665
  23.4800000   -0.0054326
  23.5000000   -0.0030985
  23.5200000   -0.0008419
  23.5400000    0.0012685
  23.5600000    0.0031744
  23.5800000    0.0048274
  23.6000000    0.0061892
  23.6200000    0.0072304
  23.6400000    0.0079301
  23.6600000    0.0082760
  23.6800000    0.0082648
  23.7000000    0.0079032
  23.7200000    0.0072092
  23.7400000    0.0062139
  23.7600000    0.0049627
  23.7800000    0.0035158
  23.8000000    0.0019487
  23.8200000    0.0003497
  23.8400000   -0.0011826
  23.8600000   -0.0025446
  23.8800000   -0.0036334
  23.9000000   -0.0043546
  23.9200000   -0.0046297
  23.9400000   -0.0044042
  23.9600000   -0.0036535
  23.9800000   -0.0023882
  24.0000000   -0.0006558
  24.0200000    0.0014599
  24.0400000    0.0038432
  24.0600000    0.0063538
  24.0800000    0.0088371
  24.1000000    0.0111360
  24.1200000    0.0131039
  24.1400000    0.0146175
  24.1600000    0.0155876
  24.1800000    0.0159674
  24.2000000    0.0157569
  24.2200000    0.0150026
  24.2400000    0.0137937
  24.2600000    0.0122528
  24.2800000    0.0105240
  24.3000000    0.0087592
  24.3200000    0.0071031
  24.3400000    0.0056796
  24.3600000    0.0045816
  24.3800000    0.0038635
  24.4000000    0.0035393
  24.4200000    0.0035850
  24.4400000    0.0039454
  24.4600000    0.0045444
  24.4800000    0.0052963
  24.5000000    0.0061179
  24.5200000    0.0069387
  24.5400000    0.0077090
  24.5600000    0.0084032
  24.5800000    0.0090202
  24.6000000    0.0095801
  24.6200000    0.0101175
  24.6400000    0.0106739
  24.6600000    0.0112892
  24.6800000    0.0119947
  24.7000000    0.0128072
  24.7200000    0.0137270
  24.7400000    0.0147372
  24.7600000    0.0158063
  24.7800000    0.0168926
  24.8000000    0.0179488
  24.8200000    0.0189275
  24.8400000    0.0197852
  24.8600000    0.0204851
  24.8800000    0.0209988
  24.9000000    0.0213057
  24.9200000    0.0213924
  24.9400000    0.0212508
  24.9600000    0.0208770
  24.9800000    0.0202696
  25.0000000    0.0194304
  25.0200000    0.0183642
  25.0400000    0.0170800
  25.0600000    0.0155930
  25.0800000    0.0139254
  25.1000000    0.0121077
  25.1200000    0.0101787
  25.1400000    0.0081849
  25.1600000    0.0061787
  25.1800000    0.0042153
  25.2000000    0.0023493
  25.2200000    0.0006302
  25.2400000   -0.0009015
  25.2600000   -0.0022194
  25.2800000   -0.0033133
  25.3000000   -0.0041925
  25.3200000   -0.0048857
  25.3400000   -0.0054400
  25.3600000   -0.0059178
  25.3800000   -0.0063924
  25.4000000   -0.0069418
  25.4200000   -0.0076421
  25.4400000   -0.0085606
  25.4600000   -0.0097493
  25.4800000   -0.0112395
  25.5000000   -0.0130378
  25.5200000   -0.0151243
  25.5400000   -0.0174523
  25.5600000   -0.0199504
  25.5800000   -0.0225270
  25.6000000   -0.0250756
  25.6200000   -0.0274819
  25.6400000   -0.0296317
  25.6600000   -0.0314185
  25.6800000   -0.0327509
  25.7000000   -0.0335590
  25.7200000   -0.0337986
  25.7400000   -0.0334540
  25.7600000   -0.0325382
  25.7800000   -0.0310908
  25.8000000   -0.0291743
  25.8200000   -0.0268683
  25.8400000   -0.0242629
  25.8600000   -0.0214513
  25.8800000   -0.0185232
  25.9000000   -0.0155587
  25.9200000   -0.0126235
  25.9400000   -0.0097662
  25.9600000   -0.0070177
  25.9800000   -0.0043928
  26.0000000   -0.0018930
  26.0200000    0.0004883
  26.0400000    0.0027604
  26.0600000    0.0049297
  26.0800000    0.0069947
  26.1000000    0.0089424
  26.1200000    0.0107474
  26.1400000    0.0123722
  26.1600000    0.0137704
  26.1800000    0.0148918
  26.2000000    0.0156887
  26.2200000    0.0161221
  26.2400000    0.0161679
  26.2600000    0.0158209
  26.2800000    0.0150974
  26.3000000    0.0140340
  26.3200000    0.0126852
  26.3400000    0.0111173
  26.3600000    0.0094022
  26.3800000    0.0076093
  26.4000000    0.0057996
  26.4200000    0.0040191
  26.4400000    0.0022967
  26.4600000    0.0006423
  26.4800000   -0.0009509
  26.5000000   -0.0025031
  26.5200000   -0.0040429
  26.5400000   -0.0056018
  26.5600000   -0.0072092
  26.5800000   -0.0088885
  26.6000000   -0.0106547
  26.6200000   -0.0125135
  26.6400000   -0.0144627
  26.6600000   -0.0164940
  26.6800000   -0.0185959
  26.7000000   -0.0207565
  26.7200000   -0.0229655
  26.7400000   -0.0252160
  26.7600000   -0.0275039
  26.7800000   -0.0298276
  26.8000000   -0.0321867
  26.8200000   -0.0345800
  26.8400000   -0.0370046
  26.8600000   -0.0394546
  26.8800000   -0.0419215
  26.9000000   -0.0443949
  26.9200000   -0.0468631
  26.9400000   -0.0493146
  26.9600000   -0.0517383
  26.9800000   -0.0541234
  27.0000000   -0.0564577
  27.0200000   -0.0587259
  27.0400000   -0.0609059
  27.0600000   -0.0629664
  27.0800000   -0.0648637
  27.1000000   -0.0665408
  27.1200000   -0.0679271
  27.1400000   -0.0689402
  27.1600000   -0.0694897
  27.1800000   -0.0694822
  27.2000000   -0.0688276
  27.2200000   -0.0674452
  27.2400000   -0.0652707
  27.2600000   -0.0622612
  27.2800000   -0.0583995
  27.3000000   -0.0536971
  27.3200000   -0.0481955
  27.3400000   -0.0419651
  27.3600000   -0.0351040
  27.3800000   -0.0277347
  27.4000000   -0.0200001
  27.4200000   -0.0120587
  27.4400000   -0.0040791
  27.4600000    0.0037656
  27.4800000    0.0113046
  27.5000000    0.0183753
  27.5200000    0.0248308
  27.5400000    0.0305453
  27.5600000    0.0354204
  27.5800000    0.0393894
  27.6000000    0.0424200
  27.6200000    0.0445148
  27.6400000    0.0457097
  27.6600000    0.0460694
  27.6800000    0.0456808
  27.7000000    0.0446441
  27.7200000    0.0430642
  27.7400000    0.0410407
  27.7600000    0.0386604
  27.7800000    0.0359911
  27.8000000    0.0330786
  27.8200000    0.0299475
  27.8400000    0.0266042
  27.8600000    0.0230435
  27.8800000    0.0192562
  27.9000000    0.0152382
  27.9200000    0.0109980
  27.9400000    0.0065636
  27.9600000    0.0019862
  27.9800000   -0.0026586
  28.0000000   -0.0072730
  28.0200000   -0.0117423
  28.0400000   -0.0159422
  28.0600000   -0.0197480
  28.0800000   -0.0230447
  28.1000000   -0.0257370
  28.1200000   -0.0277574
  28.1400000   -0.0290734
  28.1600000   -0.0296904
  28.1800000   -0.0296524
  28.2000000   -0.0290382
  28.2200000   -0.0279541
  28.2400000   -0.0265240
  28.2600000   -0.0248768
  28.2800000   -0.0231335
  28.3000000   -0.0213944
  28.3200000   -0.0197289
  28.3400000   -0.0181685
  28.3600000   -0.0167042
  28.3800000   -0.0152885
  28.4000000   -0.0138427
  28.4200000   -0.0122669
  28.4400000   -0.0104535
  28.4600000   -0.0083013
  28.4800000   -0.0057293
  28.5000000   -0.0026879
  28.5200000    0.0008327
  28.5400000    0.0047983
  28.5600000    0.0091309
  28.5800000    0.0137135
  28.6000000    0.0183976
  28.6200000    0.0230148
  28.6400000    0.0273889
  28.6600000    0.0313495
  28.6800000    0.0347443
  28.7000000    0.0374499
  28.7200000    0.0393800
  28.7400000    0.0404905
  28.7600000    0.0407806
  28.7800000    0.0402909
  28.8000000    0.0390978
  28.8200000    0.0373052
  28.8400000    0.0350351
  28.8600000    0.0324168
  28.8800000    0.0295764
  28.9000000    0.0266276
  28.9200000    0.0236648
  28.9400000    0.0207584
  28.9600000    0.0179532
  28.9800000    0.0152699
  29.0000000    0.0127083
  29.0200000    0.0102536
  29.0400000    0.0078826
  29.0600000    0.0055705
  29.0800000    0.0032969
  29.1000000    0.0010500
  29.1200000   -0.0011711
  29.1400000   -0.0033568
  29.1600000   -0.0054886
  29.1800000   -0.0075434
  29.2000000   -0.0094977
  29.2200000   -0.0113326
  29.2400000   -0.0130369
  29.2600000   -0.0146093
  29.2800000   -0.0160590
  29.3000000   -0.0174032
  29.3200000   -0.0186645
  29.3400000   -0.0198661
  29.3600000   -0.0210275
  29.3800000   -0.0221602
  29.4000000   -0.0232653
  29.4200000   -0.0243315
  29.4400000   -0.0253358
  29.4600000   -0.0262449
  29.4800000   -0.0270187
  29.5000000   -0.0276134
  29.5200000   -0.0279860
  29.5400000   -0.0280983
  29.5600000   -0.0279203
  29.5800000   -0.0274333
  29.6000000   -0.0266320
  29.6200000   -0.0255262
  29.6400000   -0.0241404
  29.6600000   -0.0225143
  29.6800000   -0.0207004
  29.7000000   -0.0187620
  29.7200000   -0.0167699
  29.7400000   -0.0147987
  29.7600000   -0.0129219
  29.7800000   -0.0112079
  29.8000000   -0.0097152
  29.8200000   -0.0084886
  29.8400000   -0.0075558
  29.8600000   -0.0069248
  29.8800000   -0.0065830
  29.9000000   -0.0064974
  29.9200000   -0.0066154
  29.9400000   -0.0068684
  29.9600000   -0.0071756
  29.9800000   -0.0074489
  30.0000000   -0.0075992
