 -10.0000000   -0.0518981
  -9.9800000   -0.0493472
  -9.9600000   -0.0461353
  -9.9400000   -0.0422583
  -9.9200000   -0.0377395
  -9.9000000   -0.0326333
  -9.8800000   -0.0270286
  -9.8600000   -0.0210497
  -9.8400000   -0.0148530
  -9.8200000   -0.0086213
  -9.8000000   -0.0025536
  -9.7800000    0.0031484
  -9.7600000    0.0082951
  -9.7400000    0.0127251
  -9.7200000    0.0163188
  -9.7000000    0.0190077
  -9.6800000    0.0207790
  -9.6600000    0.0216720
  -9.6400000    0.0217684
  -9.6200000    0.0211771
  -9.6000000    0.0200152
  -9.5800000    0.0183878
  -9.5600000    0.0163717
  -9.5400000    0.0140030
  -9.5200000    0.0112724
  -9.5000000    0.0081291
  -9.4800000    0.0044911
  -9.4600000    0.0002627
  -9.4400000   -0.0046457
  -9.4200000   -0.0102968
  -9.4000000   -0.0167079
  -9.3800000   -0.0238381
  -9.3600000   -0.0315813
  -9.3400000   -0.0397669
  -9.3200000   -0.0481675
  -9.3000000   -0.0565126
  -9.2800000   -0.0645072
  -9.2600000   -0.0718523
  -9.2400000   -0.0782663
  -9.2200000   -0.0835056
  -9.2000000   -0.0873815
  -9.1800000   -0.0897734
  -9.1600000   -0.0906366
  -9.1400000   -0.0900043
  -9.1200000   -0.0879849
  -9.1000000   -0.0847526
  -9.0800000   -0.0805343
  -9.0600000   -0.0755926
  -9.0400000   -0.0702069
  -9.0200000   -0.0646530
  -9.0000000   -0.0591848
  -8.9800000   -0.0540178
  -8.9600000   -0.0493173
  -8.9400000   -0.0451911
  -8.9200000   -0.0416884
  -8.9000000   -0.0388037
  -8.8800000   -0.0364858
  -8.8600000   -0.0346496
  -8.8400000   -0.0331895
  -8.8200000   -0.0319924
  -8.8000000   -0.0309489
  -8.7800000   -0.0299605
  -8.7600000   -0.0289443
  -8.7400000   -0.0278335
  -8.7200000   -0.0265752
  -8.7000000   -0.0251283
  -8.6800000   -0.0234604
  -8.6600000   -0.0215466
  -8.6400000   -0.0193701
  -8.6200000   -0.0169246
  -8.6000000   -0.0142183
  -8.5800000   -0.0112772
  -8.5600000   -0.0081478
  -8.5400000   -0.0048970
  -8.5200000   -0.0016096
  -8.5000000    0.0016176
  -8.4800000    0.0046838
  -8.4600000    0.0074937
  -8.4400000    0.0099658
  -8.4200000    0.0120401
  -8.4000000    0.0136822
  -8.3800000    0.0148839
  -8.3600000    0.0156604
  -8.3400000    0.0160440
  -8.3200000    0.0160755
  -8.3000000    0.0157946
  -8.2800000    0.0152305
  -8.2600000    0.0143940
  -8.2400000    0.0132718
  -8.2200000    0.0118250
  -8.2000000    0.0099906
  -8.1800000    0.0076880
  -8.1600000    0.0048283
  -8.1400000    0.0013271
  -8.1200000   -0.0028815
  -8.1000000   -0.0078313
  -8.0800000   -0.0135121
  -8.0600000   -0.0198624
  -8.0400000   -0.0267682
  -8.0200000   -0.0340678
  -8.0000000   -0.0415644
  -7.9800000   -0.0490441
  -7.9600000   -0.0562978
  -7.9400000   -0.0631442
  -7.9200000   -0.0694507
  -7.9000000   -0.0751480
  -7.8800000   -0.0802376
  -7.8600000   -0.0847887
  -7.8400000   -0.0889267
  -7.8200000   -0.0928123
  -7.8000000   -0.0966157
  -7.7800000   -0.1004890
  -7.7600000   -0.1045402
  -7.7400000   -0.1088124
  -7.7200000   -0.1132721
  -7.7000000   -0.1178069
  -7.6800000   -0.1222328
  -7.6600000   -0.1263113
  -7.6400000   -0.1297720
  -7.6200000   -0.1323394
  -7.6000000   -0.1337607
  -7.5800000   -0.1338296
  -7.5600000   -0.1324069
  -7.5400000   -0.1294342
  -7.5200000   -0.1249401
  -7.5000000   -0.1190409
  -7.4800000   -0.1119338
  -7.4600000   -0.1038864
  -7.4400000   -0.0952219
  -7.4200000   -0.0863012
  -7.4000000   -0.0775045
  -7.3800000   -0.0692103
  -7.3600000   -0.0617749
  -7.3400000   -0.0555122
  -7.3200000   -0.0506739
  -7.3000000   -0.0474328
  -7.2800000   -0.0458691
  -7.2600000   -0.0459619
  -7.2400000   -0.0475869
  -7.2200000   -0.0505215
  -7.2000000   -0.0544568
  -7.1800000   -0.0590167
  -7.1600000   -0.0637825
  -7.1400000   -0.0683216
  -7.1200000   -0.0722171
  -7.1000000   -0.0750972
  -7.0800000   -0.0766611
  -7.0600000   -0.0767007
  -7.0400000   -0.0751152
  -7.0200000   -0.0719194
  -7.0000000   -0.0672443
  -6.9800000   -0.0613299
  -6.9600000   -0.0545109
  -6.9400000   -0.0471963
  -6.9200000   -0.0398430
  -6.9000000   -0.0329256
  -6.8800000   -0.0269034
  -6.8600000   -0.0221876
  -6.8400000   -0.0191095
  -6.8200000   -0.0178941
  -6.8000000   -0.0186400
  -6.7800000   -0.0213085
  -6.7600000   -0.0257228
  -6.7400000   -0.0315796
  -6.7200000   -0.0384708
  -6.7000000   -0.0459157
  -6.6800000   -0.0533996
  -6.6600000   -0.0604169
  -6.6400000   -0.0665140
  -6.6200000   -0.0713268
  -6.6000000   -0.0746109
  -6.5800000   -0.0762600
  -6.5600000   -0.0763111
  -6.5400000   -0.0749359
  -6.5200000   -0.0724207
  -6.5000000   -0.0691355
  -6.4800000   -0.0654973
  -6.4600000   -0.0619308
  -6.4400000   -0.0588300
  -6.4200000   -0.0565261
  -6.4000000   -0.0552616
  -6.3800000   -0.0551752
  -6.3600000   -0.0562962
  -6.3400000   -0.0585484
  -6.3200000   -0.0617640
  -6.3000000   -0.0657034
  -6.2800000   -0.0700802
  -6.2600000   -0.0745886
  -6.2400000   -0.0789311
  -6.2200000   -0.0828434
  -6.2000000   -0.0861154
  -6.1800000   -0.0886065
  -6.1600000   -0.0902538
  -6.1400000   -0.0910735
  -6.1200000   -0.0911545
  -6.1000000   -0.0906465
  -6.0800000   -0.0897425
  -6.0600000   -0.0886576
  -6.0400000   -0.0876064
  -6.0200000   -0.0867801
  -6.0000000   -0.0863259
  -5.9800000   -0.0863299
  -5.9600000   -0.0868055
  -5.9400000   -0.0876889
  -5.9200000   -0.0888420
  -5.9000000   -0.0900632
  -5.8800000   -0.0911060
  -5.8600000   -0.0917031
  -5.8400000   -0.0915936
  -5.8200000   -0.0905516
  -5.8000000   -0.0884107
  -5.7800000   -0.0850828
  -5.7600000   -0.0805675
  -5.7400000   -0.0749520
  -5.7200000   -0.0683996
  -5.7000000   -0.0611299
  -5.6800000   -0.0533923
  -5.6600000   -0.0454377
  -5.6400000   -0.0374910
  -5.6200000   -0.0297288
  -5.6000000   -0.0222653
  -5.5800000   -0.0151476
  -5.5600000   -0.0083617
  -5.5400000   -0.0018461
  -5.5200000    0.0044865
  -5.5000000    0.0107254
  -5.4800000    0.0169375
  -5.4600000    0.0231464
  -5.4400000    0.0293183
  -5.4200000    0.0353560
  -5.4000000    0.0411018
  -5.3800000    0.0463499
  -5.3600000    0.0508647
  -5.3400000    0.0544046
  -5.3200000    0.0567472
  -5.3000000    0.0577123
  -5.2800000    0.0571812
  -5.2600000    0.0551088
  -5.2400000    0.0515287
  -5.2200000    0.0465496
  -5.2000000    0.0403452
  -5.1800000    0.0331376
  -5.1600000    0.0251784
  -5.1400000    0.0167274
  -5.1200000    0.0080337
  -5.1000000   -0.0006808
  -5.0800000   -0.0092332
  -5.0600000   -0.0174858
  -5.0400000   -0.0253465
  -5.0200000   -0.0327647
  -5.0000000   -0.0397225
  -4.9800000   -0.0462241
  -4.9600000   -0.0522835
  -4.9400000   -0.0579125
  -4.9200000   -0.0631120
  -4.9000000   -0.0678639
  -4.8800000   -0.0721285
  -4.8600000   -0.0758442
  -4.8400000   -0.0789312
  -4.8200000   -0.0812986
  -4.8000000   -0.0828534
  -4.7800000   -0.0835116
  -4.7600000   -0.0832099
  -4.7400000   -0.0819175
  -4.7200000   -0.0796458
  -4.7000000   -0.0764556
  -4.6800000   -0.0724606
  -4.6600000   -0.0678254
  -4.6400000   -0.0627585
  -4.6200000   -0.0574998
  -4.6000000   -0.0523036
  -4.5800000   -0.0474191
  -4.5600000   -0.0430696
  -4.5400000   -0.0394339
  -4.5200000   -0.0366320
  -4.5000000   -0.0347165
  -4.4800000   -0.0336708
  -4.4600000   -0.0334150
  -4.4400000   -0.0338171
  -4.4200000   -0.0347086
  -4.4000000   -0.0359022
  -4.3800000   -0.0372081
  -4.3600000   -0.0384487
  -4.3400000   -0.0394686
  -4.3200000   -0.0401405
  -4.3000000   -0.0403667
  -4.2800000   -0.0400779
  -4.2600000   -0.0392300
  -4.2400000   -0.0378011
  -4.2200000   -0.0357894
  -4.2000000   -0.0332135
  -4.1800000   -0.0301146
  -4.1600000   -0.0265607
  -4.1400000   -0.0226516
  -4.1200000   -0.0185232
  -4.1000000   -0.0143490
  -4.0800000   -0.0103386
  -4.0600000   -0.0067308
  -4.0400000   -0.0037814
  -4.0200000   -0.0017462
  -4.0000000   -0.0008602
  -3.9800000   -0.0013148
  -3.9600000   -0.0032351
  -3.9400000   -0.0066612
  -3.9200000   -0.0115345
  -3.9000000   -0.0176912
  -3.8800000   -0.0248661
  -3.8600000   -0.0327044
  -3.8400000   -0.0407827
  -3.8200000   -0.0486366
  -3.8000000   -0.0557930
  -3.7800000   -0.0618036
  -3.7600000   -0.0662771
  -3.7400000   -0.0689063
  -3.7200000   -0.0694894
  -3.7000000   -0.0679411
  -3.6800000   -0.0642954
  -3.6600000   -0.0586988
  -3.6400000   -0.0513949
  -3.6200000   -0.0427030
  -3.6000000   -0.0329915
  -3.5800000   -0.0226502
  -3.5600000   -0.0120618
  -3.5400000   -0.0015763
  -3.5200000    0.0085116
  -3.5000000    0.0179795
  -3.4800000    0.0266900
  -3.4600000    0.0345965
  -3.4400000    0.0417434
  -3.4200000    0.0482606
  -3.4000000    0.0543510
  -3.3800000    0.0602729
  -3.3600000    0.0663171
  -3.3400000    0.0727800
  -3.3200000    0.0799353
  -3.3000000    0.0880046
  -3.2800000    0.0971332
  -3.2600000    0.1073700
  -3.2400000    0.1186564
  -3.2200000    0.1308250
  -3.2000000    0.1436079
  -3.1800000    0.1566536
  -3.1600000    0.1695517
  -3.1400000    0.1818596
  -3.1200000    0.1931312
  -3.1000000    0.2029420
  -3.0800000    0.2109111
  -3.0600000    0.2167170
  -3.0400000    0.2201090
  -3.0200000    0.2209156
  -3.0000000    0.2190504
  -2.9800000    0.2145166
  -2.9600000    0.2074119
  -2.9400000    0.1979316
  -2.9200000    0.1863685
  -2.9000000    0.1731085
  -2.8800000    0.1586176
  -2.8600000    0.1434213
  -2.8400000    0.1280749
  -2.8200000    0.1131261
  -2.8000000    0.0990753
  -2.7800000    0.0863353
  -2.7600000    0.0751983
  -2.7400000    0.0658121
  -2.7200000    0.0581716
  -2.7000000    0.0521246
  -2.6800000    0.0473936
  -2.6600000    0.0436089
  -2.6400000    0.0403512
  -2.6200000    0.0371961
  -2.6000000    0.0337580
  -2.5800000    0.0297262
  -2.5600000    0.0248922
  -2.5400000    0.0191648
  -2.5200000    0.0125727
  -2.5000000    0.0052573
  -2.4800000   -0.0025443
  -2.4600000   -0.0105220
  -2.4400000   -0.0183189
  -2.4200000   -0.0255577
  -2.4000000   -0.0318670
  -2.3800000   -0.0369038
  -2.3600000   -0.0403740
  -2.3400000   -0.0420480
  -2.3200000   -0.0417740
  -2.3000000   -0.0394861
  -2.2800000   -0.0352100
  -2.2600000   -0.0290632
  -2.2400000   -0.0212505
  -2.2200000   -0.0120545
  -2.2000000   -0.0018196
  -2.1800000    0.0090701
  -2.1600000    0.0202176
  -2.1400000    0.0312438
  -2.1200000    0.0418201
  -2.1000000    0.0516996
  -2.0800000    0.0607447
  -2.0600000    0.0689463
  -2.0400000    0.0764349
  -2.0200000    0.0834795
  -2.0000000    0.0904752
  -1.9800000    0.0979202
  -1.9600000    0.1063826
  -1.9400000    0.1164614
  -1.9200000    0.1287426
  -1.9000000    0.1437544
  -1.8800000    0.1619232
  -1.8600000    0.1835338
  -1.8400000    0.2086944
  -1.8200000    0.2373087
  -1.8000000    0.2690575
  -1.7800000    0.3033903
  -1.7600000    0.3395315
  -1.7400000    0.3764999
  -1.7200000    0.4131463
  -1.7000000    0.4482076
  -1.6800000    0.4803758
  -1.6600000    0.5083797
  -1.6400000    0.5310718
  -1.6200000    0.5475137
  -1.6000000    0.5570502
  -1.5800000    0.5593644
  -1.5600000    0.5545056
  -1.5400000    0.5428862
  -1.5200000    0.5252463
  -1.5000000    0.5025887
  -1.4800000    0.4760930
  -1.4600000    0.4470154
  -1.4400000    0.4165886
  -1.4200000    0.3859299
  -1.4000000    0.3559683
  -1.3800000    0.3273961
  -1.3600000    0.3006483
  -1.3400000    0.2759072
  -1.3200000    0.2531309
  -1.3000000    0.2320963
  -1.2800000    0.2124513
  -1.2600000    0.1937688
  -1.2400000    0.1755948
  -1.2200000    0.1574898
  -1.2000000    0.1390576
  -1.1800000    0.1199641
  -1.1600000    0.0999466
  -1.1400000    0.0788158
  -1.1200000    0.0564532
  -1.1000000    0.0328073
  -1.0800000    0.0078892
  -1.0600000   -0.0182297
  -1.0400000   -0.0454193
  -1.0200000   -0.0734911
  -1.0000000   -0.1021983
  -0.9800000   -0.1312370
  -0.9600000   -0.1602502
  -0.9400000   -0.1888353
  -0.9200000   -0.2165548
  -0.9000000   -0.2429521
  -0.8800000   -0.2675702
  -0.8600000   -0.2899730
  -0.8400000   -0.3097673
  -0.8200000   -0.3266238
  -0.8000000   -0.3402959
  -0.7800000   -0.3506335
  -0.7600000   -0.3575923
  -0.7400000   -0.3612366
  -0.7200000   -0.3617366
  -0.7000000   -0.3593604
  -0.6800000   -0.3544599
  -0.6600000   -0.3474524
  -0.6400000   -0.3387970
  -0.6200000   -0.3289641
  -0.6000000   -0.3184002
  -0.5800000   -0.3074846
  -0.5600000   -0.2964804
  -0.5400000   -0.2854804
  -0.5200000   -0.2743510
  -0.5000000   -0.2626783
  -0.4800000   -0.2497225
  -0.4600000   -0.2343863
  -0.4400000   -0.2152057
  -0.4200000   -0.1903698
  -0.4000000   -0.1577741
  -0.3800000   -0.1151140
  -0.3600000   -0.0600175
  -0.3400000    0.0097835
  -0.3200000    0.0962496
  -0.3000000    0.2008096
  -0.2800000    0.3241310
  -0.2600000    0.4659052
  -0.2400000    0.6246728
  -0.2200000    0.7977113
  -0.2000000    0.9810109
  -0.1800000    1.1693550
  -0.1600000    1.3565160
  -0.1400000    1.5355638
  -0.1200000    1.6992725
  -0.1000000    1.8405962
  -0.0800000    1.9531724
  -0.0600000    2.0318070
  -0.0400000    2.0728882
  -0.0200000    2.0746848
   0.0000000    2.0374943
   0.0200000    1.9636214
   0.0400000    1.8571883
   0.0600000    1.7237974
   0.0800000    1.5700834
   0.1000000    1.4032036
   0.1200000    1.2303221
   0.1400000    1.0581365
   0.1600000    0.8924936
   0.1800000    0.7381192
   0.2000000    0.5984776
   0.2200000    0.4757562
   0.2400000    0.3709572
   0.2600000    0.2840706
   0.2800000    0.2142959
   0.3000000    0.1602784
   0.3200000    0.1203339
   0.3400000    0.0926370
   0.3600000    0.0753620
   0.3800000    0.0667701
   0.4000000    0.0652475
   0.4200000    0.0693046
   0.4400000    0.0775501
   0.4600000    0.0886571
   0.4800000    0.1013352
   0.5000000    0.1143198
   0.5200000    0.1263863
   0.5400000    0.1363887
   0.5600000    0.1433171
   0.5800000    0.1463657
   0.6000000    0.1449966
   0.6200000    0.1389902
   0.6400000    0.1284674
   0.6600000    0.1138821
   0.6800000    0.0959794
   0.7000000    0.0757254
   0.7200000    0.0542179
   0.7400000    0.0325887
   0.7600000    0.0119102
   0.7800000   -0.0068828
   0.8000000   -0.0230482
   0.8200000   -0.0360654
   0.8400000   -0.0456373
   0.8600000   -0.0516706
   0.8800000   -0.0542403
   0.9000000   -0.0535460
   0.9200000   -0.0498685
   0.9400000   -0.0435316
   0.9600000   -0.0348742
   0.9800000   -0.0242337
   1.0000000   -0.0119399
   1.0200000    0.0016825
   1.0400000    0.0163079
   1.0600000    0.0316033
   1.0800000    0.0472262
   1.1000000    0.0628297
   1.1200000    0.0780743
   1.1400000    0.0926491
   1.1600000    0.1062961
   1.1800000    0.1188370
   1.2000000    0.1301960
   1.2200000    0.1404145
   1.2400000    0.1496546
   1.2600000    0.1581874
   1.2800000    0.1663678
   1.3000000    0.1745950
   1.3200000    0.1832651
   1.3400000    0.1927173
   1.3600000    0.2031833
   1.3800000    0.2147430
   1.4000000    0.2272934
   1.4200000    0.2405346
   1.4400000    0.2539755
   1.4600000    0.2669591
   1.4800000    0.2787070
   1.5000000    0.2883778
   1.5200000    0.2951357
   1.5400000    0.2982206
   1.5600000    0.2970153
   1.5800000    0.2911015
   1.6000000    0.2802997
   1.6200000    0.2646897
   1.6400000    0.2446116
   1.6600000    0.2206461
   1.6800000    0.1935799
   1.7000000    0.1643579
   1.7200000    0.1340299
   1.7400000    0.1036937
   1.7600000    0.0744403
   1.7800000    0.0473033
   1.8000000    0.0232135
   1.8200000    0.0029605
   1.8400000   -0.0128400
   1.8600000   -0.0237719
   1.8800000   -0.0296371
   1.9000000   -0.0304656
   1.9200000   -0.0265152
   1.9400000   -0.0182598
   1.9600000   -0.0063640
   1.9800000    0.0083544
   2.0000000    0.0249750
   2.0200000    0.0425337
   2.0400000    0.0600862
   2.0600000    0.0767700
   2.0800000    0.0918592
   2.1000000    0.1048063
   2.1200000    0.1152676
   2.1400000    0.1231085
   2.1600000    0.1283913
   2.1800000    0.1313459
   2.2000000    0.1323294
   2.2200000    0.1317799
   2.2400000    0.1301697
   2.2600000    0.1279647
   2.2800000    0.1255924
   2.3000000    0.1234223
   2.3200000    0.1217581
   2.3400000    0.1208414
   2.3600000    0.1208637
   2.3800000    0.1219829
   2.4000000    0.1243410
   2.4200000    0.1280789
   2.4400000    0.1333442
   2.4600000    0.1402911
   2.4800000    0.1490700
   2.5000000    0.1598083
   2.5200000    0.1725834
   2.5400000    0.1873931
   2.5600000    0.2041257
   2.5800000    0.2225364
   2.6000000    0.2422338
   2.6200000    0.2626806
   2.6400000    0.2832104
   2.6600000    0.3030595
   2.6800000    0.3214134
   2.7000000    0.3374609
   2.7200000    0.3504528
   2.7400000    0.3597571
   2.7600000    0.3649058
   2.7800000    0.3656283
   2.8000000    0.3618678
   2.8200000    0.3537809
   2.8400000    0.3417197
   2.8600000    0.3262000
   2.8800000    0.3078585
   2.9000000    0.2874038
   2.9200000    0.2655651
   2.9400000    0.2430432
   2.9600000    0.2204683
   2.9800000    0.1983664
   3.0000000    0.1771379
   3.0200000    0.1570478
   3.0400000    0.1382296
   3.0600000    0.1207003
   3.0800000    0.1043847
   3.1000000    0.0891456
   3.1200000    0.0748171
   3.1400000    0.0612362
   3.1600000    0.0482693
   3.1800000    0.0358319
   3.2000000    0.0238982
   3.2200000    0.0125021
   3.2400000    0.0017296
   3.2600000   -0.0082960
   3.2800000   -0.0174315
   3.3000000   -0.0255330
   3.3200000   -0.0324728
   3.3400000   -0.0381530
   3.3600000   -0.0425146
   3.3800000   -0.0455413
   3.4000000   -0.0472601
   3.4200000   -0.0477377
   3.4400000   -0.0470769
   3.4600000   -0.0454111
   3.4800000   -0.0428997
   3.5000000   -0.0397235
   3.5200000   -0.0360809
   3.5400000   -0.0321825
   3.5600000   -0.0282452
   3.5800000   -0.0244840
   3.6000000   -0.0211020
   3.6200000   -0.0182785
   3.6400000   -0.0161560
   3.6600000   -0.0148273
   3.6800000   -0.0143251
   3.7000000   -0.0146140
   3.7200000   -0.0155874
   3.7400000   -0.0170702
   3.7600000   -0.0188272
   3.7800000   -0.0205782
   3.8000000   -0.0220169
   3.8200000   -0.0228350
   3.8400000   -0.0227474
   3.8600000   -0.0215173
   3.8800000   -0.0189792
   3.9000000   -0.0150570
   3.9200000   -0.0097763
   3.9400000   -0.0032682
   3.9600000    0.0042349
   3.9800000    0.0124118
   4.0000000    0.0208737
   4.0200000    0.0291905
   4.0400000    0.0369221
   4.0600000    0.0436506
   4.0800000    0.0490117
   4.1000000    0.0527220
   4.1200000    0.0545994
   4.1400000    0.0545758
   4.1600000    0.0526998
   4.1800000    0.0491307
   4.2000000    0.0441233
   4.2200000    0.0380062
   4.2400000    0.0311553
   4.2600000    0.0239652
   4.2800000    0.0168223
   4.3000000    0.0100796
   4.3200000    0.0040387
   4.3400000   -0.0010636
   4.3600000   -0.0050601
   4.3800000   -0.0078522
   4.4000000   -0.0094028
   4.4200000   -0.0097254
   4.4400000   -0.0088708
   4.4600000   -0.0069136
   4.4800000   -0.0039412
   4.5000000   -0.0000460
   4.5200000    0.0046784
   4.5400000    0.0101356
   4.5600000    0.0162211
   4.5800000    0.0228147
   4.6000000    0.0297715
   4.6200000    0.0369145
   4.6400000    0.0440316
   4.6600000    0.0508765
   4.6800000    0.0571770
   4.7000000    0.0626494
   4.7200000    0.0670178
   4.7400000    0.0700375
   4.7600000    0.0715192
   4.7800000    0.0713512
   4.8000000    0.0695170
   4.8200000    0.0661055
   4.8400000    0.0613118
   4.8600000    0.0554296
   4.8800000    0.0488324
   4.9000000    0.0419481
   4.9200000    0.0352277
   4.9400000    0.0291116
   4.9600000    0.0239961
   4.9800000    0.0202053
   5.0000000    0.0179686
   5.0200000    0.0174083
   5.0400000    0.0185364
   5.0600000    0.0212612
   5.0800000    0.0254031
   5.1000000    0.0307164
   5.1200000    0.0369151
   5.1400000    0.0436997
   5.1600000    0.0507826
   5.1800000    0.0579085
   5.2000000    0.0648694
   5.2200000    0.0715123
   5.2400000    0.0777401
   5.2600000    0.0835055
   5.2800000    0.0888000
   5.3000000    0.0936398
   5.3200000    0.0980501
   5.3400000    0.1020505
   5.3600000    0.1056432
   5.3800000    0.1088062
   5.4000000    0.1114903
   5.4200000    0.1136225
   5.4400000    0.1151129
   5.4600000    0.1158653
   5.4800000    0.1157889
   5.5000000    0.1148094
   5.5200000    0.1128781
   5.5400000    0.1099784
   5.5600000    0.1061278
   5.5800000    0.1013770
   5.6000000    0.0958063
   5.6200000    0.0895200
   5.6400000    0.0826408
   5.6600000    0.0753038
   5.6800000    0.0676519
   5.7000000    0.0598328
   5.7200000    0.0519958
   5.7400000    0.0442903
   5.7600000    0.0368637
   5.7800000    0.0298589
   5.8000000    0.0234118
   5.8200000    0.0176473
   5.8400000    0.0126755
   5.8600000    0.0085873
   5.8800000    0.0054496
   5.9000000    0.0033021
   5.9200000    0.0021529
   5.9400000    0.0019767
   5.9600000    0.0027137
   5.9800000    0.0042701
   6.0000000    0.0065223
   6.0200000    0.0093218
   6.0400000    0.0125038
   6.0600000    0.0158976
   6.0800000    0.0193375
   6.1000000    0.0226744
   6.1200000    0.0257845
   6.1400000    0.0285765
   6.1600000    0.0309932
   6.1800000    0.0330098
   6.2000000    0.0346274
   6.2200000    0.0358640
   6.2400000    0.0367432
   6.2600000    0.0372847
   6.2800000    0.0374963
   6.3000000    0.0373702
   6.3200000    0.0368843
   6.3400000    0.0360077
   6.3600000    0.0347102
   6.3800000    0.0329736
   6.4000000    0.0308029
   6.4200000    0.0282349
   6.4400000    0.0253437
   6.4600000    0.0222398
   6.4800000    0.0190658
   6.5000000    0.0159862
   6.5200000    0.0131746
   6.5400000    0.0107996
   6.5600000    0.0090110
   6.5800000    0.0079283
   6.6000000    0.0076322
   6.6200000    0.0081603
   6.6400000    0.0095063
   6.6600000    0.0116234
   6.6800000    0.0144293
   6.7000000    0.0178137
   6.7200000    0.0216464
   6.7400000    0.0257852
   6.7600000    0.0300837
   6.7800000    0.0343983
   6.8000000    0.0385937
   6.8200000    0.0425488
   6.8400000    0.0461607
   6.8600000    0.0493489
   6.8800000    0.0520591
   6.9000000    0.0542662
   6.9200000    0.0559768
   6.9400000    0.0572308
   6.9600000    0.0581011
   6.9800000    0.0586920
   7.0000000    0.0591340
   7.0200000    0.0595767
   7.0400000    0.0601784
   7.0600000    0.0610933
   7.0800000    0.0624570
   7.1000000    0.0643723
   7.1200000    0.0668962
   7.1400000    0.0700301
   7.1600000    0.0737151
   7.1800000    0.0778338
   7.2000000    0.0822172
   7.2200000    0.0866599
   7.2400000    0.0909384
   7.2600000    0.0948331
   7.2800000    0.0981504
   7.3000000    0.1007415
   7.3200000    0.1025167
   7.3400000    0.1034518
   7.3600000    0.1035860
   7.3800000    0.1030121
   7.4000000    0.1018590
   7.4200000    0.1002698
   7.4400000    0.0983783
   7.4600000    0.0962876
   7.4800000    0.0940526
   7.5000000    0.0916710
   7.5200000    0.0890829
   7.5400000    0.0861789
   7.5600000    0.0828166
   7.5800000    0.0788429
   7.6000000    0.0741188
   7.6200000    0.0685426
   7.6400000    0.0620699
   7.6600000    0.0547259
   7.6800000    0.0466086
   7.7000000    0.0378837
   7.7200000    0.0287701
   7.7400000    0.0195190
   7.7600000    0.0103903
   7.7800000    0.0016277
   7.8000000   -0.0065616
   7.8200000   -0.0140226
   7.8400000   -0.0206591
   7.8600000   -0.0264326
   7.8800000   -0.0313533
   7.9000000   -0.0354662
   7.9200000   -0.0388330
   7.9400000   -0.0415162
   7.9600000   -0.0435658
   7.9800000   -0.0450114
   8.0000000   -0.0458626
   8.0200000   -0.0461157
   8.0400000   -0.0457658
   8.0600000   -0.0448233
   8.0800000   -0.0433301
   8.1000000   -0.0413731
   8.1200000   -0.0390919
   8.1400000   -0.0366793
   8.1600000   -0.0343725
   8.1800000   -0.0324367
   8.2000000   -0.0311414
   8.2200000   -0.0307334
   8.2400000   -0.0314085
   8.2600000   -0.0332857
   8.2800000   -0.0363878
   8.3000000   -0.0406300
   8.3200000   -0.0458189
   8.3400000   -0.0516618
   8.3600000   -0.0577855
   8.3800000   -0.0637632
   8.4000000   -0.0691463
   8.4200000   -0.0734981
   8.4400000   -0.0764256
   8.4600000   -0.0776068
   8.4800000   -0.0768109
   8.5000000   -0.0739099
   8.5200000   -0.0688806
   8.5400000   -0.0617989
   8.5600000   -0.0528261
   8.5800000   -0.0421908
   8.6000000   -0.0301680
   8.6200000   -0.0170578
   8.6400000   -0.0031667
   8.6600000    0.0112083
   8.6800000    0.0257905
   8.7000000    0.0403301
   8.7200000    0.0546065
   8.7400000    0.0684275
   8.7600000    0.0816280
   8.7800000    0.0940673
   8.8000000    0.1056289
   8.8200000    0.1162216
   8.8400000    0.1257827
   8.8600000    0.1342818
   8.8800000    0.1417249
   8.9000000    0.1481549
   8.9200000    0.1536495
   8.9400000    0.1583127
   8.9600000    0.1622621
   8.9800000    0.1656112
   9.0000000    0.1684500
   9.0200000    0.1708272
   9.0400000    0.1727363
   9.0600000    0.1741097
   9.0800000    0.1748228
   9.1000000    0.1747084
   9.1200000    0.1735804
   9.1400000    0.1712641
   9.1600000    0.1676283
   9.1800000    0.1626157
   9.2000000    0.1562644
   9.2200000    0.1487197
   9.2400000    0.1402305
   9.2600000    0.1311331
   9.2800000    0.1218220
   9.3000000    0.1127127
   9.3200000    0.1041998
   9.3400000    0.0966176
   9.3600000    0.0902073
   9.3800000    0.0850947
   9.4000000    0.0812816
   9.4200000    0.0786506
   9.4400000    0.0769825
   9.4600000    0.0759832
   9.4800000    0.0753154
   9.5000000    0.0746308
   9.5200000    0.0736001
   9.5400000    0.0719348
   9.5600000    0.0694025
   9.5800000    0.0658323
   9.6000000    0.0611141
   9.6200000    0.0551925
   9.6400000    0.0480586
   9.6600000    0.0397414
   9.6800000    0.0303017
   9.7000000    0.0198287
   9.7200000    0.0084381
   9.7400000   -0.0037267
   9.7600000   -0.0164951
   9.7800000   -0.0296698
   9.8000000   -0.0430311
   9.8200000   -0.0563427
   9.8400000   -0.0693613
   9.8600000   -0.0818462
   9.8800000   -0.0935694
   9.9000000   -0.1043240
   9.9200000   -0.1139301
   9.9400000   -0.1222375
   9.9600000   -0.1291259
   9.9800000   -0.1345030
  10.0000000   -0.1383018
  10.0200000   -0.1404772
  10.0400000   -0.1410039
  10.0600000   -0.1398753
  10.0800000   -0.1371032
  10.1000000   -0.1327182
  10.1200000   -0.1267708
  10.1400000   -0.1193322
  10.1600000   -0.1104947
  10.1800000   -0.1003719
  10.2000000   -0.0890981
  10.2200000   -0.0768273
  10.2400000   -0.0637317
  10.2600000   -0.0499996
  10.2800000   -0.0358319
  10.3000000   -0.0214380
  10.3200000   -0.0070302
  10.3400000    0.0071832
  10.3600000    0.0210046
  10.3800000    0.0342538
  10.4000000    0.0467739
  10.4200000    0.0584333
  10.4400000    0.0691266
  10.4600000    0.0787705
  10.4800000    0.0872984
  10.5000000    0.0946526
  10.5200000    0.1007788
  10.5400000    0.1056211
  10.5600000    0.1091241
  10.5800000    0.1112387
  10.6000000    0.1119355
  10.6200000    0.1112218
  10.6400000    0.1091607
  10.6600000    0.1058882
  10.6800000    0.1016254
  10.7000000    0.0966804
  10.7200000    0.0914392
  10.7400000    0.0863439
  10.7600000    0.0818601
  10.7800000    0.0784359
  10.8000000    0.0764587
  10.8200000    0.0762140
  10.8400000    0.0778524
  10.8600000    0.0813689
  10.8800000    0.0865984
  10.9000000    0.0932269
  10.9200000    0.1008172
  10.9400000    0.1088477
  10.9600000    0.1167565
  10.9800000    0.1239887
  11.0000000    0.1300394
  11.0200000    0.1344901
  11.0400000    0.1370326
  11.0600000    0.1374823
  11.0800000    0.1357784
  11.1000000    0.1319730
  11.1200000    0.1262126
  11.1400000    0.1187135
  11.1600000    0.1097364
  11.1800000    0.0995606
  11.2000000    0.0884628
  11.2200000    0.0766999
  11.2400000    0.0644993
  11.2600000    0.0520540
  11.2800000    0.0395249
  11.3000000    0.0270462
  11.3200000    0.0147355
  11.3400000    0.0027033
  11.3600000   -0.0089373
  11.3800000   -0.0200638
  11.4000000   -0.0305426
  11.4200000   -0.0402311
  11.4400000   -0.0489860
  11.4600000   -0.0566746
  11.4800000   -0.0631888
  11.5000000   -0.0684593
  11.5200000   -0.0724662
  11.5400000   -0.0752465
  11.5600000   -0.0768938
  11.5800000   -0.0775522
  11.6000000   -0.0774033
  11.6200000   -0.0766489
  11.6400000   -0.0754903
  11.6600000   -0.0741087
  11.6800000   -0.0726467
  11.7000000   -0.0711962
  11.7200000   -0.0697916
  11.7400000   -0.0684106
  11.7600000   -0.0669821
  11.7800000   -0.0653998
  11.8000000   -0.0635400
  11.8200000   -0.0612807
  11.8400000   -0.0585207
  11.8600000   -0.0551944
  11.8800000   -0.0512821
  11.9000000   -0.0468132
  11.9200000   -0.0418622
  11.9400000   -0.0365390
  11.9600000   -0.0309733
  11.9800000   -0.0252968
  12.0000000   -0.0196248
  12.0200000   -0.0140405
  12.0400000   -0.0085828
  12.0600000   -0.0032413
  12.0800000    0.0020439
  12.1000000    0.0073755
  12.1200000    0.0128865
  12.1400000    0.0187258
  12.1600000    0.0250404
  12.1800000    0.0319586
  12.2000000    0.0395739
  12.2200000    0.0479321
  12.2400000    0.0570216
  12.2600000    0.0667678
  12.2800000    0.0770316
  12.3000000    0.0876124
  12.3200000    0.0982554
  12.3400000    0.1086626
  12.3600000    0.1185081
  12.3800000    0.1274560
  12.4000000    0.1351800
  12.4200000    0.1413843
  12.4400000    0.1458224
  12.4600000    0.1483139
  12.4800000    0.1487560
  12.5000000    0.1471295
  12.5200000    0.1434977
  12.5400000    0.1379994
  12.5600000    0.1308350
  12.5800000    0.1222498
  12.6000000    0.1125130
  12.6200000    0.1018979
  12.6400000    0.0906626
  12.6600000    0.0790351
  12.6800000    0.0672019
  12.7000000    0.0553022
  12.7200000    0.0434270
  12.7400000    0.0316229
  12.7600000    0.0199000
  12.7800000    0.0082419
  12.8000000   -0.0033822
  12.8200000   -0.0150057
  12.8400000   -0.0266537
  12.8600000   -0.0383343
  12.8800000   -0.0500334
  12.9000000   -0.0617119
  12.9200000   -0.0733070
  12.9400000   -0.0847354
  12.9600000   -0.0958989
  12.9800000   -0.1066893
  13.0000000   -0.1169936
  13.0200000   -0.1266976
  13.0400000   -0.1356865
  13.0600000   -0.1438459
  13.0800000   -0.1510597
  13.1000000   -0.1572099
  13.1200000   -0.1621762
  13.1400000   -0.1658383
  13.1600000   -0.1680805
  13.1800000   -0.1687977
  13.2000000   -0.1679038
  13.2200000   -0.1653392
  13.2400000   -0.1610781
  13.2600000   -0.1551327
  13.2800000   -0.1475554
  13.3000000   -0.1384371
  13.3200000   -0.1279033
  13.3400000   -0.1161074
  13.3600000   -0.1032240
  13.3800000   -0.0894412
  13.4000000   -0.0749539
  13.4200000   -0.0599582
  13.4400000   -0.0446469
  13.4600000   -0.0292063
  13.4800000   -0.0138135
  13.5000000    0.0013664
  13.5200000    0.0161816
  13.5400000    0.0304962
  13.5600000    0.0441919
  13.5800000    0.0571685
  13.6000000    0.0693444
  13.6200000    0.0806550
  13.6400000    0.0910502
  13.6600000    0.1004912
  13.6800000    0.1089459
  13.7000000    0.1163852
  13.7200000    0.1227798
  13.7400000    0.1280990
  13.7600000    0.1323104
  13.7800000    0.1353833
  13.8000000    0.1372923
  13.8200000    0.1380225
  13.8400000    0.1375748
  13.8600000    0.1359703
  13.8800000    0.1332530
  13.9000000    0.1294896
  13.9200000    0.1247675
  13.9400000    0.1191901
  13.9600000    0.1128706
  13.9800000    0.1059251
  14.0000000    0.0984662
  14.0200000    0.0905980
  14.0400000    0.0824128
  14.0600000    0.0739906
  14.0800000    0.0654007
  14.1000000    0.0567051
  14.1200000    0.0479626
  14.1400000    0.0392332
  14.1600000    0.0305818
  14.1800000    0.0220790
  14.2000000    0.0138011
  14.2200000    0.0058265
  14.2400000   -0.0017686
  14.2600000   -0.0089174
  14.2800000   -0.0155683
  14.3000000   -0.0216908
  14.3200000   -0.0272792
  14.3400000   -0.0323530
  14.3600000   -0.0369536
  14.3800000   -0.0411384
  14.4000000   -0.0449703
  14.4200000   -0.0485070
  14.4400000   -0.0517887
  14.4600000   -0.0548283
  14.4800000   -0.0576038
  14.5000000   -0.0600569
  14.5200000   -0.0620959
  14.5400000   -0.0636049
  14.5600000   -0.0644583
  14.5800000   -0.0645380
  14.6000000   -0.0637524
  14.6200000   -0.0620543
  14.6400000   -0.0594551
  14.6600000   -0.0560337
  14.6800000   -0.0519389
  14.7000000   -0.0473839
  14.7200000   -0.0426351
  14.7400000   -0.0379944
  14.7600000   -0.0337778
  14.7800000   -0.0302929
  14.8000000   -0.0278158
  14.8200000   -0.0265710
  14.8400000   -0.0267150
  14.8600000   -0.0283246
  14.8800000   -0.0313913
  14.9000000   -0.0358222
  14.9200000   -0.0414455
  14.9400000   -0.0480233
  14.9600000   -0.0552664
  14.9800000   -0.0628548
  15.0000000   -0.0704574
  15.0200000   -0.0777536
  15.0400000   -0.0844509
  15.0600000   -0.0903013
  15.0800000   -0.0951113
  15.1000000   -0.0987480
  15.1200000   -0.1011395
  15.1400000   -0.1022711
  15.1600000   -0.1021783
  15.1800000   -0.1009373
  15.2000000   -0.0986550
  15.2200000   -0.0954600
  15.2400000   -0.0914934
  15.2600000   -0.0869033
  15.2800000   -0.0818391
  15.3000000   -0.0764477
  15.3200000   -0.0708708
  15.3400000   -0.0652412
  15.3600000   -0.0596796
  15.3800000   -0.0542894
  15.4000000   -0.0491518
  15.4200000   -0.0443204
  15.4400000   -0.0398158
  15.4600000   -0.0356229
  15.4800000   -0.0316892
  15.5000000   -0.0279283
  15.5200000   -0.0242260
  15.5400000   -0.0204502
  15.5600000   -0.0164637
  15.5800000   -0.0121382
  15.6000000   -0.0073675
  15.6200000   -0.0020786
  15.6400000    0.0037617
  15.6600000    0.0101445
  15.6800000    0.0170217
  15.7000000    0.0243130
  15.7200000    0.0319157
  15.7400000    0.0397147
  15.7600000    0.0475921
  15.7800000    0.0554333
  15.8000000    0.0631313
  15.8200000    0.0705864
  15.8400000    0.0777051
  15.8600000    0.0843976
  15.8800000    0.0905760
  15.9000000    0.0961555
  15.9200000    0.1010574
  15.9400000    0.1052153
  15.9600000    0.1085826
  15.9800000    0.1111406
  16.0000000    0.1129048
  16.0200000    0.1139287
  16.0400000    0.1143031
  16.0600000    0.1141515
  16.0800000    0.1136211
  16.1000000    0.1128708
  16.1200000    0.1120578
  16.1400000    0.1113236
  16.1600000    0.1107816
  16.1800000    0.1105072
  16.2000000    0.1105306
  16.2200000    0.1108336
  16.2400000    0.1113512
  16.2600000    0.1119755
  16.2800000    0.1125645
  16.3000000    0.1129533
  16.3200000    0.1129675
  16.3400000    0.1124376
  16.3600000    0.1112127
  16.3800000    0.1091727
  16.4000000    0.1062362
  16.4200000    0.1023647
  16.4400000    0.0975616
  16.4600000    0.0918670
  16.4800000    0.0853481
  16.5000000    0.0780885
  16.5200000    0.0701767
  16.5400000    0.0616972
  16.5600000    0.0527234
  16.5800000    0.0433152
  16.6000000    0.0335200
  16.6200000    0.0233768
  16.6400000    0.0129217
  16.6600000    0.0021939
  16.6800000   -0.0087594
  16.7000000   -0.0198796
  16.7200000   -0.0310964
  16.7400000   -0.0423289
  16.7600000   -0.0534880
  16.7800000   -0.0644809
  16.8000000   -0.0752145
  16.8200000   -0.0855999
  16.8400000   -0.0955552
  16.8600000   -0.1050088
  16.8800000   -0.1139021
  16.9000000   -0.1221912
  16.9200000   -0.1298492
  16.9400000   -0.1368659
  16.9600000   -0.1432468
  16.9800000   -0.1490090
  17.0000000   -0.1541750
  17.0200000   -0.1587622
  17.0400000   -0.1627719
  17.0600000   -0.1661761
  17.0800000   -0.1689060
  17.1000000   -0.1708445
  17.1200000   -0.1718242
  17.1400000   -0.1716336
  17.1600000   -0.1700318
  17.1800000   -0.1667716
  17.2000000   -0.1616286
  17.2200000   -0.1544332
  17.2400000   -0.1451011
  17.2600000   -0.1336577
  17.2800000   -0.1202520
  17.3000000   -0.1051580
  17.3200000   -0.0887612
  17.3400000   -0.0715320
  17.3600000   -0.0539896
  17.3800000   -0.0366586
  17.4000000   -0.0200260
  17.4200000   -0.0045030
  17.4400000    0.0096049
  17.4600000    0.0221140
  17.4800000    0.0329664
  17.5000000    0.0422199
  17.5200000    0.0500279
  17.5400000    0.0566110
  17.5600000    0.0622258
  17.5800000    0.0671337
  17.6000000    0.0715729
  17.6200000    0.0757374
  17.6400000    0.0797632
  17.6600000    0.0837227
  17.6800000    0.0876271
  17.7000000    0.0914358
  17.7200000    0.0950694
  17.7400000    0.0984275
  17.7600000    0.1014051
  17.7800000    0.1039093
  17.8000000    0.1058717
  17.8200000    0.1072568
  17.8400000    0.1080653
  17.8600000    0.1083316
  17.8800000    0.1081175
  17.9000000    0.1075017
  17.9200000    0.1065678
  17.9400000    0.1053923
  17.9600000    0.1040334
  17.9800000    0.1025229
  18.0000000    0.1008622
  18.0200000    0.0990216
  18.0400000    0.0969432
  18.0600000    0.0945479
  18.0800000    0.0917428
  18.1000000    0.0884306
  18.1200000    0.0845177
  18.1400000    0.0799219
  18.1600000    0.0745775
  18.1800000    0.0684399
  18.2000000    0.0614874
  18.2200000    0.0537230
  18.2400000    0.0451751
  18.2600000    0.0358985
  18.2800000    0.0259760
  18.3000000    0.0155184
  18.3200000    0.0046656
  18.3400000   -0.0064151
  18.3600000   -0.0175319
  18.3800000   -0.0284751
  18.4000000   -0.0390256
  18.4200000   -0.0489666
  18.4400000   -0.0580969
  18.4600000   -0.0662442
  18.4800000   -0.0732777
  18.5000000   -0.0791171
  18.5200000   -0.0837383
  18.5400000   -0.0871744
  18.5600000   -0.0895105
  18.5800000   -0.0908756
  18.6000000   -0.0914293
  18.6200000   -0.0913473
  18.6400000   -0.0908050
  18.6600000   -0.0899625
  18.6800000   -0.0889506
  18.7000000   -0.0878602
  18.7200000   -0.0867352
  18.7400000   -0.0855690
  18.7600000   -0.0843060
  18.7800000   -0.0828469
  18.8000000   -0.0810578
  18.8200000   -0.0787827
  18.8400000   -0.0758585
  18.8600000   -0.0721305
  18.8800000   -0.0674685
  18.9000000   -0.0617808
  18.9200000   -0.0550259
  18.9400000   -0.0472205
  18.9600000   -0.0384430
  18.9800000   -0.0288327
  19.0000000   -0.0185849
  19.0200000   -0.0079411
  19.0400000    0.0028226
  19.0600000    0.0134100
  19.0800000    0.0235206
  19.1000000    0.0328644
  19.1200000    0.0411772
  19.1400000    0.0482328
  19.1600000    0.0538532
  19.1800000    0.0579158
  19.2000000    0.0603568
  19.2200000    0.0611720
  19.2400000    0.0604141
  19.2600000    0.0581872
  19.2800000    0.0546388
  19.3000000    0.0499508
  19.3200000    0.0443281
  19.3400000    0.0379877
  19.3600000    0.0311473
  19.3800000    0.0240153
  19.4000000    0.0167821
  19.4200000    0.0096147
  19.4400000    0.0026532
  19.4600000   -0.0039890
  19.4800000   -0.0102220
  19.5000000   -0.0159747
  19.5200000   -0.0211887
  19.5400000   -0.0258132
  19.5600000   -0.0298011
  19.5800000   -0.0331081
  19.6000000   -0.0356957
  19.6200000   -0.0375355
  19.6400000   -0.0386170
  19.6600000   -0.0389548
  19.6800000   -0.0385941
  19.7000000   -0.0376132
  19.7200000   -0.0361212
  19.7400000   -0.0342504
  19.7600000   -0.0321446
  19.7800000   -0.0299441
  19.8000000   -0.0277706
  19.8200000   -0.0257137
  19.8400000   -0.0238216
  19.8600000   -0.0220977
  19.8800000   -0.0205037
  19.9000000   -0.0189695
  19.9200000   -0.0174065
  19.9400000   -0.0157235
  19.9600000   -0.0138425
  19.9800000   -0.0117109
  20.0000000   -0.0093091
  20.0200000   -0.0066523
  20.0400000   -0.0037859
  20.0600000   -0.0007776
  20.0800000    0.0022945
  20.1000000    0.0053534
  20.1200000    0.0083338
  20.1400000    0.0111886
  20.1600000    0.0138913
  20.1800000    0.0164331
  20.2000000    0.0188170
  20.2200000    0.0210482
  20.2400000    0.0231243
  20.2600000    0.0250267
  20.2800000    0.0267141
  20.3000000    0.0281216
  20.3200000    0.0291636
  20.3400000    0.0297416
  20.3600000    0.0297560
  20.3800000    0.0291199
  20.4000000    0.0277732
  20.4200000    0.0256951
  20.4400000    0.0229124
  20.4600000    0.0195033
  20.4800000    0.0155950
  20.5000000    0.0113551
  20.5200000    0.0069783
  20.5400000    0.0026684
  20.5600000   -0.0013808
  20.5800000   -0.0050047
  20.6000000   -0.0080849
  20.6200000   -0.0105608
  20.6400000   -0.0124361
  20.6600000   -0.0137776
  20.6800000   -0.0147077
  20.7000000   -0.0153901
  20.7200000   -0.0160114
  20.7400000   -0.0167599
  20.7600000   -0.0178036
  20.7800000   -0.0192713
  20.8000000   -0.0212366
  20.8200000   -0.0237087
  20.8400000   -0.0266292
  20.8600000   -0.0298756
  20.8800000   -0.0332711
  20.9000000   -0.0365996
  20.9200000   -0.0396235
  20.9400000   -0.0421037
  20.9600000   -0.0438182
  20.9800000   -0.0445801
  21.0000000   -0.0442509
  21.0200000   -0.0427504
  21.0400000   -0.0400618
  21.0600000   -0.0362321
  21.0800000   -0.0313683
  21.1000000   -0.0256295
  21.1200000   -0.0192171
  21.1400000   -0.0123617
  21.1600000   -0.0053098
  21.1800000    0.0016906
  21.2000000    0.0084040
  21.2200000    0.0146205
  21.2400000    0.0201670
  21.2600000    0.0249171
  21.2800000    0.0287968
  21.3000000    0.0317876
  21.3200000    0.0339248
  21.3400000    0.0352917
  21.3600000    0.0360086
  21.3800000    0.0362185
  21.4000000    0.0360690
  21.4200000    0.0356927
  21.4400000    0.0351890
  21.4600000    0.0346072
  21.4800000    0.0339355
  21.5000000    0.0330974
  21.5200000    0.0319549
  21.5400000    0.0303219
  21.5600000    0.0279834
  21.5800000    0.0247220
  21.6000000    0.0203452
  21.6200000    0.0147131
  21.6400000    0.0077601
  21.6600000   -0.0004896
  21.6800000   -0.0099182
  21.7000000   -0.0203187
  21.7200000   -0.0314103
  21.7400000   -0.0428608
  21.7600000   -0.0543128
  21.7800000   -0.0654109
  21.8000000   -0.0758268
  21.8200000   -0.0852785
  21.8400000   -0.0935437
  21.8600000   -0.1004658
  21.8800000   -0.1059536
  21.9000000   -0.1099759
  21.9200000   -0.1125531
  21.9400000   -0.1137472
  21.9600000   -0.1136512
  21.9800000   -0.1123803
  22.0000000   -0.1100642
  22.0200000   -0.1068407
  22.0400000   -0.1028514
  22.0600000   -0.0982388
  22.0800000   -0.0931432
  22.1000000   -0.0877015
  22.1200000   -0.0820447
  22.1400000   -0.0762969
  22.1600000   -0.0705725
  22.1800000   -0.0649738
  22.2000000   -0.0595883
  22.2200000   -0.0544854
  22.2400000   -0.0497141
  22.2600000   -0.0453005
  22.2800000   -0.0412477
  22.3000000   -0.0375364
  22.3200000   -0.0341279
  22.3400000   -0.0309686
  22.3600000   -0.0279962
  22.3800000   -0.0251459
  22.4000000   -0.0223562
  22.4200000   -0.0195745
  22.4400000   -0.0167595
  22.4600000   -0.0138828
  22.4800000   -0.0109281
  22.5000000   -0.0078894
  22.5200000   -0.0047685
  22.5400000   -0.0015731
  22.5600000    0.0016833
  22.5800000    0.0049817
  22.6000000    0.0082947
  22.6200000    0.0115850
  22.6400000    0.0148027
  22.6600000    0.0178845
  22.6800000    0.0207557
  22.7000000    0.0233332
  22.7200000    0.0255324
  22.7400000    0.0272745
  22.7600000    0.0284953
  22.7800000    0.0291522
  22.8000000    0.0292295
  22.8200000    0.0287408
  22.8400000    0.0277265
  22.8600000    0.0262492
  22.8800000    0.0243854
  22.9000000    0.0222165
  22.9200000    0.0198191
  22.9400000    0.0172577
  22.9600000    0.0145804
  22.9800000    0.0118175
  23.0000000    0.0089843
  23.0200000    0.0060867
  23.0400000    0.0031281
  23.0600000    0.0001169
  23.0800000   -0.0029278
  23.1000000   -0.0059736
  23.1200000   -0.0089752
  23.1400000   -0.0118787
  23.1600000   -0.0146285
  23.1800000   -0.0171756
  23.2000000   -0.0194855
  23.2200000   -0.0215442
  23.2400000   -0.0233611
  23.2600000   -0.0249675
  23.2800000   -0.0264120
  23.3000000   -0.0277519
  23.3200000   -0.0290440
  23.3400000   -0.0303349
  23.3600000   -0.0316528
  23.3800000   -0.0330023
  23.4000000   -0.0343635
  23.4200000   -0.0356940
  23.4400000   -0.0369348
  23.4600000   -0.0380191
  23.4800000   -0.0388815
  23.5000000   -0.0394682
  23.5200000   -0.0397456
  23.5400000   -0.0397066
  23.5600000   -0.0393751
  23.5800000   -0.0388060
  23.6000000   -0.0380830
  23.6200000   -0.0373140
  23.6400000   -0.0366229
  23.6600000   -0.0361414
  23.6800000   -0.0359990
  23.7000000   -0.0363138
  23.7200000   -0.0371839
  23.7400000   -0.0386800
  23.7600000   -0.0408402
  23.7800000   -0.0436671
  23.8000000   -0.0471266
  23.8200000   -0.0511495
  23.8400000   -0.0556351
  23.8600000   -0.0604560
  23.8800000   -0.0654651
  23.9000000   -0.0705030
  23.9200000   -0.0754056
  23.9400000   -0.0800114
  23.9600000   -0.0841685
  23.9800000   -0.0877398
  24.0000000   -0.0906070
  24.0200000   -0.0926736
  24.0400000   -0.0938662
  24.0600000   -0.0941359
  24.0800000   -0.0934590
  24.1000000   -0.0918379
  24.1200000   -0.0893025
  24.1400000   -0.0859107
  24.1600000   -0.0817491
  24.1800000   -0.0769322
  24.2000000   -0.0715991
  24.2200000   -0.0659073
  24.2400000   -0.0600248
  24.2600000   -0.0541183
  24.2800000   -0.0483398
  24.3000000   -0.0428141
  24.3200000   -0.0376258
  24.3400000   -0.0328109
  24.3600000   -0.0283519
  24.3800000   -0.0241798
  24.4000000   -0.0201811
  24.4200000   -0.0162110
  24.4400000   -0.0121115
  24.4600000   -0.0077314
  24.4800000   -0.0029472
  24.5000000    0.0023193
  24.5200000    0.0080868
  24.5400000    0.0143081
  24.5600000    0.0208707
  24.5800000    0.0276052
  24.6000000    0.0343007
  24.6200000    0.0407245
  24.6400000    0.0466448
  24.6600000    0.0518519
  24.6800000    0.0561775
  24.7000000    0.0595071
  24.7200000    0.0617869
  24.7400000    0.0630238
  24.7600000    0.0632787
  24.7800000    0.0626558
  24.8000000    0.0612894
  24.8200000    0.0593301
  24.8400000    0.0569323
  24.8600000    0.0542447
  24.8800000    0.0514038
  24.9000000    0.0485307
  24.9200000    0.0457297
  24.9400000    0.0430887
  24.9600000    0.0406798
  24.9800000    0.0385590
  25.0000000    0.0367650
  25.0200000    0.0353168
  25.0400000    0.0342114
  25.0600000    0.0334214
  25.0800000    0.0328939
  25.1000000    0.0325523
  25.1200000    0.0323004
  25.1400000    0.0320299
  25.1600000    0.0316307
  25.1800000    0.0310022
  25.2000000    0.0300653
  25.2200000    0.0287731
  25.2400000    0.0271192
  25.2600000    0.0251403
  25.2800000    0.0229162
  25.3000000    0.0205626
  25.3200000    0.0182203
  25.3400000    0.0160413
  25.3600000    0.0141714
  25.3800000    0.0127351
  25.4000000    0.0118202
  25.4200000    0.0114678
  25.4400000    0.0116661
  25.4600000    0.0123507
  25.4800000    0.0134099
  25.5000000    0.0146955
  25.5200000    0.0160370
  25.5400000    0.0172578
  25.5600000    0.0181917
  25.5800000    0.0186975
  25.6000000    0.0186707
  25.6200000    0.0180506
  25.6400000    0.0168224
  25.6600000    0.0150151
  25.6800000    0.0126946
  25.7000000    0.0099538
  25.7200000    0.0069019
  25.7400000    0.0036518
  25.7600000    0.0003098
  25.7800000   -0.0030328
  25.8000000   -0.0063057
  25.8200000   -0.0094616
  25.8400000   -0.0124762
  25.8600000   -0.0153444
  25.8800000   -0.0180746
  25.9000000   -0.0206828
  25.9200000   -0.0231854
  25.9400000   -0.0255927
  25.9600000   -0.0279049
  25.9800000   -0.0301084
  26.0000000   -0.0321756
  26.0200000   -0.0340665
  26.0400000   -0.0357323
  26.0600000   -0.0371205
  26.0800000   -0.0381807
  26.1000000   -0.0388702
  26.1200000   -0.0391589
  26.1400000   -0.0390318
  26.1600000   -0.0384898
  26.1800000   -0.0375484
  26.2000000   -0.0362338
  26.2200000   -0.0345780
  26.2400000   -0.0326129
  26.2600000   -0.0303658
  26.2800000   -0.0278550
  26.3000000   -0.0250881
  26.3200000   -0.0220621
  26.3400000   -0.0187667
  26.3600000   -0.0151880
  26.3800000   -0.0113145
  26.4000000   -0.0071430
  26.4200000   -0.0026840
  26.4400000    0.0020342
  26.4600000    0.0069635
  26.4800000    0.0120349
  26.5000000    0.0171606
  26.5200000    0.0222370
  26.5400000    0.0271485
  26.5600000    0.0317726
  26.5800000    0.0359843
  26.6000000    0.0396608
  26.6200000    0.0426849
  26.6400000    0.0449492
  26.6600000    0.0463586
  26.6800000    0.0468335
  26.7000000    0.0463132
  26.7200000    0.0447591
  26.7400000    0.0421589
  26.7600000    0.0385299
  26.7800000    0.0339230
  26.8000000    0.0284253
  26.8200000    0.0221616
  26.8400000    0.0152932
  26.8600000    0.0080151
  26.8800000    0.0005493
  26.9000000   -0.0068647
  26.9200000   -0.0139816
  26.9400000   -0.0205654
  26.9600000   -0.0264038
  26.9800000   -0.0313232
  27.0000000   -0.0352012
  27.0200000   -0.0379745
  27.0400000   -0.0396418
  27.0600000   -0.0402607
  27.0800000   -0.0399377
  27.1000000   -0.0388135
  27.1200000   -0.0370445
  27.1400000   -0.0347842
  27.1600000   -0.0321664
  27.1800000   -0.0292932
  27.2000000   -0.0262306
  27.2200000   -0.0230110
  27.2400000   -0.0196434
  27.2600000   -0.0161285
  27.2800000   -0.0124764
  27.3000000   -0.0087232
  27.3200000   -0.0049423
  27.3400000   -0.0012501
  27.3600000    0.0021982
  27.3800000    0.0052206
  27.4000000    0.0076267
  27.4200000    0.0092410
  27.4400000    0.0099260
  27.4600000    0.0096032
  27.4800000    0.0082676
  27.5000000    0.0059943
  27.5200000    0.0029354
  27.5400000   -0.0006907
  27.5600000   -0.0046187
  27.5800000   -0.0085598
  27.6000000   -0.0122277
  27.6200000   -0.0153639
  27.6400000   -0.0177593
  27.6600000   -0.0192707
  27.6800000   -0.0198300
  27.7000000   -0.0194469
  27.7200000   -0.0182035
  27.7400000   -0.0162443
  27.7600000   -0.0137611
  27.7800000   -0.0109758
  27.8000000   -0.0081224
  27.8200000   -0.0054301
  27.8400000   -0.0031087
  27.8600000   -0.0013371
  27.8800000   -0.0002547
  27.9000000    0.0000436
  27.9200000   -0.0004897
  27.9400000   -0.0018541
  27.9600000   -0.0040026
  27.9800000   -0.0068434
  28.0000000   -0.0102442
  28.0200000   -0.0140370
  28.0400000   -0.0180255
  28.0600000   -0.0219942
  28.0800000   -0.0257204
  28.1000000   -0.0289872
  28.1200000   -0.0315992
  28.1400000   -0.0333978
  28.1600000   -0.0342755
  28.1800000   -0.0341879
  28.2000000   -0.0331608
  28.2200000   -0.0312920
  28.2400000   -0.0287463
  28.2600000   -0.0257438
  28.2800000   -0.0225416
  28.3000000   -0.0194103
  28.3200000   -0.0166089
  28.3400000   -0.0143574
  28.3600000   -0.0128141
  28.3800000   -0.0120567
  28.4000000   -0.0120723
  28.4200000   -0.0127561
  28.4400000   -0.0139199
  28.4600000   -0.0153104
  28.4800000   -0.0166351
  28.5000000   -0.0175926
  28.5200000   -0.0179059
  28.5400000   -0.0173536
  28.5600000   -0.0157964
  28.5800000   -0.0131951
  28.6000000   -0.0096195
  28.6200000   -0.0052447
  28.6400000   -0.0003377
  28.6600000    0.0047675
  28.6800000    0.0097019
  28.7000000    0.0140978
  28.7200000    0.0176258
  28.7400000    0.0200289
  28.7600000    0.0211483
  28.7800000    0.0209404
  28.8000000    0.0194814
  28.8200000    0.0169595
  28.8400000    0.0136571
  28.8600000    0.0099229
  28.8800000    0.0061394
  28.9000000    0.0026887
  28.9200000   -0.0000801
  28.9400000   -0.0018788
  28.9600000   -0.0025006
  28.9800000   -0.0018328
  29.0000000    0.0001387
  29.0200000    0.0033320
  29.0400000    0.0075773
  29.0600000    0.0126297
  29.0800000    0.0181844
  29.1000000    0.0238940
  29.1200000    0.0293869
  29.1400000    0.0342864
  29.1600000    0.0382311
  29.1800000    0.0408950
  29.2000000    0.0420082
  29.2200000    0.0413763
  29.2400000    0.0388964
  29.2600000    0.0345697
  29.2800000    0.0285075
  29.3000000    0.0209282
  29.3200000    0.0121476
  29.3400000    0.0025585
  29.3600000   -0.0073964
  29.3800000   -0.0172567
  29.4000000   -0.0265804
  29.4200000   -0.0349771
  29.4400000   -0.0421381
  29.4600000   -0.0478579
  29.4800000   -0.0520453
  29.5000000   -0.0547237
  29.5200000   -0.0560201
  29.5400000   -0.0561455
  29.5600000   -0.0553674
  29.5800000   -0.0539807
  29.6000000   -0.0522779
  29.6200000   -0.0505241
  29.6400000   -0.0489373
  29.6600000   -0.0476772
  29.6800000   -0.0468416
  29.7000000   -0.0464697
  29.7200000   -0.0465509
  29.7400000   -0.0470365
  29.7600000   -0.0478528
  29.7800000   -0.0489127
  29.8000000   -0.0501254
  29.8200000   -0.0514025
  29.8400000   -0.0526618
  29.8600000   -0.0538277
  29.8800000   -0.0548306
  29.9000000   -0.0556045
  29.9200000   -0.0560852
  29.9400000   -0.0562092
  29.9600000   -0.0559129
  29.9800000   -0.0551339
  30.0000000   -0.0538131
