 -10.0000000    0.0101881
  -9.9800000    0.0123248
  -9.9600000    0.0144480
  -9.9400000    0.0165151
  -9.9200000    0.0184828
  -9.9000000    0.0203085
  -9.8800000    0.0219522
  -9.8600000    0.0233778
  -9.8400000    0.0245548
  -9.8200000    0.0254599
  -9.8000000    0.0260775
  -9.7800000    0.0264010
  -9.7600000    0.0264330
  -9.7400000    0.0261847
  -9.7200000    0.0256757
  -9.7000000    0.0249326
  -9.6800000    0.0239882
  -9.6600000    0.0228793
  -9.6400000    0.0216456
  -9.6200000    0.0203278
  -9.6000000    0.0189665
  -9.5800000    0.0176001
  -9.5600000    0.0162643
  -9.5400000    0.0149902
  -9.5200000    0.0138036
  -9.5000000    0.0127244
  -9.4800000    0.0117653
  -9.4600000    0.0109323
  -9.4400000    0.0102240
  -9.4200000    0.0096324
  -9.4000000    0.0091440
  -9.3800000    0.0087406
  -9.3600000    0.0084014
  -9.3400000    0.0081045
  -9.3200000    0.0078291
  -9.3000000    0.0075568
  -9.2800000    0.0072732
  -9.2600000    0.0069683
  -9.2400000    0.0066366
  -9.2200000    0.0062769
  -9.2000000    0.0058906
  -9.1800000    0.0054804
  -9.1600000    0.0050489
  -9.1400000    0.0045967
  -9.1200000    0.0041210
  -9.1000000    0.0036150
  -9.0800000    0.0030678
  -9.0600000    0.0024644
  -9.0400000    0.0017866
  -9.0200000    0.0010143
  -9.0000000    0.0001270
  -8.9800000   -0.0008947
  -8.9600000   -0.0020673
  -8.9400000   -0.0034031
  -8.9200000   -0.0049086
  -8.9000000   -0.0065830
  -8.8800000   -0.0084172
  -8.8600000   -0.0103928
  -8.8400000   -0.0124809
  -8.8200000   -0.0146421
  -8.8000000   -0.0168267
  -8.7800000   -0.0189760
  -8.7600000   -0.0210241
  -8.7400000   -0.0229012
  -8.7200000   -0.0245378
  -8.7000000   -0.0258686
  -8.6800000   -0.0268380
  -8.6600000   -0.0274037
  -8.6400000   -0.0275403
  -8.6200000   -0.0272416
  -8.6000000   -0.0265206
  -8.5800000   -0.0254087
  -8.5600000   -0.0239529
  -8.5400000   -0.0222126
  -8.5200000   -0.0202549
  -8.5000000   -0.0181508
  -8.4800000   -0.0159711
  -8.4600000   -0.0137833
  -8.4400000   -0.0116490
  -8.4200000   -0.0096221
  -8.4000000   -0.0077483
  -8.3800000   -0.0060645
  -8.3600000   -0.0045991
  -8.3400000   -0.0033722
  -8.3200000   -0.0023970
  -8.3000000   -0.0016801
  -8.2800000   -0.0012233
  -8.2600000   -0.0010246
  -8.2400000   -0.0010796
  -8.2200000   -0.0013829
  -8.2000000   -0.0019287
  -8.1800000   -0.0027116
  -8.1600000   -0.0037266
  -8.1400000   -0.0049686
  -8.1200000   -0.0064312
  -8.1000000   -0.0081056
  -8.0800000   -0.0099789
  -8.0600000   -0.0120328
  -8.0400000   -0.0142422
  -8.0200000   -0.0165747
  -8.0000000   -0.0189900
  -7.9800000   -0.0214406
  -7.9600000   -0.0238722
  -7.9400000   -0.0262254
  -7.9200000   -0.0284374
  -7.9000000   -0.0304436
  -7.8800000   -0.0321802
  -7.8600000   -0.0335863
  -7.8400000   -0.0346065
  -7.8200000   -0.0351933
  -7.8000000   -0.0353097
  -7.7800000   -0.0349314
  -7.7600000   -0.0340490
  -7.7400000   -0.0326699
  -7.7200000   -0.0308195
  -7.7000000   -0.0285418
  -7.6800000   -0.0258988
  -7.6600000   -0.0229692
  -7.6400000   -0.0198459
  -7.6200000   -0.0166316
  -7.6000000   -0.0134344
  -7.5800000   -0.0103621
  -7.5600000   -0.0075158
  -7.5400000   -0.0049845
  -7.5200000   -0.0028396
  -7.5000000   -0.0011310
  -7.4800000    0.0001151
  -7.4600000    0.0008968
  -7.4400000    0.0012349
  -7.4200000    0.0011700
  -7.4000000    0.0007576
  -7.3800000    0.0000632
  -7.3600000   -0.0008432
  -7.3400000   -0.0018925
  -7.3200000   -0.0030202
  -7.3000000   -0.0041695
  -7.2800000   -0.0052930
  -7.2600000   -0.0063532
  -7.2400000   -0.0073217
  -7.2200000   -0.0081784
  -7.2000000   -0.0089092
  -7.1800000   -0.0095056
  -7.1600000   -0.0099624
  -7.1400000   -0.0102779
  -7.1200000   -0.0104528
  -7.1000000   -0.0104905
  -7.0800000   -0.0103971
  -7.0600000   -0.0101819
  -7.0400000   -0.0098571
  -7.0200000   -0.0094381
  -7.0000000   -0.0089432
  -6.9800000   -0.0083935
  -6.9600000   -0.0078125
  -6.9400000   -0.0072256
  -6.9200000   -0.0066601
  -6.9000000   -0.0061447
  -6.8800000   -0.0057092
  -6.8600000   -0.0053832
  -6.8400000   -0.0051952
  -6.8200000   -0.0051707
  -6.8000000   -0.0053298
  -6.7800000   -0.0056843
  -6.7600000   -0.0062352
  -6.7400000   -0.0069699
  -6.7200000   -0.0078604
  -6.7000000   -0.0088631
  -6.6800000   -0.0099196
  -6.6600000   -0.0109596
  -6.6400000   -0.0119056
  -6.6200000   -0.0126778
  -6.6000000   -0.0132016
  -6.5800000   -0.0134128
  -6.5600000   -0.0132639
  -6.5400000   -0.0127278
  -6.5200000   -0.0118001
  -6.5000000   -0.0104989
  -6.4800000   -0.0088633
  -6.4600000   -0.0069492
  -6.4400000   -0.0048250
  -6.4200000   -0.0025660
  -6.4000000   -0.0002496
  -6.3800000    0.0020494
  -6.3600000    0.0042621
  -6.3400000    0.0063275
  -6.3200000    0.0081940
  -6.3000000    0.0098187
  -6.2800000    0.0111669
  -6.2600000    0.0122099
  -6.2400000    0.0129234
  -6.2200000    0.0132846
  -6.2000000    0.0132702
  -6.1800000    0.0128540
  -6.1600000    0.0120058
  -6.1400000    0.0106902
  -6.1200000    0.0088669
  -6.1000000    0.0064924
  -6.0800000    0.0035221
  -6.0600000   -0.0000853
  -6.0400000   -0.0043637
  -6.0200000   -0.0093337
  -6.0000000   -0.0149974
  -5.9800000   -0.0213322
  -5.9600000   -0.0282863
  -5.9400000   -0.0357739
  -5.9200000   -0.0436724
  -5.9000000   -0.0518211
  -5.8800000   -0.0600216
  -5.8600000   -0.0680417
  -5.8400000   -0.0756220
  -5.8200000   -0.0824867
  -5.8000000   -0.0883573
  -5.7800000   -0.0929700
  -5.7600000   -0.0960948
  -5.7400000   -0.0975554
  -5.7200000   -0.0972466
  -5.7000000   -0.0951475
  -5.6800000   -0.0913291
  -5.6600000   -0.0859532
  -5.6400000   -0.0792630
  -5.6200000   -0.0715668
  -5.6000000   -0.0632138
  -5.5800000   -0.0545681
  -5.5600000   -0.0459810
  -5.5400000   -0.0377661
  -5.5200000   -0.0301802
  -5.5000000   -0.0234101
  -5.4800000   -0.0175685
  -5.4600000   -0.0126959
  -5.4400000   -0.0087699
  -5.4200000   -0.0057183
  -5.4000000   -0.0034342
  -5.3800000   -0.0017917
  -5.3600000   -0.0006595
  -5.3400000    0.0000874
  -5.3200000    0.0005604
  -5.3000000    0.0008527
  -5.2800000    0.0010372
  -5.2600000    0.0011680
  -5.2400000    0.0012818
  -5.2200000    0.0014014
  -5.2000000    0.0015387
  -5.1800000    0.0016975
  -5.1600000    0.0018767
  -5.1400000    0.0020715
  -5.1200000    0.0022757
  -5.1000000    0.0024827
  -5.0800000    0.0026861
  -5.0600000    0.0028809
  -5.0400000    0.0030632
  -5.0200000    0.0032310
  -5.0000000    0.0033837
  -4.9800000    0.0035220
  -4.9600000    0.0036473
  -4.9400000    0.0037614
  -4.9200000    0.0038652
  -4.9000000    0.0039583
  -4.8800000    0.0040382
  -4.8600000    0.0041004
  -4.8400000    0.0041374
  -4.8200000    0.0041400
  -4.8000000    0.0040973
  -4.7800000    0.0039976
  -4.7600000    0.0038299
  -4.7400000    0.0035843
  -4.7200000    0.0032532
  -4.7000000    0.0028317
  -4.6800000    0.0023174
  -4.6600000    0.0017106
  -4.6400000    0.0010131
  -4.6200000    0.0002280
  -4.6000000   -0.0006410
  -4.5800000   -0.0015903
  -4.5600000   -0.0026163
  -4.5400000   -0.0037150
  -4.5200000   -0.0048813
  -4.5000000   -0.0061082
  -4.4800000   -0.0073858
  -4.4600000   -0.0087007
  -4.4400000   -0.0100352
  -4.4200000   -0.0113678
  -4.4000000   -0.0126741
  -4.3800000   -0.0139275
  -4.3600000   -0.0151017
  -4.3400000   -0.0161716
  -4.3200000   -0.0171164
  -4.3000000   -0.0179200
  -4.2800000   -0.0185734
  -4.2600000   -0.0190744
  -4.2400000   -0.0194283
  -4.2200000   -0.0196470
  -4.2000000   -0.0197479
  -4.1800000   -0.0197529
  -4.1600000   -0.0196858
  -4.1400000   -0.0195711
  -4.1200000   -0.0194316
  -4.1000000   -0.0192863
  -4.0800000   -0.0191488
  -4.0600000   -0.0190252
  -4.0400000   -0.0189128
  -4.0200000   -0.0187988
  -4.0000000   -0.0186595
  -3.9800000   -0.0184605
  -3.9600000   -0.0181568
  -3.9400000   -0.0176950
  -3.9200000   -0.0170149
  -3.9000000   -0.0160535
  -3.8800000   -0.0147493
  -3.8600000   -0.0130467
  -3.8400000   -0.0109022
  -3.8200000   -0.0082895
  -3.8000000   -0.0052047
  -3.7800000   -0.0016704
  -3.7600000    0.0022616
  -3.7400000    0.0065097
  -3.7200000    0.0109640
  -3.7000000    0.0154907
  -3.6800000    0.0199382
  -3.6600000    0.0241451
  -3.6400000    0.0279499
  -3.6200000    0.0312005
  -3.6000000    0.0337636
  -3.5800000    0.0355326
  -3.5600000    0.0364337
  -3.5400000    0.0364293
  -3.5200000    0.0355192
  -3.5000000    0.0337386
  -3.4800000    0.0311551
  -3.4600000    0.0278629
  -3.4400000    0.0239768
  -3.4200000    0.0196253
  -3.4000000    0.0149446
  -3.3800000    0.0100725
  -3.3600000    0.0051432
  -3.3400000    0.0002838
  -3.3200000   -0.0043898
  -3.3000000   -0.0087747
  -3.2800000   -0.0127837
  -3.2600000   -0.0163471
  -3.2400000   -0.0194144
  -3.2200000   -0.0219557
  -3.2000000   -0.0239627
  -3.1800000   -0.0254489
  -3.1600000   -0.0264486
  -3.1400000   -0.0270145
  -3.1200000   -0.0272140
  -3.1000000   -0.0271242
  -3.0800000   -0.0268254
  -3.0600000   -0.0263949
  -3.0400000   -0.0259011
  -3.0200000   -0.0253982
  -3.0000000   -0.0249233
  -2.9800000   -0.0244957
  -2.9600000   -0.0241178
  -2.9400000   -0.0237790
  -2.9200000   -0.0234599
  -2.9000000   -0.0231375
  -2.8800000   -0.0227905
  -2.8600000   -0.0224024
  -2.8400000   -0.0219643
  -2.8200000   -0.0214750
  -2.8000000   -0.0209399
  -2.7800000   -0.0203687
  -2.7600000   -0.0197728
  -2.7400000   -0.0191626
  -2.7200000   -0.0185462
  -2.7000000   -0.0179286
  -2.6800000   -0.0173127
  -2.6600000   -0.0167015
  -2.6400000   -0.0161003
  -2.6200000   -0.0155205
  -2.6000000   -0.0149814
  -2.5800000   -0.0145124
  -2.5600000   -0.0141534
  -2.5400000   -0.0139536
  -2.5200000   -0.0139694
  -2.5000000   -0.0142605
  -2.4800000   -0.0148849
  -2.4600000   -0.0158934
  -2.4400000   -0.0173241
  -2.4200000   -0.0191964
  -2.4000000   -0.0215068
  -2.3800000   -0.0242249
  -2.3600000   -0.0272917
  -2.3400000   -0.0306199
  -2.3200000   -0.0340964
  -2.3000000   -0.0375865
  -2.2800000   -0.0409408
  -2.2600000   -0.0440034
  -2.2400000   -0.0466205
  -2.2200000   -0.0486497
  -2.2000000   -0.0499683
  -2.1800000   -0.0504806
  -2.1600000   -0.0501226
  -2.1400000   -0.0488657
  -2.1200000   -0.0467173
  -2.1000000   -0.0437201
  -2.0800000   -0.0399496
  -2.0600000   -0.0355108
  -2.0400000   -0.0305328
  -2.0200000   -0.0251641
  -2.0000000   -0.0195664
  -1.9800000   -0.0139076
  -1.9600000   -0.0083547
  -1.9400000   -0.0030661
  -1.9200000    0.0018168
  -1.9000000    0.0061774
  -1.8800000    0.0099305
  -1.8600000    0.0130282
  -1.8400000    0.0154629
  -1.8200000    0.0172672
  -1.8000000    0.0185116
  -1.7800000    0.0192985
  -1.7600000    0.0197542
  -1.7400000    0.0200193
  -1.7200000    0.0202393
  -1.7000000    0.0205562
  -1.6800000    0.0211031
  -1.6600000    0.0220018
  -1.6400000    0.0233643
  -1.6200000    0.0252983
  -1.6000000    0.0279137
  -1.5800000    0.0313299
  -1.5600000    0.0356805
  -1.5400000    0.0411136
  -1.5200000    0.0477842
  -1.5000000    0.0558402
  -1.4800000    0.0653996
  -1.4600000    0.0765226
  -1.4400000    0.0891815
  -1.4200000    0.1032329
  -1.4000000    0.1183986
  -1.3800000    0.1342581
  -1.3600000    0.1502586
  -1.3400000    0.1657425
  -1.3200000    0.1799919
  -1.3000000    0.1922863
  -1.2800000    0.2019662
  -1.2600000    0.2084960
  -1.2400000    0.2115171
  -1.2200000    0.2108846
  -1.2000000    0.2066818
  -1.1800000    0.1992122
  -1.1600000    0.1889683
  -1.1400000    0.1765835
  -1.1200000    0.1627729
  -1.1000000    0.1482701
  -1.0800000    0.1337688
  -1.0600000    0.1198735
  -1.0400000    0.1070658
  -1.0200000    0.0956852
  -1.0000000    0.0859267
  -0.9800000    0.0778505
  -0.9600000    0.0714025
  -0.9400000    0.0664392
  -0.9200000    0.0627567
  -0.9000000    0.0601167
  -0.8800000    0.0582712
  -0.8600000    0.0569816
  -0.8400000    0.0560333
  -0.8200000    0.0552452
  -0.8000000    0.0544754
  -0.7800000    0.0536221
  -0.7600000    0.0526235
  -0.7400000    0.0514541
  -0.7200000    0.0501207
  -0.7000000    0.0486578
  -0.6800000    0.0471225
  -0.6600000    0.0455897
  -0.6400000    0.0441475
  -0.6200000    0.0428928
  -0.6000000    0.0419267
  -0.5800000    0.0413515
  -0.5600000    0.0412662
  -0.5400000    0.0417643
  -0.5200000    0.0429315
  -0.5000000    0.0448458
  -0.4800000    0.0475788
  -0.4600000    0.0511992
  -0.4400000    0.0557781
  -0.4200000    0.0613960
  -0.4000000    0.0681490
  -0.3800000    0.0761544
  -0.3600000    0.0855520
  -0.3400000    0.0965008
  -0.3200000    0.1091685
  -0.3000000    0.1237134
  -0.2800000    0.1402588
  -0.2600000    0.1588618
  -0.2400000    0.1794798
  -0.2200000    0.2019388
  -0.2000000    0.2259086
  -0.1800000    0.2508907
  -0.1600000    0.2762225
  -0.1400000    0.3011008
  -0.1200000    0.3246249
  -0.1000000    0.3458555
  -0.0800000    0.3638852
  -0.0600000    0.3779121
  -0.0400000    0.3873083
  -0.0200000    0.3916747
   0.0000000    0.3908752
   0.0200000    0.3850465
   0.0400000    0.3745827
   0.0600000    0.3600964
   0.0800000    0.3423627
   0.1000000    0.3222524
   0.1200000    0.3006624
   0.1400000    0.2784513
   0.1600000    0.2563854
   0.1800000    0.2350995
   0.2000000    0.2150744
   0.2200000    0.1966300
   0.2400000    0.1799327
   0.2600000    0.1650144
   0.2800000    0.1517978
   0.3000000    0.1401258
   0.3200000    0.1297920
   0.3400000    0.1205682
   0.3600000    0.1122279
   0.3800000    0.1045654
   0.4000000    0.0974084
   0.4200000    0.0906255
   0.4400000    0.0841281
   0.4600000    0.0778692
   0.4800000    0.0718370
   0.5000000    0.0660483
   0.5200000    0.0605389
   0.5400000    0.0553547
   0.5600000    0.0505430
   0.5800000    0.0461449
   0.6000000    0.0421892
   0.6200000    0.0386891
   0.6400000    0.0356401
   0.6600000    0.0330213
   0.6800000    0.0307972
   0.7000000    0.0289227
   0.7200000    0.0273474
   0.7400000    0.0260213
   0.7600000    0.0248994
   0.7800000    0.0239458
   0.8000000    0.0231352
   0.8200000    0.0224535
   0.8400000    0.0218965
   0.8600000    0.0214667
   0.8800000    0.0211694
   0.9000000    0.0210086
   0.9200000    0.0209830
   0.9400000    0.0210829
   0.9600000    0.0212886
   0.9800000    0.0215702
   1.0000000    0.0218890
   1.0200000    0.0221997
   1.0400000    0.0224548
   1.0600000    0.0226075
   1.0800000    0.0226162
   1.1000000    0.0224480
   1.1200000    0.0220806
   1.1400000    0.0215042
   1.1600000    0.0207218
   1.1800000    0.0197486
   1.2000000    0.0186100
   1.2200000    0.0173394
   1.2400000    0.0159759
   1.2600000    0.0145607
   1.2800000    0.0131346
   1.3000000    0.0117352
   1.3200000    0.0103945
   1.3400000    0.0091368
   1.3600000    0.0079774
   1.3800000    0.0069211
   1.4000000    0.0059622
   1.4200000    0.0050839
   1.4400000    0.0042596
   1.4600000    0.0034543
   1.4800000    0.0026267
   1.5000000    0.0017329
   1.5200000    0.0007300
   1.5400000   -0.0004193
   1.5600000   -0.0017424
   1.5800000   -0.0032526
   1.6000000   -0.0049456
   1.6200000   -0.0067984
   1.6400000   -0.0087688
   1.6600000   -0.0107980
   1.6800000   -0.0128139
   1.7000000   -0.0147375
   1.7200000   -0.0164889
   1.7400000   -0.0179944
   1.7600000   -0.0191931
   1.7800000   -0.0200414
   1.8000000   -0.0205171
   1.8200000   -0.0206197
   1.8400000   -0.0203699
   1.8600000   -0.0198066
   1.8800000   -0.0189829
   1.9000000   -0.0179606
   1.9200000   -0.0168053
   1.9400000   -0.0155817
   1.9600000   -0.0143498
   1.9800000   -0.0131622
   2.0000000   -0.0120629
   2.0200000   -0.0110875
   2.0400000   -0.0102639
   2.0600000   -0.0096146
   2.0800000   -0.0091587
   2.1000000   -0.0089145
   2.1200000   -0.0089009
   2.1400000   -0.0091391
   2.1600000   -0.0096519
   2.1800000   -0.0104625
   2.2000000   -0.0115918
   2.2200000   -0.0130536
   2.2400000   -0.0148507
   2.2600000   -0.0169690
   2.2800000   -0.0193735
   2.3000000   -0.0220056
   2.3200000   -0.0247824
   2.3400000   -0.0275991
   2.3600000   -0.0303347
   2.3800000   -0.0328596
   2.4000000   -0.0350465
   2.4200000   -0.0367809
   2.4400000   -0.0379722
   2.4600000   -0.0385622
   2.4800000   -0.0385307
   2.5000000   -0.0378975
   2.5200000   -0.0367197
   2.5400000   -0.0350863
   2.5600000   -0.0331081
   2.5800000   -0.0309073
   2.6000000   -0.0286061
   2.6200000   -0.0263160
   2.6400000   -0.0241293
   2.6600000   -0.0221140
   2.6800000   -0.0203106
   2.7000000   -0.0187339
   2.7200000   -0.0173760
   2.7400000   -0.0162121
   2.7600000   -0.0152082
   2.7800000   -0.0143279
   2.8000000   -0.0135399
   2.8200000   -0.0128236
   2.8400000   -0.0121728
   2.8600000   -0.0115977
   2.8800000   -0.0111240
   2.9000000   -0.0107902
   2.9200000   -0.0106427
   2.9400000   -0.0107305
   2.9600000   -0.0110988
   2.9800000   -0.0117835
   3.0000000   -0.0128060
   3.0200000   -0.0141709
   3.0400000   -0.0158642
   3.0600000   -0.0178542
   3.0800000   -0.0200945
   3.1000000   -0.0225269
   3.1200000   -0.0250859
   3.1400000   -0.0277030
   3.1600000   -0.0303099
   3.1800000   -0.0328410
   3.2000000   -0.0352351
   3.2200000   -0.0374349
   3.2400000   -0.0393875
   3.2600000   -0.0410429
   3.2800000   -0.0423544
   3.3000000   -0.0432783
   3.3200000   -0.0437753
   3.3400000   -0.0438125
   3.3600000   -0.0433657
   3.3800000   -0.0424222
   3.4000000   -0.0409832
   3.4200000   -0.0390654
   3.4400000   -0.0367012
   3.4600000   -0.0339384
   3.4800000   -0.0308381
   3.5000000   -0.0274727
   3.5200000   -0.0239230
   3.5400000   -0.0202754
   3.5600000   -0.0166206
   3.5800000   -0.0130521
   3.6000000   -0.0096656
   3.6200000   -0.0065594
   3.6400000   -0.0038335
   3.6600000   -0.0015889
   3.6800000    0.0000752
   3.7000000    0.0010663
   3.7200000    0.0013052
   3.7400000    0.0007341
   3.7600000   -0.0006737
   3.7800000   -0.0029055
   3.8000000   -0.0059024
   3.8200000   -0.0095563
   3.8400000   -0.0137113
   3.8600000   -0.0181703
   3.8800000   -0.0227078
   3.9000000   -0.0270852
   3.9200000   -0.0310707
   3.9400000   -0.0344576
   3.9600000   -0.0370821
   3.9800000   -0.0388366
   4.0000000   -0.0396764
   4.0200000   -0.0396209
   4.0400000   -0.0387477
   4.0600000   -0.0371810
   4.0800000   -0.0350763
   4.1000000   -0.0326031
   4.1200000   -0.0299276
   4.1400000   -0.0271980
   4.1600000   -0.0245334
   4.1800000   -0.0220172
   4.2000000   -0.0196949
   4.2200000   -0.0175772
   4.2400000   -0.0156449
   4.2600000   -0.0138575
   4.2800000   -0.0121610
   4.3000000   -0.0104959
   4.3200000   -0.0088036
   4.3400000   -0.0070297
   4.3600000   -0.0051260
   4.3800000   -0.0030490
   4.4000000   -0.0007579
   4.4200000    0.0017891
   4.4400000    0.0046372
   4.4600000    0.0078367
   4.4800000    0.0114417
   4.5000000    0.0155064
   4.5200000    0.0200778
   4.5400000    0.0251864
   4.5600000    0.0308351
   4.5800000    0.0369874
   4.6000000    0.0435580
   4.6200000    0.0504069
   4.6400000    0.0573383
   4.6600000    0.0641063
   4.6800000    0.0704276
   4.7000000    0.0760004
   4.7200000    0.0805274
   4.7400000    0.0837417
   4.7600000    0.0854319
   4.7800000    0.0854624
   4.8000000    0.0837880
   4.8200000    0.0804595
   4.8400000    0.0756204
   4.8600000    0.0694946
   4.8800000    0.0623670
   4.9000000    0.0545601
   4.9200000    0.0464086
   4.9400000    0.0382356
   4.9600000    0.0303324
   4.9800000    0.0229436
   5.0000000    0.0162580
   5.0200000    0.0104064
   5.0400000    0.0054626
   5.0600000    0.0014505
   5.0800000   -0.0016482
   5.1000000   -0.0038842
   5.1200000   -0.0053307
   5.1400000   -0.0060745
   5.1600000   -0.0062077
   5.1800000   -0.0058210
   5.2000000   -0.0049985
   5.2200000   -0.0038136
   5.2400000   -0.0023259
   5.2600000   -0.0005798
   5.2800000    0.0013965
   5.3000000    0.0035907
   5.3200000    0.0060054
   5.3400000    0.0086565
   5.3600000    0.0115711
   5.3800000    0.0147846
   5.4000000    0.0183374
   5.4200000    0.0222711
   5.4400000    0.0266235
   5.4600000    0.0314233
   5.4800000    0.0366835
   5.5000000    0.0423948
   5.5200000    0.0485183
   5.5400000    0.0549794
   5.5600000    0.0616633
   5.5800000    0.0684134
   5.6000000    0.0750335
   5.6200000    0.0812949
   5.6400000    0.0869481
   5.6600000    0.0917389
   5.6800000    0.0954274
   5.7000000    0.0978081
   5.7200000    0.0987284
   5.7400000    0.0981040
   5.7600000    0.0959281
   5.7800000    0.0922735
   5.8000000    0.0872883
   5.8200000    0.0811835
   5.8400000    0.0742165
   5.8600000    0.0666715
   5.8800000    0.0588383
   5.9000000    0.0509944
   5.9200000    0.0433886
   5.9400000    0.0362306
   5.9600000    0.0296844
   5.9800000    0.0238667
   6.0000000    0.0188484
   6.0200000    0.0146591
   6.0400000    0.0112926
   6.0600000    0.0087129
   6.0800000    0.0068604
   6.1000000    0.0056570
   6.1200000    0.0050112
   6.1400000    0.0048222
   6.1600000    0.0049843
   6.1800000    0.0053904
   6.2000000    0.0059368
   6.2200000    0.0065264
   6.2400000    0.0070727
   6.2600000    0.0075028
   6.2800000    0.0077605
   6.3000000    0.0078068
   6.3200000    0.0076211
   6.3400000    0.0072002
   6.3600000    0.0065566
   6.3800000    0.0057155
   6.4000000    0.0047120
   6.4200000    0.0035873
   6.4400000    0.0023852
   6.4600000    0.0011485
   6.4800000   -0.0000837
   6.5000000   -0.0012783
   6.5200000   -0.0024095
   6.5400000   -0.0034596
   6.5600000   -0.0044189
   6.5800000   -0.0052839
   6.6000000   -0.0060561
   6.6200000   -0.0067391
   6.6400000   -0.0073362
   6.6600000   -0.0078476
   6.6800000   -0.0082684
   6.7000000   -0.0085871
   6.7200000   -0.0087856
   6.7400000   -0.0088395
   6.7600000   -0.0087208
   6.7800000   -0.0084003
   6.8000000   -0.0078520
   6.8200000   -0.0070567
   6.8400000   -0.0060063
   6.8600000   -0.0047065
   6.8800000   -0.0031796
   6.9000000   -0.0014651
   6.9200000    0.0003810
   6.9400000    0.0022882
   6.9600000    0.0041755
   6.9800000    0.0059560
   7.0000000    0.0075428
   7.0200000    0.0088549
   7.0400000    0.0098229
   7.0600000    0.0103942
   7.0800000    0.0105366
   7.1000000    0.0102410
   7.1200000    0.0095217
   7.1400000    0.0084162
   7.1600000    0.0069818
   7.1800000    0.0052929
   7.2000000    0.0034357
   7.2200000    0.0015037
   7.2400000   -0.0004084
   7.2600000   -0.0022094
   7.2800000   -0.0038166
   7.3000000   -0.0051602
   7.3200000   -0.0061859
   7.3400000   -0.0068575
   7.3600000   -0.0071573
   7.3800000   -0.0070857
   7.4000000   -0.0066592
   7.4200000   -0.0059081
   7.4400000   -0.0048725
   7.4600000   -0.0035990
   7.4800000   -0.0021370
   7.5000000   -0.0005358
   7.5200000    0.0011578
   7.5400000    0.0029007
   7.5600000    0.0046533
   7.5800000    0.0063789
   7.6000000    0.0080414
   7.6200000    0.0096029
   7.6400000    0.0110198
   7.6600000    0.0122390
   7.6800000    0.0131934
   7.7000000    0.0137974
   7.7200000    0.0139434
   7.7400000    0.0134981
   7.7600000    0.0123018
   7.7800000    0.0101701
   7.8000000    0.0068995
   7.8200000    0.0022781
   7.8400000   -0.0038982
   7.8600000   -0.0118043
   7.8800000   -0.0215596
   7.9000000   -0.0332003
   7.9200000   -0.0466515
   7.9400000   -0.0617056
   7.9600000   -0.0780080
   7.9800000   -0.0950582
   8.0000000   -0.1122246
   8.0200000   -0.1287776
   8.0400000   -0.1439376
   8.0600000   -0.1569338
   8.0800000   -0.1670691
   8.1000000   -0.1737822
   8.1200000   -0.1766997
   8.1400000   -0.1756717
   8.1600000   -0.1707850
   8.1800000   -0.1623537
   8.2000000   -0.1508876
   8.2200000   -0.1370423
   8.2400000   -0.1215595
   8.2600000   -0.1052028
   8.2800000   -0.0886985
   8.3000000   -0.0726862
   8.3200000   -0.0576842
   8.3400000   -0.0440711
   8.3600000   -0.0320826
   8.3800000   -0.0218223
   8.4000000   -0.0132808
   8.4200000   -0.0063611
   8.4400000   -0.0009051
   8.4600000    0.0032818
   8.4800000    0.0064084
   8.5000000    0.0086815
   8.5200000    0.0102935
   8.5400000    0.0114150
   8.5600000    0.0121901
   8.5800000    0.0127351
   8.6000000    0.0131390
   8.6200000    0.0134648
   8.6400000    0.0137521
   8.6600000    0.0140201
   8.6800000    0.0142710
   8.7000000    0.0144933
   8.7200000    0.0146659
   8.7400000    0.0147617
   8.7600000    0.0147508
   8.7800000    0.0146035
   8.8000000    0.0142931
   8.8200000    0.0137973
   8.8400000    0.0130998
   8.8600000    0.0121914
   8.8800000    0.0110705
   8.9000000    0.0097437
   8.9200000    0.0082266
   8.9400000    0.0065445
   8.9600000    0.0047329
   8.9800000    0.0028373
   9.0000000    0.0009129
   9.0200000   -0.0009773
   9.0400000   -0.0027656
   9.0600000   -0.0043834
   9.0800000   -0.0057671
   9.1000000   -0.0068630
   9.1200000   -0.0076336
   9.1400000   -0.0080617
   9.1600000   -0.0081536
   9.1800000   -0.0079393
   9.2000000   -0.0074714
   9.2200000   -0.0068200
   9.2400000   -0.0060666
   9.2600000   -0.0052970
   9.2800000   -0.0045930
   9.3000000   -0.0040264
   9.3200000   -0.0036535
   9.3400000   -0.0035129
   9.3600000   -0.0036265
   9.3800000   -0.0040020
   9.4000000   -0.0046392
   9.4200000   -0.0055357
   9.4400000   -0.0066944
   9.4600000   -0.0081277
   9.4800000   -0.0098609
   9.5000000   -0.0119309
   9.5200000   -0.0143820
   9.5400000   -0.0172580
   9.5600000   -0.0205911
   9.5800000   -0.0243908
   9.6000000   -0.0286322
   9.6200000   -0.0332479
   9.6400000   -0.0381228
   9.6600000   -0.0430960
   9.6800000   -0.0479677
   9.7000000   -0.0525118
   9.7200000   -0.0564934
   9.7400000   -0.0596891
   9.7600000   -0.0619068
   9.7800000   -0.0630038
   9.8000000   -0.0629002
   9.8200000   -0.0615860
   9.8400000   -0.0591213
   9.8600000   -0.0556302
   9.8800000   -0.0512881
   9.9000000   -0.0463061
   9.9200000   -0.0409132
   9.9400000   -0.0353389
   9.9600000   -0.0297979
   9.9800000   -0.0244784
  10.0000000   -0.0195349
  10.0200000   -0.0150840
  10.0400000   -0.0112050
  10.0600000   -0.0079422
  10.0800000   -0.0053090
  10.1000000   -0.0032934
  10.1200000   -0.0018624
  10.1400000   -0.0009672
  10.1600000   -0.0005470
  10.1800000   -0.0005324
  10.2000000   -0.0008489
  10.2200000   -0.0014197
  10.2400000   -0.0021679
  10.2600000   -0.0030196
  10.2800000   -0.0039058
  10.3000000   -0.0047642
  10.3200000   -0.0055413
  10.3400000   -0.0061927
  10.3600000   -0.0066841
  10.3800000   -0.0069912
  10.4000000   -0.0070992
  10.4200000   -0.0070020
  10.4400000   -0.0067019
  10.4600000   -0.0062085
  10.4800000   -0.0055374
  10.5000000   -0.0047101
  10.5200000   -0.0037524
  10.5400000   -0.0026940
  10.5600000   -0.0015672
  10.5800000   -0.0004056
  10.6000000    0.0007564
  10.6200000    0.0018855
  10.6400000    0.0029502
  10.6600000    0.0039221
  10.6800000    0.0047762
  10.7000000    0.0054919
  10.7200000    0.0060524
  10.7400000    0.0064452
  10.7600000    0.0066612
  10.7800000    0.0066945
  10.8000000    0.0065417
  10.8200000    0.0062017
  10.8400000    0.0056756
  10.8600000    0.0049672
  10.8800000    0.0040837
  10.9000000    0.0030364
  10.9200000    0.0018417
  10.9400000    0.0005219
  10.9600000   -0.0008945
  10.9800000   -0.0023736
  11.0000000   -0.0038772
  11.0200000   -0.0053652
  11.0400000   -0.0067991
  11.0600000   -0.0081458
  11.0800000   -0.0093813
  11.1000000   -0.0104944
  11.1200000   -0.0114895
  11.1400000   -0.0123867
  11.1600000   -0.0132218
  11.1800000   -0.0140425
  11.2000000   -0.0149038
  11.2200000   -0.0158612
  11.2400000   -0.0169642
  11.2600000   -0.0182484
  11.2800000   -0.0197299
  11.3000000   -0.0214010
  11.3200000   -0.0232287
  11.3400000   -0.0251554
  11.3600000   -0.0271032
  11.3800000   -0.0289800
  11.4000000   -0.0306872
  11.4200000   -0.0321286
  11.4400000   -0.0332177
  11.4600000   -0.0338850
  11.4800000   -0.0340819
  11.5000000   -0.0337830
  11.5200000   -0.0329852
  11.5400000   -0.0317047
  11.5600000   -0.0299731
  11.5800000   -0.0278318
  11.6000000   -0.0253270
  11.6200000   -0.0225049
  11.6400000   -0.0194086
  11.6600000   -0.0160753
  11.6800000   -0.0125348
  11.7000000   -0.0088088
  11.7200000   -0.0049097
  11.7400000   -0.0008408
  11.7600000    0.0034049
  11.7800000    0.0078445
  11.8000000    0.0125036
  11.8200000    0.0174141
  11.8400000    0.0226087
  11.8600000    0.0281132
  11.8800000    0.0339363
  11.9000000    0.0400589
  11.9200000    0.0464232
  11.9400000    0.0529243
  11.9600000    0.0594062
  11.9800000    0.0656647
  12.0000000    0.0714566
  12.0200000    0.0765168
  12.0400000    0.0805800
  12.0600000    0.0834070
  12.0800000    0.0848096
  12.1000000    0.0846729
  12.1200000    0.0829706
  12.1400000    0.0797706
  12.1600000    0.0752320
  12.1800000    0.0695914
  12.2000000    0.0631423
  12.2200000    0.0562095
  12.2400000    0.0491222
  12.2600000    0.0421891
  12.2800000    0.0356780
  12.3000000    0.0298019
  12.3200000    0.0247121
  12.3400000    0.0204977
  12.3600000    0.0171908
  12.3800000    0.0147748
  12.4000000    0.0131951
  12.4200000    0.0123695
  12.4400000    0.0121980
  12.4600000    0.0125699
  12.4800000    0.0133703
  12.5000000    0.0144836
  12.5200000    0.0157967
  12.5400000    0.0172014
  12.5600000    0.0185969
  12.5800000    0.0198921
  12.6000000    0.0210089
  12.6200000    0.0218853
  12.6400000    0.0224781
  12.6600000    0.0227655
  12.6800000    0.0227477
  12.7000000    0.0224461
  12.7200000    0.0219007
  12.7400000    0.0211660
  12.7600000    0.0203052
  12.7800000    0.0193838
  12.8000000    0.0184626
  12.8200000    0.0175925
  12.8400000    0.0168096
  12.8600000    0.0161323
  12.8800000    0.0155612
  12.9000000    0.0150799
  12.9200000    0.0146588
  12.9400000    0.0142596
  12.9600000    0.0138401
  12.9800000    0.0133604
  13.0000000    0.0127869
  13.0200000    0.0120966
  13.0400000    0.0112791
  13.0600000    0.0103379
  13.0800000    0.0092891
  13.1000000    0.0081601
  13.1200000    0.0069863
  13.1400000    0.0058077
  13.1600000    0.0046656
  13.1800000    0.0035986
  13.2000000    0.0026405
  13.2200000    0.0018177
  13.2400000    0.0011485
  13.2600000    0.0006429
  13.2800000    0.0003032
  13.3000000    0.0001256
  13.3200000    0.0001020
  13.3400000    0.0002217
  13.3600000    0.0004731
  13.3800000    0.0008453
  13.4000000    0.0013284
  13.4200000    0.0019134
  13.4400000    0.0025918
  13.4600000    0.0033540
  13.4800000    0.0041881
  13.5000000    0.0050783
  13.5200000    0.0060039
  13.5400000    0.0069388
  13.5600000    0.0078516
  13.5800000    0.0087066
  13.6000000    0.0094665
  13.6200000    0.0100940
  13.6400000    0.0105553
  13.6600000    0.0108230
  13.6800000    0.0108785
  13.7000000    0.0107139
  13.7200000    0.0103333
  13.7400000    0.0097524
  13.7600000    0.0089982
  13.7800000    0.0081068
  13.8000000    0.0071216
  13.8200000    0.0060913
  13.8400000    0.0050671
  13.8600000    0.0041014
  13.8800000    0.0032454
  13.9000000    0.0025485
  13.9200000    0.0020557
  13.9400000    0.0018071
  13.9600000    0.0018346
  13.9800000    0.0021604
  14.0000000    0.0027937
  14.0200000    0.0037279
  14.0400000    0.0049389
  14.0600000    0.0063830
  14.0800000    0.0079982
  14.1000000    0.0097056
  14.1200000    0.0114146
  14.1400000    0.0130282
  14.1600000    0.0144513
  14.1800000    0.0155978
  14.2000000    0.0163989
  14.2200000    0.0168083
  14.2400000    0.0168065
  14.2600000    0.0164018
  14.2800000    0.0156281
  14.3000000    0.0145409
  14.3200000    0.0132110
  14.3400000    0.0117172
  14.3600000    0.0101388
  14.3800000    0.0085495
  14.4000000    0.0070121
  14.4200000    0.0055760
  14.4400000    0.0042762
  14.4600000    0.0031343
  14.4800000    0.0021615
  14.5000000    0.0013623
  14.5200000    0.0007385
  14.5400000    0.0002940
  14.5600000    0.0000385
  14.5800000   -0.0000095
  14.6000000    0.0001789
  14.6200000    0.0006441
  14.6400000    0.0014360
  14.6600000    0.0026112
  14.6800000    0.0042282
  14.7000000    0.0063401
  14.7200000    0.0089865
  14.7400000    0.0121846
  14.7600000    0.0159205
  14.7800000    0.0201416
  14.8000000    0.0247519
  14.8200000    0.0296117
  14.8400000    0.0345407
  14.8600000    0.0393275
  14.8800000    0.0437432
  14.9000000    0.0475584
  14.9200000    0.0505626
  14.9400000    0.0525825
  14.9600000    0.0534986
  14.9800000    0.0532562
  15.0000000    0.0518714
  15.0200000    0.0494288
  15.0400000    0.0460744
  15.0600000    0.0420015
  15.0800000    0.0374342
  15.1000000    0.0326087
  15.1200000    0.0277560
  15.1400000    0.0230856
  15.1600000    0.0187750
  15.1800000    0.0149614
  15.2000000    0.0117390
  15.2200000    0.0091594
  15.2400000    0.0072350
  15.2600000    0.0059438
  15.2800000    0.0052360
  15.3000000    0.0050397
  15.3200000    0.0052676
  15.3400000    0.0058224
  15.3600000    0.0066020
  15.3800000    0.0075047
  15.4000000    0.0084335
  15.4200000    0.0093004
  15.4400000    0.0100296
  15.4600000    0.0105609
  15.4800000    0.0108512
  15.5000000    0.0108759
  15.5200000    0.0106289
  15.5400000    0.0101212
  15.5600000    0.0093794
  15.5800000    0.0084424
  15.6000000    0.0073588
  15.6200000    0.0061831
  15.6400000    0.0049723
  15.6600000    0.0037828
  15.6800000    0.0026668
  15.7000000    0.0016705
  15.7200000    0.0008315
  15.7400000    0.0001774
  15.7600000   -0.0002742
  15.7800000   -0.0005164
  15.8000000   -0.0005511
  15.8200000   -0.0003877
  15.8400000   -0.0000410
  15.8600000    0.0004715
  15.8800000    0.0011316
  15.9000000    0.0019223
  15.9200000    0.0028285
  15.9400000    0.0038372
  15.9600000    0.0049365
  15.9800000    0.0061141
  16.0000000    0.0073552
  16.0200000    0.0086403
  16.0400000    0.0099442
  16.0600000    0.0112346
  16.0800000    0.0124726
  16.1000000    0.0136138
  16.1200000    0.0146107
  16.1400000    0.0154151
  16.1600000    0.0159818
  16.1800000    0.0162707
  16.2000000    0.0162505
  16.2200000    0.0159003
  16.2400000    0.0152109
  16.2600000    0.0141862
  16.2800000    0.0128430
  16.3000000    0.0112114
  16.3200000    0.0093337
  16.3400000    0.0072643
  16.3600000    0.0050685
  16.3800000    0.0028205
  16.4000000    0.0006015
  16.4200000   -0.0015031
  16.4400000   -0.0034081
  16.4600000   -0.0050325
  16.4800000   -0.0063048
  16.5000000   -0.0071676
  16.5200000   -0.0075832
  16.5400000   -0.0075365
  16.5600000   -0.0070382
  16.5800000   -0.0061258
  16.6000000   -0.0048622
  16.6200000   -0.0033337
  16.6400000   -0.0016444
  16.6600000    0.0000889
  16.6800000    0.0017450
  16.7000000    0.0032063
  16.7200000    0.0043667
  16.7400000    0.0051403
  16.7600000    0.0054677
  16.7800000    0.0053215
  16.8000000    0.0047084
  16.8200000    0.0036695
  16.8400000    0.0022765
  16.8600000    0.0006259
  16.8800000   -0.0011695
  16.9000000   -0.0029914
  16.9200000   -0.0047261
  16.9400000   -0.0062749
  16.9600000   -0.0075621
  16.9800000   -0.0085404
  17.0000000   -0.0091923
  17.0200000   -0.0095292
  17.0400000   -0.0095859
  17.0600000   -0.0094139
  17.0800000   -0.0090734
  17.1000000   -0.0086247
  17.1200000   -0.0081225
  17.1400000   -0.0076106
  17.1600000   -0.0071206
  17.1800000   -0.0066722
  17.2000000   -0.0062761
  17.2200000   -0.0059374
  17.2400000   -0.0056599
  17.2600000   -0.0054486
  17.2800000   -0.0053122
  17.3000000   -0.0052626
  17.3200000   -0.0053138
  17.3400000   -0.0054793
  17.3600000   -0.0057691
  17.3800000   -0.0061871
  17.4000000   -0.0067293
  17.4200000   -0.0073834
  17.4400000   -0.0081293
  17.4600000   -0.0089411
  17.4800000   -0.0097896
  17.5000000   -0.0106450
  17.5200000   -0.0114787
  17.5400000   -0.0122651
  17.5600000   -0.0129818
  17.5800000   -0.0136095
  17.6000000   -0.0141311
  17.6200000   -0.0145314
  17.6400000   -0.0147963
  17.6600000   -0.0149137
  17.6800000   -0.0148753
  17.7000000   -0.0146786
  17.7200000   -0.0143309
  17.7400000   -0.0138517
  17.7600000   -0.0132763
  17.7800000   -0.0126568
  17.8000000   -0.0120619
  17.8200000   -0.0115754
  17.8400000   -0.0112908
  17.8600000   -0.0113060
  17.8800000   -0.0117158
  17.9000000   -0.0126035
  17.9200000   -0.0140335
  17.9400000   -0.0160446
  17.9600000   -0.0186447
  17.9800000   -0.0218082
  18.0000000   -0.0254748
  18.0200000   -0.0295514
  18.0400000   -0.0339154
  18.0600000   -0.0384200
  18.0800000   -0.0429007
  18.1000000   -0.0471833
  18.1200000   -0.0510925
  18.1400000   -0.0544609
  18.1600000   -0.0571387
  18.1800000   -0.0590026
  18.2000000   -0.0599640
  18.2200000   -0.0599753
  18.2400000   -0.0590342
  18.2600000   -0.0571843
  18.2800000   -0.0545127
  18.3000000   -0.0511438
  18.3200000   -0.0472306
  18.3400000   -0.0429428
  18.3600000   -0.0384554
  18.3800000   -0.0339353
  18.4000000   -0.0295315
  18.4200000   -0.0253660
  18.4400000   -0.0215285
  18.4600000   -0.0180745
  18.4800000   -0.0150257
  18.5000000   -0.0123740
  18.5200000   -0.0100865
  18.5400000   -0.0081120
  18.5600000   -0.0063880
  18.5800000   -0.0048469
  18.6000000   -0.0034218
  18.6200000   -0.0020519
  18.6400000   -0.0006857
  18.6600000    0.0007155
  18.6800000    0.0021764
  18.7000000    0.0037065
  18.7200000    0.0053008
  18.7400000    0.0069407
  18.7600000    0.0085964
  18.7800000    0.0102303
  18.8000000    0.0117999
  18.8200000    0.0132621
  18.8400000    0.0145764
  18.8600000    0.0157081
  18.8800000    0.0166302
  18.9000000    0.0173244
  18.9200000    0.0177815
  18.9400000    0.0179998
  18.9600000    0.0179844
  18.9800000    0.0177455
  19.0000000    0.0172970
  19.0200000    0.0166555
  19.0400000    0.0158402
  19.0600000    0.0148731
  19.0800000    0.0137786
  19.1000000    0.0125844
  19.1200000    0.0113209
  19.1400000    0.0100209
  19.1600000    0.0087181
  19.1800000    0.0074457
  19.2000000    0.0062343
  19.2200000    0.0051100
  19.2400000    0.0040926
  19.2600000    0.0031945
  19.2800000    0.0024199
  19.3000000    0.0017651
  19.3200000    0.0012184
  19.3400000    0.0007614
  19.3600000    0.0003699
  19.3800000    0.0000145
  19.4000000   -0.0003378
  19.4200000   -0.0007235
  19.4400000   -0.0011810
  19.4600000   -0.0017498
  19.4800000   -0.0024682
  19.5000000   -0.0033718
  19.5200000   -0.0044895
  19.5400000   -0.0058402
  19.5600000   -0.0074285
  19.5800000   -0.0092402
  19.6000000   -0.0112387
  19.6200000   -0.0133630
  19.6400000   -0.0155265
  19.6600000   -0.0176200
  19.6800000   -0.0195155
  19.7000000   -0.0210738
  19.7200000   -0.0221542
  19.7400000   -0.0226244
  19.7600000   -0.0223720
  19.7800000   -0.0213141
  19.8000000   -0.0194049
  19.8200000   -0.0166406
  19.8400000   -0.0130615
  19.8600000   -0.0087494
  19.8800000   -0.0038234
  19.9000000    0.0015678
  19.9200000    0.0072544
  19.9400000    0.0130551
  19.9600000    0.0187861
  19.9800000    0.0242704
  20.0000000    0.0293447
  20.0200000    0.0338661
  20.0400000    0.0377169
  20.0600000    0.0408079
  20.0800000    0.0430810
  20.1000000    0.0445095
  20.1200000    0.0450980
  20.1400000    0.0448805
  20.1600000    0.0439169
  20.1800000    0.0422895
  20.2000000    0.0400968
  20.2200000    0.0374483
  20.2400000    0.0344580
  20.2600000    0.0312382
  20.2800000    0.0278938
  20.3000000    0.0245175
  20.3200000    0.0211860
  20.3400000    0.0179578
  20.3600000    0.0148721
  20.3800000    0.0119494
  20.4000000    0.0091930
  20.4200000    0.0065917
  20.4400000    0.0041239
  20.4600000    0.0017608
  20.4800000   -0.0005288
  20.5000000   -0.0027744
  20.5200000   -0.0050007
  20.5400000   -0.0072243
  20.5600000   -0.0094514
  20.5800000   -0.0116769
  20.6000000   -0.0138841
  20.6200000   -0.0160455
  20.6400000   -0.0181242
  20.6600000   -0.0200768
  20.6800000   -0.0218561
  20.7000000   -0.0234147
  20.7200000   -0.0247084
  20.7400000   -0.0256997
  20.7600000   -0.0263606
  20.7800000   -0.0266745
  20.8000000   -0.0266381
  20.8200000   -0.0262609
  20.8400000   -0.0255649
  20.8600000   -0.0245828
  20.8800000   -0.0233554
  20.9000000   -0.0219291
  20.9200000   -0.0203528
  20.9400000   -0.0186758
  20.9600000   -0.0169453
  20.9800000   -0.0152053
  21.0000000   -0.0134958
  21.0200000   -0.0118533
  21.0400000   -0.0103108
  21.0600000   -0.0088987
  21.0800000   -0.0076455
  21.1000000   -0.0065782
  21.1200000   -0.0057219
  21.1400000   -0.0050997
  21.1600000   -0.0047310
  21.1800000   -0.0046302
  21.2000000   -0.0048049
  21.2200000   -0.0052546
  21.2400000   -0.0059691
  21.2600000   -0.0069280
  21.2800000   -0.0081008
  21.3000000   -0.0094477
  21.3200000   -0.0109212
  21.3400000   -0.0124684
  21.3600000   -0.0140332
  21.3800000   -0.0155592
  21.4000000   -0.0169925
  21.4200000   -0.0182837
  21.4400000   -0.0193901
  21.4600000   -0.0202772
  21.4800000   -0.0209193
  21.5000000   -0.0213004
  21.5200000   -0.0214139
  21.5400000   -0.0212622
  21.5600000   -0.0208560
  21.5800000   -0.0202132
  21.6000000   -0.0193574
  21.6200000   -0.0183167
  21.6400000   -0.0171214
  21.6600000   -0.0158027
  21.6800000   -0.0143908
  21.7000000   -0.0129127
  21.7200000   -0.0113915
  21.7400000   -0.0098443
  21.7600000   -0.0082823
  21.7800000   -0.0067098
  21.8000000   -0.0051245
  21.8200000   -0.0035185
  21.8400000   -0.0018788
  21.8600000   -0.0001892
  21.8800000    0.0015686
  21.9000000    0.0034131
  21.9200000    0.0053617
  21.9400000    0.0074298
  21.9600000    0.0096296
  21.9800000    0.0119699
  22.0000000    0.0144559
  22.0200000    0.0170891
  22.0400000    0.0198675
  22.0600000    0.0227847
  22.0800000    0.0258289
  22.1000000    0.0289813
  22.1200000    0.0322129
  22.1400000    0.0354811
  22.1600000    0.0387249
  22.1800000    0.0418607
  22.2000000    0.0447773
  22.2200000    0.0473327
  22.2400000    0.0493528
  22.2600000    0.0506316
  22.2800000    0.0509373
  22.3000000    0.0500211
  22.3200000    0.0476321
  22.3400000    0.0435371
  22.3600000    0.0375444
  22.3800000    0.0295311
  22.4000000    0.0194695
  22.4200000    0.0074515
  22.4400000   -0.0062946
  22.4600000   -0.0213973
  22.4800000   -0.0373494
  22.5000000   -0.0535291
  22.5200000   -0.0692369
  22.5400000   -0.0837442
  22.5600000   -0.0963496
  22.5800000   -0.1064361
  22.6000000   -0.1135234
  22.6200000   -0.1173081
  22.6400000   -0.1176872
  22.6600000   -0.1147613
  22.6800000   -0.1088188
  22.7000000   -0.1003022
  22.7200000   -0.0897626
  22.7400000   -0.0778075
  22.7600000   -0.0650489
  22.7800000   -0.0520576
  22.8000000   -0.0393280
  22.8200000   -0.0272556
  22.8400000   -0.0161277
  22.8600000   -0.0061266
  22.8800000    0.0026584
  22.9000000    0.0102127
  22.9200000    0.0165751
  22.9400000    0.0218180
  22.9600000    0.0260292
  22.9800000    0.0292991
  23.0000000    0.0317128
  23.0200000    0.0333464
  23.0400000    0.0342679
  23.0600000    0.0345413
  23.0800000    0.0342309
  23.1000000    0.0334073
  23.1200000    0.0321507
  23.1400000    0.0305530
  23.1600000    0.0287173
  23.1800000    0.0267547
  23.2000000    0.0247788
  23.2200000    0.0228991
  23.2400000    0.0212137
  23.2600000    0.0198025
  23.2800000    0.0187212
  23.3000000    0.0179982
  23.3200000    0.0176332
  23.3400000    0.0175989
  23.3600000    0.0178447
  23.3800000    0.0183024
  23.4000000    0.0188937
  23.4200000    0.0195372
  23.4400000    0.0201564
  23.4600000    0.0206857
  23.4800000    0.0210750
  23.5000000    0.0212932
  23.5200000    0.0213279
  23.5400000    0.0211846
  23.5600000    0.0208833
  23.5800000    0.0204538
  23.6000000    0.0199309
  23.6200000    0.0193495
  23.6400000    0.0187397
  23.6600000    0.0181244
  23.6800000    0.0175176
  23.7000000    0.0169239
  23.7200000    0.0163409
  23.7400000    0.0157612
  23.7600000    0.0151757
  23.7800000    0.0145771
  23.8000000    0.0139622
  23.8200000    0.0133340
  23.8400000    0.0127025
  23.8600000    0.0120835
  23.8800000    0.0114978
  23.9000000    0.0109682
  23.9200000    0.0105171
  23.9400000    0.0101642
  23.9600000    0.0099242
  23.9800000    0.0098061
  24.0000000    0.0098127
  24.0200000    0.0099412
  24.0400000    0.0101851
  24.0600000    0.0105351
  24.0800000    0.0109812
  24.1000000    0.0115132
  24.1200000    0.0121212
  24.1400000    0.0127955
  24.1600000    0.0135249
  24.1800000    0.0142957
  24.2000000    0.0150896
  24.2200000    0.0158836
  24.2400000    0.0166487
  24.2600000    0.0173513
  24.2800000    0.0179553
  24.3000000    0.0184241
  24.3200000    0.0187250
  24.3400000    0.0188319
  24.3600000    0.0187287
  24.3800000    0.0184116
  24.4000000    0.0178897
  24.4200000    0.0171848
  24.4400000    0.0163291
  24.4600000    0.0153625
  24.4800000    0.0143285
  24.5000000    0.0132695
  24.5200000    0.0122228
  24.5400000    0.0112165
  24.5600000    0.0102661
  24.5800000    0.0093732
  24.6000000    0.0085241
  24.6200000    0.0076916
  24.6400000    0.0068369
  24.6600000    0.0059144
  24.6800000    0.0048762
  24.7000000    0.0036787
  24.7200000    0.0022890
  24.7400000    0.0006900
  24.7600000   -0.0011147
  24.7800000   -0.0030985
  24.8000000   -0.0052122
  24.8200000   -0.0073867
  24.8400000   -0.0095385
  24.8600000   -0.0115776
  24.8800000   -0.0134155
  24.9000000   -0.0149747
  24.9200000   -0.0161959
  24.9400000   -0.0170436
  24.9600000   -0.0175092
  24.9800000   -0.0176107
  25.0000000   -0.0173894
  25.0200000   -0.0169048
  25.0400000   -0.0162276
  25.0600000   -0.0154321
  25.0800000   -0.0145898
  25.1000000   -0.0137632
  25.1200000   -0.0130021
  25.1400000   -0.0123417
  25.1600000   -0.0118026
  25.1800000   -0.0113916
  25.2000000   -0.0111051
  25.2200000   -0.0109315
  25.2400000   -0.0108544
  25.2600000   -0.0108558
  25.2800000   -0.0109184
  25.3000000   -0.0110273
  25.3200000   -0.0111719
  25.3400000   -0.0113466
  25.3600000   -0.0115514
  25.3800000   -0.0117929
  25.4000000   -0.0120839
  25.4200000   -0.0124438
  25.4400000   -0.0128980
  25.4600000   -0.0134768
  25.4800000   -0.0142135
  25.5000000   -0.0151420
  25.5200000   -0.0162932
  25.5400000   -0.0176903
  25.5600000   -0.0193441
  25.5800000   -0.0212479
  25.6000000   -0.0233728
  25.6200000   -0.0256642
  25.6400000   -0.0280400
  25.6600000   -0.0303914
  25.6800000   -0.0325869
  25.7000000   -0.0344789
  25.7200000   -0.0359135
  25.7400000   -0.0367430
  25.7600000   -0.0368391
  25.7800000   -0.0361068
  25.8000000   -0.0344966
  25.8200000   -0.0320134
  25.8400000   -0.0287215
  25.8600000   -0.0247441
  25.8800000   -0.0202570
  25.9000000   -0.0154761
  25.9200000   -0.0106415
  25.9400000   -0.0059978
  25.9600000   -0.0017734
  25.9800000    0.0018384
  26.0000000    0.0046950
  26.0200000    0.0067143
  26.0400000    0.0078791
  26.0600000    0.0082332
  26.0800000    0.0078732
  26.1000000    0.0069342
  26.1200000    0.0055738
  26.1400000    0.0039554
  26.1600000    0.0022325
  26.1800000    0.0005372
  26.2000000   -0.0010282
  26.2200000   -0.0023943
  26.2400000   -0.0035242
  26.2600000   -0.0044088
  26.2800000   -0.0050610
  26.3000000   -0.0055086
  26.3200000   -0.0057867
  26.3400000   -0.0059322
  26.3600000   -0.0059790
  26.3800000   -0.0059552
  26.4000000   -0.0058817
  26.4200000   -0.0057722
  26.4400000   -0.0056337
  26.4600000   -0.0054679
  26.4800000   -0.0052722
  26.5000000   -0.0050409
  26.5200000   -0.0047659
  26.5400000   -0.0044382
  26.5600000   -0.0040482
  26.5800000   -0.0035871
  26.6000000   -0.0030482
  26.6200000   -0.0024278
  26.6400000   -0.0017274
  26.6600000   -0.0009542
  26.6800000   -0.0001224
  26.7000000    0.0007471
  26.7200000    0.0016271
  26.7400000    0.0024858
  26.7600000    0.0032888
  26.7800000    0.0040024
  26.8000000    0.0045956
  26.8200000    0.0050430
  26.8400000    0.0053268
  26.8600000    0.0054369
  26.8800000    0.0053715
  26.9000000    0.0051357
  26.9200000    0.0047397
  26.9400000    0.0041966
  26.9600000    0.0035205
  26.9800000    0.0027237
  27.0000000    0.0018157
  27.0200000    0.0008021
  27.0400000   -0.0003159
  27.0600000   -0.0015414
  27.0800000   -0.0028812
  27.1000000   -0.0043447
  27.1200000   -0.0059433
  27.1400000   -0.0076892
  27.1600000   -0.0095941
  27.1800000   -0.0116679
  27.2000000   -0.0139178
  27.2200000   -0.0163463
  27.2400000   -0.0189496
  27.2600000   -0.0217162
  27.2800000   -0.0246245
  27.3000000   -0.0276413
  27.3200000   -0.0307205
  27.3400000   -0.0338021
  27.3600000   -0.0368128
  27.3800000   -0.0396670
  27.4000000   -0.0422700
  27.4200000   -0.0445218
  27.4400000   -0.0463228
  27.4600000   -0.0475800
  27.4800000   -0.0482141
  27.5000000   -0.0481657
  27.5200000   -0.0474019
  27.5400000   -0.0459203
  27.5600000   -0.0437515
  27.5800000   -0.0409596
  27.6000000   -0.0376393
  27.6200000   -0.0339115
  27.6400000   -0.0299163
  27.6600000   -0.0258044
  27.6800000   -0.0217278
  27.7000000   -0.0178306
  27.7200000   -0.0142399
  27.7400000   -0.0110587
  27.7600000   -0.0083605
  27.7800000   -0.0061861
  27.8000000   -0.0045433
  27.8200000   -0.0034085
  27.8400000   -0.0027312
  27.8600000   -0.0024393
  27.8800000   -0.0024467
  27.9000000   -0.0026603
  27.9200000   -0.0029878
  27.9400000   -0.0033441
  27.9600000   -0.0036569
  27.9800000   -0.0038706
  28.0000000   -0.0039482
  28.0200000   -0.0038717
  28.0400000   -0.0036413
  28.0600000   -0.0032725
  28.0800000   -0.0027934
  28.1000000   -0.0022406
  28.1200000   -0.0016567
  28.1400000   -0.0010866
  28.1600000   -0.0005754
  28.1800000   -0.0001672
  28.2000000    0.0000962
  28.2200000    0.0001754
  28.2400000    0.0000334
  28.2600000   -0.0003637
  28.2800000   -0.0010469
  28.3000000   -0.0020427
  28.3200000   -0.0033720
  28.3400000   -0.0050477
  28.3600000   -0.0070726
  28.3800000   -0.0094358
  28.4000000   -0.0121111
  28.4200000   -0.0150546
  28.4400000   -0.0182036
  28.4600000   -0.0214773
  28.4800000   -0.0247786
  28.5000000   -0.0279980
  28.5200000   -0.0310191
  28.5400000   -0.0337258
  28.5600000   -0.0360094
  28.5800000   -0.0377774
  28.6000000   -0.0389600
  28.6200000   -0.0395157
  28.6400000   -0.0394349
  28.6600000   -0.0387398
  28.6800000   -0.0374819
  28.7000000   -0.0357363
  28.7200000   -0.0335948
  28.7400000   -0.0311564
  28.7600000   -0.0285191
  28.7800000   -0.0257720
  28.8000000   -0.0229894
  28.8200000   -0.0202270
  28.8400000   -0.0175211
  28.8600000   -0.0148899
  28.8800000   -0.0123364
  28.9000000   -0.0098525
  28.9200000   -0.0074236
  28.9400000   -0.0050325
  28.9600000   -0.0026630
  28.9800000   -0.0003018
  29.0000000    0.0020599
  29.0200000    0.0044256
  29.0400000    0.0067937
  29.0600000    0.0091573
  29.0800000    0.0115039
  29.1000000    0.0138155
  29.1200000    0.0160678
  29.1400000    0.0182301
  29.1600000    0.0202655
  29.1800000    0.0221317
  29.2000000    0.0237829
  29.2200000    0.0251718
  29.2400000    0.0262536
  29.2600000    0.0269896
  29.2800000    0.0273502
  29.3000000    0.0273186
  29.3200000    0.0268922
  29.3400000    0.0260836
  29.3600000    0.0249196
  29.3800000    0.0234394
  29.4000000    0.0216912
  29.4200000    0.0197291
  29.4400000    0.0176098
  29.4600000    0.0153889
  29.4800000    0.0131194
  29.5000000    0.0108494
  29.5200000    0.0086217
  29.5400000    0.0064736
  29.5600000    0.0044370
  29.5800000    0.0025386
  29.6000000    0.0008007
  29.6200000   -0.0007589
  29.6400000   -0.0021263
  29.6600000   -0.0032915
  29.6800000   -0.0042478
  29.7000000   -0.0049916
  29.7200000   -0.0055217
  29.7400000   -0.0058385
  29.7600000   -0.0059434
  29.7800000   -0.0058382
  29.8000000   -0.0055247
  29.8200000   -0.0050045
  29.8400000   -0.0042792
  29.8600000   -0.0033514
  29.8800000   -0.0022250
  29.9000000   -0.0009062
  29.9200000    0.0005953
  29.9400000    0.0022656
  29.9600000    0.0040862
  29.9800000    0.0060333
  30.0000000    0.0080784
