 -10.0000000    0.0184933
  -9.9800000    0.0178814
  -9.9600000    0.0170910
  -9.9400000    0.0161331
  -9.9200000    0.0150205
  -9.9000000    0.0137695
  -9.8800000    0.0124011
  -9.8600000    0.0109417
  -9.8400000    0.0094236
  -9.8200000    0.0078842
  -9.8000000    0.0063645
  -9.7800000    0.0049072
  -9.7600000    0.0035543
  -9.7400000    0.0023452
  -9.7200000    0.0013140
  -9.7000000    0.0004881
  -9.6800000   -0.0001136
  -9.6600000   -0.0004814
  -9.6400000   -0.0006152
  -9.6200000   -0.0005247
  -9.6000000   -0.0002285
  -9.5800000    0.0002462
  -9.5600000    0.0008650
  -9.5400000    0.0015884
  -9.5200000    0.0023725
  -9.5000000    0.0031721
  -9.4800000    0.0039418
  -9.4600000    0.0046382
  -9.4400000    0.0052220
  -9.4200000    0.0056595
  -9.4000000    0.0059238
  -9.3800000    0.0059962
  -9.3600000    0.0058672
  -9.3400000    0.0055365
  -9.3200000    0.0050137
  -9.3000000    0.0043179
  -9.2800000    0.0034773
  -9.2600000    0.0025281
  -9.2400000    0.0015124
  -9.2200000    0.0004771
  -9.2000000   -0.0005297
  -9.1800000   -0.0014606
  -9.1600000   -0.0022726
  -9.1400000   -0.0029297
  -9.1200000   -0.0034052
  -9.1000000   -0.0036836
  -9.0800000   -0.0037614
  -9.0600000   -0.0036473
  -9.0400000   -0.0033608
  -9.0200000   -0.0029306
  -9.0000000   -0.0023922
  -8.9800000   -0.0017849
  -8.9600000   -0.0011494
  -8.9400000   -0.0005251
  -8.9200000    0.0000517
  -8.9000000    0.0005494
  -8.8800000    0.0009418
  -8.8600000    0.0012082
  -8.8400000    0.0013341
  -8.8200000    0.0013106
  -8.8000000    0.0011344
  -8.7800000    0.0008079
  -8.7600000    0.0003393
  -8.7400000   -0.0002570
  -8.7200000   -0.0009607
  -8.7000000   -0.0017447
  -8.6800000   -0.0025756
  -8.6600000   -0.0034137
  -8.6400000   -0.0042140
  -8.6200000   -0.0049263
  -8.6000000   -0.0054978
  -8.5800000   -0.0058741
  -8.5600000   -0.0060020
  -8.5400000   -0.0058329
  -8.5200000   -0.0053256
  -8.5000000   -0.0044502
  -8.4800000   -0.0031925
  -8.4600000   -0.0015568
  -8.4400000    0.0004308
  -8.4200000    0.0027211
  -8.4000000    0.0052415
  -8.3800000    0.0078986
  -8.3600000    0.0105823
  -8.3400000    0.0131720
  -8.3200000    0.0155449
  -8.3000000    0.0175850
  -8.2800000    0.0191921
  -8.2600000    0.0202899
  -8.2400000    0.0208323
  -8.2200000    0.0208072
  -8.2000000    0.0202366
  -8.1800000    0.0191742
  -8.1600000    0.0176988
  -8.1400000    0.0159076
  -8.1200000    0.0139059
  -8.1000000    0.0117985
  -8.0800000    0.0096807
  -8.0600000    0.0076325
  -8.0400000    0.0057138
  -8.0200000    0.0039633
  -8.0000000    0.0023996
  -7.9800000    0.0010242
  -7.9600000   -0.0001740
  -7.9400000   -0.0012132
  -7.9200000   -0.0021135
  -7.9000000   -0.0028933
  -7.8800000   -0.0035658
  -7.8600000   -0.0041377
  -7.8400000   -0.0046094
  -7.8200000   -0.0049763
  -7.8000000   -0.0052312
  -7.7800000   -0.0053665
  -7.7600000   -0.0053773
  -7.7400000   -0.0052627
  -7.7200000   -0.0050274
  -7.7000000   -0.0046816
  -7.6800000   -0.0042399
  -7.6600000   -0.0037200
  -7.6400000   -0.0031402
  -7.6200000   -0.0025178
  -7.6000000   -0.0018665
  -7.5800000   -0.0011963
  -7.5600000   -0.0005125
  -7.5400000    0.0001835
  -7.5200000    0.0008922
  -7.5000000    0.0016146
  -7.4800000    0.0023500
  -7.4600000    0.0030942
  -7.4400000    0.0038391
  -7.4200000    0.0045727
  -7.4000000    0.0052801
  -7.3800000    0.0059464
  -7.3600000    0.0065591
  -7.3400000    0.0071111
  -7.3200000    0.0076031
  -7.3000000    0.0080455
  -7.2800000    0.0084577
  -7.2600000    0.0088680
  -7.2400000    0.0093100
  -7.2200000    0.0098195
  -7.2000000    0.0104307
  -7.1800000    0.0111719
  -7.1600000    0.0120626
  -7.1400000    0.0131111
  -7.1200000    0.0143138
  -7.1000000    0.0156549
  -7.0800000    0.0171080
  -7.0600000    0.0186376
  -7.0400000    0.0202012
  -7.0200000    0.0217517
  -7.0000000    0.0232395
  -6.9800000    0.0246139
  -6.9600000    0.0258259
  -6.9400000    0.0268299
  -6.9200000    0.0275858
  -6.9000000    0.0280617
  -6.8800000    0.0282364
  -6.8600000    0.0281015
  -6.8400000    0.0276630
  -6.8200000    0.0269419
  -6.8000000    0.0259739
  -6.7800000    0.0248070
  -6.7600000    0.0234990
  -6.7400000    0.0221135
  -6.7200000    0.0207157
  -6.7000000    0.0193684
  -6.6800000    0.0181289
  -6.6600000    0.0170469
  -6.6400000    0.0161632
  -6.6200000    0.0155099
  -6.6000000    0.0151107
  -6.5800000    0.0149820
  -6.5600000    0.0151335
  -6.5400000    0.0155680
  -6.5200000    0.0162809
  -6.5000000    0.0172586
  -6.4800000    0.0184771
  -6.4600000    0.0198997
  -6.4400000    0.0214764
  -6.4200000    0.0231436
  -6.4000000    0.0248258
  -6.3800000    0.0264388
  -6.3600000    0.0278944
  -6.3400000    0.0291066
  -6.3200000    0.0299973
  -6.3000000    0.0305032
  -6.2800000    0.0305804
  -6.2600000    0.0302079
  -6.2400000    0.0293893
  -6.2200000    0.0281512
  -6.2000000    0.0265408
  -6.1800000    0.0246211
  -6.1600000    0.0224644
  -6.1400000    0.0201469
  -6.1200000    0.0177416
  -6.1000000    0.0153139
  -6.0800000    0.0129167
  -6.0600000    0.0105887
  -6.0400000    0.0083531
  -6.0200000    0.0062189
  -6.0000000    0.0041835
  -5.9800000    0.0022359
  -5.9600000    0.0003618
  -5.9400000   -0.0014519
  -5.9200000   -0.0032125
  -5.9000000   -0.0049177
  -5.8800000   -0.0065528
  -5.8600000   -0.0080899
  -5.8400000   -0.0094890
  -5.8200000   -0.0107001
  -5.8000000   -0.0116677
  -5.7800000   -0.0123356
  -5.7600000   -0.0126527
  -5.7400000   -0.0125779
  -5.7200000   -0.0120849
  -5.7000000   -0.0111646
  -5.6800000   -0.0098272
  -5.6600000   -0.0081013
  -5.6400000   -0.0060321
  -5.6200000   -0.0036782
  -5.6000000   -0.0011080
  -5.5800000    0.0016046
  -5.5600000    0.0043843
  -5.5400000    0.0071572
  -5.5200000    0.0098541
  -5.5000000    0.0124117
  -5.4800000    0.0147742
  -5.4600000    0.0168934
  -5.4400000    0.0187294
  -5.4200000    0.0202505
  -5.4000000    0.0214336
  -5.3800000    0.0222644
  -5.3600000    0.0227381
  -5.3400000    0.0228599
  -5.3200000    0.0226455
  -5.3000000    0.0221208
  -5.2800000    0.0213218
  -5.2600000    0.0202930
  -5.2400000    0.0190859
  -5.2200000    0.0177557
  -5.2000000    0.0163591
  -5.1800000    0.0149505
  -5.1600000    0.0135788
  -5.1400000    0.0122853
  -5.1200000    0.0111008
  -5.1000000    0.0100450
  -5.0800000    0.0091260
  -5.0600000    0.0083408
  -5.0400000    0.0076763
  -5.0200000    0.0071117
  -5.0000000    0.0066202
  -4.9800000    0.0061716
  -4.9600000    0.0057344
  -4.9400000    0.0052782
  -4.9200000    0.0047755
  -4.9000000    0.0042034
  -4.8800000    0.0035446
  -4.8600000    0.0027884
  -4.8400000    0.0019314
  -4.8200000    0.0009775
  -4.8000000   -0.0000621
  -4.7800000   -0.0011696
  -4.7600000   -0.0023217
  -4.7400000   -0.0034900
  -4.7200000   -0.0046434
  -4.7000000   -0.0057492
  -4.6800000   -0.0067749
  -4.6600000   -0.0076901
  -4.6400000   -0.0084679
  -4.6200000   -0.0090866
  -4.6000000   -0.0095301
  -4.5800000   -0.0097896
  -4.5600000   -0.0098633
  -4.5400000   -0.0097570
  -4.5200000   -0.0094838
  -4.5000000   -0.0090642
  -4.4800000   -0.0085256
  -4.4600000   -0.0079018
  -4.4400000   -0.0072322
  -4.4200000   -0.0065605
  -4.4000000   -0.0059331
  -4.3800000   -0.0053968
  -4.3600000   -0.0049962
  -4.3400000   -0.0047707
  -4.3200000   -0.0047509
  -4.3000000   -0.0049559
  -4.2800000   -0.0053907
  -4.2600000   -0.0060447
  -4.2400000   -0.0068912
  -4.2200000   -0.0078892
  -4.2000000   -0.0089858
  -4.1800000   -0.0101206
  -4.1600000   -0.0112310
  -4.1400000   -0.0122580
  -4.1200000   -0.0131514
  -4.1000000   -0.0138756
  -4.0800000   -0.0144124
  -4.0600000   -0.0147628
  -4.0400000   -0.0149467
  -4.0200000   -0.0150000
  -4.0000000   -0.0149701
  -3.9800000   -0.0149097
  -3.9600000   -0.0148696
  -3.9400000   -0.0148926
  -3.9200000   -0.0150069
  -3.9000000   -0.0152227
  -3.8800000   -0.0155300
  -3.8600000   -0.0158995
  -3.8400000   -0.0162864
  -3.8200000   -0.0166357
  -3.8000000   -0.0168893
  -3.7800000   -0.0169933
  -3.7600000   -0.0169050
  -3.7400000   -0.0165983
  -3.7200000   -0.0160665
  -3.7000000   -0.0153237
  -3.6800000   -0.0144022
  -3.6600000   -0.0133495
  -3.6400000   -0.0122221
  -3.6200000   -0.0110804
  -3.6000000   -0.0099823
  -3.5800000   -0.0089786
  -3.5600000   -0.0081093
  -3.5400000   -0.0074017
  -3.5200000   -0.0068703
  -3.5000000   -0.0065176
  -3.4800000   -0.0063362
  -3.4600000   -0.0063122
  -3.4400000   -0.0064281
  -3.4200000   -0.0066659
  -3.4000000   -0.0070099
  -3.3800000   -0.0074490
  -3.3600000   -0.0079781
  -3.3400000   -0.0085987
  -3.3200000   -0.0093187
  -3.3000000   -0.0101518
  -3.2800000   -0.0111159
  -3.2600000   -0.0122310
  -3.2400000   -0.0135178
  -3.2200000   -0.0149947
  -3.2000000   -0.0166761
  -3.1800000   -0.0185703
  -3.1600000   -0.0206777
  -3.1400000   -0.0229900
  -3.1200000   -0.0254889
  -3.1000000   -0.0281464
  -3.0800000   -0.0309253
  -3.0600000   -0.0337799
  -3.0400000   -0.0366585
  -3.0200000   -0.0395056
  -3.0000000   -0.0422647
  -2.9800000   -0.0448813
  -2.9600000   -0.0473055
  -2.9400000   -0.0494939
  -2.9200000   -0.0514106
  -2.9000000   -0.0530278
  -2.8800000   -0.0543240
  -2.8600000   -0.0552836
  -2.8400000   -0.0558948
  -2.8200000   -0.0561489
  -2.8000000   -0.0560403
  -2.7800000   -0.0555677
  -2.7600000   -0.0547368
  -2.7400000   -0.0535630
  -2.7200000   -0.0520752
  -2.7000000   -0.0503182
  -2.6800000   -0.0483539
  -2.6600000   -0.0462597
  -2.6400000   -0.0441254
  -2.6200000   -0.0420473
  -2.6000000   -0.0401203
  -2.5800000   -0.0384297
  -2.5600000   -0.0370436
  -2.5400000   -0.0360058
  -2.5200000   -0.0353315
  -2.5000000   -0.0350062
  -2.4800000   -0.0349862
  -2.4600000   -0.0352034
  -2.4400000   -0.0355715
  -2.4200000   -0.0359932
  -2.4000000   -0.0363694
  -2.3800000   -0.0366070
  -2.3600000   -0.0366260
  -2.3400000   -0.0363652
  -2.3200000   -0.0357857
  -2.3000000   -0.0348723
  -2.2800000   -0.0336323
  -2.2600000   -0.0320927
  -2.2400000   -0.0302959
  -2.2200000   -0.0282944
  -2.2000000   -0.0261452
  -2.1800000   -0.0239048
  -2.1600000   -0.0216253
  -2.1400000   -0.0193516
  -2.1200000   -0.0171201
  -2.1000000   -0.0149592
  -2.0800000   -0.0128908
  -2.0600000   -0.0109324
  -2.0400000   -0.0090996
  -2.0200000   -0.0074085
  -2.0000000   -0.0058773
  -1.9800000   -0.0045272
  -1.9600000   -0.0033816
  -1.9400000   -0.0024650
  -1.9200000   -0.0018006
  -1.9000000   -0.0014076
  -1.8800000   -0.0012978
  -1.8600000   -0.0014733
  -1.8400000   -0.0019242
  -1.8200000   -0.0026272
  -1.8000000   -0.0035464
  -1.7800000   -0.0046341
  -1.7600000   -0.0058335
  -1.7400000   -0.0070828
  -1.7200000   -0.0083190
  -1.7000000   -0.0094829
  -1.6800000   -0.0105233
  -1.6600000   -0.0114011
  -1.6400000   -0.0120912
  -1.6200000   -0.0125845
  -1.6000000   -0.0128872
  -1.5800000   -0.0130192
  -1.5600000   -0.0130110
  -1.5400000   -0.0128999
  -1.5200000   -0.0127253
  -1.5000000   -0.0125242
  -1.4800000   -0.0123277
  -1.4600000   -0.0121572
  -1.4400000   -0.0120234
  -1.4200000   -0.0119249
  -1.4000000   -0.0118500
  -1.3800000   -0.0117784
  -1.3600000   -0.0116849
  -1.3400000   -0.0115432
  -1.3200000   -0.0113305
  -1.3000000   -0.0110307
  -1.2800000   -0.0106383
  -1.2600000   -0.0101598
  -1.2400000   -0.0096140
  -1.2200000   -0.0090313
  -1.2000000   -0.0084503
  -1.1800000   -0.0079142
  -1.1600000   -0.0074658
  -1.1400000   -0.0071425
  -1.1200000   -0.0069721
  -1.1000000   -0.0069689
  -1.0800000   -0.0071317
  -1.0600000   -0.0074436
  -1.0400000   -0.0078726
  -1.0200000   -0.0083745
  -1.0000000   -0.0088965
  -0.9800000   -0.0093810
  -0.9600000   -0.0097701
  -0.9400000   -0.0100094
  -0.9200000   -0.0100503
  -0.9000000   -0.0098524
  -0.8800000   -0.0093840
  -0.8600000   -0.0086219
  -0.8400000   -0.0075500
  -0.8200000   -0.0061582
  -0.8000000   -0.0044402
  -0.7800000   -0.0023929
  -0.7600000   -0.0000151
  -0.7400000    0.0026914
  -0.7200000    0.0057211
  -0.7000000    0.0090622
  -0.6800000    0.0126935
  -0.6600000    0.0165807
  -0.6400000    0.0206740
  -0.6200000    0.0249049
  -0.6000000    0.0291865
  -0.5800000    0.0334141
  -0.5600000    0.0374693
  -0.5400000    0.0412266
  -0.5200000    0.0445616
  -0.5000000    0.0473611
  -0.4800000    0.0495341
  -0.4600000    0.0510215
  -0.4400000    0.0518046
  -0.4200000    0.0519108
  -0.4000000    0.0514155
  -0.3800000    0.0504396
  -0.3600000    0.0491438
  -0.3400000    0.0477188
  -0.3200000    0.0463732
  -0.3000000    0.0453205
  -0.2800000    0.0447647
  -0.2600000    0.0448888
  -0.2400000    0.0458445
  -0.2200000    0.0477448
  -0.2000000    0.0506614
  -0.1800000    0.0546247
  -0.1600000    0.0596280
  -0.1400000    0.0656341
  -0.1200000    0.0725842
  -0.1000000    0.0804071
  -0.0800000    0.0890278
  -0.0600000    0.0983736
  -0.0400000    0.1083774
  -0.0200000    0.1189763
   0.0000000    0.1301069
   0.0200000    0.1416966
   0.0400000    0.1536528
   0.0600000    0.1658519
   0.0800000    0.1781307
   0.1000000    0.1902804
   0.1200000    0.2020475
   0.1400000    0.2131402
   0.1600000    0.2232415
   0.1800000    0.2320279
   0.2000000    0.2391918
   0.2200000    0.2444651
   0.2400000    0.2476421
   0.2600000    0.2485988
   0.2800000    0.2473053
   0.3000000    0.2438313
   0.3200000    0.2383433
   0.3400000    0.2310923
   0.3600000    0.2223948
   0.3800000    0.2126073
   0.4000000    0.2020975
   0.4200000    0.1912152
   0.4400000    0.1802654
   0.4600000    0.1694873
   0.4800000    0.1590405
   0.5000000    0.1490017
   0.5200000    0.1393699
   0.5400000    0.1300813
   0.5600000    0.1210312
   0.5800000    0.1120992
   0.6000000    0.1031760
   0.6200000    0.0941865
   0.6400000    0.0851071
   0.6600000    0.0759755
   0.6800000    0.0668903
   0.7000000    0.0580028
   0.7200000    0.0495012
   0.7400000    0.0415907
   0.7600000    0.0344708
   0.7800000    0.0283156
   0.8000000    0.0232571
   0.8200000    0.0193745
   0.8400000    0.0166902
   0.8600000    0.0151718
   0.8800000    0.0147392
   0.9000000    0.0152746
   0.9200000    0.0166346
   0.9400000    0.0186611
   0.9600000    0.0211910
   0.9800000    0.0240635
   1.0000000    0.0271246
   1.0200000    0.0302301
   1.0400000    0.0332466
   1.0600000    0.0360527
   1.0800000    0.0385393
   1.1000000    0.0406116
   1.1200000    0.0421908
   1.1400000    0.0432165
   1.1600000    0.0436497
   1.1800000    0.0434749
   1.2000000    0.0427010
   1.2200000    0.0413613
   1.2400000    0.0395122
   1.2600000    0.0372292
   1.2800000    0.0346025
   1.3000000    0.0317313
   1.3200000    0.0287173
   1.3400000    0.0256586
   1.3600000    0.0226437
   1.3800000    0.0197472
   1.4000000    0.0170263
   1.4200000    0.0145193
   1.4400000    0.0122455
   1.4600000    0.0102068
   1.4800000    0.0083904
   1.5000000    0.0067727
   1.5200000    0.0053230
   1.5400000    0.0040080
   1.5600000    0.0027956
   1.5800000    0.0016582
   1.6000000    0.0005750
   1.6200000   -0.0004670
   1.6400000   -0.0014717
   1.6600000   -0.0024357
   1.6800000   -0.0033488
   1.7000000   -0.0041962
   1.7200000   -0.0049612
   1.7400000   -0.0056273
   1.7600000   -0.0061807
   1.7800000   -0.0066120
   1.8000000   -0.0069180
   1.8200000   -0.0071017
   1.8400000   -0.0071726
   1.8600000   -0.0071458
   1.8800000   -0.0070403
   1.9000000   -0.0068777
   1.9200000   -0.0066797
   1.9400000   -0.0064663
   1.9600000   -0.0062545
   1.9800000   -0.0060573
   2.0000000   -0.0058825
   2.0200000   -0.0057337
   2.0400000   -0.0056102
   2.0600000   -0.0055082
   2.0800000   -0.0054219
   2.1000000   -0.0053445
   2.1200000   -0.0052696
   2.1400000   -0.0051912
   2.1600000   -0.0051051
   2.1800000   -0.0050083
   2.2000000   -0.0048993
   2.2200000   -0.0047779
   2.2400000   -0.0046448
   2.2600000   -0.0045014
   2.2800000   -0.0043497
   2.3000000   -0.0041926
   2.3200000   -0.0040336
   2.3400000   -0.0038777
   2.3600000   -0.0037315
   2.3800000   -0.0036038
   2.4000000   -0.0035052
   2.4200000   -0.0034489
   2.4400000   -0.0034496
   2.4600000   -0.0035232
   2.4800000   -0.0036856
   2.5000000   -0.0039516
   2.5200000   -0.0043333
   2.5400000   -0.0048388
   2.5600000   -0.0054710
   2.5800000   -0.0062264
   2.6000000   -0.0070953
   2.6200000   -0.0080609
   2.6400000   -0.0091011
   2.6600000   -0.0101889
   2.6800000   -0.0112952
   2.7000000   -0.0123903
   2.7200000   -0.0134471
   2.7400000   -0.0144436
   2.7600000   -0.0153648
   2.7800000   -0.0162047
   2.8000000   -0.0169675
   2.8200000   -0.0176668
   2.8400000   -0.0183251
   2.8600000   -0.0189716
   2.8800000   -0.0196389
   2.9000000   -0.0203599
   2.9200000   -0.0211640
   2.9400000   -0.0220742
   2.9600000   -0.0231039
   2.9800000   -0.0242563
   3.0000000   -0.0255237
   3.0200000   -0.0268886
   3.0400000   -0.0283262
   3.0600000   -0.0298069
   3.0800000   -0.0312995
   3.1000000   -0.0327737
   3.1200000   -0.0342018
   3.1400000   -0.0355598
   3.1600000   -0.0368266
   3.1800000   -0.0379831
   3.2000000   -0.0390100
   3.2200000   -0.0398865
   3.2400000   -0.0405889
   3.2600000   -0.0410906
   3.2800000   -0.0413638
   3.3000000   -0.0413822
   3.3200000   -0.0411245
   3.3400000   -0.0405787
   3.3600000   -0.0397462
   3.3800000   -0.0386442
   3.4000000   -0.0373072
   3.4200000   -0.0357859
   3.4400000   -0.0341445
   3.4600000   -0.0324555
   3.4800000   -0.0307938
   3.5000000   -0.0292302
   3.5200000   -0.0278246
   3.5400000   -0.0266206
   3.5600000   -0.0256418
   3.5800000   -0.0248898
   3.6000000   -0.0243449
   3.6200000   -0.0239679
   3.6400000   -0.0237051
   3.6600000   -0.0234935
   3.6800000   -0.0232669
   3.7000000   -0.0229629
   3.7200000   -0.0225281
   3.7400000   -0.0219230
   3.7600000   -0.0211252
   3.7800000   -0.0201305
   3.8000000   -0.0189524
   3.8200000   -0.0176194
   3.8400000   -0.0161712
   3.8600000   -0.0146540
   3.8800000   -0.0131146
   3.9000000   -0.0115958
   3.9200000   -0.0101316
   3.9400000   -0.0087449
   3.9600000   -0.0074459
   3.9800000   -0.0062328
   4.0000000   -0.0050945
   4.0200000   -0.0040136
   4.0400000   -0.0029715
   4.0600000   -0.0019525
   4.0800000   -0.0009476
   4.1000000    0.0000429
   4.1200000    0.0010082
   4.1400000    0.0019285
   4.1600000    0.0027765
   4.1800000    0.0035221
   4.2000000    0.0041359
   4.2200000    0.0045941
   4.2400000    0.0048811
   4.2600000    0.0049925
   4.2800000    0.0049351
   4.3000000    0.0047262
   4.3200000    0.0043910
   4.3400000    0.0039591
   4.3600000    0.0034605
   4.3800000    0.0029218
   4.4000000    0.0023632
   4.4200000    0.0017955
   4.4400000    0.0012199
   4.4600000    0.0006277
   4.4800000    0.0000020
   4.5000000   -0.0006797
   4.5200000   -0.0014424
   4.5400000   -0.0023095
   4.5600000   -0.0032995
   4.5800000   -0.0044227
   4.6000000   -0.0056780
   4.6200000   -0.0070521
   4.6400000   -0.0085184
   4.6600000   -0.0100386
   4.6800000   -0.0115644
   4.7000000   -0.0130414
   4.7200000   -0.0144128
   4.7400000   -0.0156245
   4.7600000   -0.0166293
   4.7800000   -0.0173909
   4.8000000   -0.0178868
   4.8200000   -0.0181101
   4.8400000   -0.0180694
   4.8600000   -0.0177875
   4.8800000   -0.0172986
   4.9000000   -0.0166446
   4.9200000   -0.0158709
   4.9400000   -0.0150218
   4.9600000   -0.0141362
   4.9800000   -0.0132443
   5.0000000   -0.0123645
   5.0200000   -0.0115027
   5.0400000   -0.0106514
   5.0600000   -0.0097911
   5.0800000   -0.0088924
   5.1000000   -0.0079192
   5.1200000   -0.0068329
   5.1400000   -0.0055967
   5.1600000   -0.0041805
   5.1800000   -0.0025656
   5.2000000   -0.0007488
   5.2200000    0.0012548
   5.2400000    0.0034103
   5.2600000    0.0056633
   5.2800000    0.0079421
   5.3000000    0.0101619
   5.3200000    0.0122308
   5.3400000    0.0140565
   5.3600000    0.0155540
   5.3800000    0.0166523
   5.4000000    0.0173003
   5.4200000    0.0174711
   5.4400000    0.0171638
   5.4600000    0.0164033
   5.4800000    0.0152376
   5.5000000    0.0137336
   5.5200000    0.0119718
   5.5400000    0.0100404
   5.5600000    0.0080292
   5.5800000    0.0060243
   5.6000000    0.0041036
   5.6200000    0.0023338
   5.6400000    0.0007677
   5.6600000   -0.0005567
   5.6800000   -0.0016166
   5.7000000   -0.0024036
   5.7200000   -0.0029227
   5.7400000   -0.0031907
   5.7600000   -0.0032341
   5.7800000   -0.0030868
   5.8000000   -0.0027875
   5.8200000   -0.0023776
   5.8400000   -0.0018981
   5.8600000   -0.0013882
   5.8800000   -0.0008827
   5.9000000   -0.0004110
   5.9200000    0.0000040
   5.9400000    0.0003464
   5.9600000    0.0006070
   5.9800000    0.0007834
   6.0000000    0.0008788
   6.0200000    0.0009019
   6.0400000    0.0008653
   6.0600000    0.0007854
   6.0800000    0.0006813
   6.1000000    0.0005741
   6.1200000    0.0004867
   6.1400000    0.0004427
   6.1600000    0.0004664
   6.1800000    0.0005823
   6.2000000    0.0008145
   6.2200000    0.0011866
   6.2400000    0.0017210
   6.2600000    0.0024388
   6.2800000    0.0033583
   6.3000000    0.0044946
   6.3200000    0.0058577
   6.3400000    0.0074504
   6.3600000    0.0092665
   6.3800000    0.0112882
   6.4000000    0.0134842
   6.4200000    0.0158086
   6.4400000    0.0182009
   6.4600000    0.0205874
   6.4800000    0.0228843
   6.5000000    0.0250023
   6.5200000    0.0268534
   6.5400000    0.0283569
   6.5600000    0.0294466
   6.5800000    0.0300766
   6.6000000    0.0302259
   6.6200000    0.0299000
   6.6400000    0.0291313
   6.6600000    0.0279757
   6.6800000    0.0265083
   6.7000000    0.0248167
   6.7200000    0.0229942
   6.7400000    0.0211321
   6.7600000    0.0193143
   6.7800000    0.0176115
   6.8000000    0.0160782
   6.8200000    0.0147506
   6.8400000    0.0136472
   6.8600000    0.0127698
   6.8800000    0.0121062
   6.9000000    0.0116337
   6.9200000    0.0113225
   6.9400000    0.0111396
   6.9600000    0.0110521
   6.9800000    0.0110305
   7.0000000    0.0110507
   7.0200000    0.0110960
   7.0400000    0.0111573
   7.0600000    0.0112336
   7.0800000    0.0113308
   7.1000000    0.0114602
   7.1200000    0.0116359
   7.1400000    0.0118727
   7.1600000    0.0121830
   7.1800000    0.0125742
   7.2000000    0.0130464
   7.2200000    0.0135910
   7.2400000    0.0141900
   7.2600000    0.0148162
   7.2800000    0.0154350
   7.3000000    0.0160067
   7.3200000    0.0164894
   7.3400000    0.0168433
   7.3600000    0.0170335
   7.3800000    0.0170344
   7.4000000    0.0168312
   7.4200000    0.0164221
   7.4400000    0.0158179
   7.4600000    0.0150414
   7.4800000    0.0141242
   7.5000000    0.0131039
   7.5200000    0.0120199
   7.5400000    0.0109094
   7.5600000    0.0098041
   7.5800000    0.0087272
   7.6000000    0.0076924
   7.6200000    0.0067036
   7.6400000    0.0057560
   7.6600000    0.0048390
   7.6800000    0.0039392
   7.7000000    0.0030440
   7.7200000    0.0021448
   7.7400000    0.0012401
   7.7600000    0.0003372
   7.7800000   -0.0005470
   7.8000000   -0.0013870
   7.8200000   -0.0021502
   7.8400000   -0.0027998
   7.8600000   -0.0032980
   7.8800000   -0.0036100
   7.9000000   -0.0037070
   7.9200000   -0.0035696
   7.9400000   -0.0031898
   7.9600000   -0.0025721
   7.9800000   -0.0017340
   8.0000000   -0.0007045
   8.0200000    0.0004773
   8.0400000    0.0017648
   8.0600000    0.0031072
   8.0800000    0.0044525
   8.1000000    0.0057504
   8.1200000    0.0069555
   8.1400000    0.0080288
   8.1600000    0.0089402
   8.1800000    0.0096685
   8.2000000    0.0102024
   8.2200000    0.0105399
   8.2400000    0.0106877
   8.2600000    0.0106602
   8.2800000    0.0104779
   8.3000000    0.0101663
   8.3200000    0.0097540
   8.3400000    0.0092707
   8.3600000    0.0087462
   8.3800000    0.0082079
   8.4000000    0.0076800
   8.4200000    0.0071814
   8.4400000    0.0067254
   8.4600000    0.0063185
   8.4800000    0.0059607
   8.5000000    0.0056456
   8.5200000    0.0053617
   8.5400000    0.0050932
   8.5600000    0.0048226
   8.5800000    0.0045316
   8.6000000    0.0042038
   8.6200000    0.0038254
   8.6400000    0.0033868
   8.6600000    0.0028828
   8.6800000    0.0023120
   8.7000000    0.0016761
   8.7200000    0.0009779
   8.7400000    0.0002197
   8.7600000   -0.0005989
   8.7800000   -0.0014825
   8.8000000   -0.0024410
   8.8200000   -0.0034897
   8.8400000   -0.0046480
   8.8600000   -0.0059381
   8.8800000   -0.0073812
   8.9000000   -0.0089945
   8.9200000   -0.0107875
   8.9400000   -0.0127580
   8.9600000   -0.0148905
   8.9800000   -0.0171542
   9.0000000   -0.0195039
   9.0200000   -0.0218816
   9.0400000   -0.0242205
   9.0600000   -0.0264495
   9.0800000   -0.0284989
   9.1000000   -0.0303053
   9.1200000   -0.0318164
   9.1400000   -0.0329946
   9.1600000   -0.0338184
   9.1800000   -0.0342824
   9.2000000   -0.0343960
   9.2200000   -0.0341804
   9.2400000   -0.0336652
   9.2600000   -0.0328847
   9.2800000   -0.0318750
   9.3000000   -0.0306710
   9.3200000   -0.0293054
   9.3400000   -0.0278077
   9.3600000   -0.0262046
   9.3800000   -0.0245202
   9.4000000   -0.0227770
   9.4200000   -0.0209963
   9.4400000   -0.0191988
   9.4600000   -0.0174040
   9.4800000   -0.0156309
   9.5000000   -0.0138966
   9.5200000   -0.0122167
   9.5400000   -0.0106045
   9.5600000   -0.0090711
   9.5800000   -0.0076248
   9.6000000   -0.0062718
   9.6200000   -0.0050160
   9.6400000   -0.0038589
   9.6600000   -0.0028000
   9.6800000   -0.0018368
   9.7000000   -0.0009649
   9.7200000   -0.0001784
   9.7400000    0.0005298
   9.7600000    0.0011673
   9.7800000    0.0017414
   9.8000000    0.0022587
   9.8200000    0.0027245
   9.8400000    0.0031419
   9.8600000    0.0035122
   9.8800000    0.0038346
   9.9000000    0.0041066
   9.9200000    0.0043244
   9.9400000    0.0044835
   9.9600000    0.0045788
   9.9800000    0.0046053
  10.0000000    0.0045578
  10.0200000    0.0044311
  10.0400000    0.0042205
  10.0600000    0.0039214
  10.0800000    0.0035298
  10.1000000    0.0030434
  10.1200000    0.0024618
  10.1400000    0.0017881
  10.1600000    0.0010290
  10.1800000    0.0001963
  10.2000000   -0.0006935
  10.2200000   -0.0016188
  10.2400000   -0.0025542
  10.2600000   -0.0034707
  10.2800000   -0.0043380
  10.3000000   -0.0051255
  10.3200000   -0.0058044
  10.3400000   -0.0063491
  10.3600000   -0.0067391
  10.3800000   -0.0069606
  10.4000000   -0.0070077
  10.4200000   -0.0068846
  10.4400000   -0.0066058
  10.4600000   -0.0061972
  10.4800000   -0.0056955
  10.5000000   -0.0051476
  10.5200000   -0.0046075
  10.5400000   -0.0041327
  10.5600000   -0.0037800
  10.5800000   -0.0035992
  10.6000000   -0.0036281
  10.6200000   -0.0038872
  10.6400000   -0.0043761
  10.6600000   -0.0050716
  10.6800000   -0.0059285
  10.7000000   -0.0068822
  10.7200000   -0.0078539
  10.7400000   -0.0087577
  10.7600000   -0.0095076
  10.7800000   -0.0100259
  10.8000000   -0.0102492
  10.8200000   -0.0101339
  10.8400000   -0.0096592
  10.8600000   -0.0088280
  10.8800000   -0.0076655
  10.9000000   -0.0062166
  10.9200000   -0.0045413
  10.9400000   -0.0027101
  10.9600000   -0.0007987
  10.9800000    0.0011162
  11.0000000    0.0029616
  11.0200000    0.0046716
  11.0400000    0.0061898
  11.0600000    0.0074716
  11.0800000    0.0084857
  11.1000000    0.0092143
  11.1200000    0.0096529
  11.1400000    0.0098102
  11.1600000    0.0097058
  11.1800000    0.0093683
  11.2000000    0.0088329
  11.2200000    0.0081383
  11.2400000    0.0073244
  11.2600000    0.0064299
  11.2800000    0.0054906
  11.3000000    0.0045390
  11.3200000    0.0036038
  11.3400000    0.0027106
  11.3600000    0.0018819
  11.3800000    0.0011378
  11.4000000    0.0004954
  11.4200000   -0.0000316
  11.4400000   -0.0004349
  11.4600000   -0.0007123
  11.4800000   -0.0008696
  11.5000000   -0.0009208
  11.5200000   -0.0008880
  11.5400000   -0.0007991
  11.5600000   -0.0006854
  11.5800000   -0.0005774
  11.6000000   -0.0005012
  11.6200000   -0.0004748
  11.6400000   -0.0005055
  11.6600000   -0.0005891
  11.6800000   -0.0007105
  11.7000000   -0.0008463
  11.7200000   -0.0009679
  11.7400000   -0.0010462
  11.7600000   -0.0010557
  11.7800000   -0.0009780
  11.8000000   -0.0008044
  11.8200000   -0.0005373
  11.8400000   -0.0001896
  11.8600000    0.0002168
  11.8800000    0.0006531
  11.9000000    0.0010874
  11.9200000    0.0014878
  11.9400000    0.0018254
  11.9600000    0.0020772
  11.9800000    0.0022278
  12.0000000    0.0022707
  12.0200000    0.0022084
  12.0400000    0.0020516
  12.0600000    0.0018179
  12.0800000    0.0015302
  12.1000000    0.0012144
  12.1200000    0.0008977
  12.1400000    0.0006063
  12.1600000    0.0003647
  12.1800000    0.0001939
  12.2000000    0.0001110
  12.2200000    0.0001286
  12.2400000    0.0002548
  12.2600000    0.0004925
  12.2800000    0.0008395
  12.3000000    0.0012882
  12.3200000    0.0018254
  12.3400000    0.0024322
  12.3600000    0.0030849
  12.3800000    0.0037554
  12.4000000    0.0044128
  12.4200000    0.0050255
  12.4400000    0.0055639
  12.4600000    0.0060021
  12.4800000    0.0063210
  12.5000000    0.0065101
  12.5200000    0.0065683
  12.5400000    0.0065041
  12.5600000    0.0063348
  12.5800000    0.0060848
  12.6000000    0.0057825
  12.6200000    0.0054582
  12.6400000    0.0051406
  12.6600000    0.0048546
  12.6800000    0.0046193
  12.7000000    0.0044468
  12.7200000    0.0043416
  12.7400000    0.0043009
  12.7600000    0.0043151
  12.7800000    0.0043691
  12.8000000    0.0044432
  12.8200000    0.0045147
  12.8400000    0.0045592
  12.8600000    0.0045519
  12.8800000    0.0044694
  12.9000000    0.0042913
  12.9200000    0.0040013
  12.9400000    0.0035893
  12.9600000    0.0030523
  12.9800000    0.0023954
  13.0000000    0.0016319
  13.0200000    0.0007831
  13.0400000   -0.0001227
  13.0600000   -0.0010519
  13.0800000   -0.0019677
  13.1000000   -0.0028331
  13.1200000   -0.0036135
  13.1400000   -0.0042790
  13.1600000   -0.0048074
  13.1800000   -0.0051855
  13.2000000   -0.0054099
  13.2200000   -0.0054874
  13.2400000   -0.0054341
  13.2600000   -0.0052739
  13.2800000   -0.0050364
  13.3000000   -0.0047546
  13.3200000   -0.0044624
  13.3400000   -0.0041922
  13.3600000   -0.0039726
  13.3800000   -0.0038273
  13.4000000   -0.0037732
  13.4200000   -0.0038203
  13.4400000   -0.0039705
  13.4600000   -0.0042182
  13.4800000   -0.0045506
  13.5000000   -0.0049479
  13.5200000   -0.0053845
  13.5400000   -0.0058304
  13.5600000   -0.0062524
  13.5800000   -0.0066169
  13.6000000   -0.0068913
  13.6200000   -0.0070471
  13.6400000   -0.0070619
  13.6600000   -0.0069217
  13.6800000   -0.0066229
  13.7000000   -0.0061727
  13.7200000   -0.0055900
  13.7400000   -0.0049038
  13.7600000   -0.0041522
  13.7800000   -0.0033794
  13.8000000   -0.0026321
  13.8200000   -0.0019560
  13.8400000   -0.0013920
  13.8600000   -0.0009723
  13.8800000   -0.0007182
  13.9000000   -0.0006380
  13.9200000   -0.0007267
  13.9400000   -0.0009672
  13.9600000   -0.0013322
  13.9800000   -0.0017876
  14.0000000   -0.0022962
  14.0200000   -0.0028217
  14.0400000   -0.0033318
  14.0600000   -0.0038012
  14.0800000   -0.0042130
  14.1000000   -0.0045592
  14.1200000   -0.0048397
  14.1400000   -0.0050610
  14.1600000   -0.0052337
  14.1800000   -0.0053706
  14.2000000   -0.0054839
  14.2200000   -0.0055844
  14.2400000   -0.0056792
  14.2600000   -0.0057724
  14.2800000   -0.0058642
  14.3000000   -0.0059519
  14.3200000   -0.0060304
  14.3400000   -0.0060932
  14.3600000   -0.0061333
  14.3800000   -0.0061441
  14.4000000   -0.0061202
  14.4200000   -0.0060583
  14.4400000   -0.0059581
  14.4600000   -0.0058227
  14.4800000   -0.0056596
  14.5000000   -0.0054810
  14.5200000   -0.0053036
  14.5400000   -0.0051490
  14.5600000   -0.0050417
  14.5800000   -0.0050087
  14.6000000   -0.0050763
  14.6200000   -0.0052684
  14.6400000   -0.0056029
  14.6600000   -0.0060887
  14.6800000   -0.0067236
  14.7000000   -0.0074917
  14.7200000   -0.0083625
  14.7400000   -0.0092916
  14.7600000   -0.0102225
  14.7800000   -0.0110898
  14.8000000   -0.0118242
  14.8200000   -0.0123578
  14.8400000   -0.0126310
  14.8600000   -0.0125977
  14.8800000   -0.0122310
  14.9000000   -0.0115265
  14.9200000   -0.0105044
  14.9400000   -0.0092090
  14.9600000   -0.0077065
  14.9800000   -0.0060799
  15.0000000   -0.0044234
  15.0200000   -0.0028352
  15.0400000   -0.0014103
  15.0600000   -0.0002329
  15.0800000    0.0006290
  15.1000000    0.0011284
  15.1200000    0.0012420
  15.1400000    0.0009709
  15.1600000    0.0003384
  15.1800000   -0.0006129
  15.2000000   -0.0018265
  15.2200000   -0.0032382
  15.2400000   -0.0047825
  15.2600000   -0.0063988
  15.2800000   -0.0080366
  15.3000000   -0.0096589
  15.3200000   -0.0112437
  15.3400000   -0.0127827
  15.3600000   -0.0142786
  15.3800000   -0.0157396
  15.4000000   -0.0171738
  15.4200000   -0.0185832
  15.4400000   -0.0199580
  15.4600000   -0.0212739
  15.4800000   -0.0224899
  15.5000000   -0.0235510
  15.5200000   -0.0243916
  15.5400000   -0.0249418
  15.5600000   -0.0251353
  15.5800000   -0.0249166
  15.6000000   -0.0242478
  15.6200000   -0.0231141
  15.6400000   -0.0215260
  15.6600000   -0.0195196
  15.6800000   -0.0171538
  15.7000000   -0.0145059
  15.7200000   -0.0116654
  15.7400000   -0.0087272
  15.7600000   -0.0057849
  15.7800000   -0.0029253
  15.8000000   -0.0002238
  15.8200000    0.0022585
  15.8400000    0.0044753
  15.8600000    0.0063952
  15.8800000    0.0080003
  15.9000000    0.0092829
  15.9200000    0.0102441
  15.9400000    0.0108901
  15.9600000    0.0112312
  15.9800000    0.0112799
  16.0000000    0.0110506
  16.0200000    0.0105604
  16.0400000    0.0098293
  16.0600000    0.0088823
  16.0800000    0.0077501
  16.1000000    0.0064706
  16.1200000    0.0050889
  16.1400000    0.0036571
  16.1600000    0.0022321
  16.1800000    0.0008737
  16.2000000   -0.0003592
  16.2200000   -0.0014128
  16.2400000   -0.0022425
  16.2600000   -0.0028167
  16.2800000   -0.0031204
  16.3000000   -0.0031564
  16.3200000   -0.0029461
  16.3400000   -0.0025278
  16.3600000   -0.0019535
  16.3800000   -0.0012847
  16.4000000   -0.0005862
  16.4200000    0.0000790
  16.4400000    0.0006551
  16.4600000    0.0010978
  16.4800000    0.0013773
  16.5000000    0.0014786
  16.5200000    0.0014008
  16.5400000    0.0011546
  16.5600000    0.0007590
  16.5800000    0.0002364
  16.6000000   -0.0003902
  16.6200000   -0.0011009
  16.6400000   -0.0018809
  16.6600000   -0.0027203
  16.6800000   -0.0036142
  16.7000000   -0.0045602
  16.7200000   -0.0055563
  16.7400000   -0.0065982
  16.7600000   -0.0076771
  16.7800000   -0.0087786
  16.8000000   -0.0098824
  16.8200000   -0.0109633
  16.8400000   -0.0119930
  16.8600000   -0.0129426
  16.8800000   -0.0137859
  16.9000000   -0.0145015
  16.9200000   -0.0150753
  16.9400000   -0.0155013
  16.9600000   -0.0157817
  16.9800000   -0.0159259
  17.0000000   -0.0159488
  17.0200000   -0.0158683
  17.0400000   -0.0157030
  17.0600000   -0.0154698
  17.0800000   -0.0151820
  17.1000000   -0.0148485
  17.1200000   -0.0144731
  17.1400000   -0.0140552
  17.1600000   -0.0135906
  17.1800000   -0.0130727
  17.2000000   -0.0124944
  17.2200000   -0.0118491
  17.2400000   -0.0111327
  17.2600000   -0.0103441
  17.2800000   -0.0094864
  17.3000000   -0.0085669
  17.3200000   -0.0075970
  17.3400000   -0.0065916
  17.3600000   -0.0055682
  17.3800000   -0.0045454
  17.4000000   -0.0035413
  17.4200000   -0.0025722
  17.4400000   -0.0016505
  17.4600000   -0.0007831
  17.4800000    0.0000289
  17.5000000    0.0007921
  17.5200000    0.0015198
  17.5400000    0.0022325
  17.5600000    0.0029563
  17.5800000    0.0037219
  17.6000000    0.0045627
  17.6200000    0.0055128
  17.6400000    0.0066048
  17.6600000    0.0078681
  17.6800000    0.0093265
  17.7000000    0.0109968
  17.7200000    0.0128867
  17.7400000    0.0149937
  17.7600000    0.0173038
  17.7800000    0.0197904
  17.8000000    0.0224141
  17.8200000    0.0251229
  17.8400000    0.0278526
  17.8600000    0.0305290
  17.8800000    0.0330702
  17.9000000    0.0353899
  17.9200000    0.0374014
  17.9400000    0.0390218
  17.9600000    0.0401763
  17.9800000    0.0408019
  18.0000000    0.0408513
  18.0200000    0.0402949
  18.0400000    0.0391227
  18.0600000    0.0373453
  18.0800000    0.0349936
  18.1000000    0.0321182
  18.1200000    0.0287876
  18.1400000    0.0250863
  18.1600000    0.0211120
  18.1800000    0.0169721
  18.2000000    0.0127793
  18.2200000    0.0086479
  18.2400000    0.0046881
  18.2600000    0.0010014
  18.2800000   -0.0023239
  18.3000000   -0.0052172
  18.3200000   -0.0076284
  18.3400000   -0.0095298
  18.3600000   -0.0109170
  18.3800000   -0.0118081
  18.4000000   -0.0122414
  18.4200000   -0.0122726
  18.4400000   -0.0119710
  18.4600000   -0.0114149
  18.4800000   -0.0106869
  18.5000000   -0.0098700
  18.5200000   -0.0090422
  18.5400000   -0.0082731
  18.5600000   -0.0076203
  18.5800000   -0.0071259
  18.6000000   -0.0068151
  18.6200000   -0.0066944
  18.6400000   -0.0067521
  18.6600000   -0.0069595
  18.6800000   -0.0072732
  18.7000000   -0.0076388
  18.7200000   -0.0079957
  18.7400000   -0.0082819
  18.7600000   -0.0084390
  18.7800000   -0.0084165
  18.8000000   -0.0081757
  18.8200000   -0.0076919
  18.8400000   -0.0069552
  18.8600000   -0.0059700
  18.8800000   -0.0047535
  18.9000000   -0.0033328
  18.9200000   -0.0017431
  18.9400000   -0.0000240
  18.9600000    0.0017824
  18.9800000    0.0036327
  19.0000000    0.0054837
  19.0200000    0.0072923
  19.0400000    0.0090157
  19.0600000    0.0106108
  19.0800000    0.0120350
  19.1000000    0.0132460
  19.1200000    0.0142035
  19.1400000    0.0148711
  19.1600000    0.0152183
  19.1800000    0.0152237
  19.2000000    0.0148770
  19.2200000    0.0141819
  19.2400000    0.0131574
  19.2600000    0.0118385
  19.2800000    0.0102764
  19.3000000    0.0085366
  19.3200000    0.0066965
  19.3400000    0.0048421
  19.3600000    0.0030633
  19.3800000    0.0014489
  19.4000000    0.0000817
  19.4200000   -0.0009668
  19.4400000   -0.0016409
  19.4600000   -0.0019040
  19.4800000   -0.0017405
  19.5000000   -0.0011571
  19.5200000   -0.0001811
  19.5400000    0.0011417
  19.5600000    0.0027503
  19.5800000    0.0045730
  19.6000000    0.0065316
  19.6200000    0.0085457
  19.6400000    0.0105366
  19.6600000    0.0124298
  19.6800000    0.0141580
  19.7000000    0.0156622
  19.7200000    0.0168925
  19.7400000    0.0178097
  19.7600000    0.0183844
  19.7800000    0.0185983
  19.8000000    0.0184436
  19.8200000    0.0179229
  19.8400000    0.0170487
  19.8600000    0.0158424
  19.8800000    0.0143329
  19.9000000    0.0125552
  19.9200000    0.0105479
  19.9400000    0.0083523
  19.9600000    0.0060098
  19.9800000    0.0035609
  20.0000000    0.0010444
  20.0200000   -0.0015034
  20.0400000   -0.0040486
  20.0600000   -0.0065596
  20.0800000   -0.0090074
  20.1000000   -0.0113653
  20.1200000   -0.0136093
  20.1400000   -0.0157189
  20.1600000   -0.0176774
  20.1800000   -0.0194729
  20.2000000   -0.0210984
  20.2200000   -0.0225521
  20.2400000   -0.0238360
  20.2600000   -0.0249550
  20.2800000   -0.0259152
  20.3000000   -0.0267213
  20.3200000   -0.0273752
  20.3400000   -0.0278742
  20.3600000   -0.0282104
  20.3800000   -0.0283708
  20.4000000   -0.0283390
  20.4200000   -0.0280972
  20.4400000   -0.0276296
  20.4600000   -0.0269251
  20.4800000   -0.0259814
  20.5000000   -0.0248068
  20.5200000   -0.0234222
  20.5400000   -0.0218610
  20.5600000   -0.0201686
  20.5800000   -0.0183993
  20.6000000   -0.0166130
  20.6200000   -0.0148712
  20.6400000   -0.0132328
  20.6600000   -0.0117497
  20.6800000   -0.0104641
  20.7000000   -0.0094060
  20.7200000   -0.0085922
  20.7400000   -0.0080272
  20.7600000   -0.0077039
  20.7800000   -0.0076062
  20.8000000   -0.0077116
  20.8200000   -0.0079937
  20.8400000   -0.0084248
  20.8600000   -0.0089780
  20.8800000   -0.0096283
  20.9000000   -0.0103534
  20.9200000   -0.0111339
  20.9400000   -0.0119530
  20.9600000   -0.0127959
  20.9800000   -0.0136489
  21.0000000   -0.0144994
  21.0200000   -0.0153349
  21.0400000   -0.0161427
  21.0600000   -0.0169102
  21.0800000   -0.0176243
  21.1000000   -0.0182718
  21.1200000   -0.0188392
  21.1400000   -0.0193130
  21.1600000   -0.0196799
  21.1800000   -0.0199272
  21.2000000   -0.0200431
  21.2200000   -0.0200177
  21.2400000   -0.0198438
  21.2600000   -0.0195177
  21.2800000   -0.0190400
  21.3000000   -0.0184166
  21.3200000   -0.0176589
  21.3400000   -0.0167840
  21.3600000   -0.0158143
  21.3800000   -0.0147767
  21.4000000   -0.0137019
  21.4200000   -0.0126227
  21.4400000   -0.0115727
  21.4600000   -0.0105848
  21.4800000   -0.0096897
  21.5000000   -0.0089148
  21.5200000   -0.0082833
  21.5400000   -0.0078128
  21.5600000   -0.0075158
  21.5800000   -0.0073988
  21.6000000   -0.0074626
  21.6200000   -0.0077027
  21.6400000   -0.0081091
  21.6600000   -0.0086671
  21.6800000   -0.0093567
  21.7000000   -0.0101531
  21.7200000   -0.0110260
  21.7400000   -0.0119393
  21.7600000   -0.0128514
  21.7800000   -0.0137151
  21.8000000   -0.0144791
  21.8200000   -0.0150901
  21.8400000   -0.0154957
  21.8600000   -0.0156494
  21.8800000   -0.0155148
  21.9000000   -0.0150713
  21.9200000   -0.0143192
  21.9400000   -0.0132828
  21.9600000   -0.0120128
  21.9800000   -0.0105858
  22.0000000   -0.0091013
  22.0200000   -0.0076758
  22.0400000   -0.0064352
  22.0600000   -0.0055052
  22.0800000   -0.0050005
  22.1000000   -0.0050152
  22.1200000   -0.0056133
  22.1400000   -0.0068225
  22.1600000   -0.0086295
  22.1800000   -0.0109794
  22.2000000   -0.0137780
  22.2200000   -0.0168978
  22.2400000   -0.0201856
  22.2600000   -0.0234730
  22.2800000   -0.0265876
  22.3000000   -0.0293644
  22.3200000   -0.0316566
  22.3400000   -0.0333450
  22.3600000   -0.0343448
  22.3800000   -0.0346102
  22.4000000   -0.0341363
  22.4200000   -0.0329571
  22.4400000   -0.0311415
  22.4600000   -0.0287871
  22.4800000   -0.0260111
  22.5000000   -0.0229418
  22.5200000   -0.0197084
  22.5400000   -0.0164322
  22.5600000   -0.0132187
  22.5800000   -0.0101521
  22.6000000   -0.0072921
  22.6200000   -0.0046726
  22.6400000   -0.0023035
  22.6600000   -0.0001746
  22.6800000    0.0017392
  22.7000000    0.0034719
  22.7200000    0.0050602
  22.7400000    0.0065377
  22.7600000    0.0079312
  22.7800000    0.0092577
  22.8000000    0.0105240
  22.8200000    0.0117283
  22.8400000    0.0128624
  22.8600000    0.0139158
  22.8800000    0.0148793
  22.9000000    0.0157486
  22.9200000    0.0165269
  22.9400000    0.0172253
  22.9600000    0.0178630
  22.9800000    0.0184645
  23.0000000    0.0190568
  23.0200000    0.0196655
  23.0400000    0.0203108
  23.0600000    0.0210040
  23.0800000    0.0217454
  23.1000000    0.0225231
  23.1200000    0.0233130
  23.1400000    0.0240809
  23.1600000    0.0247854
  23.1800000    0.0253816
  23.2000000    0.0258257
  23.2200000    0.0260789
  23.2400000    0.0261119
  23.2600000    0.0259073
  23.2800000    0.0254621
  23.3000000    0.0247880
  23.3200000    0.0239103
  23.3400000    0.0228657
  23.3600000    0.0216995
  23.3800000    0.0204615
  23.4000000    0.0192019
  23.4200000    0.0179683
  23.4400000    0.0168030
  23.4600000    0.0157410
  23.4800000    0.0148104
  23.5000000    0.0140320
  23.5200000    0.0134210
  23.5400000    0.0129880
  23.5600000    0.0127399
  23.5800000    0.0126807
  23.6000000    0.0128103
  23.6200000    0.0131238
  23.6400000    0.0136099
  23.6600000    0.0142490
  23.6800000    0.0150122
  23.7000000    0.0158611
  23.7200000    0.0167489
  23.7400000    0.0176230
  23.7600000    0.0184289
  23.7800000    0.0191149
  23.8000000    0.0196370
  23.8200000    0.0199635
  23.8400000    0.0200784
  23.8600000    0.0199838
  23.8800000    0.0196993
  23.9000000    0.0192604
  23.9200000    0.0187147
  23.9400000    0.0181171
  23.9600000    0.0175236
  23.9800000    0.0169859
  24.0000000    0.0165460
  24.0200000    0.0162320
  24.0400000    0.0160558
  24.0600000    0.0160122
  24.0800000    0.0160798
  24.1000000    0.0162238
  24.1200000    0.0163994
  24.1400000    0.0165566
  24.1600000    0.0166444
  24.1800000    0.0166152
  24.2000000    0.0164285
  24.2200000    0.0160533
  24.2400000    0.0154692
  24.2600000    0.0146671
  24.2800000    0.0136488
  24.3000000    0.0124258
  24.3200000    0.0110178
  24.3400000    0.0094520
  24.3600000    0.0077616
  24.3800000    0.0059853
  24.4000000    0.0041661
  24.4200000    0.0023513
  24.4400000    0.0005906
  24.4600000   -0.0010642
  24.4800000   -0.0025621
  24.5000000   -0.0038547
  24.5200000   -0.0048991
  24.5400000   -0.0056607
  24.5600000   -0.0061157
  24.5800000   -0.0062532
  24.6000000   -0.0060757
  24.6200000   -0.0055987
  24.6400000   -0.0048496
  24.6600000   -0.0038645
  24.6800000   -0.0026852
  24.7000000   -0.0013557
  24.7200000    0.0000815
  24.7400000    0.0015881
  24.7600000    0.0031309
  24.7800000    0.0046829
  24.8000000    0.0062221
  24.8200000    0.0077297
  24.8400000    0.0091881
  24.8600000    0.0105790
  24.8800000    0.0118813
  24.9000000    0.0130711
  24.9200000    0.0141224
  24.9400000    0.0150097
  24.9600000    0.0157108
  24.9800000    0.0162110
  25.0000000    0.0165077
  25.0200000    0.0166128
  25.0400000    0.0165557
  25.0600000    0.0163825
  25.0800000    0.0161542
  25.1000000    0.0159421
  25.1200000    0.0158215
  25.1400000    0.0158641
  25.1600000    0.0161300
  25.1800000    0.0166602
  25.2000000    0.0174710
  25.2200000    0.0185500
  25.2400000    0.0198558
  25.2600000    0.0213198
  25.2800000    0.0228516
  25.3000000    0.0243464
  25.3200000    0.0256941
  25.3400000    0.0267895
  25.3600000    0.0275417
  25.3800000    0.0278828
  25.4000000    0.0277743
  25.4200000    0.0272111
  25.4400000    0.0262221
  25.4600000    0.0248680
  25.4800000    0.0232368
  25.5000000    0.0214362
  25.5200000    0.0195855
  25.5400000    0.0178065
  25.5600000    0.0162145
  25.5800000    0.0149106
  25.6000000    0.0139747
  25.6200000    0.0134610
  25.6400000    0.0133941
  25.6600000    0.0137682
  25.6800000    0.0145468
  25.7000000    0.0156646
  25.7200000    0.0170309
  25.7400000    0.0185341
  25.7600000    0.0200485
  25.7800000    0.0214411
  25.8000000    0.0225808
  25.8200000    0.0233469
  25.8400000    0.0236385
  25.8600000    0.0233821
  25.8800000    0.0225382
  25.9000000    0.0211047
  25.9200000    0.0191179
  25.9400000    0.0166495
  25.9600000    0.0138010
  25.9800000    0.0106948
  26.0000000    0.0074642
  26.0200000    0.0042420
  26.0400000    0.0011506
  26.0600000   -0.0017072
  26.0800000   -0.0042545
  26.1000000   -0.0064431
  26.1200000   -0.0082535
  26.1400000   -0.0096924
  26.1600000   -0.0107871
  26.1800000   -0.0115792
  26.2000000   -0.0121175
  26.2200000   -0.0124517
  26.2400000   -0.0126266
  26.2600000   -0.0126789
  26.2800000   -0.0126348
  26.3000000   -0.0125100
  26.3200000   -0.0123106
  26.3400000   -0.0120358
  26.3600000   -0.0116800
  26.3800000   -0.0112360
  26.4000000   -0.0106975
  26.4200000   -0.0100608
  26.4400000   -0.0093260
  26.4600000   -0.0084977
  26.4800000   -0.0075844
  26.5000000   -0.0065979
  26.5200000   -0.0055525
  26.5400000   -0.0044635
  26.5600000   -0.0033462
  26.5800000   -0.0022150
  26.6000000   -0.0010826
  26.6200000    0.0000399
  26.6400000    0.0011438
  26.6600000    0.0022217
  26.6800000    0.0032675
  26.7000000    0.0042756
  26.7200000    0.0052405
  26.7400000    0.0061563
  26.7600000    0.0070167
  26.7800000    0.0078148
  26.8000000    0.0085440
  26.8200000    0.0091983
  26.8400000    0.0097732
  26.8600000    0.0102664
  26.8800000    0.0106785
  26.9000000    0.0110129
  26.9200000    0.0112760
  26.9400000    0.0114760
  26.9600000    0.0116223
  26.9800000    0.0117241
  27.0000000    0.0117890
  27.0200000    0.0118219
  27.0400000    0.0118239
  27.0600000    0.0117926
  27.0800000    0.0117216
  27.1000000    0.0116016
  27.1200000    0.0114216
  27.1400000    0.0111705
  27.1600000    0.0108381
  27.1800000    0.0104171
  27.2000000    0.0099034
  27.2200000    0.0092973
  27.2400000    0.0086031
  27.2600000    0.0078288
  27.2800000    0.0069850
  27.3000000    0.0060844
  27.3200000    0.0051406
  27.3400000    0.0041670
  27.3600000    0.0031764
  27.3800000    0.0021807
  27.4000000    0.0011902
  27.4200000    0.0002144
  27.4400000   -0.0007387
  27.4600000   -0.0016626
  27.4800000   -0.0025521
  27.5000000   -0.0034040
  27.5200000   -0.0042172
  27.5400000   -0.0049928
  27.5600000   -0.0057341
  27.5800000   -0.0064461
  27.6000000   -0.0071348
  27.6200000   -0.0078064
  27.6400000   -0.0084658
  27.6600000   -0.0091160
  27.6800000   -0.0097573
  27.7000000   -0.0103871
  27.7200000   -0.0109998
  27.7400000   -0.0115875
  27.7600000   -0.0121407
  27.7800000   -0.0126495
  27.8000000   -0.0131043
  27.8200000   -0.0134970
  27.8400000   -0.0138210
  27.8600000   -0.0140725
  27.8800000   -0.0142499
  27.9000000   -0.0143548
  27.9200000   -0.0143911
  27.9400000   -0.0143658
  27.9600000   -0.0142883
  27.9800000   -0.0141697
  28.0000000   -0.0140228
  28.0200000   -0.0138607
  28.0400000   -0.0136957
  28.0600000   -0.0135387
  28.0800000   -0.0133974
  28.1000000   -0.0132761
  28.1200000   -0.0131750
  28.1400000   -0.0130900
  28.1600000   -0.0130136
  28.1800000   -0.0129356
  28.2000000   -0.0128443
  28.2200000   -0.0127282
  28.2400000   -0.0125774
  28.2600000   -0.0123845
  28.2800000   -0.0121461
  28.3000000   -0.0118630
  28.3200000   -0.0115403
  28.3400000   -0.0111871
  28.3600000   -0.0108159
  28.3800000   -0.0104418
  28.4000000   -0.0100814
  28.4200000   -0.0097520
  28.4400000   -0.0094707
  28.4600000   -0.0092539
  28.4800000   -0.0091168
  28.5000000   -0.0090729
  28.5200000   -0.0091335
  28.5400000   -0.0093069
  28.5600000   -0.0095987
  28.5800000   -0.0100102
  28.6000000   -0.0105385
  28.6200000   -0.0111757
  28.6400000   -0.0119087
  28.6600000   -0.0127197
  28.6800000   -0.0135866
  28.7000000   -0.0144839
  28.7200000   -0.0153845
  28.7400000   -0.0162614
  28.7600000   -0.0170894
  28.7800000   -0.0178467
  28.8000000   -0.0185166
  28.8200000   -0.0190882
  28.8400000   -0.0195564
  28.8600000   -0.0199224
  28.8800000   -0.0201920
  28.9000000   -0.0203751
  28.9200000   -0.0204841
  28.9400000   -0.0205325
  28.9600000   -0.0205341
  28.9800000   -0.0205023
  29.0000000   -0.0204493
  29.0200000   -0.0203863
  29.0400000   -0.0203238
  29.0600000   -0.0202712
  29.0800000   -0.0202371
  29.1000000   -0.0202290
  29.1200000   -0.0202527
  29.1400000   -0.0203112
  29.1600000   -0.0204044
  29.1800000   -0.0205272
  29.2000000   -0.0206700
  29.2200000   -0.0208177
  29.2400000   -0.0209506
  29.2600000   -0.0210456
  29.2800000   -0.0210781
  29.3000000   -0.0210239
  29.3200000   -0.0208617
  29.3400000   -0.0205752
  29.3600000   -0.0201549
  29.3800000   -0.0195987
  29.4000000   -0.0189116
  29.4200000   -0.0181055
  29.4400000   -0.0171962
  29.4600000   -0.0162017
  29.4800000   -0.0151391
  29.5000000   -0.0140222
  29.5200000   -0.0128593
  29.5400000   -0.0116522
  29.5600000   -0.0103959
  29.5800000   -0.0090796
  29.6000000   -0.0076889
  29.6200000   -0.0062083
  29.6400000   -0.0046244
  29.6600000   -0.0029294
  29.6800000   -0.0011235
  29.7000000    0.0007832
  29.7200000    0.0027700
  29.7400000    0.0048057
  29.7600000    0.0068509
  29.7800000    0.0088603
  29.8000000    0.0107864
  29.8200000    0.0125831
  29.8400000    0.0142091
  29.8600000    0.0156306
  29.8800000    0.0168233
  29.9000000    0.0177727
  29.9200000    0.0184737
  29.9400000    0.0189288
  29.9600000    0.0191463
  29.9800000    0.0191378
  30.0000000    0.0189160
