 -10.0000000    0.0010480
  -9.9800000    0.0001501
  -9.9600000   -0.0006863
  -9.9400000   -0.0014130
  -9.9200000   -0.0019849
  -9.9000000   -0.0023639
  -9.8800000   -0.0025225
  -9.8600000   -0.0024461
  -9.8400000   -0.0021351
  -9.8200000   -0.0016047
  -9.8000000   -0.0008843
  -9.7800000   -0.0000147
  -9.7600000    0.0009545
  -9.7400000    0.0019694
  -9.7200000    0.0029759
  -9.7000000    0.0039238
  -9.6800000    0.0047701
  -9.6600000    0.0054824
  -9.6400000    0.0060404
  -9.6200000    0.0064370
  -9.6000000    0.0066784
  -9.5800000    0.0067826
  -9.5600000    0.0067782
  -9.5400000    0.0067017
  -9.5200000    0.0065941
  -9.5000000    0.0064980
  -9.4800000    0.0064539
  -9.4600000    0.0064962
  -9.4400000    0.0066508
  -9.4200000    0.0069316
  -9.4000000    0.0073393
  -9.3800000    0.0078607
  -9.3600000    0.0084690
  -9.3400000    0.0091262
  -9.3200000    0.0097860
  -9.3000000    0.0103983
  -9.2800000    0.0109139
  -9.2600000    0.0112894
  -9.2400000    0.0114916
  -9.2200000    0.0115011
  -9.2000000    0.0113139
  -9.1800000    0.0109419
  -9.1600000    0.0104111
  -9.1400000    0.0097586
  -9.1200000    0.0090283
  -9.1000000    0.0082664
  -9.0800000    0.0075163
  -9.0600000    0.0068152
  -9.0400000    0.0061906
  -9.0200000    0.0056594
  -9.0000000    0.0052275
  -8.9800000    0.0048912
  -8.9600000    0.0046392
  -8.9400000    0.0044555
  -8.9200000    0.0043221
  -8.9000000    0.0042213
  -8.8800000    0.0041377
  -8.8600000    0.0040594
  -8.8400000    0.0039777
  -8.8200000    0.0038871
  -8.8000000    0.0037844
  -8.7800000    0.0036668
  -8.7600000    0.0035314
  -8.7400000    0.0033738
  -8.7200000    0.0031875
  -8.7000000    0.0029641
  -8.6800000    0.0026933
  -8.6600000    0.0023643
  -8.6400000    0.0019664
  -8.6200000    0.0014907
  -8.6000000    0.0009309
  -8.5800000    0.0002839
  -8.5600000   -0.0004490
  -8.5400000   -0.0012628
  -8.5200000   -0.0021484
  -8.5000000   -0.0030934
  -8.4800000   -0.0040820
  -8.4600000   -0.0050959
  -8.4400000   -0.0061137
  -8.4200000   -0.0071118
  -8.4000000   -0.0080635
  -8.3800000   -0.0089398
  -8.3600000   -0.0097094
  -8.3400000   -0.0103396
  -8.3200000   -0.0107977
  -8.3000000   -0.0110528
  -8.2800000   -0.0110780
  -8.2600000   -0.0108527
  -8.2400000   -0.0103645
  -8.2200000   -0.0096116
  -8.2000000   -0.0086032
  -8.1800000   -0.0073604
  -8.1600000   -0.0059156
  -8.1400000   -0.0043115
  -8.1200000   -0.0025990
  -8.1000000   -0.0008351
  -8.0800000    0.0009196
  -8.0600000    0.0026039
  -8.0400000    0.0041585
  -8.0200000    0.0055286
  -8.0000000    0.0066667
  -7.9800000    0.0075347
  -7.9600000    0.0081058
  -7.9400000    0.0083658
  -7.9200000    0.0083142
  -7.9000000    0.0079642
  -7.8800000    0.0073422
  -7.8600000    0.0064866
  -7.8400000    0.0054457
  -7.8200000    0.0042754
  -7.8000000    0.0030360
  -7.7800000    0.0017893
  -7.7600000    0.0005954
  -7.7400000   -0.0004903
  -7.7200000   -0.0014195
  -7.7000000   -0.0021531
  -7.6800000   -0.0026623
  -7.6600000   -0.0029294
  -7.6400000   -0.0029478
  -7.6200000   -0.0027211
  -7.6000000   -0.0022624
  -7.5800000   -0.0015919
  -7.5600000   -0.0007360
  -7.5400000    0.0002756
  -7.5200000    0.0014111
  -7.5000000    0.0026384
  -7.4800000    0.0039266
  -7.4600000    0.0052470
  -7.4400000    0.0065733
  -7.4200000    0.0078820
  -7.4000000    0.0091520
  -7.3800000    0.0103643
  -7.3600000    0.0115012
  -7.3400000    0.0125456
  -7.3200000    0.0134805
  -7.3000000    0.0142886
  -7.2800000    0.0149522
  -7.2600000    0.0154542
  -7.2400000    0.0157782
  -7.2200000    0.0159105
  -7.2000000    0.0158416
  -7.1800000    0.0155671
  -7.1600000    0.0150900
  -7.1400000    0.0144205
  -7.1200000    0.0135772
  -7.1000000    0.0125857
  -7.0800000    0.0114779
  -7.0600000    0.0102900
  -7.0400000    0.0090598
  -7.0200000    0.0078252
  -7.0000000    0.0066211
  -6.9800000    0.0054779
  -6.9600000    0.0044204
  -6.9400000    0.0034665
  -6.9200000    0.0026277
  -6.9000000    0.0019093
  -6.8800000    0.0013113
  -6.8600000    0.0008295
  -6.8400000    0.0004567
  -6.8200000    0.0001836
  -6.8000000    0.0000001
  -6.7800000   -0.0001045
  -6.7600000   -0.0001411
  -6.7400000   -0.0001207
  -6.7200000   -0.0000548
  -6.7000000    0.0000447
  -6.6800000    0.0001650
  -6.6600000    0.0002925
  -6.6400000    0.0004136
  -6.6200000    0.0005143
  -6.6000000    0.0005822
  -6.5800000    0.0006065
  -6.5600000    0.0005800
  -6.5400000    0.0004990
  -6.5200000    0.0003645
  -6.5000000    0.0001823
  -6.4800000   -0.0000375
  -6.4600000   -0.0002811
  -6.4400000   -0.0005316
  -6.4200000   -0.0007705
  -6.4000000   -0.0009792
  -6.3800000   -0.0011396
  -6.3600000   -0.0012358
  -6.3400000   -0.0012550
  -6.3200000   -0.0011883
  -6.3000000   -0.0010318
  -6.2800000   -0.0007866
  -6.2600000   -0.0004596
  -6.2400000   -0.0000632
  -6.2200000    0.0003851
  -6.2000000    0.0008637
  -6.1800000    0.0013478
  -6.1600000    0.0018118
  -6.1400000    0.0022309
  -6.1200000    0.0025833
  -6.1000000    0.0028523
  -6.0800000    0.0030276
  -6.0600000    0.0031062
  -6.0400000    0.0030929
  -6.0200000    0.0029987
  -6.0000000    0.0028397
  -5.9800000    0.0026352
  -5.9600000    0.0024047
  -5.9400000    0.0021657
  -5.9200000    0.0019316
  -5.9000000    0.0017100
  -5.8800000    0.0015015
  -5.8600000    0.0013001
  -5.8400000    0.0010933
  -5.8200000    0.0008638
  -5.8000000    0.0005908
  -5.7800000    0.0002525
  -5.7600000   -0.0001717
  -5.7400000   -0.0006989
  -5.7200000   -0.0013411
  -5.7000000   -0.0021031
  -5.6800000   -0.0029816
  -5.6600000   -0.0039651
  -5.6400000   -0.0050336
  -5.6200000   -0.0061597
  -5.6000000   -0.0073107
  -5.5800000   -0.0084500
  -5.5600000   -0.0095399
  -5.5400000   -0.0105442
  -5.5200000   -0.0114308
  -5.5000000   -0.0121733
  -5.4800000   -0.0127528
  -5.4600000   -0.0131584
  -5.4400000   -0.0133874
  -5.4200000   -0.0134442
  -5.4000000   -0.0133388
  -5.3800000   -0.0130857
  -5.3600000   -0.0127015
  -5.3400000   -0.0122035
  -5.3200000   -0.0116085
  -5.3000000   -0.0109319
  -5.2800000   -0.0101872
  -5.2600000   -0.0093866
  -5.2400000   -0.0085409
  -5.2200000   -0.0076605
  -5.2000000   -0.0067555
  -5.1800000   -0.0058366
  -5.1600000   -0.0049145
  -5.1400000   -0.0039997
  -5.1200000   -0.0031025
  -5.1000000   -0.0022315
  -5.0800000   -0.0013938
  -5.0600000   -0.0005943
  -5.0400000    0.0001639
  -5.0200000    0.0008790
  -5.0000000    0.0015494
  -4.9800000    0.0021718
  -4.9600000    0.0027402
  -4.9400000    0.0032445
  -4.9200000    0.0036698
  -4.9000000    0.0039966
  -4.8800000    0.0042022
  -4.8600000    0.0042633
  -4.8400000    0.0041590
  -4.8200000    0.0038741
  -4.8000000    0.0034037
  -4.7800000    0.0027552
  -4.7600000    0.0019504
  -4.7400000    0.0010259
  -4.7200000    0.0000310
  -4.7000000   -0.0009754
  -4.6800000   -0.0019298
  -4.6600000   -0.0027699
  -4.6400000   -0.0034408
  -4.6200000   -0.0039001
  -4.6000000   -0.0041223
  -4.5800000   -0.0041016
  -4.5600000   -0.0038516
  -4.5400000   -0.0034042
  -4.5200000   -0.0028057
  -4.5000000   -0.0021117
  -4.4800000   -0.0013811
  -4.4600000   -0.0006699
  -4.4400000   -0.0000261
  -4.4200000    0.0005150
  -4.4000000    0.0009328
  -4.3800000    0.0012221
  -4.3600000    0.0013907
  -4.3400000    0.0014566
  -4.3200000    0.0014421
  -4.3000000    0.0013684
  -4.2800000    0.0012502
  -4.2600000    0.0010907
  -4.2400000    0.0008787
  -4.2200000    0.0005882
  -4.2000000    0.0001796
  -4.1800000   -0.0003954
  -4.1600000   -0.0011884
  -4.1400000   -0.0022459
  -4.1200000   -0.0036019
  -4.1000000   -0.0052701
  -4.0800000   -0.0072384
  -4.0600000   -0.0094655
  -4.0400000   -0.0118810
  -4.0200000   -0.0143884
  -4.0000000   -0.0168722
  -3.9800000   -0.0192069
  -3.9600000   -0.0212689
  -3.9400000   -0.0229481
  -3.9200000   -0.0241592
  -3.9000000   -0.0248507
  -3.8800000   -0.0250111
  -3.8600000   -0.0246702
  -3.8400000   -0.0238966
  -3.8200000   -0.0227910
  -3.8000000   -0.0214756
  -3.7800000   -0.0200819
  -3.7600000   -0.0187371
  -3.7400000   -0.0175520
  -3.7200000   -0.0166104
  -3.7000000   -0.0159628
  -3.6800000   -0.0156239
  -3.6600000   -0.0155742
  -3.6400000   -0.0157659
  -3.6200000   -0.0161315
  -3.6000000   -0.0165948
  -3.5800000   -0.0170811
  -3.5600000   -0.0175278
  -3.5400000   -0.0178910
  -3.5200000   -0.0181504
  -3.5000000   -0.0183097
  -3.4800000   -0.0183944
  -3.4600000   -0.0184459
  -3.4400000   -0.0185148
  -3.4200000   -0.0186529
  -3.4000000   -0.0189057
  -3.3800000   -0.0193064
  -3.3600000   -0.0198725
  -3.3400000   -0.0206035
  -3.3200000   -0.0214827
  -3.3000000   -0.0224793
  -3.2800000   -0.0235526
  -3.2600000   -0.0246563
  -3.2400000   -0.0257437
  -3.2200000   -0.0267707
  -3.2000000   -0.0276993
  -3.1800000   -0.0284997
  -3.1600000   -0.0291511
  -3.1400000   -0.0296431
  -3.1200000   -0.0299752
  -3.1000000   -0.0301575
  -3.0800000   -0.0302100
  -3.0600000   -0.0301621
  -3.0400000   -0.0300519
  -3.0200000   -0.0299243
  -3.0000000   -0.0298284
  -2.9800000   -0.0298149
  -2.9600000   -0.0299323
  -2.9400000   -0.0302242
  -2.9200000   -0.0307258
  -2.9000000   -0.0314623
  -2.8800000   -0.0324477
  -2.8600000   -0.0336849
  -2.8400000   -0.0351670
  -2.8200000   -0.0368778
  -2.8000000   -0.0387936
  -2.7800000   -0.0408836
  -2.7600000   -0.0431098
  -2.7400000   -0.0454254
  -2.7200000   -0.0477739
  -2.7000000   -0.0500874
  -2.6800000   -0.0522857
  -2.6600000   -0.0542779
  -2.6400000   -0.0559654
  -2.6200000   -0.0572474
  -2.6000000   -0.0580286
  -2.5800000   -0.0582284
  -2.5600000   -0.0577899
  -2.5400000   -0.0566880
  -2.5200000   -0.0549350
  -2.5000000   -0.0525831
  -2.4800000   -0.0497221
  -2.4600000   -0.0464739
  -2.4400000   -0.0429826
  -2.4200000   -0.0394027
  -2.4000000   -0.0358855
  -2.3800000   -0.0325666
  -2.3600000   -0.0295550
  -2.3400000   -0.0269250
  -2.3200000   -0.0247124
  -2.3000000   -0.0229147
  -2.2800000   -0.0214956
  -2.2600000   -0.0203918
  -2.2400000   -0.0195229
  -2.2200000   -0.0188017
  -2.2000000   -0.0181446
  -2.1800000   -0.0174801
  -2.1600000   -0.0167552
  -2.1400000   -0.0159394
  -2.1200000   -0.0150255
  -2.1000000   -0.0140275
  -2.0800000   -0.0129771
  -2.0600000   -0.0119184
  -2.0400000   -0.0109016
  -2.0200000   -0.0099773
  -2.0000000   -0.0091915
  -1.9800000   -0.0085813
  -1.9600000   -0.0081723
  -1.9400000   -0.0079779
  -1.9200000   -0.0079989
  -1.9000000   -0.0082254
  -1.8800000   -0.0086385
  -1.8600000   -0.0092133
  -1.8400000   -0.0099211
  -1.8200000   -0.0107318
  -1.8000000   -0.0116160
  -1.7800000   -0.0125463
  -1.7600000   -0.0134977
  -1.7400000   -0.0144485
  -1.7200000   -0.0153799
  -1.7000000   -0.0162759
  -1.6800000   -0.0171229
  -1.6600000   -0.0179097
  -1.6400000   -0.0186269
  -1.6200000   -0.0192665
  -1.6000000   -0.0198221
  -1.5800000   -0.0202875
  -1.5600000   -0.0206570
  -1.5400000   -0.0209237
  -1.5200000   -0.0210795
  -1.5000000   -0.0211141
  -1.4800000   -0.0210149
  -1.4600000   -0.0207673
  -1.4400000   -0.0203557
  -1.4200000   -0.0197649
  -1.4000000   -0.0189820
  -1.3800000   -0.0179987
  -1.3600000   -0.0168138
  -1.3400000   -0.0154343
  -1.3200000   -0.0138769
  -1.3000000   -0.0121682
  -1.2800000   -0.0103437
  -1.2600000   -0.0084460
  -1.2400000   -0.0065218
  -1.2200000   -0.0046187
  -1.2000000   -0.0027815
  -1.1800000   -0.0010483
  -1.1600000    0.0005521
  -1.1400000    0.0020034
  -1.1200000    0.0033030
  -1.1000000    0.0044625
  -1.0800000    0.0055073
  -1.0600000    0.0064746
  -1.0400000    0.0074112
  -1.0200000    0.0083693
  -1.0000000    0.0094027
  -0.9800000    0.0105621
  -0.9600000    0.0118904
  -0.9400000    0.0134180
  -0.9200000    0.0151594
  -0.9000000    0.0171099
  -0.8800000    0.0192442
  -0.8600000    0.0215170
  -0.8400000    0.0238647
  -0.8200000    0.0262097
  -0.8000000    0.0284659
  -0.7800000    0.0305464
  -0.7600000    0.0323713
  -0.7400000    0.0338754
  -0.7200000    0.0350156
  -0.7000000    0.0357763
  -0.6800000    0.0361721
  -0.6600000    0.0362478
  -0.6400000    0.0360754
  -0.6200000    0.0357476
  -0.6000000    0.0353693
  -0.5800000    0.0350478
  -0.5600000    0.0348820
  -0.5400000    0.0349531
  -0.5200000    0.0353161
  -0.5000000    0.0359958
  -0.4800000    0.0369847
  -0.4600000    0.0382458
  -0.4400000    0.0397179
  -0.4200000    0.0413251
  -0.4000000    0.0429865
  -0.3800000    0.0446276
  -0.3600000    0.0461910
  -0.3400000    0.0476442
  -0.3200000    0.0489857
  -0.3000000    0.0502466
  -0.2800000    0.0514898
  -0.2600000    0.0528051
  -0.2400000    0.0543024
  -0.2200000    0.0561033
  -0.2000000    0.0583323
  -0.1800000    0.0611083
  -0.1600000    0.0645375
  -0.1400000    0.0687066
  -0.1200000    0.0736790
  -0.1000000    0.0794912
  -0.0800000    0.0861502
  -0.0600000    0.0936323
  -0.0400000    0.1018819
  -0.0200000    0.1108111
   0.0000000    0.1202998
   0.0200000    0.1301971
   0.0400000    0.1403244
   0.0600000    0.1504793
   0.0800000    0.1604425
   0.1000000    0.1699848
   0.1200000    0.1788768
   0.1400000    0.1868986
   0.1600000    0.1938493
   0.1800000    0.1995573
   0.2000000    0.2038875
   0.2200000    0.2067487
   0.2400000    0.2080982
   0.2600000    0.2079435
   0.2800000    0.2063426
   0.3000000    0.2034006
   0.3200000    0.1992640
   0.3400000    0.1941114
   0.3600000    0.1881435
   0.3800000    0.1815693
   0.4000000    0.1745942
   0.4200000    0.1674067
   0.4400000    0.1601683
   0.4600000    0.1530065
   0.4800000    0.1460110
   0.5000000    0.1392349
   0.5200000    0.1326993
   0.5400000    0.1263998
   0.5600000    0.1203164
   0.5800000    0.1144211
   0.6000000    0.1086855
   0.6200000    0.1030864
   0.6400000    0.0976074
   0.6600000    0.0922396
   0.6800000    0.0869796
   0.7000000    0.0818269
   0.7200000    0.0767818
   0.7400000    0.0718433
   0.7600000    0.0670095
   0.7800000    0.0622782
   0.8000000    0.0576497
   0.8200000    0.0531288
   0.8400000    0.0487280
   0.8600000    0.0444685
   0.8800000    0.0403814
   0.9000000    0.0365059
   0.9200000    0.0328872
   0.9400000    0.0295726
   0.9600000    0.0266076
   0.9800000    0.0240309
   1.0000000    0.0218707
   1.0200000    0.0201411
   1.0400000    0.0188404
   1.0600000    0.0179500
   1.0800000    0.0174353
   1.1000000    0.0172476
   1.1200000    0.0173275
   1.1400000    0.0176081
   1.1600000    0.0180199
   1.1800000    0.0184944
   1.2000000    0.0189680
   1.2200000    0.0193851
   1.2400000    0.0197003
   1.2600000    0.0198794
   1.2800000    0.0198997
   1.3000000    0.0197494
   1.3200000    0.0194261
   1.3400000    0.0189358
   1.3600000    0.0182904
   1.3800000    0.0175062
   1.4000000    0.0166027
   1.4200000    0.0156008
   1.4400000    0.0145222
   1.4600000    0.0133885
   1.4800000    0.0122207
   1.5000000    0.0110388
   1.5200000    0.0098616
   1.5400000    0.0087062
   1.5600000    0.0075874
   1.5800000    0.0065174
   1.6000000    0.0055048
   1.6200000    0.0045540
   1.6400000    0.0036646
   1.6600000    0.0028307
   1.6800000    0.0020402
   1.7000000    0.0012755
   1.7200000    0.0005132
   1.7400000   -0.0002746
   1.7600000   -0.0011190
   1.7800000   -0.0020523
   1.8000000   -0.0031056
   1.8200000   -0.0043062
   1.8400000   -0.0056747
   1.8600000   -0.0072223
   1.8800000   -0.0089482
   1.9000000   -0.0108380
   1.9200000   -0.0128624
   1.9400000   -0.0149776
   1.9600000   -0.0171264
   1.9800000   -0.0192416
   2.0000000   -0.0212498
   2.0200000   -0.0230776
   2.0400000   -0.0246574
   2.0600000   -0.0259346
   2.0800000   -0.0268739
   2.1000000   -0.0274643
   2.1200000   -0.0277226
   2.1400000   -0.0276941
   2.1600000   -0.0274509
   2.1800000   -0.0270872
   2.2000000   -0.0267124
   2.2200000   -0.0264424
   2.2400000   -0.0263901
   2.2600000   -0.0266557
   2.2800000   -0.0273187
   2.3000000   -0.0284309
   2.3200000   -0.0300129
   2.3400000   -0.0320517
   2.3600000   -0.0345021
   2.3800000   -0.0372899
   2.4000000   -0.0403164
   2.4200000   -0.0434644
   2.4400000   -0.0466053
   2.4600000   -0.0496061
   2.4800000   -0.0523363
   2.5000000   -0.0546751
   2.5200000   -0.0565176
   2.5400000   -0.0577810
   2.5600000   -0.0584089
   2.5800000   -0.0583753
   2.6000000   -0.0576858
   2.6200000   -0.0563777
   2.6400000   -0.0545168
   2.6600000   -0.0521930
   2.6800000   -0.0495133
   2.7000000   -0.0465939
   2.7200000   -0.0435511
   2.7400000   -0.0404938
   2.7600000   -0.0375154
   2.7800000   -0.0346896
   2.8000000   -0.0320665
   2.8200000   -0.0296731
   2.8400000   -0.0275144
   2.8600000   -0.0255777
   2.8800000   -0.0238375
   2.9000000   -0.0222611
   2.9200000   -0.0208141
   2.9400000   -0.0194655
   2.9600000   -0.0181911
   2.9800000   -0.0169756
   3.0000000   -0.0158139
   3.0200000   -0.0147104
   3.0400000   -0.0136778
   3.0600000   -0.0127345
   3.0800000   -0.0119027
   3.1000000   -0.0112055
   3.1200000   -0.0106649
   3.1400000   -0.0102997
   3.1600000   -0.0101243
   3.1800000   -0.0101471
   3.2000000   -0.0103706
   3.2200000   -0.0107906
   3.2400000   -0.0113963
   3.2600000   -0.0121712
   3.2800000   -0.0130935
   3.3000000   -0.0141376
   3.3200000   -0.0152755
   3.3400000   -0.0164793
   3.3600000   -0.0177227
   3.3800000   -0.0189836
   3.4000000   -0.0202458
   3.4200000   -0.0215006
   3.4400000   -0.0227468
   3.4600000   -0.0239901
   3.4800000   -0.0252410
   3.5000000   -0.0265119
   3.5200000   -0.0278131
   3.5400000   -0.0291482
   3.5600000   -0.0305103
   3.5800000   -0.0318790
   3.6000000   -0.0332186
   3.6200000   -0.0344786
   3.6400000   -0.0355966
   3.6600000   -0.0365028
   3.6800000   -0.0371267
   3.7000000   -0.0374039
   3.7200000   -0.0372836
   3.7400000   -0.0367343
   3.7600000   -0.0357481
   3.7800000   -0.0343421
   3.8000000   -0.0325574
   3.8200000   -0.0304552
   3.8400000   -0.0281111
   3.8600000   -0.0256079
   3.8800000   -0.0230289
   3.9000000   -0.0204508
   3.9200000   -0.0179390
   3.9400000   -0.0155445
   3.9600000   -0.0133024
   3.9800000   -0.0112332
   4.0000000   -0.0093450
   4.0200000   -0.0076365
   4.0400000   -0.0061006
   4.0600000   -0.0047270
   4.0800000   -0.0035048
   4.1000000   -0.0024237
   4.1200000   -0.0014741
   4.1400000   -0.0006463
   4.1600000    0.0000701
   4.1800000    0.0006879
   4.2000000    0.0012231
   4.2200000    0.0016955
   4.2400000    0.0021287
   4.2600000    0.0025489
   4.2800000    0.0029840
   4.3000000    0.0034606
   4.3200000    0.0040027
   4.3400000    0.0046287
   4.3600000    0.0053499
   4.3800000    0.0061691
   4.4000000    0.0070799
   4.4200000    0.0080678
   4.4400000    0.0091111
   4.4600000    0.0101832
   4.4800000    0.0112557
   4.5000000    0.0123009
   4.5200000    0.0132946
   4.5400000    0.0142183
   4.5600000    0.0150601
   4.5800000    0.0158155
   4.6000000    0.0164862
   4.6200000    0.0170790
   4.6400000    0.0176041
   4.6600000    0.0180734
   4.6800000    0.0184991
   4.7000000    0.0188924
   4.7200000    0.0192638
   4.7400000    0.0196226
   4.7600000    0.0199772
   4.7800000    0.0203356
   4.8000000    0.0207048
   4.8200000    0.0210900
   4.8400000    0.0214936
   4.8600000    0.0219131
   4.8800000    0.0223398
   4.9000000    0.0227571
   4.9200000    0.0231401
   4.9400000    0.0234566
   4.9600000    0.0236689
   4.9800000    0.0237370
   5.0000000    0.0236227
   5.0200000    0.0232947
   5.0400000    0.0227321
   5.0600000    0.0219287
   5.0800000    0.0208947
   5.1000000    0.0196569
   5.1200000    0.0182579
   5.1400000    0.0167522
   5.1600000    0.0152021
   5.1800000    0.0136724
   5.2000000    0.0122254
   5.2200000    0.0109157
   5.2400000    0.0097864
   5.2600000    0.0088670
   5.2800000    0.0081719
   5.3000000    0.0077014
   5.3200000    0.0074428
   5.3400000    0.0073734
   5.3600000    0.0074633
   5.3800000    0.0076791
   5.4000000    0.0079868
   5.4200000    0.0083546
   5.4400000    0.0087547
   5.4600000    0.0091647
   5.4800000    0.0095679
   5.5000000    0.0099530
   5.5200000    0.0103133
   5.5400000    0.0106452
   5.5600000    0.0109467
   5.5800000    0.0112161
   5.6000000    0.0114506
   5.6200000    0.0116460
   5.6400000    0.0117960
   5.6600000    0.0118928
   5.6800000    0.0119275
   5.7000000    0.0118909
   5.7200000    0.0117745
   5.7400000    0.0115712
   5.7600000    0.0112760
   5.7800000    0.0108857
   5.8000000    0.0103995
   5.8200000    0.0098181
   5.8400000    0.0091437
   5.8600000    0.0083792
   5.8800000    0.0075286
   5.9000000    0.0065966
   5.9200000    0.0055889
   5.9400000    0.0045132
   5.9600000    0.0033793
   5.9800000    0.0022004
   6.0000000    0.0009936
   6.0200000   -0.0002201
   6.0400000   -0.0014158
   6.0600000   -0.0025653
   6.0800000   -0.0036389
   6.1000000   -0.0046066
   6.1200000   -0.0054407
   6.1400000   -0.0061179
   6.1600000   -0.0066211
   6.1800000   -0.0069416
   6.2000000   -0.0070794
   6.2200000   -0.0070439
   6.2400000   -0.0068526
   6.2600000   -0.0065300
   6.2800000   -0.0061047
   6.3000000   -0.0056074
   6.3200000   -0.0050674
   6.3400000   -0.0045105
   6.3600000   -0.0039560
   6.3800000   -0.0034154
   6.4000000   -0.0028911
   6.4200000   -0.0023760
   6.4400000   -0.0018537
   6.4600000   -0.0012995
   6.4800000   -0.0006820
   6.5000000    0.0000354
   6.5200000    0.0008910
   6.5400000    0.0019225
   6.5600000    0.0031630
   6.5800000    0.0046375
   6.6000000    0.0063589
   6.6200000    0.0083246
   6.6400000    0.0105140
   6.6600000    0.0128867
   6.6800000    0.0153825
   6.7000000    0.0179236
   6.7200000    0.0204184
   6.7400000    0.0227671
   6.7600000    0.0248688
   6.7800000    0.0266293
   6.8000000    0.0279686
   6.8200000    0.0288278
   6.8400000    0.0291742
   6.8600000    0.0290035
   6.8800000    0.0283404
   6.9000000    0.0272358
   6.9200000    0.0257620
   6.9400000    0.0240060
   6.9600000    0.0220625
   6.9800000    0.0200258
   7.0000000    0.0179828
   7.0200000    0.0160078
   7.0400000    0.0141578
   7.0600000    0.0124706
   7.0800000    0.0109645
   7.1000000    0.0096398
   7.1200000    0.0084818
   7.1400000    0.0074643
   7.1600000    0.0065546
   7.1800000    0.0057177
   7.2000000    0.0049205
   7.2200000    0.0041357
   7.2400000    0.0033439
   7.2600000    0.0025357
   7.2800000    0.0017111
   7.3000000    0.0008790
   7.3200000    0.0000553
   7.3400000   -0.0007400
   7.3600000   -0.0014859
   7.3800000   -0.0021632
   7.4000000   -0.0027573
   7.4200000   -0.0032601
   7.4400000   -0.0036709
   7.4600000   -0.0039965
   7.4800000   -0.0042500
   7.5000000   -0.0044487
   7.5200000   -0.0046124
   7.5400000   -0.0047597
   7.5600000   -0.0049066
   7.5800000   -0.0050633
   7.6000000   -0.0052335
   7.6200000   -0.0054131
   7.6400000   -0.0055909
   7.6600000   -0.0057488
   7.6800000   -0.0058642
   7.7000000   -0.0059111
   7.7200000   -0.0058630
   7.7400000   -0.0056950
   7.7600000   -0.0053862
   7.7800000   -0.0049213
   7.8000000   -0.0042918
   7.8200000   -0.0034971
   7.8400000   -0.0025446
   7.8600000   -0.0014489
   7.8800000   -0.0002311
   7.9000000    0.0010826
   7.9200000    0.0024627
   7.9400000    0.0038776
   7.9600000    0.0052956
   7.9800000    0.0066864
   8.0000000    0.0080221
   8.0200000    0.0092787
   8.0400000    0.0104364
   8.0600000    0.0114808
   8.0800000    0.0124027
   8.1000000    0.0131982
   8.1200000    0.0138682
   8.1400000    0.0144180
   8.1600000    0.0148552
   8.1800000    0.0151892
   8.2000000    0.0154288
   8.2200000    0.0155807
   8.2400000    0.0156488
   8.2600000    0.0156329
   8.2800000    0.0155292
   8.3000000    0.0153312
   8.3200000    0.0150319
   8.3400000    0.0146252
   8.3600000    0.0141097
   8.3800000    0.0134903
   8.4000000    0.0127801
   8.4200000    0.0120014
   8.4400000    0.0111853
   8.4600000    0.0103698
   8.4800000    0.0095977
   8.5000000    0.0089122
   8.5200000    0.0083537
   8.5400000    0.0079560
   8.5600000    0.0077426
   8.5800000    0.0077244
   8.6000000    0.0078983
   8.6200000    0.0082472
   8.6400000    0.0087408
   8.6600000    0.0093377
   8.6800000    0.0099883
   8.7000000    0.0106386
   8.7200000    0.0112334
   8.7400000    0.0117209
   8.7600000    0.0120557
   8.7800000    0.0122017
   8.8000000    0.0121346
   8.8200000    0.0118424
   8.8400000    0.0113260
   8.8600000    0.0105981
   8.8800000    0.0096817
   8.9000000    0.0086078
   8.9200000    0.0074129
   8.9400000    0.0061369
   8.9600000    0.0048205
   8.9800000    0.0035042
   9.0000000    0.0022262
   9.0200000    0.0010222
   9.0400000   -0.0000755
   9.0600000   -0.0010387
   9.0800000   -0.0018430
   9.1000000   -0.0024692
   9.1200000   -0.0029036
   9.1400000   -0.0031383
   9.1600000   -0.0031720
   9.1800000   -0.0030103
   9.2000000   -0.0026651
   9.2200000   -0.0021543
   9.2400000   -0.0015006
   9.2600000   -0.0007300
   9.2800000    0.0001295
   9.3000000    0.0010497
   9.3200000    0.0020034
   9.3400000    0.0029654
   9.3600000    0.0039134
   9.3800000    0.0048280
   9.4000000    0.0056926
   9.4200000    0.0064929
   9.4400000    0.0072169
   9.4600000    0.0078536
   9.4800000    0.0083932
   9.5000000    0.0088264
   9.5200000    0.0091446
   9.5400000    0.0093401
   9.5600000    0.0094064
   9.5800000    0.0093389
   9.6000000    0.0091360
   9.6200000    0.0087993
   9.6400000    0.0083349
   9.6600000    0.0077538
   9.6800000    0.0070719
   9.7000000    0.0063095
   9.7200000    0.0054911
   9.7400000    0.0046432
   9.7600000    0.0037932
   9.7800000    0.0029664
   9.8000000    0.0021846
   9.8200000    0.0014632
   9.8400000    0.0008106
   9.8600000    0.0002266
   9.8800000   -0.0002966
   9.9000000   -0.0007739
   9.9200000   -0.0012248
   9.9400000   -0.0016708
   9.9600000   -0.0021331
   9.9800000   -0.0026290
  10.0000000   -0.0031705
  10.0200000   -0.0037624
  10.0400000   -0.0044025
  10.0600000   -0.0050816
  10.0800000   -0.0057856
  10.1000000   -0.0064970
  10.1200000   -0.0071979
  10.1400000   -0.0078717
  10.1600000   -0.0085051
  10.1800000   -0.0090893
  10.2000000   -0.0096201
  10.2200000   -0.0100979
  10.2400000   -0.0105266
  10.2600000   -0.0109124
  10.2800000   -0.0112624
  10.3000000   -0.0115835
  10.3200000   -0.0118815
  10.3400000   -0.0121611
  10.3600000   -0.0124251
  10.3800000   -0.0126759
  10.4000000   -0.0129153
  10.4200000   -0.0131456
  10.4400000   -0.0133701
  10.4600000   -0.0135929
  10.4800000   -0.0138188
  10.5000000   -0.0140525
  10.5200000   -0.0142974
  10.5400000   -0.0145549
  10.5600000   -0.0148228
  10.5800000   -0.0150947
  10.6000000   -0.0153600
  10.6200000   -0.0156036
  10.6400000   -0.0158070
  10.6600000   -0.0159492
  10.6800000   -0.0160080
  10.7000000   -0.0159618
  10.7200000   -0.0157902
  10.7400000   -0.0154760
  10.7600000   -0.0150051
  10.7800000   -0.0143677
  10.8000000   -0.0135587
  10.8200000   -0.0125776
  10.8400000   -0.0114293
  10.8600000   -0.0101244
  10.8800000   -0.0086795
  10.9000000   -0.0071183
  10.9200000   -0.0054714
  10.9400000   -0.0037767
  10.9600000   -0.0020789
  10.9800000   -0.0004283
  11.0000000    0.0011207
  11.0200000    0.0025124
  11.0400000    0.0036927
  11.0600000    0.0046124
  11.0800000    0.0052301
  11.1000000    0.0055157
  11.1200000    0.0054513
  11.1400000    0.0050332
  11.1600000    0.0042713
  11.1800000    0.0031881
  11.2000000    0.0018169
  11.2200000    0.0001993
  11.2400000   -0.0016172
  11.2600000   -0.0035821
  11.2800000   -0.0056439
  11.3000000   -0.0077522
  11.3200000   -0.0098589
  11.3400000   -0.0119195
  11.3600000   -0.0138939
  11.3800000   -0.0157469
  11.4000000   -0.0174488
  11.4200000   -0.0189758
  11.4400000   -0.0203098
  11.4600000   -0.0214384
  11.4800000   -0.0223546
  11.5000000   -0.0230553
  11.5200000   -0.0235406
  11.5400000   -0.0238121
  11.5600000   -0.0238715
  11.5800000   -0.0237199
  11.6000000   -0.0233570
  11.6200000   -0.0227814
  11.6400000   -0.0219917
  11.6600000   -0.0209882
  11.6800000   -0.0197750
  11.7000000   -0.0183625
  11.7200000   -0.0167694
  11.7400000   -0.0150241
  11.7600000   -0.0131649
  11.7800000   -0.0112398
  11.8000000   -0.0093036
  11.8200000   -0.0074154
  11.8400000   -0.0056346
  11.8600000   -0.0040166
  11.8800000   -0.0026090
  11.9000000   -0.0014481
  11.9200000   -0.0005574
  11.9400000    0.0000542
  11.9600000    0.0003915
  11.9800000    0.0004712
  12.0000000    0.0003198
  12.0200000   -0.0000296
  12.0400000   -0.0005404
  12.0600000   -0.0011753
  12.0800000   -0.0018987
  12.1000000   -0.0026779
  12.1200000   -0.0034840
  12.1400000   -0.0042922
  12.1600000   -0.0050808
  12.1800000   -0.0058313
  12.2000000   -0.0065271
  12.2200000   -0.0071531
  12.2400000   -0.0076959
  12.2600000   -0.0081438
  12.2800000   -0.0084874
  12.3000000   -0.0087203
  12.3200000   -0.0088400
  12.3400000   -0.0088487
  12.3600000   -0.0087532
  12.3800000   -0.0085655
  12.4000000   -0.0083015
  12.4200000   -0.0079806
  12.4400000   -0.0076238
  12.4600000   -0.0072523
  12.4800000   -0.0068859
  12.5000000   -0.0065413
  12.5200000   -0.0062310
  12.5400000   -0.0059622
  12.5600000   -0.0057369
  12.5800000   -0.0055513
  12.6000000   -0.0053969
  12.6200000   -0.0052607
  12.6400000   -0.0051267
  12.6600000   -0.0049764
  12.6800000   -0.0047906
  12.7000000   -0.0045498
  12.7200000   -0.0042354
  12.7400000   -0.0038307
  12.7600000   -0.0033214
  12.7800000   -0.0026963
  12.8000000   -0.0019478
  12.8200000   -0.0010727
  12.8400000   -0.0000720
  12.8600000    0.0010483
  12.8800000    0.0022769
  12.9000000    0.0035970
  12.9200000    0.0049865
  12.9400000    0.0064178
  12.9600000    0.0078580
  12.9800000    0.0092696
  13.0000000    0.0106115
  13.0200000    0.0118404
  13.0400000    0.0129123
  13.0600000    0.0137850
  13.0800000    0.0144204
  13.1000000    0.0147870
  13.1200000    0.0148622
  13.1400000    0.0146341
  13.1600000    0.0141031
  13.1800000    0.0132814
  13.2000000    0.0121929
  13.2200000    0.0108711
  13.2400000    0.0093566
  13.2600000    0.0076944
  13.2800000    0.0059303
  13.3000000    0.0041085
  13.3200000    0.0022693
  13.3400000    0.0004478
  13.3600000   -0.0013261
  13.3800000   -0.0030272
  13.4000000   -0.0046338
  13.4200000   -0.0061258
  13.4400000   -0.0074832
  13.4600000   -0.0086851
  13.4800000   -0.0097097
  13.5000000   -0.0105348
  13.5200000   -0.0111397
  13.5400000   -0.0115076
  13.5600000   -0.0116285
  13.5800000   -0.0115022
  13.6000000   -0.0111403
  13.6200000   -0.0105679
  13.6400000   -0.0098234
  13.6600000   -0.0089578
  13.6800000   -0.0080318
  13.7000000   -0.0071122
  13.7200000   -0.0062679
  13.7400000   -0.0055650
  13.7600000   -0.0050621
  13.7800000   -0.0048062
  13.8000000   -0.0048295
  13.8200000   -0.0051464
  13.8400000   -0.0057527
  13.8600000   -0.0066251
  13.8800000   -0.0077226
  13.9000000   -0.0089885
  13.9200000   -0.0103538
  13.9400000   -0.0117415
  13.9600000   -0.0130712
  13.9800000   -0.0142644
  14.0000000   -0.0152494
  14.0200000   -0.0159659
  14.0400000   -0.0163689
  14.0600000   -0.0164307
  14.0800000   -0.0161426
  14.1000000   -0.0155135
  14.1200000   -0.0145689
  14.1400000   -0.0133477
  14.1600000   -0.0118978
  14.1800000   -0.0102729
  14.2000000   -0.0085278
  14.2200000   -0.0067151
  14.2400000   -0.0048822
  14.2600000   -0.0030691
  14.2800000   -0.0013076
  14.3000000    0.0003798
  14.3200000    0.0019788
  14.3400000    0.0034828
  14.3600000    0.0048917
  14.3800000    0.0062098
  14.4000000    0.0074443
  14.4200000    0.0086028
  14.4400000    0.0096916
  14.4600000    0.0107131
  14.4800000    0.0116647
  14.5000000    0.0125372
  14.5200000    0.0133143
  14.5400000    0.0139737
  14.5600000    0.0144880
  14.5800000    0.0148273
  14.6000000    0.0149626
  14.6200000    0.0148690
  14.6400000    0.0145291
  14.6600000    0.0139361
  14.6800000    0.0130954
  14.7000000    0.0120257
  14.7200000    0.0107576
  14.7400000    0.0093321
  14.7600000    0.0077973
  14.7800000    0.0062048
  14.8000000    0.0046057
  14.8200000    0.0030469
  14.8400000    0.0015681
  14.8600000    0.0001998
  14.8800000   -0.0010375
  14.9000000   -0.0021336
  14.9200000   -0.0030873
  14.9400000   -0.0039051
  14.9600000   -0.0045984
  14.9800000   -0.0051821
  15.0000000   -0.0056715
  15.0200000   -0.0060806
  15.0400000   -0.0064207
  15.0600000   -0.0066988
  15.0800000   -0.0069173
  15.1000000   -0.0070737
  15.1200000   -0.0071616
  15.1400000   -0.0071711
  15.1600000   -0.0070907
  15.1800000   -0.0069087
  15.2000000   -0.0066153
  15.2200000   -0.0062036
  15.2400000   -0.0056715
  15.2600000   -0.0050222
  15.2800000   -0.0042647
  15.3000000   -0.0034139
  15.3200000   -0.0024897
  15.3400000   -0.0015162
  15.3600000   -0.0005209
  15.3800000    0.0004662
  15.4000000    0.0014141
  15.4200000    0.0022909
  15.4400000    0.0030652
  15.4600000    0.0037060
  15.4800000    0.0041840
  15.5000000    0.0044721
  15.5200000    0.0045462
  15.5400000    0.0043867
  15.5600000    0.0039793
  15.5800000    0.0033165
  15.6000000    0.0023989
  15.6200000    0.0012356
  15.6400000   -0.0001544
  15.6600000   -0.0017431
  15.6800000   -0.0034932
  15.7000000   -0.0053596
  15.7200000   -0.0072908
  15.7400000   -0.0092314
  15.7600000   -0.0111244
  15.7800000   -0.0129140
  15.8000000   -0.0145485
  15.8200000   -0.0159826
  15.8400000   -0.0171801
  15.8600000   -0.0181148
  15.8800000   -0.0187722
  15.9000000   -0.0191490
  15.9200000   -0.0192531
  15.9400000   -0.0191014
  15.9600000   -0.0187189
  15.9800000   -0.0181358
  16.0000000   -0.0173853
  16.0200000   -0.0165015
  16.0400000   -0.0155172
  16.0600000   -0.0144623
  16.0800000   -0.0133624
  16.1000000   -0.0122388
  16.1200000   -0.0111077
  16.1400000   -0.0099810
  16.1600000   -0.0088670
  16.1800000   -0.0077713
  16.2000000   -0.0066978
  16.2200000   -0.0056500
  16.2400000   -0.0046312
  16.2600000   -0.0036456
  16.2800000   -0.0026977
  16.3000000   -0.0017925
  16.3200000   -0.0009342
  16.3400000   -0.0001260
  16.3600000    0.0006312
  16.3800000    0.0013391
  16.4000000    0.0020022
  16.4200000    0.0026275
  16.4400000    0.0032232
  16.4600000    0.0037976
  16.4800000    0.0043572
  16.5000000    0.0049050
  16.5200000    0.0054389
  16.5400000    0.0059510
  16.5600000    0.0064276
  16.5800000    0.0068501
  16.6000000    0.0071963
  16.6200000    0.0074435
  16.6400000    0.0075706
  16.6600000    0.0075611
  16.6800000    0.0074052
  16.7000000    0.0071012
  16.7200000    0.0066559
  16.7400000    0.0060841
  16.7600000    0.0054074
  16.7800000    0.0046518
  16.8000000    0.0038462
  16.8200000    0.0030197
  16.8400000    0.0022005
  16.8600000    0.0014145
  16.8800000    0.0006855
  16.9000000    0.0000343
  16.9200000   -0.0005199
  16.9400000   -0.0009599
  16.9600000   -0.0012704
  16.9800000   -0.0014380
  17.0000000   -0.0014530
  17.0200000   -0.0013100
  17.0400000   -0.0010100
  17.0600000   -0.0005619
  17.0800000    0.0000166
  17.1000000    0.0006980
  17.1200000    0.0014460
  17.1400000    0.0022166
  17.1600000    0.0029610
  17.1800000    0.0036281
  17.2000000    0.0041689
  17.2200000    0.0045400
  17.2400000    0.0047072
  17.2600000    0.0046486
  17.2800000    0.0043565
  17.3000000    0.0038381
  17.3200000    0.0031153
  17.3400000    0.0022225
  17.3600000    0.0012048
  17.3800000    0.0001134
  17.4000000   -0.0009976
  17.4200000   -0.0020752
  17.4400000   -0.0030715
  17.4600000   -0.0039462
  17.4800000   -0.0046687
  17.5000000   -0.0052188
  17.5200000   -0.0055863
  17.5400000   -0.0057704
  17.5600000   -0.0057771
  17.5800000   -0.0056179
  17.6000000   -0.0053073
  17.6200000   -0.0048616
  17.6400000   -0.0042976
  17.6600000   -0.0036331
  17.6800000   -0.0028868
  17.7000000   -0.0020796
  17.7200000   -0.0012355
  17.7400000   -0.0003825
  17.7600000    0.0004475
  17.7800000    0.0012192
  17.8000000    0.0018963
  17.8200000    0.0024436
  17.8400000    0.0028308
  17.8600000    0.0030357
  17.8800000    0.0030475
  17.9000000    0.0028690
  17.9200000    0.0025177
  17.9400000    0.0020248
  17.9600000    0.0014341
  17.9800000    0.0007979
  18.0000000    0.0001728
  18.0200000   -0.0003844
  18.0400000   -0.0008224
  18.0600000   -0.0010988
  18.0800000   -0.0011840
  18.1000000   -0.0010630
  18.1200000   -0.0007363
  18.1400000   -0.0002197
  18.1600000    0.0004574
  18.1800000    0.0012545
  18.2000000    0.0021228
  18.2200000    0.0030088
  18.2400000    0.0038577
  18.2600000    0.0046164
  18.2800000    0.0052358
  18.3000000    0.0056735
  18.3200000    0.0058939
  18.3400000    0.0058693
  18.3600000    0.0055792
  18.3800000    0.0050095
  18.4000000    0.0041518
  18.4200000    0.0030019
  18.4400000    0.0015600
  18.4600000   -0.0001698
  18.4800000   -0.0021785
  18.5000000   -0.0044508
  18.5200000   -0.0069634
  18.5400000   -0.0096830
  18.5600000   -0.0125650
  18.5800000   -0.0155526
  18.6000000   -0.0185769
  18.6200000   -0.0215593
  18.6400000   -0.0244143
  18.6600000   -0.0270543
  18.6800000   -0.0293952
  18.7000000   -0.0313621
  18.7200000   -0.0328953
  18.7400000   -0.0339546
  18.7600000   -0.0345233
  18.7800000   -0.0346086
  18.8000000   -0.0342413
  18.8200000   -0.0334728
  18.8400000   -0.0323697
  18.8600000   -0.0310081
  18.8800000   -0.0294668
  18.9000000   -0.0278202
  18.9200000   -0.0261325
  18.9400000   -0.0244535
  18.9600000   -0.0228161
  18.9800000   -0.0212354
  19.0000000   -0.0197113
  19.0200000   -0.0182313
  19.0400000   -0.0167759
  19.0600000   -0.0153239
  19.0800000   -0.0138578
  19.1000000   -0.0123684
  19.1200000   -0.0108577
  19.1400000   -0.0093405
  19.1600000   -0.0078433
  19.1800000   -0.0064022
  19.2000000   -0.0050585
  19.2200000   -0.0038539
  19.2400000   -0.0028253
  19.2600000   -0.0020003
  19.2800000   -0.0013934
  19.3000000   -0.0010039
  19.3200000   -0.0008159
  19.3400000   -0.0007995
  19.3600000   -0.0009142
  19.3800000   -0.0011131
  19.4000000   -0.0013480
  19.4200000   -0.0015743
  19.4400000   -0.0017553
  19.4600000   -0.0018659
  19.4800000   -0.0018943
  19.5000000   -0.0018432
  19.5200000   -0.0017280
  19.5400000   -0.0015756
  19.5600000   -0.0014209
  19.5800000   -0.0013031
  19.6000000   -0.0012623
  19.6200000   -0.0013356
  19.6400000   -0.0015542
  19.6600000   -0.0019409
  19.6800000   -0.0025085
  19.7000000   -0.0032588
  19.7200000   -0.0041831
  19.7400000   -0.0052626
  19.7600000   -0.0064703
  19.7800000   -0.0077726
  19.8000000   -0.0091321
  19.8200000   -0.0105100
  19.8400000   -0.0118682
  19.8600000   -0.0131719
  19.8800000   -0.0143908
  19.9000000   -0.0155007
  19.9200000   -0.0164832
  19.9400000   -0.0173264
  19.9600000   -0.0180237
  19.9800000   -0.0185734
  20.0000000   -0.0189772
  20.0200000   -0.0192395
  20.0400000   -0.0193663
  20.0600000   -0.0193648
  20.0800000   -0.0192425
  20.1000000   -0.0190073
  20.1200000   -0.0186668
  20.1400000   -0.0182286
  20.1600000   -0.0177001
  20.1800000   -0.0170882
  20.2000000   -0.0163993
  20.2200000   -0.0156394
  20.2400000   -0.0148140
  20.2600000   -0.0139283
  20.2800000   -0.0129880
  20.3000000   -0.0119993
  20.3200000   -0.0109699
  20.3400000   -0.0099094
  20.3600000   -0.0088298
  20.3800000   -0.0077456
  20.4000000   -0.0066732
  20.4200000   -0.0056308
  20.4400000   -0.0046363
  20.4600000   -0.0037068
  20.4800000   -0.0028560
  20.5000000   -0.0020929
  20.5200000   -0.0014201
  20.5400000   -0.0008329
  20.5600000   -0.0003185
  20.5800000    0.0001438
  20.6000000    0.0005815
  20.6200000    0.0010275
  20.6400000    0.0015179
  20.6600000    0.0020893
  20.6800000    0.0027758
  20.7000000    0.0036058
  20.7200000    0.0045995
  20.7400000    0.0057663
  20.7600000    0.0071027
  20.7800000    0.0085916
  20.8000000    0.0102027
  20.8200000    0.0118928
  20.8400000    0.0136090
  20.8600000    0.0152911
  20.8800000    0.0168758
  20.9000000    0.0183012
  20.9200000    0.0195102
  20.9400000    0.0204551
  20.9600000    0.0211000
  20.9800000    0.0214233
  21.0000000    0.0214183
  21.0200000    0.0210930
  21.0400000    0.0204692
  21.0600000    0.0195804
  21.0800000    0.0184697
  21.1000000    0.0171870
  21.1200000    0.0157869
  21.1400000    0.0143261
  21.1600000    0.0128609
  21.1800000    0.0114456
  21.2000000    0.0101299
  21.2200000    0.0089570
  21.2400000    0.0079619
  21.2600000    0.0071689
  21.2800000    0.0065908
  21.3000000    0.0062277
  21.3200000    0.0060665
  21.3400000    0.0060824
  21.3600000    0.0062403
  21.3800000    0.0064976
  21.4000000    0.0068079
  21.4200000    0.0071247
  21.4400000    0.0074054
  21.4600000    0.0076148
  21.4800000    0.0077275
  21.5000000    0.0077294
  21.5200000    0.0076183
  21.5400000    0.0074031
  21.5600000    0.0071019
  21.5800000    0.0067397
  21.6000000    0.0063458
  21.6200000    0.0059515
  21.6400000    0.0055872
  21.6600000    0.0052812
  21.6800000    0.0050580
  21.7000000    0.0049379
  21.7200000    0.0049364
  21.7400000    0.0050641
  21.7600000    0.0053267
  21.7800000    0.0057253
  21.8000000    0.0062554
  21.8200000    0.0069077
  21.8400000    0.0076672
  21.8600000    0.0085140
  21.8800000    0.0094231
  21.9000000    0.0103664
  21.9200000    0.0113137
  21.9400000    0.0122350
  21.9600000    0.0131031
  21.9800000    0.0138958
  22.0000000    0.0145983
  22.0200000    0.0152047
  22.0400000    0.0157182
  22.0600000    0.0161508
  22.0800000    0.0165217
  22.1000000    0.0168546
  22.1200000    0.0171748
  22.1400000    0.0175054
  22.1600000    0.0178652
  22.1800000    0.0182656
  22.2000000    0.0187099
  22.2200000    0.0191930
  22.2400000    0.0197023
  22.2600000    0.0202196
  22.2800000    0.0207231
  22.3000000    0.0211896
  22.3200000    0.0215966
  22.3400000    0.0219234
  22.3600000    0.0221516
  22.3800000    0.0222654
  22.4000000    0.0222508
  22.4200000    0.0220951
  22.4400000    0.0217869
  22.4600000    0.0213156
  22.4800000    0.0206725
  22.5000000    0.0198520
  22.5200000    0.0188529
  22.5400000    0.0176800
  22.5600000    0.0163457
  22.5800000    0.0148704
  22.6000000    0.0132822
  22.6200000    0.0116162
  22.6400000    0.0099123
  22.6600000    0.0082130
  22.6800000    0.0065598
  22.7000000    0.0049914
  22.7200000    0.0035403
  22.7400000    0.0022316
  22.7600000    0.0010822
  22.7800000    0.0001002
  22.8000000   -0.0007137
  22.8200000   -0.0013651
  22.8400000   -0.0018639
  22.8600000   -0.0022228
  22.8800000   -0.0024555
  22.9000000   -0.0025751
  22.9200000   -0.0025941
  22.9400000   -0.0025235
  22.9600000   -0.0023735
  22.9800000   -0.0021538
  23.0000000   -0.0018747
  23.0200000   -0.0015469
  23.0400000   -0.0011828
  23.0600000   -0.0007957
  23.0800000   -0.0003996
  23.1000000   -0.0000084
  23.1200000    0.0003650
  23.1400000    0.0007102
  23.1600000    0.0010203
  23.1800000    0.0012927
  23.2000000    0.0015300
  23.2200000    0.0017397
  23.2400000    0.0019346
  23.2600000    0.0021319
  23.2800000    0.0023526
  23.3000000    0.0026207
  23.3200000    0.0029624
  23.3400000    0.0034047
  23.3600000    0.0039752
  23.3800000    0.0047008
  23.4000000    0.0056068
  23.4200000    0.0067153
  23.4400000    0.0080435
  23.4600000    0.0096015
  23.4800000    0.0113899
  23.5000000    0.0133965
  23.5200000    0.0155943
  23.5400000    0.0179396
  23.5600000    0.0203710
  23.5800000    0.0228105
  23.6000000    0.0251669
  23.6200000    0.0273401
  23.6400000    0.0292280
  23.6600000    0.0307344
  23.6800000    0.0317773
  23.7000000    0.0322960
  23.7200000    0.0322572
  23.7400000    0.0316583
  23.7600000    0.0305278
  23.7800000    0.0289227
  23.8000000    0.0269235
  23.8200000    0.0246267
  23.8400000    0.0221368
  23.8600000    0.0195580
  23.8800000    0.0169869
  23.9000000    0.0145072
  23.9200000    0.0121858
  23.9400000    0.0100714
  23.9600000    0.0081953
  23.9800000    0.0065730
  24.0000000    0.0052075
  24.0200000    0.0040922
  24.0400000    0.0032143
  24.0600000    0.0025578
  24.0800000    0.0021049
  24.1000000    0.0018381
  24.1200000    0.0017404
  24.1400000    0.0017957
  24.1600000    0.0019878
  24.1800000    0.0023004
  24.2000000    0.0027159
  24.2200000    0.0032145
  24.2400000    0.0037740
  24.2600000    0.0043692
  24.2800000    0.0049723
  24.3000000    0.0055533
  24.3200000    0.0060813
  24.3400000    0.0065263
  24.3600000    0.0068612
  24.3800000    0.0070641
  24.4000000    0.0071203
  24.4200000    0.0070247
  24.4400000    0.0067827
  24.4600000    0.0064109
  24.4800000    0.0059365
  24.5000000    0.0053956
  24.5200000    0.0048302
  24.5400000    0.0042850
  24.5600000    0.0038023
  24.5800000    0.0034184
  24.6000000    0.0031587
  24.6200000    0.0030348
  24.6400000    0.0030426
  24.6600000    0.0031616
  24.6800000    0.0033569
  24.7000000    0.0035821
  24.7200000    0.0037846
  24.7400000    0.0039107
  24.7600000    0.0039119
  24.7800000    0.0037501
  24.8000000    0.0034021
  24.8200000    0.0028617
  24.8400000    0.0021402
  24.8600000    0.0012654
  24.8800000    0.0002778
  24.9000000   -0.0007731
  24.9200000   -0.0018341
  24.9400000   -0.0028532
  24.9600000   -0.0037831
  24.9800000   -0.0045848
  25.0000000   -0.0052292
  25.0200000   -0.0056975
  25.0400000   -0.0059812
  25.0600000   -0.0060806
  25.0800000   -0.0060038
  25.1000000   -0.0057650
  25.1200000   -0.0053834
  25.1400000   -0.0048828
  25.1600000   -0.0042905
  25.1800000   -0.0036375
  25.2000000   -0.0029578
  25.2200000   -0.0022873
  25.2400000   -0.0016628
  25.2600000   -0.0011196
  25.2800000   -0.0006891
  25.3000000   -0.0003955
  25.3200000   -0.0002535
  25.3400000   -0.0002653
  25.3600000   -0.0004191
  25.3800000   -0.0006897
  25.4000000   -0.0010387
  25.4200000   -0.0014181
  25.4400000   -0.0017741
  25.4600000   -0.0020516
  25.4800000   -0.0021998
  25.5000000   -0.0021765
  25.5200000   -0.0019524
  25.5400000   -0.0015139
  25.5600000   -0.0008636
  25.5800000   -0.0000207
  25.6000000    0.0009815
  25.6200000    0.0020984
  25.6400000    0.0032779
  25.6600000    0.0044647
  25.6800000    0.0056043
  25.7000000    0.0066469
  25.7200000    0.0075507
  25.7400000    0.0082838
  25.7600000    0.0088257
  25.7800000    0.0091676
  25.8000000    0.0093118
  25.8200000    0.0092701
  25.8400000    0.0090618
  25.8600000    0.0087105
  25.8800000    0.0082420
  25.9000000    0.0076807
  25.9200000    0.0070478
  25.9400000    0.0063595
  25.9600000    0.0056262
  25.9800000    0.0048531
  26.0000000    0.0040415
  26.0200000    0.0031906
  26.0400000    0.0023002
  26.0600000    0.0013734
  26.0800000    0.0004180
  26.1000000   -0.0005519
  26.1200000   -0.0015157
  26.1400000   -0.0024478
  26.1600000   -0.0033191
  26.1800000   -0.0040998
  26.2000000   -0.0047623
  26.2200000   -0.0052840
  26.2400000   -0.0056496
  26.2600000   -0.0058527
  26.2800000   -0.0058959
  26.3000000   -0.0057912
  26.3200000   -0.0055578
  26.3400000   -0.0052214
  26.3600000   -0.0048107
  26.3800000   -0.0043563
  26.4000000   -0.0038874
  26.4200000   -0.0034302
  26.4400000   -0.0030061
  26.4600000   -0.0026306
  26.4800000   -0.0023121
  26.5000000   -0.0020521
  26.5200000   -0.0018447
  26.5400000   -0.0016775
  26.5600000   -0.0015320
  26.5800000   -0.0013847
  26.6000000   -0.0012088
  26.6200000   -0.0009756
  26.6400000   -0.0006564
  26.6600000   -0.0002247
  26.6800000    0.0003418
  26.7000000    0.0010584
  26.7200000    0.0019320
  26.7400000    0.0029587
  26.7600000    0.0041234
  26.7800000    0.0053989
  26.8000000    0.0067468
  26.8200000    0.0081190
  26.8400000    0.0094610
  26.8600000    0.0107150
  26.8800000    0.0118243
  26.9000000    0.0127378
  26.9200000    0.0134143
  26.9400000    0.0138257
  26.9600000    0.0139592
  26.9800000    0.0138186
  27.0000000    0.0134233
  27.0200000    0.0128062
  27.0400000    0.0120101
  27.0600000    0.0110838
  27.0800000    0.0100772
  27.1000000    0.0090369
  27.1200000    0.0080024
  27.1400000    0.0070036
  27.1600000    0.0060592
  27.1800000    0.0051768
  27.2000000    0.0043543
  27.2200000    0.0035825
  27.2400000    0.0028477
  27.2600000    0.0021351
  27.2800000    0.0014322
  27.3000000    0.0007304
  27.3200000    0.0000272
  27.3400000   -0.0006740
  27.3600000   -0.0013638
  27.3800000   -0.0020291
  27.4000000   -0.0026541
  27.4200000   -0.0032229
  27.4400000   -0.0037215
  27.4600000   -0.0041387
  27.4800000   -0.0044678
  27.5000000   -0.0047060
  27.5200000   -0.0048548
  27.5400000   -0.0049186
  27.5600000   -0.0049040
  27.5800000   -0.0048184
  27.6000000   -0.0046692
  27.6200000   -0.0044635
  27.6400000   -0.0042076
  27.6600000   -0.0039073
  27.6800000   -0.0035686
  27.7000000   -0.0031985
  27.7200000   -0.0028058
  27.7400000   -0.0024020
  27.7600000   -0.0020014
  27.7800000   -0.0016220
  27.8000000   -0.0012841
  27.8200000   -0.0010102
  27.8400000   -0.0008234
  27.8600000   -0.0007456
  27.8800000   -0.0007960
  27.9000000   -0.0009888
  27.9200000   -0.0013320
  27.9400000   -0.0018260
  27.9600000   -0.0024629
  27.9800000   -0.0032266
  28.0000000   -0.0040934
  28.0200000   -0.0050335
  28.0400000   -0.0060124
  28.0600000   -0.0069936
  28.0800000   -0.0079408
  28.1000000   -0.0088200
  28.1200000   -0.0096012
  28.1400000   -0.0102605
  28.1600000   -0.0107798
  28.1800000   -0.0111479
  28.2000000   -0.0113590
  28.2200000   -0.0114125
  28.2400000   -0.0113112
  28.2600000   -0.0110604
  28.2800000   -0.0106669
  28.3000000   -0.0101387
  28.3200000   -0.0094852
  28.3400000   -0.0087178
  28.3600000   -0.0078508
  28.3800000   -0.0069030
  28.4000000   -0.0058977
  28.4200000   -0.0048636
  28.4400000   -0.0038337
  28.4600000   -0.0028438
  28.4800000   -0.0019301
  28.5000000   -0.0011263
  28.5200000   -0.0004606
  28.5400000    0.0000473
  28.5600000    0.0003885
  28.5800000    0.0005651
  28.6000000    0.0005910
  28.6200000    0.0004894
  28.6400000    0.0002911
  28.6600000    0.0000306
  28.6800000   -0.0002573
  28.7000000   -0.0005402
  28.7200000   -0.0007918
  28.7400000   -0.0009927
  28.7600000   -0.0011314
  28.7800000   -0.0012044
  28.8000000   -0.0012143
  28.8200000   -0.0011686
  28.8400000   -0.0010774
  28.8600000   -0.0009514
  28.8800000   -0.0008009
  28.9000000   -0.0006339
  28.9200000   -0.0004563
  28.9400000   -0.0002718
  28.9600000   -0.0000821
  28.9800000    0.0001117
  29.0000000    0.0003093
  29.0200000    0.0005097
  29.0400000    0.0007110
  29.0600000    0.0009110
  29.0800000    0.0011063
  29.1000000    0.0012939
  29.1200000    0.0014708
  29.1400000    0.0016353
  29.1600000    0.0017864
  29.1800000    0.0019247
  29.2000000    0.0020521
  29.2200000    0.0021708
  29.2400000    0.0022839
  29.2600000    0.0023939
  29.2800000    0.0025029
  29.3000000    0.0026124
  29.3200000    0.0027230
  29.3400000    0.0028346
  29.3600000    0.0029470
  29.3800000    0.0030598
  29.4000000    0.0031728
  29.4200000    0.0032864
  29.4400000    0.0034011
  29.4600000    0.0035180
  29.4800000    0.0036381
  29.5000000    0.0037623
  29.5200000    0.0038915
  29.5400000    0.0040262
  29.5600000    0.0041667
  29.5800000    0.0043135
  29.6000000    0.0044668
  29.6200000    0.0046270
  29.6400000    0.0047948
  29.6600000    0.0049701
  29.6800000    0.0051526
  29.7000000    0.0053404
  29.7200000    0.0055297
  29.7400000    0.0057144
  29.7600000    0.0058854
  29.7800000    0.0060308
  29.8000000    0.0061356
  29.8200000    0.0061830
  29.8400000    0.0061551
  29.8600000    0.0060340
  29.8800000    0.0058040
  29.9000000    0.0054535
  29.9200000    0.0049762
  29.9400000    0.0043735
  29.9600000    0.0036553
  29.9800000    0.0028411
  30.0000000    0.0019596
