 -10.0000000    0.0546428
  -9.9800000    0.0477010
  -9.9600000    0.0411214
  -9.9400000    0.0351070
  -9.9200000    0.0298311
  -9.9000000    0.0254299
  -9.8800000    0.0219998
  -9.8600000    0.0195994
  -9.8400000    0.0182565
  -9.8200000    0.0179768
  -9.8000000    0.0187550
  -9.7800000    0.0205842
  -9.7600000    0.0234637
  -9.7400000    0.0274025
  -9.7200000    0.0324195
  -9.7000000    0.0385380
  -9.6800000    0.0457774
  -9.6600000    0.0541421
  -9.6400000    0.0636096
  -9.6200000    0.0741197
  -9.6000000    0.0855668
  -9.5800000    0.0977967
  -9.5600000    0.1106083
  -9.5400000    0.1237610
  -9.5200000    0.1369867
  -9.5000000    0.1500053
  -9.4800000    0.1625413
  -9.4600000    0.1743410
  -9.4400000    0.1851864
  -9.4200000    0.1949067
  -9.4000000    0.2033842
  -9.3800000    0.2105553
  -9.3600000    0.2164068
  -9.3400000    0.2209675
  -9.3200000    0.2242963
  -9.3000000    0.2264682
  -9.2800000    0.2275603
  -9.2600000    0.2276382
  -9.2400000    0.2267462
  -9.2200000    0.2249010
  -9.2000000    0.2220921
  -9.1800000    0.2182863
  -9.1600000    0.2134392
  -9.1400000    0.2075096
  -9.1200000    0.2004755
  -9.1000000    0.1923504
  -9.0800000    0.1831948
  -9.0600000    0.1731230
  -9.0400000    0.1623017
  -9.0200000    0.1509421
  -9.0000000    0.1392848
  -8.9800000    0.1275807
  -8.9600000    0.1160701
  -8.9400000    0.1049632
  -8.9200000    0.0944251
  -8.9000000    0.0845669
  -8.8800000    0.0754445
  -8.8600000    0.0670640
  -8.8400000    0.0593939
  -8.8200000    0.0523803
  -8.8000000    0.0459636
  -8.7800000    0.0400945
  -8.7600000    0.0347453
  -8.7400000    0.0299171
  -8.7200000    0.0256396
  -8.7000000    0.0219665
  -8.6800000    0.0189641
  -8.6600000    0.0166972
  -8.6400000    0.0152134
  -8.6200000    0.0145274
  -8.6000000    0.0146084
  -8.5800000    0.0153722
  -8.5600000    0.0166792
  -8.5400000    0.0183389
  -8.5200000    0.0201208
  -8.5000000    0.0217707
  -8.4800000    0.0230302
  -8.4600000    0.0236584
  -8.4400000    0.0234511
  -8.4200000    0.0222573
  -8.4000000    0.0199901
  -8.3800000    0.0166305
  -8.3600000    0.0122255
  -8.3400000    0.0068784
  -8.3200000    0.0007362
  -8.3000000   -0.0060265
  -8.2800000   -0.0132240
  -8.2600000   -0.0206739
  -8.2400000   -0.0282081
  -8.2200000   -0.0356802
  -8.2000000   -0.0429674
  -8.1800000   -0.0499690
  -8.1600000   -0.0566020
  -8.1400000   -0.0627944
  -8.1200000   -0.0684798
  -8.1000000   -0.0735916
  -8.0800000   -0.0780610
  -8.0600000   -0.0818166
  -8.0400000   -0.0847874
  -8.0200000   -0.0869083
  -8.0000000   -0.0881258
  -7.9800000   -0.0884057
  -7.9600000   -0.0877388
  -7.9400000   -0.0861454
  -7.9200000   -0.0836770
  -7.9000000   -0.0804156
  -7.8800000   -0.0764695
  -7.8600000   -0.0719675
  -7.8400000   -0.0670507
  -7.8200000   -0.0618639
  -7.8000000   -0.0565468
  -7.7800000   -0.0512271
  -7.7600000   -0.0460144
  -7.7400000   -0.0409967
  -7.7200000   -0.0362390
  -7.7000000   -0.0317846
  -7.6800000   -0.0276569
  -7.6600000   -0.0238634
  -7.6400000   -0.0203999
  -7.6200000   -0.0172539
  -7.6000000   -0.0144087
  -7.5800000   -0.0118457
  -7.5600000   -0.0095459
  -7.5400000   -0.0074907
  -7.5200000   -0.0056619
  -7.5000000   -0.0040407
  -7.4800000   -0.0026077
  -7.4600000   -0.0013419
  -7.4400000   -0.0002208
  -7.4200000    0.0007794
  -7.4000000    0.0016829
  -7.3800000    0.0025132
  -7.3600000    0.0032916
  -7.3400000    0.0040361
  -7.3200000    0.0047605
  -7.3000000    0.0054742
  -7.2800000    0.0061821
  -7.2600000    0.0068855
  -7.2400000    0.0075833
  -7.2200000    0.0082733
  -7.2000000    0.0089532
  -7.1800000    0.0096220
  -7.1600000    0.0102795
  -7.1400000    0.0109268
  -7.1200000    0.0115651
  -7.1000000    0.0121949
  -7.0800000    0.0128142
  -7.0600000    0.0134181
  -7.0400000    0.0139975
  -7.0200000    0.0145395
  -7.0000000    0.0150277
  -6.9800000    0.0154438
  -6.9600000    0.0157693
  -6.9400000    0.0159878
  -6.9200000    0.0160873
  -6.9000000    0.0160622
  -6.8800000    0.0159148
  -6.8600000    0.0156562
  -6.8400000    0.0153060
  -6.8200000    0.0148918
  -6.8000000    0.0144462
  -6.7800000    0.0140048
  -6.7600000    0.0136018
  -6.7400000    0.0132661
  -6.7200000    0.0130169
  -6.7000000    0.0128595
  -6.6800000    0.0127820
  -6.6600000    0.0127531
  -6.6400000    0.0127211
  -6.6200000    0.0126152
  -6.6000000    0.0123481
  -6.5800000    0.0118208
  -6.5600000    0.0109284
  -6.5400000    0.0095676
  -6.5200000    0.0076435
  -6.5000000    0.0050773
  -6.4800000    0.0018122
  -6.4600000   -0.0021814
  -6.4400000   -0.0069038
  -6.4200000   -0.0123248
  -6.4000000   -0.0183861
  -6.3800000   -0.0250045
  -6.3600000   -0.0320783
  -6.3400000   -0.0394936
  -6.3200000   -0.0471317
  -6.3000000   -0.0548765
  -6.2800000   -0.0626206
  -6.2600000   -0.0702703
  -6.2400000   -0.0777483
  -6.2200000   -0.0849952
  -6.2000000   -0.0919686
  -6.1800000   -0.0986403
  -6.1600000   -0.1049925
  -6.1400000   -0.1110130
  -6.1200000   -0.1166896
  -6.1000000   -0.1220048
  -6.0800000   -0.1269304
  -6.0600000   -0.1314232
  -6.0400000   -0.1354225
  -6.0200000   -0.1388485
  -6.0000000   -0.1416035
  -5.9800000   -0.1435759
  -5.9600000   -0.1446456
  -5.9400000   -0.1446922
  -5.9200000   -0.1436036
  -5.9000000   -0.1412857
  -5.8800000   -0.1376705
  -5.8600000   -0.1327230
  -5.8400000   -0.1264459
  -5.8200000   -0.1188832
  -5.8000000   -0.1101212
  -5.7800000   -0.1002910
  -5.7600000   -0.0895705
  -5.7400000   -0.0781872
  -5.7200000   -0.0664225
  -5.7000000   -0.0546146
  -5.6800000   -0.0431576
  -5.6600000   -0.0324963
  -5.6400000   -0.0231119
  -5.6200000   -0.0154984
  -5.6000000   -0.0101295
  -5.5800000   -0.0074186
  -5.5600000   -0.0076739
  -5.5400000   -0.0110569
  -5.5200000   -0.0175464
  -5.5000000   -0.0269166
  -5.4800000   -0.0387312
  -5.4600000   -0.0523562
  -5.4400000   -0.0669914
  -5.4200000   -0.0817176
  -5.4000000   -0.0955552
  -5.3800000   -0.1075297
  -5.3600000   -0.1167380
  -5.3400000   -0.1224106
  -5.3200000   -0.1239660
  -5.3000000   -0.1210531
  -5.2800000   -0.1135798
  -5.2600000   -0.1017258
  -5.2400000   -0.0859387
  -5.2200000   -0.0669120
  -5.2000000   -0.0455473
  -5.1800000   -0.0228994
  -5.1600000   -0.0001094
  -5.1400000    0.0216710
  -5.1200000    0.0413592
  -5.1000000    0.0580167
  -5.0800000    0.0709144
  -5.0600000    0.0795806
  -5.0400000    0.0838276
  -5.0200000    0.0837537
  -5.0000000    0.0797205
  -4.9800000    0.0723092
  -4.9600000    0.0622607
  -4.9400000    0.0504062
  -4.9200000    0.0375962
  -4.9000000    0.0246353
  -4.8800000    0.0122278
  -4.8600000    0.0009394
  -4.8400000   -0.0088247
  -4.8200000   -0.0168242
  -4.8000000   -0.0229739
  -4.7800000   -0.0273224
  -4.7600000   -0.0300235
  -4.7400000   -0.0313047
  -4.7200000   -0.0314350
  -4.7000000   -0.0306970
  -4.6800000   -0.0293629
  -4.6600000   -0.0276776
  -4.6400000   -0.0258470
  -4.6200000   -0.0240327
  -4.6000000   -0.0223509
  -4.5800000   -0.0208759
  -4.5600000   -0.0196450
  -4.5400000   -0.0186649
  -4.5200000   -0.0179195
  -4.5000000   -0.0173759
  -4.4800000   -0.0169914
  -4.4600000   -0.0167179
  -4.4400000   -0.0165071
  -4.4200000   -0.0163140
  -4.4000000   -0.0160998
  -4.3800000   -0.0158342
  -4.3600000   -0.0154977
  -4.3400000   -0.0150819
  -4.3200000   -0.0145908
  -4.3000000   -0.0140392
  -4.2800000   -0.0134521
  -4.2600000   -0.0128617
  -4.2400000   -0.0123047
  -4.2200000   -0.0118180
  -4.2000000   -0.0114354
  -4.1800000   -0.0111833
  -4.1600000   -0.0110775
  -4.1400000   -0.0111216
  -4.1200000   -0.0113053
  -4.1000000   -0.0116053
  -4.0800000   -0.0119869
  -4.0600000   -0.0124076
  -4.0400000   -0.0128204
  -4.0200000   -0.0131788
  -4.0000000   -0.0134409
  -3.9800000   -0.0135731
  -3.9600000   -0.0135534
  -3.9400000   -0.0133723
  -3.9200000   -0.0130334
  -3.9000000   -0.0125520
  -3.8800000   -0.0119529
  -3.8600000   -0.0112669
  -3.8400000   -0.0105280
  -3.8200000   -0.0097694
  -3.8000000   -0.0090208
  -3.7800000   -0.0083060
  -3.7600000   -0.0076415
  -3.7400000   -0.0070359
  -3.7200000   -0.0064900
  -3.7000000   -0.0059975
  -3.6800000   -0.0055469
  -3.6600000   -0.0051225
  -3.6400000   -0.0047067
  -3.6200000   -0.0042817
  -3.6000000   -0.0038309
  -3.5800000   -0.0033407
  -3.5600000   -0.0028018
  -3.5400000   -0.0022094
  -3.5200000   -0.0015647
  -3.5000000   -0.0008743
  -3.4800000   -0.0001504
  -3.4600000    0.0005895
  -3.4400000    0.0013234
  -3.4200000    0.0020260
  -3.4000000    0.0026695
  -3.3800000    0.0032254
  -3.3600000    0.0036654
  -3.3400000    0.0039637
  -3.3200000    0.0040987
  -3.3000000    0.0040544
  -3.2800000    0.0038233
  -3.2600000    0.0034081
  -3.2400000    0.0028244
  -3.2200000    0.0021032
  -3.2000000    0.0012930
  -3.1800000    0.0004623
  -3.1600000   -0.0002997
  -3.1400000   -0.0008830
  -3.1200000   -0.0011587
  -3.1000000   -0.0009830
  -3.0800000   -0.0002047
  -3.0600000    0.0013259
  -3.0400000    0.0037450
  -3.0200000    0.0071625
  -3.0000000    0.0116480
  -2.9800000    0.0172193
  -2.9600000    0.0238334
  -2.9400000    0.0313816
  -2.9200000    0.0396912
  -2.9000000    0.0485327
  -2.8800000    0.0576328
  -2.8600000    0.0666923
  -2.8400000    0.0754066
  -2.8200000    0.0834870
  -2.8000000    0.0906798
  -2.7800000    0.0967817
  -2.7600000    0.1016492
  -2.7400000    0.1052025
  -2.7200000    0.1074233
  -2.7000000    0.1083480
  -2.6800000    0.1080576
  -2.6600000    0.1066668
  -2.6400000    0.1043135
  -2.6200000    0.1011496
  -2.6000000    0.0973344
  -2.5800000    0.0930303
  -2.5600000    0.0883999
  -2.5400000    0.0836039
  -2.5200000    0.0787993
  -2.5000000    0.0741375
  -2.4800000    0.0697619
  -2.4600000    0.0658056
  -2.4400000    0.0623899
  -2.4200000    0.0596244
  -2.4000000    0.0576080
  -2.3800000    0.0564328
  -2.3600000    0.0561875
  -2.3400000    0.0569619
  -2.3200000    0.0588488
  -2.3000000    0.0619436
  -2.2800000    0.0663401
  -2.2600000    0.0721218
  -2.2400000    0.0793493
  -2.2200000    0.0880458
  -2.2000000    0.0981817
  -2.1800000    0.1096608
  -2.1600000    0.1223112
  -2.1400000    0.1358821
  -2.1200000    0.1500477
  -2.1000000    0.1644187
  -2.0800000    0.1785607
  -2.0600000    0.1920178
  -2.0400000    0.2043381
  -2.0200000    0.2151011
  -2.0000000    0.2239409
  -1.9800000    0.2305674
  -1.9600000    0.2347801
  -1.9400000    0.2364775
  -1.9200000    0.2356592
  -1.9000000    0.2324233
  -1.8800000    0.2269588
  -1.8600000    0.2195342
  -1.8400000    0.2104829
  -1.8200000    0.2001860
  -1.8000000    0.1890532
  -1.7800000    0.1775020
  -1.7600000    0.1659370
  -1.7400000    0.1547288
  -1.7200000    0.1441948
  -1.7000000    0.1345827
  -1.6800000    0.1260591
  -1.6600000    0.1187024
  -1.6400000    0.1125026
  -1.6200000    0.1073674
  -1.6000000    0.1031351
  -1.5800000    0.0995915
  -1.5600000    0.0964931
  -1.5400000    0.0935907
  -1.5200000    0.0906550
  -1.5000000    0.0874997
  -1.4800000    0.0840015
  -1.4600000    0.0801134
  -1.4400000    0.0758720
  -1.4200000    0.0713953
  -1.4000000    0.0668725
  -1.3800000    0.0625463
  -1.3600000    0.0586888
  -1.3400000    0.0555733
  -1.3200000    0.0534461
  -1.3000000    0.0525001
  -1.2800000    0.0528532
  -1.2600000    0.0545345
  -1.2400000    0.0574781
  -1.2200000    0.0615266
  -1.2000000    0.0664416
  -1.1800000    0.0719219
  -1.1600000    0.0776256
  -1.1400000    0.0831957
  -1.1200000    0.0882865
  -1.1000000    0.0925880
  -1.0800000    0.0958485
  -1.0600000    0.0978919
  -1.0400000    0.0986298
  -1.0200000    0.0980666
  -1.0000000    0.0962977
  -0.9800000    0.0935003
  -0.9600000    0.0899171
  -0.9400000    0.0858360
  -0.9200000    0.0815652
  -0.9000000    0.0774085
  -0.8800000    0.0736419
  -0.8600000    0.0704952
  -0.8400000    0.0681385
  -0.8200000    0.0666771
  -0.8000000    0.0661532
  -0.7800000    0.0665538
  -0.7600000    0.0678240
  -0.7400000    0.0698829
  -0.7200000    0.0726402
  -0.7000000    0.0760106
  -0.6800000    0.0799265
  -0.6600000    0.0843450
  -0.6400000    0.0892510
  -0.6200000    0.0946560
  -0.6000000    0.1005925
  -0.5800000    0.1071057
  -0.5600000    0.1142430
  -0.5400000    0.1220435
  -0.5200000    0.1305266
  -0.5000000    0.1396839
  -0.4800000    0.1494722
  -0.4600000    0.1598123
  -0.4400000    0.1705913
  -0.4200000    0.1816720
  -0.4000000    0.1929055
  -0.3800000    0.2041501
  -0.3600000    0.2152899
  -0.3400000    0.2262532
  -0.3200000    0.2370263
  -0.3000000    0.2476574
  -0.2800000    0.2582513
  -0.2600000    0.2689514
  -0.2400000    0.2799100
  -0.2200000    0.2912520
  -0.2000000    0.3030343
  -0.1800000    0.3152094
  -0.1600000    0.3275984
  -0.1400000    0.3398792
  -0.1200000    0.3515938
  -0.1000000    0.3621757
  -0.0800000    0.3709940
  -0.0600000    0.3774116
  -0.0400000    0.3808473
  -0.0200000    0.3808362
   0.0000000    0.3770786
   0.0200000    0.3694725
   0.0400000    0.3581243
   0.0600000    0.3433385
   0.0800000    0.3255873
   0.1000000    0.3054656
   0.1200000    0.2836384
   0.1400000    0.2607859
   0.1600000    0.2375549
   0.1800000    0.2145194
   0.2000000    0.1921546
   0.2200000    0.1708248
   0.2400000    0.1507839
   0.2600000    0.1321858
   0.2800000    0.1151025
   0.3000000    0.0995445
   0.3200000    0.0854823
   0.3400000    0.0728658
   0.3600000    0.0616392
   0.3800000    0.0517520
   0.4000000    0.0431654
   0.4200000    0.0358539
   0.4400000    0.0298037
   0.4600000    0.0250080
   0.4800000    0.0214606
   0.5000000    0.0191473
   0.5200000    0.0180380
   0.5400000    0.0180776
   0.5600000    0.0191795
   0.5800000    0.0212196
   0.6000000    0.0240350
   0.6200000    0.0274244
   0.6400000    0.0311544
   0.6600000    0.0349687
   0.6800000    0.0386020
   0.7000000    0.0417950
   0.7200000    0.0443119
   0.7400000    0.0459557
   0.7600000    0.0465816
   0.7800000    0.0461049
   0.8000000    0.0445042
   0.8200000    0.0418190
   0.8400000    0.0381412
   0.8600000    0.0336032
   0.8800000    0.0283641
   0.9000000    0.0225952
   0.9200000    0.0164676
   0.9400000    0.0101428
   0.9600000    0.0037670
   0.9800000   -0.0025302
   1.0000000   -0.0086338
   1.0200000   -0.0144402
   1.0400000   -0.0198520
   1.0600000   -0.0247747
   1.0800000   -0.0291149
   1.1000000   -0.0327814
   1.1200000   -0.0356893
   1.1400000   -0.0377660
   1.1600000   -0.0389594
   1.1800000   -0.0392454
   1.2000000   -0.0386346
   1.2200000   -0.0371761
   1.2400000   -0.0349582
   1.2600000   -0.0321039
   1.2800000   -0.0287637
   1.3000000   -0.0251041
   1.3200000   -0.0212944
   1.3400000   -0.0174925
   1.3600000   -0.0138308
   1.3800000   -0.0104048
   1.4000000   -0.0072645
   1.4200000   -0.0044091
   1.4400000   -0.0017870
   1.4600000    0.0007011
   1.4800000    0.0031949
   1.5000000    0.0058630
   1.5200000    0.0088900
   1.5400000    0.0124601
   1.5600000    0.0167400
   1.5800000    0.0218609
   1.6000000    0.0279007
   1.6200000    0.0348678
   1.6400000    0.0426877
   1.6600000    0.0511942
   1.6800000    0.0601269
   1.7000000    0.0691357
   1.7200000    0.0777946
   1.7400000    0.0856238
   1.7600000    0.0921196
   1.7800000    0.0967900
   1.8000000    0.0991934
   1.8200000    0.0989769
   1.8400000    0.0959094
   1.8600000    0.0899066
   1.8800000    0.0810460
   1.9000000    0.0695676
   1.9200000    0.0558624
   1.9400000    0.0404492
   1.9600000    0.0239397
   1.9800000    0.0069988
   2.0000000   -0.0097003
   2.0200000   -0.0255197
   2.0400000   -0.0398967
   2.0600000   -0.0523777
   2.0800000   -0.0626423
   2.1000000   -0.0705169
   2.1200000   -0.0759784
   2.1400000   -0.0791452
   2.1600000   -0.0802605
   2.1800000   -0.0796660
   2.2000000   -0.0777716
   2.2200000   -0.0750212
   2.2400000   -0.0718591
   2.2600000   -0.0686990
   2.2800000   -0.0658972
   2.3000000   -0.0637331
   2.3200000   -0.0623965
   2.3400000   -0.0619829
   2.3600000   -0.0624959
   2.3800000   -0.0638569
   2.4000000   -0.0659186
   2.4200000   -0.0684838
   2.4400000   -0.0713249
   2.4600000   -0.0742033
   2.4800000   -0.0768884
   2.5000000   -0.0791724
   2.5200000   -0.0808829
   2.5400000   -0.0818896
   2.5600000   -0.0821086
   2.5800000   -0.0815017
   2.6000000   -0.0800731
   2.6200000   -0.0778640
   2.6400000   -0.0749456
   2.6600000   -0.0714118
   2.6800000   -0.0673716
   2.7000000   -0.0629427
   2.7200000   -0.0582455
   2.7400000   -0.0533988
   2.7600000   -0.0485166
   2.7800000   -0.0437061
   2.8000000   -0.0390673
   2.8200000   -0.0346935
   2.8400000   -0.0306726
   2.8600000   -0.0270895
   2.8800000   -0.0240276
   2.9000000   -0.0215715
   2.9200000   -0.0198082
   2.9400000   -0.0188280
   2.9600000   -0.0187245
   2.9800000   -0.0195935
   3.0000000   -0.0215308
   3.0200000   -0.0246291
   3.0400000   -0.0289735
   3.0600000   -0.0346356
   3.0800000   -0.0416670
   3.1000000   -0.0500916
   3.1200000   -0.0598974
   3.1400000   -0.0710292
   3.1600000   -0.0833821
   3.1800000   -0.0967980
   3.2000000   -0.1110653
   3.2200000   -0.1259229
   3.2400000   -0.1410689
   3.2600000   -0.1561729
   3.2800000   -0.1708920
   3.3000000   -0.1848879
   3.3200000   -0.1978440
   3.3400000   -0.2094804
   3.3600000   -0.2195656
   3.3800000   -0.2279228
   3.4000000   -0.2344329
   3.4200000   -0.2390321
   3.4400000   -0.2417065
   3.4600000   -0.2424853
   3.4800000   -0.2414325
   3.5000000   -0.2386406
   3.5200000   -0.2342242
   3.5400000   -0.2283167
   3.5600000   -0.2210675
   3.5800000   -0.2126413
   3.6000000   -0.2032172
   3.6200000   -0.1929880
   3.6400000   -0.1821586
   3.6600000   -0.1709429
   3.6800000   -0.1595599
   3.7000000   -0.1482274
   3.7200000   -0.1371554
   3.7400000   -0.1265376
   3.7600000   -0.1165433
   3.7800000   -0.1073091
   3.8000000   -0.0989323
   3.8200000   -0.0914652
   3.8400000   -0.0849135
   3.8600000   -0.0792371
   3.8800000   -0.0743550
   3.9000000   -0.0701532
   3.9200000   -0.0664959
   3.9400000   -0.0632383
   3.9600000   -0.0602398
   3.9800000   -0.0573762
   4.0000000   -0.0545494
   4.0200000   -0.0516940
   4.0400000   -0.0487802
   4.0600000   -0.0458119
   4.0800000   -0.0428227
   4.1000000   -0.0398686
   4.1200000   -0.0370195
   4.1400000   -0.0343504
   4.1600000   -0.0319334
   4.1800000   -0.0298309
   4.2000000   -0.0280910
   4.2200000   -0.0267442
   4.2400000   -0.0258034
   4.2600000   -0.0252640
   4.2800000   -0.0251070
   4.3000000   -0.0253018
   4.3200000   -0.0258107
   4.3400000   -0.0265926
   4.3600000   -0.0276070
   4.3800000   -0.0288172
   4.4000000   -0.0301924
   4.4200000   -0.0317092
   4.4400000   -0.0333514
   4.4600000   -0.0351091
   4.4800000   -0.0369768
   4.5000000   -0.0389511
   4.5200000   -0.0410279
   4.5400000   -0.0431991
   4.5600000   -0.0454505
   4.5800000   -0.0477590
   4.6000000   -0.0500904
   4.6200000   -0.0523983
   4.6400000   -0.0546227
   4.6600000   -0.0566898
   4.6800000   -0.0585126
   4.7000000   -0.0599926
   4.7200000   -0.0610232
   4.7400000   -0.0614934
   4.7600000   -0.0612940
   4.7800000   -0.0603241
   4.8000000   -0.0584982
   4.8200000   -0.0557532
   4.8400000   -0.0520547
   4.8600000   -0.0474011
   4.8800000   -0.0418263
   4.9000000   -0.0353991
   4.9200000   -0.0282210
   4.9400000   -0.0204211
   4.9600000   -0.0121493
   4.9800000   -0.0035693
   5.0000000    0.0051497
   5.0200000    0.0138405
   5.0400000    0.0223444
   5.0600000    0.0305170
   5.0800000    0.0382323
   5.1000000    0.0453859
   5.1200000    0.0518963
   5.1400000    0.0577067
   5.1600000    0.0627843
   5.1800000    0.0671201
   5.2000000    0.0707277
   5.2200000    0.0736416
   5.2400000    0.0759145
   5.2600000    0.0776141
   5.2800000    0.0788189
   5.3000000    0.0796134
   5.3200000    0.0800827
   5.3400000    0.0803067
   5.3600000    0.0803554
   5.3800000    0.0802842
   5.4000000    0.0801318
   5.4200000    0.0799199
   5.4400000    0.0796553
   5.4600000    0.0793355
   5.4800000    0.0789551
   5.5000000    0.0785149
   5.5200000    0.0780308
   5.5400000    0.0775422
   5.5600000    0.0771177
   5.5800000    0.0768574
   5.6000000    0.0768909
   5.6200000    0.0773693
   5.6400000    0.0784529
   5.6600000    0.0802938
   5.6800000    0.0830155
   5.7000000    0.0866913
   5.7200000    0.0913245
   5.7400000    0.0968327
   5.7600000    0.1030392
   5.7800000    0.1096744
   5.8000000    0.1163866
   5.8200000    0.1227651
   5.8400000    0.1283713
   5.8600000    0.1327762
   5.8800000    0.1356007
   5.9000000    0.1365520
   5.9200000    0.1354536
   5.9400000    0.1322631
   5.9600000    0.1270770
   5.9800000    0.1201202
   6.0000000    0.1117236
   6.0200000    0.1022909
   6.0400000    0.0922613
   6.0600000    0.0820707
   6.0800000    0.0721180
   6.1000000    0.0627381
   6.1200000    0.0541862
   6.1400000    0.0466312
   6.1600000    0.0401602
   6.1800000    0.0347889
   6.2000000    0.0304780
   6.2200000    0.0271508
   6.2400000    0.0247097
   6.2600000    0.0230511
   6.2800000    0.0220753
   6.3000000    0.0216927
   6.3200000    0.0218269
   6.3400000    0.0224139
   6.3600000    0.0234006
   6.3800000    0.0247422
   6.4000000    0.0263999
   6.4200000    0.0283396
   6.4400000    0.0305313
   6.4600000    0.0329502
   6.4800000    0.0355773
   6.5000000    0.0384011
   6.5200000    0.0414186
   6.5400000    0.0446349
   6.5600000    0.0480626
   6.5800000    0.0517195
   6.6000000    0.0556251
   6.6200000    0.0597972
   6.6400000    0.0642471
   6.6600000    0.0689765
   6.6800000    0.0739738
   6.7000000    0.0792127
   6.7200000    0.0846519
   6.7400000    0.0902370
   6.7600000    0.0959034
   6.7800000    0.1015806
   6.8000000    0.1071977
   6.8200000    0.1126883
   6.8400000    0.1179954
   6.8600000    0.1230744
   6.8800000    0.1278955
   6.9000000    0.1324429
   6.9200000    0.1367129
   6.9400000    0.1407106
   6.9600000    0.1444455
   6.9800000    0.1479267
   7.0000000    0.1511595
   7.0200000    0.1541422
   7.0400000    0.1568653
   7.0600000    0.1593120
   7.0800000    0.1614590
   7.1000000    0.1632798
   7.1200000    0.1647464
   7.1400000    0.1658321
   7.1600000    0.1665131
   7.1800000    0.1667698
   7.2000000    0.1665870
   7.2200000    0.1659549
   7.2400000    0.1648686
   7.2600000    0.1633291
   7.2800000    0.1613425
   7.3000000    0.1589211
   7.3200000    0.1560832
   7.3400000    0.1528532
   7.3600000    0.1492615
   7.3800000    0.1453459
   7.4000000    0.1411513
   7.4200000    0.1367320
   7.4400000    0.1321532
   7.4600000    0.1274926
   7.4800000    0.1228416
   7.5000000    0.1183050
   7.5200000    0.1139982
   7.5400000    0.1100423
   7.5600000    0.1065560
   7.5800000    0.1036455
   7.6000000    0.1013934
   7.6200000    0.0998474
   7.6400000    0.0990109
   7.6600000    0.0988369
   7.6800000    0.0992258
   7.7000000    0.1000289
   7.7200000    0.1010561
   7.7400000    0.1020885
   7.7600000    0.1028930
   7.7800000    0.1032393
   7.8000000    0.1029160
   7.8200000    0.1017451
   7.8400000    0.0995934
   7.8600000    0.0963805
   7.8800000    0.0920823
   7.9000000    0.0867308
   7.9200000    0.0804100
   7.9400000    0.0732492
   7.9600000    0.0654142
   7.9800000    0.0570958
   8.0000000    0.0484992
   8.0200000    0.0398317
   8.0400000    0.0312922
   8.0600000    0.0230617
   8.0800000    0.0152954
   8.1000000    0.0081178
   8.1200000    0.0016201
   8.1400000   -0.0041393
   8.1600000   -0.0091324
   8.1800000   -0.0133568
   8.2000000   -0.0168297
   8.2200000   -0.0195819
   8.2400000   -0.0216523
   8.2600000   -0.0230827
   8.2800000   -0.0239155
   8.3000000   -0.0241916
   8.3200000   -0.0239510
   8.3400000   -0.0232339
   8.3600000   -0.0220825
   8.3800000   -0.0205426
   8.4000000   -0.0186660
   8.4200000   -0.0165106
   8.4400000   -0.0141404
   8.4600000   -0.0116251
   8.4800000   -0.0090384
   8.5000000   -0.0064556
   8.5200000   -0.0039522
   8.5400000   -0.0016014
   8.5600000    0.0005275
   8.5800000    0.0023711
   8.6000000    0.0038727
   8.6200000    0.0049833
   8.6400000    0.0056627
   8.6600000    0.0058793
   8.6800000    0.0056105
   8.7000000    0.0048423
   8.7200000    0.0035689
   8.7400000    0.0017912
   8.7600000   -0.0004844
   8.7800000   -0.0032483
   8.8000000   -0.0064895
   8.8200000   -0.0101989
   8.8400000   -0.0143711
   8.8600000   -0.0190068
   8.8800000   -0.0241135
   8.9000000   -0.0297054
   8.9200000   -0.0358011
   8.9400000   -0.0424189
   8.9600000   -0.0495706
   8.9800000   -0.0572523
   9.0000000   -0.0654348
   9.0200000   -0.0740539
   9.0400000   -0.0830024
   9.0600000   -0.0921256
   9.0800000   -0.1012215
   9.1000000   -0.1100482
   9.1200000   -0.1183362
   9.1400000   -0.1258076
   9.1600000   -0.1321975
   9.1800000   -0.1372776
   9.2000000   -0.1408769
   9.2200000   -0.1428967
   9.2400000   -0.1433188
   9.2600000   -0.1422043
   9.2800000   -0.1396841
   9.3000000   -0.1359421
   9.3200000   -0.1311947
   9.3400000   -0.1256692
   9.3600000   -0.1195843
   9.3800000   -0.1131361
   9.4000000   -0.1064897
   9.4200000   -0.0997774
   9.4400000   -0.0931030
   9.4600000   -0.0865482
   9.4800000   -0.0801822
   9.5000000   -0.0740687
   9.5200000   -0.0682721
   9.5400000   -0.0628591
   9.5600000   -0.0578978
   9.5800000   -0.0534541
   9.6000000   -0.0495861
   9.6200000   -0.0463381
   9.6400000   -0.0437362
   9.6600000   -0.0417840
   9.6800000   -0.0404626
   9.7000000   -0.0397308
   9.7200000   -0.0395293
   9.7400000   -0.0397855
   9.7600000   -0.0404201
   9.7800000   -0.0413531
   9.8000000   -0.0425103
   9.8200000   -0.0438278
   9.8400000   -0.0452554
   9.8600000   -0.0467572
   9.8800000   -0.0483106
   9.9000000   -0.0499040
   9.9200000   -0.0515318
   9.9400000   -0.0531905
   9.9600000   -0.0548738
   9.9800000   -0.0565685
  10.0000000   -0.0582526
  10.0200000   -0.0598934
  10.0400000   -0.0614486
  10.0600000   -0.0628673
  10.0800000   -0.0640926
  10.1000000   -0.0650647
  10.1200000   -0.0657239
  10.1400000   -0.0660135
  10.1600000   -0.0658829
  10.1800000   -0.0652903
  10.2000000   -0.0642044
  10.2200000   -0.0626070
  10.2400000   -0.0604945
  10.2600000   -0.0578790
  10.2800000   -0.0547896
  10.3000000   -0.0512719
  10.3200000   -0.0473878
  10.3400000   -0.0432137
  10.3600000   -0.0388392
  10.3800000   -0.0343635
  10.4000000   -0.0298927
  10.4200000   -0.0255368
  10.4400000   -0.0214053
  10.4600000   -0.0176046
  10.4800000   -0.0142345
  10.5000000   -0.0113848
  10.5200000   -0.0091329
  10.5400000   -0.0075405
  10.5600000   -0.0066509
  10.5800000   -0.0064868
  10.6000000   -0.0070479
  10.6200000   -0.0083087
  10.6400000   -0.0102179
  10.6600000   -0.0126977
  10.6800000   -0.0156441
  10.7000000   -0.0189292
  10.7200000   -0.0224034
  10.7400000   -0.0258993
  10.7600000   -0.0292368
  10.7800000   -0.0322287
  10.8000000   -0.0346875
  10.8200000   -0.0364339
  10.8400000   -0.0373061
  10.8600000   -0.0371706
  10.8800000   -0.0359342
  10.9000000   -0.0335554
  10.9200000   -0.0300563
  10.9400000   -0.0255300
  10.9600000   -0.0201454
  10.9800000   -0.0141441
  11.0000000   -0.0078312
  11.0200000   -0.0015570
  11.0400000    0.0043075
  11.0600000    0.0094003
  11.0800000    0.0134009
  11.1000000    0.0160593
  11.1200000    0.0172206
  11.1400000    0.0168397
  11.1600000    0.0149847
  11.1800000    0.0118285
  11.2000000    0.0076295
  11.2200000    0.0027049
  11.2400000   -0.0026010
  11.2600000   -0.0079485
  11.2800000   -0.0130297
  11.3000000   -0.0175900
  11.3200000   -0.0214411
  11.3400000   -0.0244647
  11.3600000   -0.0266102
  11.3800000   -0.0278853
  11.4000000   -0.0283445
  11.4200000   -0.0280754
  11.4400000   -0.0271865
  11.4600000   -0.0257968
  11.4800000   -0.0240276
  11.5000000   -0.0219972
  11.5200000   -0.0198167
  11.5400000   -0.0175885
  11.5600000   -0.0154037
  11.5800000   -0.0133419
  11.6000000   -0.0114690
  11.6200000   -0.0098363
  11.6400000   -0.0084796
  11.6600000   -0.0074183
  11.6800000   -0.0066558
  11.7000000   -0.0061806
  11.7200000   -0.0059687
  11.7400000   -0.0059864
  11.7600000   -0.0061939
  11.7800000   -0.0065496
  11.8000000   -0.0070131
  11.8200000   -0.0075484
  11.8400000   -0.0081263
  11.8600000   -0.0087249
  11.8800000   -0.0093301
  11.9000000   -0.0099341
  11.9200000   -0.0105340
  11.9400000   -0.0111297
  11.9600000   -0.0117216
  11.9800000   -0.0123090
  12.0000000   -0.0128886
  12.0200000   -0.0134542
  12.0400000   -0.0139967
  12.0600000   -0.0145048
  12.0800000   -0.0149672
  12.1000000   -0.0153736
  12.1200000   -0.0157165
  12.1400000   -0.0159925
  12.1600000   -0.0162027
  12.1800000   -0.0163521
  12.2000000   -0.0164483
  12.2200000   -0.0164992
  12.2400000   -0.0165101
  12.2600000   -0.0164813
  12.2800000   -0.0164056
  12.3000000   -0.0162672
  12.3200000   -0.0160413
  12.3400000   -0.0156951
  12.3600000   -0.0151909
  12.3800000   -0.0144887
  12.4000000   -0.0135505
  12.4200000   -0.0123442
  12.4400000   -0.0108463
  12.4600000   -0.0090449
  12.4800000   -0.0069402
  12.5000000   -0.0045456
  12.5200000   -0.0018859
  12.5400000    0.0010035
  12.5600000    0.0040782
  12.5800000    0.0072868
  12.6000000    0.0105717
  12.6200000    0.0138711
  12.6400000    0.0171191
  12.6600000    0.0202475
  12.6800000    0.0231873
  12.7000000    0.0258712
  12.7200000    0.0282364
  12.7400000    0.0302285
  12.7600000    0.0318055
  12.7800000    0.0329418
  12.8000000    0.0336314
  12.8200000    0.0338894
  12.8400000    0.0337524
  12.8600000    0.0332763
  12.8800000    0.0325330
  12.9000000    0.0316042
  12.9200000    0.0305763
  12.9400000    0.0295331
  12.9600000    0.0285505
  12.9800000    0.0276914
  13.0000000    0.0270033
  13.0200000    0.0265163
  13.0400000    0.0262438
  13.0600000    0.0261841
  13.0800000    0.0263233
  13.1000000    0.0266375
  13.1200000    0.0270965
  13.1400000    0.0276657
  13.1600000    0.0283083
  13.1800000    0.0289867
  13.2000000    0.0296629
  13.2200000    0.0302987
  13.2400000    0.0308566
  13.2600000    0.0312988
  13.2800000    0.0315878
  13.3000000    0.0316869
  13.3200000    0.0315600
  13.3400000    0.0311730
  13.3600000    0.0304944
  13.3800000    0.0294962
  13.4000000    0.0281559
  13.4200000    0.0264573
  13.4400000    0.0243924
  13.4600000    0.0219626
  13.4800000    0.0191804
  13.5000000    0.0160700
  13.5200000    0.0126684
  13.5400000    0.0090247
  13.5600000    0.0051998
  13.5800000    0.0012644
  13.6000000   -0.0027030
  13.6200000   -0.0066195
  13.6400000   -0.0104007
  13.6600000   -0.0139647
  13.6800000   -0.0172350
  13.7000000   -0.0201442
  13.7200000   -0.0226366
  13.7400000   -0.0246700
  13.7600000   -0.0262181
  13.7800000   -0.0272708
  13.8000000   -0.0278353
  13.8200000   -0.0279356
  13.8400000   -0.0276113
  13.8600000   -0.0269167
  13.8800000   -0.0259175
  13.9000000   -0.0246882
  13.9200000   -0.0233082
  13.9400000   -0.0218572
  13.9600000   -0.0204115
  13.9800000   -0.0190397
  14.0000000   -0.0177999
  14.0200000   -0.0167365
  14.0400000   -0.0158799
  14.0600000   -0.0152458
  14.0800000   -0.0148363
  14.1000000   -0.0146419
  14.1200000   -0.0146437
  14.1400000   -0.0148156
  14.1600000   -0.0151275
  14.1800000   -0.0155469
  14.2000000   -0.0160409
  14.2200000   -0.0165770
  14.2400000   -0.0171241
  14.2600000   -0.0176524
  14.2800000   -0.0181336
  14.3000000   -0.0185404
  14.3200000   -0.0188470
  14.3400000   -0.0190290
  14.3600000   -0.0190643
  14.3800000   -0.0189343
  14.4000000   -0.0186253
  14.4200000   -0.0181299
  14.4400000   -0.0174487
  14.4600000   -0.0165905
  14.4800000   -0.0155730
  14.5000000   -0.0144211
  14.5200000   -0.0131654
  14.5400000   -0.0118390
  14.5600000   -0.0104740
  14.5800000   -0.0090983
  14.6000000   -0.0077321
  14.6200000   -0.0063868
  14.6400000   -0.0050634
  14.6600000   -0.0037550
  14.6800000   -0.0024486
  14.7000000   -0.0011298
  14.7200000    0.0002127
  14.7400000    0.0015815
  14.7600000    0.0029668
  14.7800000    0.0043432
  14.8000000    0.0056689
  14.8200000    0.0068865
  14.8400000    0.0079273
  14.8600000    0.0087163
  14.8800000    0.0091797
  14.9000000    0.0092528
  14.9200000    0.0088882
  14.9400000    0.0080627
  14.9600000    0.0067831
  14.9800000    0.0050895
  15.0000000    0.0030556
  15.0200000    0.0007860
  15.0400000   -0.0015893
  15.0600000   -0.0039241
  15.0800000   -0.0060669
  15.1000000   -0.0078742
  15.1200000   -0.0092241
  15.1400000   -0.0100302
  15.1600000   -0.0102531
  15.1800000   -0.0099102
  15.2000000   -0.0090811
  15.2200000   -0.0079086
  15.2400000   -0.0065946
  15.2600000   -0.0053906
  15.2800000   -0.0045838
  15.3000000   -0.0044775
  15.3200000   -0.0053694
  15.3400000   -0.0075267
  15.3600000   -0.0111610
  15.3800000   -0.0164046
  15.4000000   -0.0232899
  15.4200000   -0.0317347
  15.4400000   -0.0415348
  15.4600000   -0.0523667
  15.4800000   -0.0638008
  15.5000000   -0.0753251
  15.5200000   -0.0863789
  15.5400000   -0.0963934
  15.5600000   -0.1048359
  15.5800000   -0.1112531
  15.6000000   -0.1153086
  15.6200000   -0.1168104
  15.6400000   -0.1157244
  15.6600000   -0.1121743
  15.6800000   -0.1064250
  15.7000000   -0.0988551
  15.7200000   -0.0899193
  15.7400000   -0.0801074
  15.7600000   -0.0699040
  15.7800000   -0.0597525
  15.8000000   -0.0500290
  15.8200000   -0.0410245
  15.8400000   -0.0329392
  15.8600000   -0.0258849
  15.8800000   -0.0198956
  15.9000000   -0.0149424
  15.9200000   -0.0109497
  15.9400000   -0.0078122
  15.9600000   -0.0054077
  15.9800000   -0.0036080
  16.0000000   -0.0022843
  16.0200000   -0.0013098
  16.0400000   -0.0005585
  16.0600000    0.0000979
  16.0800000    0.0007937
  16.1000000    0.0016724
  16.1200000    0.0028882
  16.1400000    0.0046043
  16.1600000    0.0069885
  16.1800000    0.0102042
  16.2000000    0.0143989
  16.2200000    0.0196899
  16.2400000    0.0261488
  16.2600000    0.0337871
  16.2800000    0.0425439
  16.3000000    0.0522778
  16.3200000    0.0627648
  16.3400000    0.0737032
  16.3600000    0.0847253
  16.3800000    0.0954165
  16.4000000    0.1053391
  16.4200000    0.1140608
  16.4400000    0.1211844
  16.4600000    0.1263755
  16.4800000    0.1293878
  16.5000000    0.1300812
  16.5200000    0.1284322
  16.5400000    0.1245357
  16.5600000    0.1185975
  16.5800000    0.1109189
  16.6000000    0.1018743
  16.6200000    0.0918851
  16.6400000    0.0813920
  16.6600000    0.0708283
  16.6800000    0.0605976
  16.7000000    0.0510561
  16.7200000    0.0425023
  16.7400000    0.0351728
  16.7600000    0.0292438
  16.7800000    0.0248371
  16.8000000    0.0220284
  16.8200000    0.0208564
  16.8400000    0.0213299
  16.8600000    0.0234329
  16.8800000    0.0271265
  16.9000000    0.0323461
  16.9200000    0.0389973
  16.9400000    0.0469479
  16.9600000    0.0560208
  16.9800000    0.0659866
  17.0000000    0.0765589
  17.0200000    0.0873935
  17.0400000    0.0980925
  17.0600000    0.1082135
  17.0800000    0.1172853
  17.1000000    0.1248284
  17.1200000    0.1303800
  17.1400000    0.1335224
  17.1600000    0.1339116
  17.1800000    0.1313043
  17.2000000    0.1255811
  17.2200000    0.1167626
  17.2400000    0.1050161
  17.2600000    0.0906534
  17.2800000    0.0741165
  17.3000000    0.0559540
  17.3200000    0.0367889
  17.3400000    0.0172808
  17.3600000   -0.0019143
  17.3800000   -0.0201830
  17.4000000   -0.0369891
  17.4200000   -0.0519004
  17.4400000   -0.0646074
  17.4600000   -0.0749307
  17.4800000   -0.0828194
  17.5000000   -0.0883400
  17.5200000   -0.0916593
  17.5400000   -0.0930217
  17.5600000   -0.0927248
  17.5800000   -0.0910946
  17.6000000   -0.0884634
  17.6200000   -0.0851505
  17.6400000   -0.0814478
  17.6600000   -0.0776102
  17.6800000   -0.0738504
  17.7000000   -0.0703381
  17.7200000   -0.0672017
  17.7400000   -0.0645328
  17.7600000   -0.0623907
  17.7800000   -0.0608079
  17.8000000   -0.0597939
  17.8200000   -0.0593387
  17.8400000   -0.0594135
  17.8600000   -0.0599717
  17.8800000   -0.0609473
  17.9000000   -0.0622538
  17.9200000   -0.0637827
  17.9400000   -0.0654032
  17.9600000   -0.0669639
  17.9800000   -0.0682957
  18.0000000   -0.0692181
  18.0200000   -0.0695479
  18.0400000   -0.0691089
  18.0600000   -0.0677432
  18.0800000   -0.0653229
  18.1000000   -0.0617596
  18.1200000   -0.0570129
  18.1400000   -0.0510957
  18.1600000   -0.0440770
  18.1800000   -0.0360815
  18.2000000   -0.0272867
  18.2200000   -0.0179184
  18.2400000   -0.0082433
  18.2600000    0.0014400
  18.2800000    0.0108117
  18.3000000    0.0195444
  18.3200000    0.0273185
  18.3400000    0.0338389
  18.3600000    0.0388533
  18.3800000    0.0421690
  18.4000000    0.0436676
  18.4200000    0.0433155
  18.4400000    0.0411682
  18.4600000    0.0373676
  18.4800000    0.0321328
  18.5000000    0.0257439
  18.5200000    0.0185216
  18.5400000    0.0108043
  18.5600000    0.0029244
  18.5800000   -0.0048122
  18.6000000   -0.0121432
  18.6200000   -0.0188618
  18.6400000   -0.0248222
  18.6600000   -0.0299406
  18.6800000   -0.0341909
  18.7000000   -0.0375967
  18.7200000   -0.0402214
  18.7400000   -0.0421565
  18.7600000   -0.0435110
  18.7800000   -0.0443998
  18.8000000   -0.0449353
  18.8200000   -0.0452200
  18.8400000   -0.0453409
  18.8600000   -0.0453671
  18.8800000   -0.0453488
  18.9000000   -0.0453187
  18.9200000   -0.0452950
  18.9400000   -0.0452856
  18.9600000   -0.0452932
  18.9800000   -0.0453202
  19.0000000   -0.0453732
  19.0200000   -0.0454670
  19.0400000   -0.0456268
  19.0600000   -0.0458889
  19.0800000   -0.0463004
  19.1000000   -0.0469173
  19.1200000   -0.0478010
  19.1400000   -0.0490146
  19.1600000   -0.0506184
  19.1800000   -0.0526654
  19.2000000   -0.0551974
  19.2200000   -0.0582422
  19.2400000   -0.0618120
  19.2600000   -0.0659037
  19.2800000   -0.0705005
  19.3000000   -0.0755753
  19.3200000   -0.0810937
  19.3400000   -0.0870173
  19.3600000   -0.0933040
  19.3800000   -0.0999067
  19.4000000   -0.1067672
  19.4200000   -0.1138087
  19.4400000   -0.1209255
  19.4600000   -0.1279734
  19.4800000   -0.1347638
  19.5000000   -0.1410627
  19.5200000   -0.1465984
  19.5400000   -0.1510768
  19.5600000   -0.1542060
  19.5800000   -0.1557252
  19.6000000   -0.1554365
  19.6200000   -0.1532332
  19.6400000   -0.1491213
  19.6600000   -0.1432307
  19.6800000   -0.1358122
  19.7000000   -0.1272224
  19.7200000   -0.1178957
  19.7400000   -0.1083085
  19.7600000   -0.0989396
  19.7800000   -0.0902296
  19.8000000   -0.0825470
  19.8200000   -0.0761614
  19.8400000   -0.0712271
  19.8600000   -0.0677787
  19.8800000   -0.0657373
  19.9000000   -0.0649255
  19.9200000   -0.0650906
  19.9400000   -0.0659320
  19.9600000   -0.0671299
  19.9800000   -0.0683746
  20.0000000   -0.0693911
  20.0200000   -0.0699592
  20.0400000   -0.0699274
  20.0600000   -0.0692183
  20.0800000   -0.0678274
  20.1000000   -0.0658150
  20.1200000   -0.0632924
  20.1400000   -0.0604050
  20.1600000   -0.0573140
  20.1800000   -0.0541783
  20.2000000   -0.0511399
  20.2200000   -0.0483129
  20.2400000   -0.0457772
  20.2600000   -0.0435770
  20.2800000   -0.0417238
  20.3000000   -0.0402014
  20.3200000   -0.0389742
  20.3400000   -0.0379948
  20.3600000   -0.0372111
  20.3800000   -0.0365728
  20.4000000   -0.0360351
  20.4200000   -0.0355615
  20.4400000   -0.0351243
  20.4600000   -0.0347046
  20.4800000   -0.0342909
  20.5000000   -0.0338784
  20.5200000   -0.0334667
  20.5400000   -0.0330588
  20.5600000   -0.0326596
  20.5800000   -0.0322748
  20.6000000   -0.0319094
  20.6200000   -0.0315664
  20.6400000   -0.0312466
  20.6600000   -0.0309471
  20.6800000   -0.0306616
  20.7000000   -0.0303805
  20.7200000   -0.0300916
  20.7400000   -0.0297816
  20.7600000   -0.0294376
  20.7800000   -0.0290490
  20.8000000   -0.0286093
  20.8200000   -0.0281170
  20.8400000   -0.0275760
  20.8600000   -0.0269947
  20.8800000   -0.0263844
  20.9000000   -0.0257563
  20.9200000   -0.0251179
  20.9400000   -0.0244698
  20.9600000   -0.0238023
  20.9800000   -0.0230940
  21.0000000   -0.0223120
  21.0200000   -0.0214137
  21.0400000   -0.0203514
  21.0600000   -0.0190787
  21.0800000   -0.0175572
  21.1000000   -0.0157639
  21.1200000   -0.0136972
  21.1400000   -0.0113806
  21.1600000   -0.0088635
  21.1800000   -0.0062190
  21.2000000   -0.0035382
  21.2200000   -0.0009216
  21.2400000    0.0015305
  21.2600000    0.0037278
  21.2800000    0.0055994
  21.3000000    0.0071004
  21.3200000    0.0082154
  21.3400000    0.0089593
  21.3600000    0.0093738
  21.3800000    0.0095221
  21.4000000    0.0094812
  21.4200000    0.0093330
  21.4400000    0.0091569
  21.4600000    0.0090215
  21.4800000    0.0089802
  21.5000000    0.0090674
  21.5200000    0.0092975
  21.5400000    0.0096662
  21.5600000    0.0101535
  21.5800000    0.0107280
  21.6000000    0.0113526
  21.6200000    0.0119899
  21.6400000    0.0126090
  21.6600000    0.0131898
  21.6800000    0.0137286
  21.7000000    0.0142400
  21.7200000    0.0147582
  21.7400000    0.0153353
  21.7600000    0.0160373
  21.7800000    0.0169378
  21.8000000    0.0181100
  21.8200000    0.0196178
  21.8400000    0.0215069
  21.8600000    0.0237980
  21.8800000    0.0264817
  21.9000000    0.0295177
  21.9200000    0.0328372
  21.9400000    0.0363496
  21.9600000    0.0399516
  21.9800000    0.0435386
  22.0000000    0.0470174
  22.0200000    0.0503164
  22.0400000    0.0533954
  22.0600000    0.0562500
  22.0800000    0.0589135
  22.1000000    0.0614538
  22.1200000    0.0639664
  22.1400000    0.0665646
  22.1600000    0.0693681
  22.1800000    0.0724916
  22.2000000    0.0760345
  22.2200000    0.0800739
  22.2400000    0.0846621
  22.2600000    0.0898273
  22.2800000    0.0955794
  22.3000000    0.1019179
  22.3200000    0.1088422
  22.3400000    0.1163596
  22.3600000    0.1244918
  22.3800000    0.1332757
  22.4000000    0.1427602
  22.4200000    0.1529963
  22.4400000    0.1640239
  22.4600000    0.1758556
  22.4800000    0.1884616
  22.5000000    0.2017572
  22.5200000    0.2155963
  22.5400000    0.2297721
  22.5600000    0.2440265
  22.5800000    0.2580674
  22.6000000    0.2715920
  22.6200000    0.2843131
  22.6400000    0.2959869
  22.6600000    0.3064349
  22.6800000    0.3155597
  22.7000000    0.3233501
  22.7200000    0.3298744
  22.7400000    0.3352619
  22.7600000    0.3396747
  22.7800000    0.3432731
  22.8000000    0.3461796
  22.8200000    0.3484470
  22.8400000    0.3500360
  22.8600000    0.3508054
  22.8800000    0.3505198
  22.9000000    0.3488716
  22.9200000    0.3455166
  22.9400000    0.3401193
  22.9600000    0.3323988
  22.9800000    0.3221721
  23.0000000    0.3093864
  23.0200000    0.2941378
  23.0400000    0.2766727
  23.0600000    0.2573732
  23.0800000    0.2367296
  23.1000000    0.2153021
  23.1200000    0.1936791
  23.1400000    0.1724359
  23.1600000    0.1520978
  23.1800000    0.1331114
  23.2000000    0.1158249
  23.2200000    0.1004791
  23.2400000    0.0872058
  23.2600000    0.0760339
  23.2800000    0.0669013
  23.3000000    0.0596688
  23.3200000    0.0541370
  23.3400000    0.0500623
  23.3600000    0.0471735
  23.3800000    0.0451863
  23.4000000    0.0438182
  23.4200000    0.0428001
  23.4400000    0.0418881
  23.4600000    0.0408725
  23.4800000    0.0395857
  23.5000000    0.0379077
  23.5200000    0.0357686
  23.5400000    0.0331486
  23.5600000    0.0300752
  23.5800000    0.0266165
  23.6000000    0.0228728
  23.6200000    0.0189657
  23.6400000    0.0150263
  23.6600000    0.0111829
  23.6800000    0.0075508
  23.7000000    0.0042234
  23.7200000    0.0012662
  23.7400000   -0.0012855
  23.7600000   -0.0034255
  23.7800000   -0.0051734
  23.8000000   -0.0065682
  23.8200000   -0.0076610
  23.8400000   -0.0085079
  23.8600000   -0.0091625
  23.8800000   -0.0096712
  23.9000000   -0.0100702
  23.9200000   -0.0103843
  23.9400000   -0.0106284
  23.9600000   -0.0108108
  23.9800000   -0.0109369
  24.0000000   -0.0110139
  24.0200000   -0.0110547
  24.0400000   -0.0110801
  24.0600000   -0.0111204
  24.0800000   -0.0112143
  24.1000000   -0.0114069
  24.1200000   -0.0117456
  24.1400000   -0.0122762
  24.1600000   -0.0130380
  24.1800000   -0.0140599
  24.2000000   -0.0153575
  24.2200000   -0.0169313
  24.2400000   -0.0187663
  24.2600000   -0.0208330
  24.2800000   -0.0230900
  24.3000000   -0.0254866
  24.3200000   -0.0279666
  24.3400000   -0.0304724
  24.3600000   -0.0329494
  24.3800000   -0.0353498
  24.4000000   -0.0376365
  24.4200000   -0.0397867
  24.4400000   -0.0417946
  24.4600000   -0.0436729
  24.4800000   -0.0454532
  24.5000000   -0.0471851
  24.5200000   -0.0489333
  24.5400000   -0.0507736
  24.5600000   -0.0527875
  24.5800000   -0.0550563
  24.6000000   -0.0576555
  24.6200000   -0.0606489
  24.6400000   -0.0640851
  24.6600000   -0.0679953
  24.6800000   -0.0723924
  24.7000000   -0.0772724
  24.7200000   -0.0826168
  24.7400000   -0.0883961
  24.7600000   -0.0945727
  24.7800000   -0.1011040
  24.8000000   -0.1079445
  24.8200000   -0.1150468
  24.8400000   -0.1223610
  24.8600000   -0.1298340
  24.8800000   -0.1374071
  24.9000000   -0.1450140
  24.9200000   -0.1525786
  24.9400000   -0.1600130
  24.9600000   -0.1672164
  24.9800000   -0.1740750
  25.0000000   -0.1804631
  25.0200000   -0.1862460
  25.0400000   -0.1912834
  25.0600000   -0.1954350
  25.0800000   -0.1985670
  25.1000000   -0.2005585
  25.1200000   -0.2013091
  25.1400000   -0.2007454
  25.1600000   -0.1988269
  25.1800000   -0.1955505
  25.2000000   -0.1909535
  25.2200000   -0.1851146
  25.2400000   -0.1781528
  25.2600000   -0.1702248
  25.2800000   -0.1615199
  25.3000000   -0.1522533
  25.3200000   -0.1426577
  25.3400000   -0.1329734
  25.3600000   -0.1234376
  25.3800000   -0.1142732
  25.4000000   -0.1056773
  25.4200000   -0.0978123
  25.4400000   -0.0907980
  25.4600000   -0.0847072
  25.4800000   -0.0795651
  25.5000000   -0.0753528
  25.5200000   -0.0720150
  25.5400000   -0.0694707
  25.5600000   -0.0676281
  25.5800000   -0.0664002
  25.6000000   -0.0657224
  25.6200000   -0.0655687
  25.6400000   -0.0659670
  25.6600000   -0.0670107
  25.6800000   -0.0688665
  25.7000000   -0.0717765
  25.7200000   -0.0760523
  25.7400000   -0.0820625
  25.7600000   -0.0902099
  25.7800000   -0.1009004
  25.8000000   -0.1145049
  25.8200000   -0.1313143
  25.8400000   -0.1514942
  25.8600000   -0.1750414
  25.8800000   -0.2017490
  25.9000000   -0.2311849
  25.9200000   -0.2626881
  25.9400000   -0.2953863
  25.9600000   -0.3282357
  25.9800000   -0.3600802
  26.0000000   -0.3897282
  26.0200000   -0.4160381
  26.0400000   -0.4380069
  26.0600000   -0.4548516
  26.0800000   -0.4660771
  26.1000000   -0.4715212
  26.1200000   -0.4713747
  26.1400000   -0.4661714
  26.1600000   -0.4567487
  26.1800000   -0.4441832
  26.2000000   -0.4297043
  26.2200000   -0.4145945
  26.2400000   -0.4000847
  26.2600000   -0.3872529
  26.2800000   -0.3769375
  26.3000000   -0.3696712
  26.3200000   -0.3656432
  26.3400000   -0.3646926
  26.3600000   -0.3663352
  26.3800000   -0.3698188
  26.4000000   -0.3742037
  26.4200000   -0.3784577
  26.4400000   -0.3815579
  26.4600000   -0.3825856
  26.4800000   -0.3808079
  26.5000000   -0.3757348
  26.5200000   -0.3671494
  26.5400000   -0.3551097
  26.5600000   -0.3399234
  26.5800000   -0.3221029
  26.6000000   -0.3023065
  26.6200000   -0.2812751
  26.6400000   -0.2597720
  26.6600000   -0.2385306
  26.6800000   -0.2182145
  26.7000000   -0.1993912
  26.7200000   -0.1825170
  26.7400000   -0.1679314
  26.7600000   -0.1558575
  26.7800000   -0.1464049
  26.8000000   -0.1395750
  26.8200000   -0.1352650
  26.8400000   -0.1332742
  26.8600000   -0.1333117
  26.8800000   -0.1350085
  26.9000000   -0.1379346
  26.9200000   -0.1416208
  26.9400000   -0.1455857
  26.9600000   -0.1493651
  26.9800000   -0.1525404
  27.0000000   -0.1547648
  27.0200000   -0.1557823
  27.0400000   -0.1554389
  27.0600000   -0.1536842
  27.0800000   -0.1505640
  27.1000000   -0.1462053
  27.1200000   -0.1407954
  27.1400000   -0.1345589
  27.1600000   -0.1277339
  27.1800000   -0.1205514
  27.2000000   -0.1132180
  27.2200000   -0.1059050
  27.2400000   -0.0987425
  27.2600000   -0.0918187
  27.2800000   -0.0851847
  27.3000000   -0.0788612
  27.3200000   -0.0728487
  27.3400000   -0.0671369
  27.3600000   -0.0617139
  27.3800000   -0.0565739
  27.4000000   -0.0517214
  27.4200000   -0.0471731
  27.4400000   -0.0429562
  27.4600000   -0.0391047
  27.4800000   -0.0356530
  27.5000000   -0.0326294
  27.5200000   -0.0300493
  27.5400000   -0.0279104
  27.5600000   -0.0261888
  27.5800000   -0.0248396
  27.6000000   -0.0237988
  27.6200000   -0.0229884
  27.6400000   -0.0223242
  27.6600000   -0.0217225
  27.6800000   -0.0211092
  27.7000000   -0.0204253
  27.7200000   -0.0196322
  27.7400000   -0.0187132
  27.7600000   -0.0176729
  27.7800000   -0.0165336
  27.8000000   -0.0153303
  27.8200000   -0.0141045
  27.8400000   -0.0128971
  27.8600000   -0.0117431
  27.8800000   -0.0106666
  27.9000000   -0.0096782
  27.9200000   -0.0087743
  27.9400000   -0.0079382
  27.9600000   -0.0071424
  27.9800000   -0.0063526
  28.0000000   -0.0055320
  28.0200000   -0.0046449
  28.0400000   -0.0036608
  28.0600000   -0.0025562
  28.0800000   -0.0013159
  28.1000000    0.0000675
  28.1200000    0.0015953
  28.1400000    0.0032656
  28.1600000    0.0050769
  28.1800000    0.0070312
  28.2000000    0.0091369
  28.2200000    0.0114097
  28.2400000    0.0138718
  28.2600000    0.0165498
  28.2800000    0.0194694
  28.3000000    0.0226504
  28.3200000    0.0261004
  28.3400000    0.0298104
  28.3600000    0.0337523
  28.3800000    0.0378789
  28.4000000    0.0421284
  28.4200000    0.0464310
  28.4400000    0.0507185
  28.4600000    0.0549331
  28.4800000    0.0590366
  28.5000000    0.0630148
  28.5200000    0.0668788
  28.5400000    0.0706601
  28.5600000    0.0744020
  28.5800000    0.0781480
  28.6000000    0.0819281
  28.6200000    0.0857477
  28.6400000    0.0895799
  28.6600000    0.0933631
  28.6800000    0.0970043
  28.7000000    0.1003887
  28.7200000    0.1033930
  28.7400000    0.1058994
  28.7600000    0.1078103
  28.7800000    0.1090585
  28.8000000    0.1096131
  28.8200000    0.1094796
  28.8400000    0.1086960
  28.8600000    0.1073238
  28.8800000    0.1054386
  28.9000000    0.1031201
  28.9200000    0.1004448
  28.9400000    0.0974806
  28.9600000    0.0942860
  28.9800000    0.0909111
  29.0000000    0.0874010
  29.0200000    0.0838002
  29.0400000    0.0801559
  29.0600000    0.0765205
  29.0800000    0.0729522
  29.1000000    0.0695139
  29.1200000    0.0662702
  29.1400000    0.0632842
  29.1600000    0.0606137
  29.1800000    0.0583081
  29.2000000    0.0564058
  29.2200000    0.0549329
  29.2400000    0.0539035
  29.2600000    0.0533204
  29.2800000    0.0531767
  29.3000000    0.0534585
  29.3200000    0.0541471
  29.3400000    0.0552212
  29.3600000    0.0566586
  29.3800000    0.0584375
  29.4000000    0.0605363
  29.4200000    0.0629325
  29.4400000    0.0656014
  29.4600000    0.0685139
  29.4800000    0.0716342
  29.5000000    0.0749181
  29.5200000    0.0783123
  29.5400000    0.0817554
  29.5600000    0.0851795
  29.5800000    0.0885139
  29.6000000    0.0916896
  29.6200000    0.0946430
  29.6400000    0.0973199
  29.6600000    0.0996775
  29.6800000    0.1016842
  29.7000000    0.1033173
  29.7200000    0.1045587
  29.7400000    0.1053894
  29.7600000    0.1057838
  29.7800000    0.1057057
  29.8000000    0.1051057
  29.8200000    0.1039235
  29.8400000    0.1020923
  29.8600000    0.0995480
  29.8800000    0.0962398
  29.9000000    0.0921419
  29.9200000    0.0872646
  29.9400000    0.0816615
  29.9600000    0.0754335
  29.9800000    0.0687268
  30.0000000    0.0617261
