 -10.0000000    0.0133619
  -9.9800000    0.0128358
  -9.9600000    0.0123263
  -9.9400000    0.0118670
  -9.9200000    0.0114862
  -9.9000000    0.0112052
  -9.8800000    0.0110371
  -9.8600000    0.0109874
  -9.8400000    0.0110546
  -9.8200000    0.0112321
  -9.8000000    0.0115103
  -9.7800000    0.0118785
  -9.7600000    0.0123272
  -9.7400000    0.0128492
  -9.7200000    0.0134405
  -9.7000000    0.0141000
  -9.6800000    0.0148287
  -9.6600000    0.0156281
  -9.6400000    0.0164984
  -9.6200000    0.0174363
  -9.6000000    0.0184334
  -9.5800000    0.0194752
  -9.5600000    0.0205403
  -9.5400000    0.0216014
  -9.5200000    0.0226266
  -9.5000000    0.0235815
  -9.4800000    0.0244321
  -9.4600000    0.0251474
  -9.4400000    0.0257024
  -9.4200000    0.0260799
  -9.4000000    0.0262718
  -9.3800000    0.0262793
  -9.3600000    0.0261128
  -9.3400000    0.0257896
  -9.3200000    0.0253323
  -9.3000000    0.0247660
  -9.2800000    0.0241160
  -9.2600000    0.0234049
  -9.2400000    0.0226516
  -9.2200000    0.0218698
  -9.2000000    0.0210679
  -9.1800000    0.0202495
  -9.1600000    0.0194148
  -9.1400000    0.0185617
  -9.1200000    0.0176882
  -9.1000000    0.0167933
  -9.0800000    0.0158781
  -9.0600000    0.0149470
  -9.0400000    0.0140070
  -9.0200000    0.0130669
  -9.0000000    0.0121369
  -8.9800000    0.0112265
  -8.9600000    0.0103434
  -8.9400000    0.0094929
  -8.9200000    0.0086767
  -8.9000000    0.0078935
  -8.8800000    0.0071395
  -8.8600000    0.0064094
  -8.8400000    0.0056980
  -8.8200000    0.0050018
  -8.8000000    0.0043199
  -8.7800000    0.0036557
  -8.7600000    0.0030163
  -8.7400000    0.0024130
  -8.7200000    0.0018600
  -8.7000000    0.0013730
  -8.6800000    0.0009675
  -8.6600000    0.0006572
  -8.6400000    0.0004517
  -8.6200000    0.0003559
  -8.6000000    0.0003685
  -8.5800000    0.0004826
  -8.5600000    0.0006856
  -8.5400000    0.0009607
  -8.5200000    0.0012881
  -8.5000000    0.0016468
  -8.4800000    0.0020160
  -8.4600000    0.0023763
  -8.4400000    0.0027104
  -8.4200000    0.0030032
  -8.4000000    0.0032407
  -8.3800000    0.0034095
  -8.3600000    0.0034941
  -8.3400000    0.0034761
  -8.3200000    0.0033314
  -8.3000000    0.0030298
  -8.2800000    0.0025332
  -8.2600000    0.0017965
  -8.2400000    0.0007677
  -8.2200000   -0.0006100
  -8.2000000   -0.0023959
  -8.1800000   -0.0046492
  -8.1600000   -0.0074255
  -8.1400000   -0.0107744
  -8.1200000   -0.0147364
  -8.1000000   -0.0193413
  -8.0800000   -0.0246069
  -8.0600000   -0.0305382
  -8.0400000   -0.0371278
  -8.0200000   -0.0443562
  -8.0000000   -0.0521915
  -7.9800000   -0.0605894
  -7.9600000   -0.0694913
  -7.9400000   -0.0788222
  -7.9200000   -0.0884866
  -7.9000000   -0.0983646
  -7.8800000   -0.1083079
  -7.8600000   -0.1181373
  -7.8400000   -0.1276423
  -7.8200000   -0.1365848
  -7.8000000   -0.1447063
  -7.7800000   -0.1517403
  -7.7600000   -0.1574276
  -7.7400000   -0.1615346
  -7.7200000   -0.1638722
  -7.7000000   -0.1643130
  -7.6800000   -0.1628044
  -7.6600000   -0.1593766
  -7.6400000   -0.1541428
  -7.6200000   -0.1472926
  -7.6000000   -0.1390786
  -7.5800000   -0.1297974
  -7.5600000   -0.1197681
  -7.5400000   -0.1093103
  -7.5200000   -0.0987233
  -7.5000000   -0.0882709
  -7.4800000   -0.0781697
  -7.4600000   -0.0685845
  -7.4400000   -0.0596285
  -7.4200000   -0.0513686
  -7.4000000   -0.0438331
  -7.3800000   -0.0370211
  -7.3600000   -0.0309123
  -7.3400000   -0.0254747
  -7.3200000   -0.0206714
  -7.3000000   -0.0164649
  -7.2800000   -0.0128195
  -7.2600000   -0.0097020
  -7.2400000   -0.0070824
  -7.2200000   -0.0049329
  -7.2000000   -0.0032280
  -7.1800000   -0.0019449
  -7.1600000   -0.0010635
  -7.1400000   -0.0005670
  -7.1200000   -0.0004425
  -7.1000000   -0.0006806
  -7.0800000   -0.0012749
  -7.0600000   -0.0022197
  -7.0400000   -0.0035074
  -7.0200000   -0.0051249
  -7.0000000   -0.0070493
  -6.9800000   -0.0092444
  -6.9600000   -0.0116574
  -6.9400000   -0.0142175
  -6.9200000   -0.0168357
  -6.9000000   -0.0194083
  -6.8800000   -0.0218211
  -6.8600000   -0.0239570
  -6.8400000   -0.0257043
  -6.8200000   -0.0269654
  -6.8000000   -0.0276656
  -6.7800000   -0.0277599
  -6.7600000   -0.0272368
  -6.7400000   -0.0261202
  -6.7200000   -0.0244669
  -6.7000000   -0.0223612
  -6.6800000   -0.0199081
  -6.6600000   -0.0172237
  -6.6400000   -0.0144257
  -6.6200000   -0.0116252
  -6.6000000   -0.0089188
  -6.5800000   -0.0063842
  -6.5600000   -0.0040767
  -6.5400000   -0.0020295
  -6.5200000   -0.0002553
  -6.5000000    0.0012506
  -6.4800000    0.0025056
  -6.4600000    0.0035352
  -6.4400000    0.0043686
  -6.4200000    0.0050341
  -6.4000000    0.0055568
  -6.3800000    0.0059558
  -6.3600000    0.0062433
  -6.3400000    0.0064252
  -6.3200000    0.0065014
  -6.3000000    0.0064677
  -6.2800000    0.0063178
  -6.2600000    0.0060454
  -6.2400000    0.0056461
  -6.2200000    0.0051192
  -6.2000000    0.0044685
  -6.1800000    0.0037032
  -6.1600000    0.0028370
  -6.1400000    0.0018883
  -6.1200000    0.0008787
  -6.1000000   -0.0001680
  -6.0800000   -0.0012267
  -6.0600000   -0.0022724
  -6.0400000   -0.0032804
  -6.0200000   -0.0042273
  -6.0000000   -0.0050909
  -5.9800000   -0.0058504
  -5.9600000   -0.0064867
  -5.9400000   -0.0069823
  -5.9200000   -0.0073216
  -5.9000000   -0.0074910
  -5.8800000   -0.0074795
  -5.8600000   -0.0072786
  -5.8400000   -0.0068832
  -5.8200000   -0.0062921
  -5.8000000   -0.0055084
  -5.7800000   -0.0045407
  -5.7600000   -0.0034037
  -5.7400000   -0.0021195
  -5.7200000   -0.0007177
  -5.7000000    0.0007637
  -5.6800000    0.0022794
  -5.6600000    0.0037777
  -5.6400000    0.0052039
  -5.6200000    0.0065027
  -5.6000000    0.0076234
  -5.5800000    0.0085239
  -5.5600000    0.0091751
  -5.5400000    0.0095644
  -5.5200000    0.0096972
  -5.5000000    0.0095978
  -5.4800000    0.0093075
  -5.4600000    0.0088813
  -5.4400000    0.0083840
  -5.4200000    0.0078847
  -5.4000000    0.0074520
  -5.3800000    0.0071488
  -5.3600000    0.0070287
  -5.3400000    0.0071331
  -5.3200000    0.0074891
  -5.3000000    0.0081088
  -5.2800000    0.0089893
  -5.2600000    0.0101129
  -5.2400000    0.0114488
  -5.2200000    0.0129543
  -5.2000000    0.0145770
  -5.1800000    0.0162578
  -5.1600000    0.0179343
  -5.1400000    0.0195443
  -5.1200000    0.0210304
  -5.1000000    0.0223441
  -5.0800000    0.0234496
  -5.0600000    0.0243267
  -5.0400000    0.0249729
  -5.0200000    0.0254030
  -5.0000000    0.0256484
  -4.9800000    0.0257537
  -4.9600000    0.0257724
  -4.9400000    0.0257619
  -4.9200000    0.0257779
  -4.9000000    0.0258691
  -4.8800000    0.0260722
  -4.8600000    0.0264086
  -4.8400000    0.0268819
  -4.8200000    0.0274769
  -4.8000000    0.0281608
  -4.7800000    0.0288848
  -4.7600000    0.0295880
  -4.7400000    0.0302016
  -4.7200000    0.0306541
  -4.7000000    0.0308769
  -4.6800000    0.0308094
  -4.6600000    0.0304041
  -4.6400000    0.0296304
  -4.6200000    0.0284773
  -4.6000000    0.0269546
  -4.5800000    0.0250926
  -4.5600000    0.0229397
  -4.5400000    0.0205593
  -4.5200000    0.0180252
  -4.5000000    0.0154162
  -4.4800000    0.0128113
  -4.4600000    0.0102838
  -4.4400000    0.0078982
  -4.4200000    0.0057059
  -4.4000000    0.0037441
  -4.3800000    0.0020346
  -4.3600000    0.0005843
  -4.3400000   -0.0006130
  -4.3200000   -0.0015752
  -4.3000000   -0.0023286
  -4.2800000   -0.0029058
  -4.2600000   -0.0033427
  -4.2400000   -0.0036759
  -4.2200000   -0.0039407
  -4.2000000   -0.0041691
  -4.1800000   -0.0043884
  -4.1600000   -0.0046202
  -4.1400000   -0.0048797
  -4.1200000   -0.0051754
  -4.1000000   -0.0055094
  -4.0800000   -0.0058780
  -4.0600000   -0.0062720
  -4.0400000   -0.0066782
  -4.0200000   -0.0070805
  -4.0000000   -0.0074611
  -3.9800000   -0.0078018
  -3.9600000   -0.0080857
  -3.9400000   -0.0082978
  -3.9200000   -0.0084264
  -3.9000000   -0.0084636
  -3.8800000   -0.0084061
  -3.8600000   -0.0082551
  -3.8400000   -0.0080168
  -3.8200000   -0.0077016
  -3.8000000   -0.0073243
  -3.7800000   -0.0069026
  -3.7600000   -0.0064569
  -3.7400000   -0.0060088
  -3.7200000   -0.0055797
  -3.7000000   -0.0051900
  -3.6800000   -0.0048574
  -3.6600000   -0.0045958
  -3.6400000   -0.0044150
  -3.6200000   -0.0043192
  -3.6000000   -0.0043082
  -3.5800000   -0.0043764
  -3.5600000   -0.0045146
  -3.5400000   -0.0047100
  -3.5200000   -0.0049481
  -3.5000000   -0.0052126
  -3.4800000   -0.0054872
  -3.4600000   -0.0057554
  -3.4400000   -0.0060012
  -3.4200000   -0.0062087
  -3.4000000   -0.0063625
  -3.3800000   -0.0064472
  -3.3600000   -0.0064480
  -3.3400000   -0.0063509
  -3.3200000   -0.0061435
  -3.3000000   -0.0058163
  -3.2800000   -0.0053640
  -3.2600000   -0.0047865
  -3.2400000   -0.0040898
  -3.2200000   -0.0032855
  -3.2000000   -0.0023897
  -3.1800000   -0.0014203
  -3.1600000   -0.0003924
  -3.1400000    0.0006867
  -3.1200000    0.0018244
  -3.1000000    0.0030492
  -3.0800000    0.0044167
  -3.0600000    0.0060140
  -3.0400000    0.0079619
  -3.0200000    0.0104137
  -3.0000000    0.0135496
  -2.9800000    0.0175682
  -2.9600000    0.0226734
  -2.9400000    0.0290588
  -2.9200000    0.0368907
  -2.9000000    0.0462897
  -2.8800000    0.0573149
  -2.8600000    0.0699506
  -2.8400000    0.0840970
  -2.8200000    0.0995667
  -2.8000000    0.1160875
  -2.7800000    0.1333105
  -2.7600000    0.1508239
  -2.7400000    0.1681713
  -2.7200000    0.1848732
  -2.7000000    0.2004503
  -2.6800000    0.2144467
  -2.6600000    0.2264520
  -2.6400000    0.2361210
  -2.6200000    0.2431896
  -2.6000000    0.2474868
  -2.5800000    0.2489407
  -2.5600000    0.2475805
  -2.5400000    0.2435325
  -2.5200000    0.2370112
  -2.5000000    0.2283069
  -2.4800000    0.2177691
  -2.4600000    0.2057880
  -2.4400000    0.1927762
  -2.4200000    0.1791489
  -2.4000000    0.1653078
  -2.3800000    0.1516258
  -2.3600000    0.1384357
  -2.3400000    0.1260217
  -2.3200000    0.1146143
  -2.3000000    0.1043874
  -2.2800000    0.0954577
  -2.2600000    0.0878865
  -2.2400000    0.0816818
  -2.2200000    0.0768022
  -2.2000000    0.0731618
  -2.1800000    0.0706364
  -2.1600000    0.0690709
  -2.1400000    0.0682872
  -2.1200000    0.0680947
  -2.1000000    0.0682987
  -2.0800000    0.0687108
  -2.0600000    0.0691569
  -2.0400000    0.0694838
  -2.0200000    0.0695635
  -2.0000000    0.0692953
  -1.9800000    0.0686059
  -1.9600000    0.0674474
  -1.9400000    0.0657947
  -1.9200000    0.0636429
  -1.9000000    0.0610049
  -1.8800000    0.0579094
  -1.8600000    0.0544008
  -1.8400000    0.0505379
  -1.8200000    0.0463939
  -1.8000000    0.0420548
  -1.7800000    0.0376171
  -1.7600000    0.0331840
  -1.7400000    0.0288606
  -1.7200000    0.0247475
  -1.7000000    0.0209356
  -1.6800000    0.0174999
  -1.6600000    0.0144959
  -1.6400000    0.0119575
  -1.6200000    0.0098961
  -1.6000000    0.0083037
  -1.5800000    0.0071558
  -1.5600000    0.0064169
  -1.5400000    0.0060454
  -1.5200000    0.0059993
  -1.5000000    0.0062396
  -1.4800000    0.0067332
  -1.4600000    0.0074538
  -1.4400000    0.0083806
  -1.4200000    0.0094961
  -1.4000000    0.0107832
  -1.3800000    0.0122214
  -1.3600000    0.0137838
  -1.3400000    0.0154358
  -1.3200000    0.0171343
  -1.3000000    0.0188292
  -1.2800000    0.0204662
  -1.2600000    0.0219911
  -1.2400000    0.0233537
  -1.2200000    0.0245126
  -1.2000000    0.0254382
  -1.1800000    0.0261156
  -1.1600000    0.0265448
  -1.1400000    0.0267399
  -1.1200000    0.0267278
  -1.1000000    0.0265446
  -1.0800000    0.0262330
  -1.0600000    0.0258388
  -1.0400000    0.0254082
  -1.0200000    0.0249853
  -1.0000000    0.0246106
  -0.9800000    0.0243190
  -0.9600000    0.0241392
  -0.9400000    0.0240927
  -0.9200000    0.0241924
  -0.9000000    0.0244431
  -0.8800000    0.0248403
  -0.8600000    0.0253710
  -0.8400000    0.0260141
  -0.8200000    0.0267421
  -0.8000000    0.0275230
  -0.7800000    0.0283235
  -0.7600000    0.0291114
  -0.7400000    0.0298597
  -0.7200000    0.0305488
  -0.7000000    0.0311701
  -0.6800000    0.0317270
  -0.6600000    0.0322370
  -0.6400000    0.0327312
  -0.6200000    0.0332544
  -0.6000000    0.0338637
  -0.5800000    0.0346272
  -0.5600000    0.0356228
  -0.5400000    0.0369369
  -0.5200000    0.0386645
  -0.5000000    0.0409092
  -0.4800000    0.0437848
  -0.4600000    0.0474166
  -0.4400000    0.0519437
  -0.4200000    0.0575199
  -0.4000000    0.0643137
  -0.3800000    0.0725053
  -0.3600000    0.0822814
  -0.3400000    0.0938247
  -0.3200000    0.1073010
  -0.3000000    0.1228418
  -0.2800000    0.1405241
  -0.2600000    0.1603508
  -0.2400000    0.1822304
  -0.2200000    0.2059625
  -0.2000000    0.2312287
  -0.1800000    0.2575928
  -0.1600000    0.2845102
  -0.1400000    0.3113495
  -0.1200000    0.3374224
  -0.1000000    0.3620220
  -0.0800000    0.3844654
  -0.0600000    0.4041361
  -0.0400000    0.4205232
  -0.0200000    0.4332514
   0.0000000    0.4421002
   0.0200000    0.4470102
   0.0400000    0.4480751
   0.0600000    0.4455231
   0.0800000    0.4396882
   0.1000000    0.4309772
   0.1200000    0.4198353
   0.1400000    0.4067146
   0.1600000    0.3920486
   0.1800000    0.3762336
   0.2000000    0.3596191
   0.2200000    0.3425044
   0.2400000    0.3251415
   0.2600000    0.3077417
   0.2800000    0.2904834
   0.3000000    0.2735197
   0.3200000    0.2569849
   0.3400000    0.2409978
   0.3600000    0.2256636
   0.3800000    0.2110733
   0.4000000    0.1973020
   0.4200000    0.1844068
   0.4400000    0.1724247
   0.4600000    0.1613713
   0.4800000    0.1512408
   0.5000000    0.1420074
   0.5200000    0.1336269
   0.5400000    0.1260406
   0.5600000    0.1191789
   0.5800000    0.1129655
   0.6000000    0.1073215
   0.6200000    0.1021700
   0.6400000    0.0974386
   0.6600000    0.0930632
   0.6800000    0.0889891
   0.7000000    0.0851723
   0.7200000    0.0815788
   0.7400000    0.0781841
   0.7600000    0.0749701
   0.7800000    0.0719234
   0.8000000    0.0690317
   0.8200000    0.0662815
   0.8400000    0.0636560
   0.8600000    0.0611335
   0.8800000    0.0586876
   0.9000000    0.0562880
   0.9200000    0.0539023
   0.9400000    0.0514984
   0.9600000    0.0490481
   0.9800000    0.0465290
   1.0000000    0.0439278
   1.0200000    0.0412414
   1.0400000    0.0384782
   1.0600000    0.0356575
   1.0800000    0.0328085
   1.1000000    0.0299678
   1.1200000    0.0271775
   1.1400000    0.0244810
   1.1600000    0.0219207
   1.1800000    0.0195343
   1.2000000    0.0173527
   1.2200000    0.0153979
   1.2400000    0.0136824
   1.2600000    0.0122083
   1.2800000    0.0109690
   1.3000000    0.0099500
   1.3200000    0.0091313
   1.3400000    0.0084895
   1.3600000    0.0080002
   1.3800000    0.0076400
   1.4000000    0.0073881
   1.4200000    0.0072277
   1.4400000    0.0071463
   1.4600000    0.0071357
   1.4800000    0.0071916
   1.5000000    0.0073129
   1.5200000    0.0075004
   1.5400000    0.0077560
   1.5600000    0.0080808
   1.5800000    0.0084742
   1.6000000    0.0089322
   1.6200000    0.0094456
   1.6400000    0.0099995
   1.6600000    0.0105712
   1.6800000    0.0111303
   1.7000000    0.0116384
   1.7200000    0.0120505
   1.7400000    0.0123163
   1.7600000    0.0123839
   1.7800000    0.0122032
   1.8000000    0.0117303
   1.8200000    0.0109321
   1.8400000    0.0097903
   1.8600000    0.0083045
   1.8800000    0.0064940
   1.9000000    0.0043980
   1.9200000    0.0020737
   1.9400000   -0.0004066
   1.9600000   -0.0029608
   1.9800000   -0.0055020
   2.0000000   -0.0079452
   2.0200000   -0.0102130
   2.0400000   -0.0122410
   2.0600000   -0.0139815
   2.0800000   -0.0154068
   2.1000000   -0.0165097
   2.1200000   -0.0173030
   2.1400000   -0.0178177
   2.1600000   -0.0180990
   2.1800000   -0.0182029
   2.2000000   -0.0181907
   2.2200000   -0.0181249
   2.2400000   -0.0180642
   2.2600000   -0.0180605
   2.2800000   -0.0181551
   2.3000000   -0.0183772
   2.3200000   -0.0187426
   2.3400000   -0.0192538
   2.3600000   -0.0199009
   2.3800000   -0.0206632
   2.4000000   -0.0215112
   2.4200000   -0.0224102
   2.4400000   -0.0233229
   2.4600000   -0.0242136
   2.4800000   -0.0250510
   2.5000000   -0.0258121
   2.5200000   -0.0264843
   2.5400000   -0.0270671
   2.5600000   -0.0275726
   2.5800000   -0.0280240
   2.6000000   -0.0284533
   2.6200000   -0.0288972
   2.6400000   -0.0293919
   2.6600000   -0.0299677
   2.6800000   -0.0306433
   2.7000000   -0.0314223
   2.7200000   -0.0322893
   2.7400000   -0.0332106
   2.7600000   -0.0341354
   2.7800000   -0.0350009
   2.8000000   -0.0357383
   2.8200000   -0.0362806
   2.8400000   -0.0365708
   2.8600000   -0.0365688
   2.8800000   -0.0362569
   2.9000000   -0.0356429
   2.9200000   -0.0347606
   2.9400000   -0.0336673
   2.9600000   -0.0324392
   2.9800000   -0.0311656
   3.0000000   -0.0299419
   3.0200000   -0.0288626
   3.0400000   -0.0280159
   3.0600000   -0.0274784
   3.0800000   -0.0273117
   3.1000000   -0.0275601
   3.1200000   -0.0282496
   3.1400000   -0.0293878
   3.1600000   -0.0309637
   3.1800000   -0.0329489
   3.2000000   -0.0352986
   3.2200000   -0.0379536
   3.2400000   -0.0408418
   3.2600000   -0.0438817
   3.2800000   -0.0469852
   3.3000000   -0.0500615
   3.3200000   -0.0530213
   3.3400000   -0.0557800
   3.3600000   -0.0582613
   3.3800000   -0.0604002
   3.4000000   -0.0621441
   3.4200000   -0.0634542
   3.4400000   -0.0643052
   3.4600000   -0.0646852
   3.4800000   -0.0645939
   3.5000000   -0.0640423
   3.5200000   -0.0630513
   3.5400000   -0.0616503
   3.5600000   -0.0598769
   3.5800000   -0.0577758
   3.6000000   -0.0553975
   3.6200000   -0.0527980
   3.6400000   -0.0500370
   3.6600000   -0.0471763
   3.6800000   -0.0442782
   3.7000000   -0.0414034
   3.7200000   -0.0386085
   3.7400000   -0.0359440
   3.7600000   -0.0334518
   3.7800000   -0.0311635
   3.8000000   -0.0290987
   3.8200000   -0.0272636
   3.8400000   -0.0256517
   3.8600000   -0.0242435
   3.8800000   -0.0230091
   3.9000000   -0.0219104
   3.9200000   -0.0209046
   3.9400000   -0.0199486
   3.9600000   -0.0190030
   3.9800000   -0.0180357
   4.0000000   -0.0170255
   4.0200000   -0.0159637
   4.0400000   -0.0148548
   4.0600000   -0.0137160
   4.0800000   -0.0125744
   4.1000000   -0.0114645
   4.1200000   -0.0104235
   4.1400000   -0.0094878
   4.1600000   -0.0086886
   4.1800000   -0.0080490
   4.2000000   -0.0075811
   4.2200000   -0.0072854
   4.2400000   -0.0071509
   4.2600000   -0.0071561
   4.2800000   -0.0072714
   4.3000000   -0.0074622
   4.3200000   -0.0076920
   4.3400000   -0.0079253
   4.3600000   -0.0081310
   4.3800000   -0.0082835
   4.4000000   -0.0083646
   4.4200000   -0.0083633
   4.4400000   -0.0082753
   4.4600000   -0.0081025
   4.4800000   -0.0078507
   4.5000000   -0.0075291
   4.5200000   -0.0071486
   4.5400000   -0.0067210
   4.5600000   -0.0062588
   4.5800000   -0.0057749
   4.6000000   -0.0052829
   4.6200000   -0.0047969
   4.6400000   -0.0043315
   4.6600000   -0.0039014
   4.6800000   -0.0035203
   4.7000000   -0.0032001
   4.7200000   -0.0029490
   4.7400000   -0.0027704
   4.7600000   -0.0026619
   4.7800000   -0.0026150
   4.8000000   -0.0026149
   4.8200000   -0.0026415
   4.8400000   -0.0026712
   4.8600000   -0.0026784
   4.8800000   -0.0026380
   4.9000000   -0.0025270
   4.9200000   -0.0023267
   4.9400000   -0.0020239
   4.9600000   -0.0016116
   4.9800000   -0.0010895
   5.0000000   -0.0004636
   5.0200000    0.0002540
   5.0400000    0.0010455
   5.0600000    0.0018889
   5.0800000    0.0027585
   5.1000000    0.0036261
   5.1200000    0.0044622
   5.1400000    0.0052377
   5.1600000    0.0059251
   5.1800000    0.0065004
   5.2000000    0.0069449
   5.2200000    0.0072463
   5.2400000    0.0074000
   5.2600000    0.0074103
   5.2800000    0.0072901
   5.3000000    0.0070607
   5.3200000    0.0067512
   5.3400000    0.0063963
   5.3600000    0.0060348
   5.3800000    0.0057073
   5.4000000    0.0054536
   5.4200000    0.0053108
   5.4400000    0.0053108
   5.4600000    0.0054790
   5.4800000    0.0058325
   5.5000000    0.0063800
   5.5200000    0.0071209
   5.5400000    0.0080459
   5.5600000    0.0091375
   5.5800000    0.0103707
   5.6000000    0.0117147
   5.6200000    0.0131341
   5.6400000    0.0145905
   5.6600000    0.0160438
   5.6800000    0.0174541
   5.7000000    0.0187827
   5.7200000    0.0199928
   5.7400000    0.0210512
   5.7600000    0.0219278
   5.7800000    0.0225970
   5.8000000    0.0230378
   5.8200000    0.0232344
   5.8400000    0.0231770
   5.8600000    0.0228629
   5.8800000    0.0222972
   5.9000000    0.0214938
   5.9200000    0.0204759
   5.9400000    0.0192757
   5.9600000    0.0179338
   5.9800000    0.0164971
   6.0000000    0.0150169
   6.0200000    0.0135450
   6.0400000    0.0121314
   6.0600000    0.0108201
   6.0800000    0.0096469
   6.1000000    0.0086376
   6.1200000    0.0078067
   6.1400000    0.0071577
   6.1600000    0.0066847
   6.1800000    0.0063739
   6.2000000    0.0062065
   6.2200000    0.0061616
   6.2400000    0.0062181
   6.2600000    0.0063578
   6.2800000    0.0065663
   6.3000000    0.0068340
   6.3200000    0.0071558
   6.3400000    0.0075308
   6.3600000    0.0079607
   6.3800000    0.0084483
   6.4000000    0.0089957
   6.4200000    0.0096029
   6.4400000    0.0102666
   6.4600000    0.0109793
   6.4800000    0.0117300
   6.5000000    0.0125041
   6.5200000    0.0132846
   6.5400000    0.0140541
   6.5600000    0.0147957
   6.5800000    0.0154949
   6.6000000    0.0161412
   6.6200000    0.0167283
   6.6400000    0.0172554
   6.6600000    0.0177270
   6.6800000    0.0181522
   6.7000000    0.0185441
   6.7200000    0.0189186
   6.7400000    0.0192928
   6.7600000    0.0196837
   6.7800000    0.0201064
   6.8000000    0.0205724
   6.8200000    0.0210888
   6.8400000    0.0216572
   6.8600000    0.0222732
   6.8800000    0.0229264
   6.9000000    0.0236011
   6.9200000    0.0242774
   6.9400000    0.0249328
   6.9600000    0.0255436
   6.9800000    0.0260874
   7.0000000    0.0265444
   7.0200000    0.0268996
   7.0400000    0.0271435
   7.0600000    0.0272731
   7.0800000    0.0272920
   7.1000000    0.0272102
   7.1200000    0.0270425
   7.1400000    0.0268081
   7.1600000    0.0265285
   7.1800000    0.0262258
   7.2000000    0.0259221
   7.2200000    0.0256371
   7.2400000    0.0253885
   7.2600000    0.0251907
   7.2800000    0.0250552
   7.3000000    0.0249907
   7.3200000    0.0250037
   7.3400000    0.0250992
   7.3600000    0.0252814
   7.3800000    0.0255541
   7.4000000    0.0259220
   7.4200000    0.0263901
   7.4400000    0.0269646
   7.4600000    0.0276520
   7.4800000    0.0284583
   7.5000000    0.0293876
   7.5200000    0.0304402
   7.5400000    0.0316101
   7.5600000    0.0328831
   7.5800000    0.0342344
   7.6000000    0.0356275
   7.6200000    0.0370145
   7.6400000    0.0383372
   7.6600000    0.0395304
   7.6800000    0.0405267
   7.7000000    0.0412618
   7.7200000    0.0416810
   7.7400000    0.0417441
   7.7600000    0.0414299
   7.7800000    0.0407387
   7.8000000    0.0396912
   7.8200000    0.0383268
   7.8400000    0.0366984
   7.8600000    0.0348668
   7.8800000    0.0328945
   7.9000000    0.0308407
   7.9200000    0.0287574
   7.9400000    0.0266885
   7.9600000    0.0246703
   7.9800000    0.0227343
   8.0000000    0.0209118
   8.0200000    0.0192371
   8.0400000    0.0177517
   8.0600000    0.0165046
   8.0800000    0.0155519
   8.1000000    0.0149528
   8.1200000    0.0147634
   8.1400000    0.0150298
   8.1600000    0.0157802
   8.1800000    0.0170179
   8.2000000    0.0187170
   8.2200000    0.0208199
   8.2400000    0.0232399
   8.2600000    0.0258652
   8.2800000    0.0285677
   8.3000000    0.0312129
   8.3200000    0.0336710
   8.3400000    0.0358275
   8.3600000    0.0375924
   8.3800000    0.0389070
   8.4000000    0.0397464
   8.4200000    0.0401200
   8.4400000    0.0400669
   8.4600000    0.0396499
   8.4800000    0.0389467
   8.5000000    0.0380412
   8.5200000    0.0370138
   8.5400000    0.0359343
   8.5600000    0.0348561
   8.5800000    0.0338131
   8.6000000    0.0328190
   8.6200000    0.0318690
   8.6400000    0.0309436
   8.6600000    0.0300135
   8.6800000    0.0290444
   8.7000000    0.0280026
   8.7200000    0.0268592
   8.7400000    0.0255931
   8.7600000    0.0241929
   8.7800000    0.0226574
   8.8000000    0.0209947
   8.8200000    0.0192205
   8.8400000    0.0173557
   8.8600000    0.0154240
   8.8800000    0.0134495
   8.9000000    0.0114547
   8.9200000    0.0094594
   8.9400000    0.0074800
   8.9600000    0.0055296
   8.9800000    0.0036192
   9.0000000    0.0017582
   9.0200000   -0.0000436
   9.0400000   -0.0017754
   9.0600000   -0.0034240
   9.0800000   -0.0049740
   9.1000000   -0.0064081
   9.1200000   -0.0077082
   9.1400000   -0.0088569
   9.1600000   -0.0098397
   9.1800000   -0.0106463
   9.2000000   -0.0112725
   9.2200000   -0.0117207
   9.2400000   -0.0119997
   9.2600000   -0.0121243
   9.2800000   -0.0121134
   9.3000000   -0.0119879
   9.3200000   -0.0117692
   9.3400000   -0.0114765
   9.3600000   -0.0111267
   9.3800000   -0.0107331
   9.4000000   -0.0103066
   9.4200000   -0.0098565
   9.4400000   -0.0093924
   9.4600000   -0.0089259
   9.4800000   -0.0084723
   9.5000000   -0.0080513
   9.5200000   -0.0076873
   9.5400000   -0.0074078
   9.5600000   -0.0072419
   9.5800000   -0.0072173
   9.6000000   -0.0073571
   9.6200000   -0.0076766
   9.6400000   -0.0081804
   9.6600000   -0.0088612
   9.6800000   -0.0096984
   9.7000000   -0.0106594
   9.7200000   -0.0117018
   9.7400000   -0.0127766
   9.7600000   -0.0138328
   9.7800000   -0.0148220
   9.8000000   -0.0157029
   9.8200000   -0.0164452
   9.8400000   -0.0170325
   9.8600000   -0.0174639
   9.8800000   -0.0177530
   9.9000000   -0.0179266
   9.9200000   -0.0180220
   9.9400000   -0.0180819
   9.9600000   -0.0181510
   9.9800000   -0.0182710
  10.0000000   -0.0184766
  10.0200000   -0.0187921
  10.0400000   -0.0192298
  10.0600000   -0.0197881
  10.0800000   -0.0204524
  10.1000000   -0.0211961
  10.1200000   -0.0219829
  10.1400000   -0.0227699
  10.1600000   -0.0235113
  10.1800000   -0.0241624
  10.2000000   -0.0246837
  10.2200000   -0.0250438
  10.2400000   -0.0252230
  10.2600000   -0.0252149
  10.2800000   -0.0250271
  10.3000000   -0.0246807
  10.3200000   -0.0242083
  10.3400000   -0.0236515
  10.3600000   -0.0230573
  10.3800000   -0.0224740
  10.4000000   -0.0219476
  10.4200000   -0.0215184
  10.4400000   -0.0212184
  10.4600000   -0.0210699
  10.4800000   -0.0210849
  10.5000000   -0.0212650
  10.5200000   -0.0216026
  10.5400000   -0.0220823
  10.5600000   -0.0226823
  10.5800000   -0.0233756
  10.6000000   -0.0241320
  10.6200000   -0.0249182
  10.6400000   -0.0256993
  10.6600000   -0.0264393
  10.6800000   -0.0271016
  10.7000000   -0.0276504
  10.7200000   -0.0280509
  10.7400000   -0.0282715
  10.7600000   -0.0282847
  10.7800000   -0.0280689
  10.8000000   -0.0276101
  10.8200000   -0.0269029
  10.8400000   -0.0259517
  10.8600000   -0.0247708
  10.8800000   -0.0233848
  10.9000000   -0.0218273
  10.9200000   -0.0201399
  10.9400000   -0.0183707
  10.9600000   -0.0165716
  10.9800000   -0.0147962
  11.0000000   -0.0130975
  11.0200000   -0.0115247
  11.0400000   -0.0101209
  11.0600000   -0.0089209
  11.0800000   -0.0079492
  11.1000000   -0.0072189
  11.1200000   -0.0067314
  11.1400000   -0.0064765
  11.1600000   -0.0064340
  11.1800000   -0.0065755
  11.2000000   -0.0068668
  11.2200000   -0.0072710
  11.2400000   -0.0077509
  11.2600000   -0.0082709
  11.2800000   -0.0087993
  11.3000000   -0.0093088
  11.3200000   -0.0097773
  11.3400000   -0.0101872
  11.3600000   -0.0105253
  11.3800000   -0.0107821
  11.4000000   -0.0109510
  11.4200000   -0.0110280
  11.4400000   -0.0110113
  11.4600000   -0.0109010
  11.4800000   -0.0106995
  11.5000000   -0.0104115
  11.5200000   -0.0100434
  11.5400000   -0.0096040
  11.5600000   -0.0091038
  11.5800000   -0.0085550
  11.6000000   -0.0079706
  11.6200000   -0.0073644
  11.6400000   -0.0067499
  11.6600000   -0.0061399
  11.6800000   -0.0055457
  11.7000000   -0.0049761
  11.7200000   -0.0044368
  11.7400000   -0.0039296
  11.7600000   -0.0034519
  11.7800000   -0.0029964
  11.8000000   -0.0025508
  11.8200000   -0.0020993
  11.8400000   -0.0016230
  11.8600000   -0.0011020
  11.8800000   -0.0005176
  11.9000000    0.0001452
  11.9200000    0.0008957
  11.9400000    0.0017349
  11.9600000    0.0026545
  11.9800000    0.0036366
  12.0000000    0.0046539
  12.0200000    0.0056717
  12.0400000    0.0066506
  12.0600000    0.0075496
  12.0800000    0.0083302
  12.1000000    0.0089591
  12.1200000    0.0094117
  12.1400000    0.0096738
  12.1600000    0.0097425
  12.1800000    0.0096260
  12.2000000    0.0093427
  12.2200000    0.0089188
  12.2400000    0.0083862
  12.2600000    0.0077802
  12.2800000    0.0071367
  12.3000000    0.0064907
  12.3200000    0.0058741
  12.3400000    0.0053149
  12.3600000    0.0048362
  12.3800000    0.0044555
  12.4000000    0.0041846
  12.4200000    0.0040294
  12.4400000    0.0039898
  12.4600000    0.0040598
  12.4800000    0.0042278
  12.5000000    0.0044773
  12.5200000    0.0047877
  12.5400000    0.0051353
  12.5600000    0.0054945
  12.5800000    0.0058394
  12.6000000    0.0061456
  12.6200000    0.0063913
  12.6400000    0.0065589
  12.6600000    0.0066365
  12.6800000    0.0066180
  12.7000000    0.0065039
  12.7200000    0.0063008
  12.7400000    0.0060206
  12.7600000    0.0056793
  12.7800000    0.0052956
  12.8000000    0.0048888
  12.8200000    0.0044775
  12.8400000    0.0040778
  12.8600000    0.0037028
  12.8800000    0.0033616
  12.9000000    0.0030593
  12.9200000    0.0027974
  12.9400000    0.0025746
  12.9600000    0.0023875
  12.9800000    0.0022317
  13.0000000    0.0021023
  13.0200000    0.0019950
  13.0400000    0.0019062
  13.0600000    0.0018332
  13.0800000    0.0017741
  13.1000000    0.0017278
  13.1200000    0.0016935
  13.1400000    0.0016701
  13.1600000    0.0016563
  13.1800000    0.0016498
  13.2000000    0.0016474
  13.2200000    0.0016444
  13.2400000    0.0016348
  13.2600000    0.0016114
  13.2800000    0.0015656
  13.3000000    0.0014879
  13.3200000    0.0013684
  13.3400000    0.0011971
  13.3600000    0.0009646
  13.3800000    0.0006626
  13.4000000    0.0002846
  13.4200000   -0.0001731
  13.4400000   -0.0007114
  13.4600000   -0.0013278
  13.4800000   -0.0020158
  13.5000000   -0.0027653
  13.5200000   -0.0035628
  13.5400000   -0.0043915
  13.5600000   -0.0052327
  13.5800000   -0.0060660
  13.6000000   -0.0068709
  13.6200000   -0.0076282
  13.6400000   -0.0083204
  13.6600000   -0.0089338
  13.6800000   -0.0094587
  13.7000000   -0.0098899
  13.7200000   -0.0102275
  13.7400000   -0.0104760
  13.7600000   -0.0106439
  13.7800000   -0.0107430
  13.8000000   -0.0107865
  13.8200000   -0.0107880
  13.8400000   -0.0107601
  13.8600000   -0.0107131
  13.8800000   -0.0106539
  13.9000000   -0.0105858
  13.9200000   -0.0105078
  13.9400000   -0.0104155
  13.9600000   -0.0103018
  13.9800000   -0.0101574
  14.0000000   -0.0099728
  14.0200000   -0.0097389
  14.0400000   -0.0094488
  14.0600000   -0.0090983
  14.0800000   -0.0086868
  14.1000000   -0.0082173
  14.1200000   -0.0076966
  14.1400000   -0.0071348
  14.1600000   -0.0065444
  14.1800000   -0.0059397
  14.2000000   -0.0053354
  14.2200000   -0.0047461
  14.2400000   -0.0041856
  14.2600000   -0.0036654
  14.2800000   -0.0031951
  14.3000000   -0.0027818
  14.3200000   -0.0024298
  14.3400000   -0.0021409
  14.3600000   -0.0019144
  14.3800000   -0.0017479
  14.4000000   -0.0016374
  14.4200000   -0.0015777
  14.4400000   -0.0015633
  14.4600000   -0.0015885
  14.4800000   -0.0016480
  14.5000000   -0.0017369
  14.5200000   -0.0018508
  14.5400000   -0.0019851
  14.5600000   -0.0021351
  14.5800000   -0.0022949
  14.6000000   -0.0024567
  14.6200000   -0.0026104
  14.6400000   -0.0027434
  14.6600000   -0.0028401
  14.6800000   -0.0028831
  14.7000000   -0.0028536
  14.7200000   -0.0027335
  14.7400000   -0.0025066
  14.7600000   -0.0021615
  14.7800000   -0.0016926
  14.8000000   -0.0011027
  14.8200000   -0.0004034
  14.8400000    0.0003845
  14.8600000    0.0012314
  14.8800000    0.0021010
  14.9000000    0.0029523
  14.9200000    0.0037429
  14.9400000    0.0044328
  14.9600000    0.0049871
  14.9800000    0.0053795
  15.0000000    0.0055946
  15.0200000    0.0056288
  15.0400000    0.0054903
  15.0600000    0.0051985
  15.0800000    0.0047813
  15.1000000    0.0042726
  15.1200000    0.0037084
  15.1400000    0.0031239
  15.1600000    0.0025501
  15.1800000    0.0020109
  15.2000000    0.0015217
  15.2200000    0.0010885
  15.2400000    0.0007078
  15.2600000    0.0003677
  15.2800000    0.0000501
  15.3000000   -0.0002677
  15.3200000   -0.0006095
  15.3400000   -0.0009980
  15.3600000   -0.0014517
  15.3800000   -0.0019827
  15.4000000   -0.0025949
  15.4200000   -0.0032827
  15.4400000   -0.0040307
  15.4600000   -0.0048143
  15.4800000   -0.0056009
  15.5000000   -0.0063526
  15.5200000   -0.0070287
  15.5400000   -0.0075892
  15.5600000   -0.0079984
  15.5800000   -0.0082278
  15.6000000   -0.0082586
  15.6200000   -0.0080832
  15.6400000   -0.0077059
  15.6600000   -0.0071422
  15.6800000   -0.0064168
  15.7000000   -0.0055617
  15.7200000   -0.0046128
  15.7400000   -0.0036070
  15.7600000   -0.0025797
  15.7800000   -0.0015623
  15.8000000   -0.0005802
  15.8200000    0.0003472
  15.8400000    0.0012075
  15.8600000    0.0019947
  15.8800000    0.0027083
  15.9000000    0.0033527
  15.9200000    0.0039365
  15.9400000    0.0044717
  15.9600000    0.0049740
  15.9800000    0.0054630
  16.0000000    0.0059626
  16.0200000    0.0065024
  16.0400000    0.0071182
  16.0600000    0.0078521
  16.0800000    0.0087526
  16.1000000    0.0098731
  16.1200000    0.0112687
  16.1400000    0.0129921
  16.1600000    0.0150884
  16.1800000    0.0175885
  16.2000000    0.0205028
  16.2200000    0.0238149
  16.2400000    0.0274779
  16.2600000    0.0314123
  16.2800000    0.0355079
  16.3000000    0.0396287
  16.3200000    0.0436223
  16.3400000    0.0473309
  16.3600000    0.0506051
  16.3800000    0.0533174
  16.4000000    0.0553740
  16.4200000    0.0567238
  16.4400000    0.0573622
  16.4600000    0.0573310
  16.4800000    0.0567117
  16.5000000    0.0556156
  16.5200000    0.0541706
  16.5400000    0.0525064
  16.5600000    0.0507408
  16.5800000    0.0489683
  16.6000000    0.0472525
  16.6200000    0.0456228
  16.6400000    0.0440759
  16.6600000    0.0425816
  16.6800000    0.0410915
  16.7000000    0.0395493
  16.7200000    0.0379017
  16.7400000    0.0361082
  16.7600000    0.0341481
  16.7800000    0.0320253
  16.8000000    0.0297686
  16.8200000    0.0274302
  16.8400000    0.0250796
  16.8600000    0.0227972
  16.8800000    0.0206658
  16.9000000    0.0187622
  16.9200000    0.0171499
  16.9400000    0.0158731
  16.9600000    0.0149528
  16.9800000    0.0143850
  17.0000000    0.0141420
  17.0200000    0.0141744
  17.0400000    0.0144162
  17.0600000    0.0147897
  17.0800000    0.0152124
  17.1000000    0.0156020
  17.1200000    0.0158832
  17.1400000    0.0159912
  17.1600000    0.0158762
  17.1800000    0.0155049
  17.2000000    0.0148623
  17.2200000    0.0139505
  17.2400000    0.0127881
  17.2600000    0.0114076
  17.2800000    0.0098526
  17.3000000    0.0081741
  17.3200000    0.0064272
  17.3400000    0.0046671
  17.3600000    0.0029461
  17.3800000    0.0013099
  17.4000000   -0.0002038
  17.4200000   -0.0015677
  17.4400000   -0.0027646
  17.4600000   -0.0037876
  17.4800000   -0.0046389
  17.5000000   -0.0053277
  17.5200000   -0.0058681
  17.5400000   -0.0062768
  17.5600000   -0.0065708
  17.5800000   -0.0067653
  17.6000000   -0.0068728
  17.6200000   -0.0069023
  17.6400000   -0.0068594
  17.6600000   -0.0067468
  17.6800000   -0.0065660
  17.7000000   -0.0063184
  17.7200000   -0.0060072
  17.7400000   -0.0056384
  17.7600000   -0.0052227
  17.7800000   -0.0047753
  17.8000000   -0.0043166
  17.8200000   -0.0038708
  17.8400000   -0.0034653
  17.8600000   -0.0031285
  17.8800000   -0.0028875
  17.9000000   -0.0027659
  17.9200000   -0.0027817
  17.9400000   -0.0029449
  17.9600000   -0.0032567
  17.9800000   -0.0037088
  18.0000000   -0.0042833
  18.0200000   -0.0049544
  18.0400000   -0.0056896
  18.0600000   -0.0064521
  18.0800000   -0.0072034
  18.1000000   -0.0079057
  18.1200000   -0.0085242
  18.1400000   -0.0090290
  18.1600000   -0.0093968
  18.1800000   -0.0096115
  18.2000000   -0.0096654
  18.2200000   -0.0095591
  18.2400000   -0.0093017
  18.2600000   -0.0089109
  18.2800000   -0.0084123
  18.3000000   -0.0078395
  18.3200000   -0.0072330
  18.3400000   -0.0066401
  18.3600000   -0.0061134
  18.3800000   -0.0057101
  18.4000000   -0.0054898
  18.4200000   -0.0055131
  18.4400000   -0.0058392
  18.4600000   -0.0065224
  18.4800000   -0.0076089
  18.5000000   -0.0091324
  18.5200000   -0.0111096
  18.5400000   -0.0135356
  18.5600000   -0.0163793
  18.5800000   -0.0195809
  18.6000000   -0.0230507
  18.6200000   -0.0266700
  18.6400000   -0.0302961
  18.6600000   -0.0337697
  18.6800000   -0.0369249
  18.7000000   -0.0396015
  18.7200000   -0.0416582
  18.7400000   -0.0429840
  18.7600000   -0.0435086
  18.7800000   -0.0432081
  18.8000000   -0.0421073
  18.8200000   -0.0402765
  18.8400000   -0.0378250
  18.8600000   -0.0348903
  18.8800000   -0.0316260
  18.9000000   -0.0281894
  18.9200000   -0.0247298
  18.9400000   -0.0213790
  18.9600000   -0.0182449
  18.9800000   -0.0154084
  19.0000000   -0.0129230
  19.0200000   -0.0108170
  19.0400000   -0.0090979
  19.0600000   -0.0077565
  19.0800000   -0.0067722
  19.1000000   -0.0061173
  19.1200000   -0.0057606
  19.1400000   -0.0056693
  19.1600000   -0.0058103
  19.1800000   -0.0061508
  19.2000000   -0.0066573
  19.2200000   -0.0072957
  19.2400000   -0.0080302
  19.2600000   -0.0088234
  19.2800000   -0.0096370
  19.3000000   -0.0104330
  19.3200000   -0.0111755
  19.3400000   -0.0118332
  19.3600000   -0.0123818
  19.3800000   -0.0128060
  19.4000000   -0.0131007
  19.4200000   -0.0132717
  19.4400000   -0.0133346
  19.4600000   -0.0133127
  19.4800000   -0.0132344
  19.5000000   -0.0131298
  19.5200000   -0.0130272
  19.5400000   -0.0129505
  19.5600000   -0.0129167
  19.5800000   -0.0129356
  19.6000000   -0.0130098
  19.6200000   -0.0131360
  19.6400000   -0.0133074
  19.6600000   -0.0135158
  19.6800000   -0.0137545
  19.7000000   -0.0140197
  19.7200000   -0.0143119
  19.7400000   -0.0146358
  19.7600000   -0.0149996
  19.7800000   -0.0154126
  19.8000000   -0.0158835
  19.8200000   -0.0164173
  19.8400000   -0.0170128
  19.8600000   -0.0176611
  19.8800000   -0.0183441
  19.9000000   -0.0190352
  19.9200000   -0.0197005
  19.9400000   -0.0203011
  19.9600000   -0.0207963
  19.9800000   -0.0211477
  20.0000000   -0.0213222
  20.0200000   -0.0212957
  20.0400000   -0.0210557
  20.0600000   -0.0206022
  20.0800000   -0.0199483
  20.1000000   -0.0191193
  20.1200000   -0.0181507
  20.1400000   -0.0170855
  20.1600000   -0.0159711
  20.1800000   -0.0148557
  20.2000000   -0.0137853
  20.2200000   -0.0128009
  20.2400000   -0.0119356
  20.2600000   -0.0112137
  20.2800000   -0.0106493
  20.3000000   -0.0102465
  20.3200000   -0.0099996
  20.3400000   -0.0098948
  20.3600000   -0.0099109
  20.3800000   -0.0100218
  20.4000000   -0.0101983
  20.4200000   -0.0104096
  20.4400000   -0.0106257
  20.4600000   -0.0108183
  20.4800000   -0.0109619
  20.5000000   -0.0110354
  20.5200000   -0.0110218
  20.5400000   -0.0109088
  20.5600000   -0.0106889
  20.5800000   -0.0103591
  20.6000000   -0.0099209
  20.6200000   -0.0093798
  20.6400000   -0.0087451
  20.6600000   -0.0080292
  20.6800000   -0.0072476
  20.7000000   -0.0064184
  20.7200000   -0.0055612
  20.7400000   -0.0046971
  20.7600000   -0.0038476
  20.7800000   -0.0030342
  20.8000000   -0.0022770
  20.8200000   -0.0015943
  20.8400000   -0.0010017
  20.8600000   -0.0005112
  20.8800000   -0.0001306
  20.9000000    0.0001371
  20.9200000    0.0002938
  20.9400000    0.0003467
  20.9600000    0.0003076
  20.9800000    0.0001931
  21.0000000    0.0000230
  21.0200000   -0.0001801
  21.0400000   -0.0003923
  21.0600000   -0.0005895
  21.0800000   -0.0007487
  21.1000000   -0.0008497
  21.1200000   -0.0008755
  21.1400000   -0.0008135
  21.1600000   -0.0006563
  21.1800000   -0.0004018
  21.2000000   -0.0000536
  21.2200000    0.0003793
  21.2400000    0.0008829
  21.2600000    0.0014387
  21.2800000    0.0020245
  21.3000000    0.0026160
  21.3200000    0.0031882
  21.3400000    0.0037163
  21.3600000    0.0041783
  21.3800000    0.0045562
  21.4000000    0.0048369
  21.4200000    0.0050136
  21.4400000    0.0050861
  21.4600000    0.0050599
  21.4800000    0.0049458
  21.5000000    0.0047582
  21.5200000    0.0045136
  21.5400000    0.0042284
  21.5600000    0.0039174
  21.5800000    0.0035931
  21.6000000    0.0032643
  21.6200000    0.0029368
  21.6400000    0.0026136
  21.6600000    0.0022964
  21.6800000    0.0019864
  21.7000000    0.0016859
  21.7200000    0.0013995
  21.7400000    0.0011342
  21.7600000    0.0008996
  21.7800000    0.0007072
  21.8000000    0.0005693
  21.8200000    0.0004970
  21.8400000    0.0004990
  21.8600000    0.0005798
  21.8800000    0.0007385
  21.9000000    0.0009686
  21.9200000    0.0012581
  21.9400000    0.0015908
  21.9600000    0.0019475
  21.9800000    0.0023088
  22.0000000    0.0026568
  22.0200000    0.0029777
  22.0400000    0.0032630
  22.0600000    0.0035110
  22.0800000    0.0037265
  22.1000000    0.0039207
  22.1200000    0.0041093
  22.1400000    0.0043107
  22.1600000    0.0045436
  22.1800000    0.0048249
  22.2000000    0.0051668
  22.2200000    0.0055758
  22.2400000    0.0060514
  22.2600000    0.0065854
  22.2800000    0.0071634
  22.3000000    0.0077653
  22.3200000    0.0083678
  22.3400000    0.0089470
  22.3600000    0.0094806
  22.3800000    0.0099513
  22.4000000    0.0103483
  22.4200000    0.0106695
  22.4400000    0.0109222
  22.4600000    0.0111227
  22.4800000    0.0112952
  22.5000000    0.0114696
  22.5200000    0.0116787
  22.5400000    0.0119544
  22.5600000    0.0123251
  22.5800000    0.0128121
  22.6000000    0.0134279
  22.6200000    0.0141751
  22.6400000    0.0150470
  22.6600000    0.0160285
  22.6800000    0.0170984
  22.7000000    0.0182323
  22.7200000    0.0194050
  22.7400000    0.0205921
  22.7600000    0.0217719
  22.7800000    0.0229245
  22.8000000    0.0240319
  22.8200000    0.0250761
  22.8400000    0.0260377
  22.8600000    0.0268947
  22.8800000    0.0276221
  22.9000000    0.0281923
  22.9200000    0.0285766
  22.9400000    0.0287477
  22.9600000    0.0286825
  22.9800000    0.0283655
  23.0000000    0.0277904
  23.0200000    0.0269625
  23.0400000    0.0258989
  23.0600000    0.0246280
  23.0800000    0.0231873
  23.1000000    0.0216213
  23.1200000    0.0199778
  23.1400000    0.0183047
  23.1600000    0.0166472
  23.1800000    0.0150448
  23.2000000    0.0135296
  23.2200000    0.0121252
  23.2400000    0.0108465
  23.2600000    0.0097001
  23.2800000    0.0086857
  23.3000000    0.0077970
  23.3200000    0.0070240
  23.3400000    0.0063543
  23.3600000    0.0057747
  23.3800000    0.0052725
  23.4000000    0.0048362
  23.4200000    0.0044563
  23.4400000    0.0041251
  23.4600000    0.0038369
  23.4800000    0.0035872
  23.5000000    0.0033725
  23.5200000    0.0031896
  23.5400000    0.0030349
  23.5600000    0.0029041
  23.5800000    0.0027915
  23.6000000    0.0026903
  23.6200000    0.0025922
  23.6400000    0.0024883
  23.6600000    0.0023693
  23.6800000    0.0022263
  23.7000000    0.0020525
  23.7200000    0.0018430
  23.7400000    0.0015968
  23.7600000    0.0013166
  23.7800000    0.0010089
  23.8000000    0.0006844
  23.8200000    0.0003563
  23.8400000    0.0000398
  23.8600000   -0.0002497
  23.8800000   -0.0004977
  23.9000000   -0.0006927
  23.9200000   -0.0008268
  23.9400000   -0.0008969
  23.9600000   -0.0009048
  23.9800000   -0.0008571
  24.0000000   -0.0007648
  24.0200000   -0.0006420
  24.0400000   -0.0005044
  24.0600000   -0.0003685
  24.0800000   -0.0002496
  24.1000000   -0.0001608
  24.1200000   -0.0001119
  24.1400000   -0.0001086
  24.1600000   -0.0001525
  24.1800000   -0.0002410
  24.2000000   -0.0003677
  24.2200000   -0.0005231
  24.2400000   -0.0006956
  24.2600000   -0.0008721
  24.2800000   -0.0010391
  24.3000000   -0.0011833
  24.3200000   -0.0012924
  24.3400000   -0.0013555
  24.3600000   -0.0013636
  24.3800000   -0.0013103
  24.4000000   -0.0011920
  24.4200000   -0.0010084
  24.4400000   -0.0007631
  24.4600000   -0.0004637
  24.4800000   -0.0001224
  24.5000000    0.0002447
  24.5200000    0.0006175
  24.5400000    0.0009728
  24.5600000    0.0012854
  24.5800000    0.0015293
  24.6000000    0.0016789
  24.6200000    0.0017109
  24.6400000    0.0016052
  24.6600000    0.0013461
  24.6800000    0.0009232
  24.7000000    0.0003319
  24.7200000   -0.0004264
  24.7400000   -0.0013444
  24.7600000   -0.0024092
  24.7800000   -0.0036029
  24.8000000   -0.0049035
  24.8200000   -0.0062855
  24.8400000   -0.0077217
  24.8600000   -0.0091839
  24.8800000   -0.0106443
  24.9000000   -0.0120762
  24.9200000   -0.0134554
  24.9400000   -0.0147602
  24.9600000   -0.0159713
  24.9800000   -0.0170721
  25.0000000   -0.0180477
  25.0200000   -0.0188846
  25.0400000   -0.0195700
  25.0600000   -0.0200916
  25.0800000   -0.0204376
  25.1000000   -0.0205978
  25.1200000   -0.0205637
  25.1400000   -0.0203307
  25.1600000   -0.0198991
  25.1800000   -0.0192753
  25.2000000   -0.0184732
  25.2200000   -0.0175143
  25.2400000   -0.0164274
  25.2600000   -0.0152479
  25.2800000   -0.0140159
  25.3000000   -0.0127736
  25.3200000   -0.0115630
  25.3400000   -0.0104223
  25.3600000   -0.0093837
  25.3800000   -0.0084709
  25.4000000   -0.0076972
  25.4200000   -0.0070645
  25.4400000   -0.0065641
  25.4600000   -0.0061770
  25.4800000   -0.0058766
  25.5000000   -0.0056309
  25.5200000   -0.0054059
  25.5400000   -0.0051688
  25.5600000   -0.0048912
  25.5800000   -0.0045523
  25.6000000   -0.0041406
  25.6200000   -0.0036558
  25.6400000   -0.0031097
  25.6600000   -0.0025262
  25.6800000   -0.0019407
  25.7000000   -0.0013990
  25.7200000   -0.0009554
  25.7400000   -0.0006698
  25.7600000   -0.0006048
  25.7800000   -0.0008218
  25.8000000   -0.0013767
  25.8200000   -0.0023150
  25.8400000   -0.0036674
  25.8600000   -0.0054458
  25.8800000   -0.0076392
  25.9000000   -0.0102123
  25.9200000   -0.0131049
  25.9400000   -0.0162337
  25.9600000   -0.0194964
  25.9800000   -0.0227775
  26.0000000   -0.0259557
  26.0200000   -0.0289128
  26.0400000   -0.0315418
  26.0600000   -0.0337560
  26.0800000   -0.0354948
  26.1000000   -0.0367291
  26.1200000   -0.0374629
  26.1400000   -0.0377329
  26.1600000   -0.0376048
  26.1800000   -0.0371673
  26.2000000   -0.0365244
  26.2200000   -0.0357857
  26.2400000   -0.0350572
  26.2600000   -0.0344324
  26.2800000   -0.0339837
  26.3000000   -0.0337575
  26.3200000   -0.0337700
  26.3400000   -0.0340072
  26.3600000   -0.0344270
  26.3800000   -0.0349640
  26.4000000   -0.0355362
  26.4200000   -0.0360535
  26.4400000   -0.0364261
  26.4600000   -0.0365730
  26.4800000   -0.0364290
  26.5000000   -0.0359497
  26.5200000   -0.0351148
  26.5400000   -0.0339279
  26.5600000   -0.0324151
  26.5800000   -0.0306212
  26.6000000   -0.0286049
  26.6200000   -0.0264333
  26.6400000   -0.0241769
  26.6600000   -0.0219052
  26.6800000   -0.0196829
  26.7000000   -0.0175679
  26.7200000   -0.0156097
  26.7400000   -0.0138489
  26.7600000   -0.0123166
  26.7800000   -0.0110347
  26.8000000   -0.0100153
  26.8200000   -0.0092610
  26.8400000   -0.0087640
  26.8600000   -0.0085068
  26.8800000   -0.0084616
  26.9000000   -0.0085924
  26.9200000   -0.0088554
  26.9400000   -0.0092027
  26.9600000   -0.0095839
  26.9800000   -0.0099505
  27.0000000   -0.0102585
  27.0200000   -0.0104716
  27.0400000   -0.0105633
  27.0600000   -0.0105188
  27.0800000   -0.0103352
  27.1000000   -0.0100212
  27.1200000   -0.0095955
  27.1400000   -0.0090851
  27.1600000   -0.0085222
  27.1800000   -0.0079417
  27.2000000   -0.0073781
  27.2200000   -0.0068626
  27.2400000   -0.0064213
  27.2600000   -0.0060733
  27.2800000   -0.0058296
  27.3000000   -0.0056929
  27.3200000   -0.0056584
  27.3400000   -0.0057144
  27.3600000   -0.0058441
  27.3800000   -0.0060277
  27.4000000   -0.0062436
  27.4200000   -0.0064710
  27.4400000   -0.0066907
  27.4600000   -0.0068866
  27.4800000   -0.0070461
  27.5000000   -0.0071605
  27.5200000   -0.0072243
  27.5400000   -0.0072354
  27.5600000   -0.0071943
  27.5800000   -0.0071031
  27.6000000   -0.0069659
  27.6200000   -0.0067876
  27.6400000   -0.0065740
  27.6600000   -0.0063317
  27.6800000   -0.0060679
  27.7000000   -0.0057899
  27.7200000   -0.0055050
  27.7400000   -0.0052202
  27.7600000   -0.0049413
  27.7800000   -0.0046730
  27.8000000   -0.0044181
  27.8200000   -0.0041774
  27.8400000   -0.0039500
  27.8600000   -0.0037330
  27.8800000   -0.0035227
  27.9000000   -0.0033143
  27.9200000   -0.0031035
  27.9400000   -0.0028864
  27.9600000   -0.0026603
  27.9800000   -0.0024240
  28.0000000   -0.0021778
  28.0200000   -0.0019234
  28.0400000   -0.0016639
  28.0600000   -0.0014033
  28.0800000   -0.0011461
  28.1000000   -0.0008973
  28.1200000   -0.0006618
  28.1400000   -0.0004440
  28.1600000   -0.0002476
  28.1800000   -0.0000753
  28.2000000    0.0000717
  28.2200000    0.0001936
  28.2400000    0.0002923
  28.2600000    0.0003713
  28.2800000    0.0004349
  28.3000000    0.0004882
  28.3200000    0.0005359
  28.3400000    0.0005819
  28.3600000    0.0006285
  28.3800000    0.0006764
  28.4000000    0.0007242
  28.4200000    0.0007696
  28.4400000    0.0008098
  28.4600000    0.0008428
  28.4800000    0.0008683
  28.5000000    0.0008892
  28.5200000    0.0009113
  28.5400000    0.0009438
  28.5600000    0.0009985
  28.5800000    0.0010883
  28.6000000    0.0012253
  28.6200000    0.0014198
  28.6400000    0.0016776
  28.6600000    0.0019997
  28.6800000    0.0023815
  28.7000000    0.0028132
  28.7200000    0.0032808
  28.7400000    0.0037676
  28.7600000    0.0042563
  28.7800000    0.0047303
  28.8000000    0.0051757
  28.8200000    0.0055819
  28.8400000    0.0059423
  28.8600000    0.0062541
  28.8800000    0.0065175
  28.9000000    0.0067350
  28.9200000    0.0069104
  28.9400000    0.0070480
  28.9600000    0.0071517
  28.9800000    0.0072245
  29.0000000    0.0072687
  29.0200000    0.0072858
  29.0400000    0.0072765
  29.0600000    0.0072410
  29.0800000    0.0071796
  29.1000000    0.0070925
  29.1200000    0.0069802
  29.1400000    0.0068441
  29.1600000    0.0066859
  29.1800000    0.0065087
  29.2000000    0.0063167
  29.2200000    0.0061156
  29.2400000    0.0059126
  29.2600000    0.0057165
  29.2800000    0.0055372
  29.3000000    0.0053854
  29.3200000    0.0052718
  29.3400000    0.0052062
  29.3600000    0.0051966
  29.3800000    0.0052482
  29.4000000    0.0053629
  29.4200000    0.0055390
  29.4400000    0.0057712
  29.4600000    0.0060510
  29.4800000    0.0063679
  29.5000000    0.0067104
  29.5200000    0.0070673
  29.5400000    0.0074293
  29.5600000    0.0077899
  29.5800000    0.0081459
  29.6000000    0.0084985
  29.6200000    0.0088521
  29.6400000    0.0092143
  29.6600000    0.0095944
  29.6800000    0.0100015
  29.7000000    0.0104431
  29.7200000    0.0109235
  29.7400000    0.0114416
  29.7600000    0.0119904
  29.7800000    0.0125566
  29.8000000    0.0131206
  29.8200000    0.0136580
  29.8400000    0.0141415
  29.8600000    0.0145433
  29.8800000    0.0148383
  29.9000000    0.0150065
  29.9200000    0.0150359
  29.9400000    0.0149240
  29.9600000    0.0146787
  29.9800000    0.0143179
  30.0000000    0.0138680
