 -10.0000000   -0.0058704
  -9.9800000   -0.0073913
  -9.9600000   -0.0089730
  -9.9400000   -0.0105921
  -9.9200000   -0.0122201
  -9.9000000   -0.0138232
  -9.8800000   -0.0153622
  -9.8600000   -0.0167943
  -9.8400000   -0.0180752
  -9.8200000   -0.0191616
  -9.8000000   -0.0200152
  -9.7800000   -0.0206048
  -9.7600000   -0.0209096
  -9.7400000   -0.0209197
  -9.7200000   -0.0206372
  -9.7000000   -0.0200744
  -9.6800000   -0.0192524
  -9.6600000   -0.0181982
  -9.6400000   -0.0169420
  -9.6200000   -0.0155145
  -9.6000000   -0.0139454
  -9.5800000   -0.0122620
  -9.5600000   -0.0104890
  -9.5400000   -0.0086495
  -9.5200000   -0.0067661
  -9.5000000   -0.0048619
  -9.4800000   -0.0029626
  -9.4600000   -0.0010969
  -9.4400000    0.0007035
  -9.4200000    0.0024040
  -9.4000000    0.0039685
  -9.3800000    0.0053620
  -9.3600000    0.0065524
  -9.3400000    0.0075132
  -9.3200000    0.0082259
  -9.3000000    0.0086816
  -9.2800000    0.0088819
  -9.2600000    0.0088389
  -9.2400000    0.0085748
  -9.2200000    0.0081203
  -9.2000000    0.0075124
  -9.1800000    0.0067925
  -9.1600000    0.0060042
  -9.1400000    0.0051909
  -9.1200000    0.0043944
  -9.1000000    0.0036531
  -9.0800000    0.0030013
  -9.0600000    0.0024686
  -9.0400000    0.0020794
  -9.0200000    0.0018533
  -9.0000000    0.0018057
  -8.9800000    0.0019483
  -8.9600000    0.0022909
  -8.9400000    0.0028417
  -8.9200000    0.0036098
  -8.9000000    0.0046047
  -8.8800000    0.0058378
  -8.8600000    0.0073207
  -8.8400000    0.0090640
  -8.8200000    0.0110743
  -8.8000000    0.0133505
  -8.7800000    0.0158795
  -8.7600000    0.0186325
  -8.7400000    0.0215616
  -8.7200000    0.0245988
  -8.7000000    0.0276564
  -8.6800000    0.0306303
  -8.6600000    0.0334064
  -8.6400000    0.0358680
  -8.6200000    0.0379054
  -8.6000000    0.0394262
  -8.5800000    0.0403636
  -8.5600000    0.0406841
  -8.5400000    0.0403915
  -8.5200000    0.0395279
  -8.5000000    0.0381708
  -8.4800000    0.0364267
  -8.4600000    0.0344217
  -8.4400000    0.0322905
  -8.4200000    0.0301650
  -8.4000000    0.0281623
  -8.3800000    0.0263761
  -8.3600000    0.0248700
  -8.3400000    0.0236740
  -8.3200000    0.0227850
  -8.3000000    0.0221712
  -8.2800000    0.0217778
  -8.2600000    0.0215362
  -8.2400000    0.0213730
  -8.2200000    0.0212186
  -8.2000000    0.0210152
  -8.1800000    0.0207214
  -8.1600000    0.0203156
  -8.1400000    0.0197958
  -8.1200000    0.0191773
  -8.1000000    0.0184888
  -8.0800000    0.0177674
  -8.0600000    0.0170526
  -8.0400000    0.0163822
  -8.0200000    0.0157877
  -8.0000000    0.0152917
  -7.9800000    0.0149064
  -7.9600000    0.0146338
  -7.9400000    0.0144661
  -7.9200000    0.0143873
  -7.9000000    0.0143751
  -7.8800000    0.0144027
  -7.8600000    0.0144407
  -7.8400000    0.0144588
  -7.8200000    0.0144275
  -7.8000000    0.0143195
  -7.7800000    0.0141118
  -7.7600000    0.0137865
  -7.7400000    0.0133324
  -7.7200000    0.0127461
  -7.7000000    0.0120323
  -7.6800000    0.0112038
  -7.6600000    0.0102810
  -7.6400000    0.0092904
  -7.6200000    0.0082627
  -7.6000000    0.0072310
  -7.5800000    0.0062285
  -7.5600000    0.0052864
  -7.5400000    0.0044321
  -7.5200000    0.0036883
  -7.5000000    0.0030720
  -7.4800000    0.0025944
  -7.4600000    0.0022611
  -7.4400000    0.0020725
  -7.4200000    0.0020247
  -7.4000000    0.0021098
  -7.3800000    0.0023174
  -7.3600000    0.0026349
  -7.3400000    0.0030486
  -7.3200000    0.0035449
  -7.3000000    0.0041113
  -7.2800000    0.0047372
  -7.2600000    0.0054160
  -7.2400000    0.0061449
  -7.2200000    0.0069262
  -7.2000000    0.0077671
  -7.1800000    0.0086786
  -7.1600000    0.0096741
  -7.1400000    0.0107671
  -7.1200000    0.0119681
  -7.1000000    0.0132819
  -7.0800000    0.0147045
  -7.0600000    0.0162213
  -7.0400000    0.0178060
  -7.0200000    0.0194211
  -7.0000000    0.0210193
  -6.9800000    0.0225472
  -6.9600000    0.0239483
  -6.9400000    0.0251683
  -6.9200000    0.0261592
  -6.9000000    0.0268828
  -6.8800000    0.0273143
  -6.8600000    0.0274432
  -6.8400000    0.0272741
  -6.8200000    0.0268252
  -6.8000000    0.0261264
  -6.7800000    0.0252162
  -6.7600000    0.0241380
  -6.7400000    0.0229373
  -6.7200000    0.0216582
  -6.7000000    0.0203409
  -6.6800000    0.0190207
  -6.6600000    0.0177262
  -6.6400000    0.0164802
  -6.6200000    0.0152992
  -6.6000000    0.0141948
  -6.5800000    0.0131747
  -6.5600000    0.0122432
  -6.5400000    0.0114028
  -6.5200000    0.0106542
  -6.5000000    0.0099972
  -6.4800000    0.0094309
  -6.4600000    0.0089536
  -6.4400000    0.0085634
  -6.4200000    0.0082572
  -6.4000000    0.0080314
  -6.3800000    0.0078809
  -6.3600000    0.0077993
  -6.3400000    0.0077780
  -6.3200000    0.0078063
  -6.3000000    0.0078709
  -6.2800000    0.0079560
  -6.2600000    0.0080433
  -6.2400000    0.0081128
  -6.2200000    0.0081438
  -6.2000000    0.0081157
  -6.1800000    0.0080094
  -6.1600000    0.0078092
  -6.1400000    0.0075033
  -6.1200000    0.0070856
  -6.1000000    0.0065562
  -6.0800000    0.0059212
  -6.0600000    0.0051931
  -6.0400000    0.0043893
  -6.0200000    0.0035309
  -6.0000000    0.0026414
  -5.9800000    0.0017440
  -5.9600000    0.0008599
  -5.9400000    0.0000068
  -5.9200000   -0.0008029
  -5.9000000   -0.0015626
  -5.8800000   -0.0022714
  -5.8600000   -0.0029330
  -5.8400000   -0.0035544
  -5.8200000   -0.0041429
  -5.8000000   -0.0047041
  -5.7800000   -0.0052390
  -5.7600000   -0.0057420
  -5.7400000   -0.0061995
  -5.7200000   -0.0065899
  -5.7000000   -0.0068843
  -5.6800000   -0.0070486
  -5.6600000   -0.0070464
  -5.6400000   -0.0068423
  -5.6200000   -0.0064057
  -5.6000000   -0.0057136
  -5.5800000   -0.0047537
  -5.5600000   -0.0035257
  -5.5400000   -0.0020425
  -5.5200000   -0.0003297
  -5.5000000    0.0015755
  -5.4800000    0.0036263
  -5.4600000    0.0057689
  -5.4400000    0.0079454
  -5.4200000    0.0100965
  -5.4000000    0.0121650
  -5.3800000    0.0140978
  -5.3600000    0.0158481
  -5.3400000    0.0173770
  -5.3200000    0.0186539
  -5.3000000    0.0196572
  -5.2800000    0.0203739
  -5.2600000    0.0207995
  -5.2400000    0.0209371
  -5.2200000    0.0207974
  -5.2000000    0.0203981
  -5.1800000    0.0197639
  -5.1600000    0.0189261
  -5.1400000    0.0179220
  -5.1200000    0.0167939
  -5.1000000    0.0155875
  -5.0800000    0.0143497
  -5.0600000    0.0131260
  -5.0400000    0.0119576
  -5.0200000    0.0108783
  -5.0000000    0.0099119
  -4.9800000    0.0090711
  -4.9600000    0.0083557
  -4.9400000    0.0077542
  -4.9200000    0.0072447
  -4.9000000    0.0067979
  -4.8800000    0.0063805
  -4.8600000    0.0059590
  -4.8400000    0.0055035
  -4.8200000    0.0049903
  -4.8000000    0.0044050
  -4.7800000    0.0037428
  -4.7600000    0.0030088
  -4.7400000    0.0022170
  -4.7200000    0.0013881
  -4.7000000    0.0005470
  -4.6800000   -0.0002794
  -4.6600000   -0.0010655
  -4.6400000   -0.0017882
  -4.6200000   -0.0024288
  -4.6000000   -0.0029735
  -4.5800000   -0.0034139
  -4.5600000   -0.0037464
  -4.5400000   -0.0039719
  -4.5200000   -0.0040949
  -4.5000000   -0.0041230
  -4.4800000   -0.0040661
  -4.4600000   -0.0039357
  -4.4400000   -0.0037448
  -4.4200000   -0.0035070
  -4.4000000   -0.0032362
  -4.3800000   -0.0029459
  -4.3600000   -0.0026489
  -4.3400000   -0.0023563
  -4.3200000   -0.0020775
  -4.3000000   -0.0018197
  -4.2800000   -0.0015873
  -4.2600000   -0.0013822
  -4.2400000   -0.0012040
  -4.2200000   -0.0010502
  -4.2000000   -0.0009167
  -4.1800000   -0.0007987
  -4.1600000   -0.0006915
  -4.1400000   -0.0005908
  -4.1200000   -0.0004941
  -4.1000000   -0.0004012
  -4.0800000   -0.0003142
  -4.0600000   -0.0002384
  -4.0400000   -0.0001815
  -4.0200000   -0.0001536
  -4.0000000   -0.0001660
  -3.9800000   -0.0002305
  -3.9600000   -0.0003573
  -3.9400000   -0.0005543
  -3.9200000   -0.0008251
  -3.9000000   -0.0011687
  -3.8800000   -0.0015787
  -3.8600000   -0.0020436
  -3.8400000   -0.0025479
  -3.8200000   -0.0030730
  -3.8000000   -0.0036000
  -3.7800000   -0.0041108
  -3.7600000   -0.0045909
  -3.7400000   -0.0050304
  -3.7200000   -0.0054247
  -3.7000000   -0.0057747
  -3.6800000   -0.0060860
  -3.6600000   -0.0063669
  -3.6400000   -0.0066269
  -3.6200000   -0.0068745
  -3.6000000   -0.0071152
  -3.5800000   -0.0073503
  -3.5600000   -0.0075767
  -3.5400000   -0.0077869
  -3.5200000   -0.0079700
  -3.5000000   -0.0081137
  -3.4800000   -0.0082059
  -3.4600000   -0.0082364
  -3.4400000   -0.0081994
  -3.4200000   -0.0080935
  -3.4000000   -0.0079232
  -3.3800000   -0.0076985
  -3.3600000   -0.0074342
  -3.3400000   -0.0071498
  -3.3200000   -0.0068676
  -3.3000000   -0.0066121
  -3.2800000   -0.0064090
  -3.2600000   -0.0062841
  -3.2400000   -0.0062622
  -3.2200000   -0.0063667
  -3.2000000   -0.0066179
  -3.1800000   -0.0070320
  -3.1600000   -0.0076198
  -3.1400000   -0.0083851
  -3.1200000   -0.0093231
  -3.1000000   -0.0104199
  -3.0800000   -0.0116518
  -3.0600000   -0.0129858
  -3.0400000   -0.0143812
  -3.0200000   -0.0157913
  -3.0000000   -0.0171673
  -2.9800000   -0.0184614
  -2.9600000   -0.0196306
  -2.9400000   -0.0206399
  -2.9200000   -0.0214653
  -2.9000000   -0.0220954
  -2.8800000   -0.0225319
  -2.8600000   -0.0227889
  -2.8400000   -0.0228913
  -2.8200000   -0.0228721
  -2.8000000   -0.0227690
  -2.7800000   -0.0226211
  -2.7600000   -0.0224652
  -2.7400000   -0.0223329
  -2.7200000   -0.0222482
  -2.7000000   -0.0222255
  -2.6800000   -0.0222697
  -2.6600000   -0.0223759
  -2.6400000   -0.0225310
  -2.6200000   -0.0227159
  -2.6000000   -0.0229078
  -2.5800000   -0.0230834
  -2.5600000   -0.0232214
  -2.5400000   -0.0233052
  -2.5200000   -0.0233252
  -2.5000000   -0.0232800
  -2.4800000   -0.0231775
  -2.4600000   -0.0230346
  -2.4400000   -0.0228773
  -2.4200000   -0.0227390
  -2.4000000   -0.0226594
  -2.3800000   -0.0226824
  -2.3600000   -0.0228544
  -2.3400000   -0.0232213
  -2.3200000   -0.0238268
  -2.3000000   -0.0247092
  -2.2800000   -0.0258992
  -2.2600000   -0.0274165
  -2.2400000   -0.0292679
  -2.2200000   -0.0314441
  -2.2000000   -0.0339184
  -2.1800000   -0.0366452
  -2.1600000   -0.0395607
  -2.1400000   -0.0425837
  -2.1200000   -0.0456196
  -2.1000000   -0.0485647
  -2.0800000   -0.0513126
  -2.0600000   -0.0537601
  -2.0400000   -0.0558152
  -2.0200000   -0.0574021
  -2.0000000   -0.0584666
  -1.9800000   -0.0589786
  -1.9600000   -0.0589333
  -1.9400000   -0.0583495
  -1.9200000   -0.0572669
  -1.9000000   -0.0557417
  -1.8800000   -0.0538426
  -1.8600000   -0.0516459
  -1.8400000   -0.0492315
  -1.8200000   -0.0466799
  -1.8000000   -0.0440695
  -1.7800000   -0.0414746
  -1.7600000   -0.0389633
  -1.7400000   -0.0365954
  -1.7200000   -0.0344201
  -1.7000000   -0.0324733
  -1.6800000   -0.0307742
  -1.6600000   -0.0293236
  -1.6400000   -0.0281019
  -1.6200000   -0.0270693
  -1.6000000   -0.0261676
  -1.5800000   -0.0253236
  -1.5600000   -0.0244550
  -1.5400000   -0.0234764
  -1.5200000   -0.0223076
  -1.5000000   -0.0208798
  -1.4800000   -0.0191424
  -1.4600000   -0.0170672
  -1.4400000   -0.0146518
  -1.4200000   -0.0119195
  -1.4000000   -0.0089181
  -1.3800000   -0.0057166
  -1.3600000   -0.0023999
  -1.3400000    0.0009369
  -1.3200000    0.0041958
  -1.3000000    0.0072828
  -1.2800000    0.0101150
  -1.2600000    0.0126266
  -1.2400000    0.0147739
  -1.2200000    0.0165385
  -1.2000000    0.0179283
  -1.1800000    0.0189769
  -1.1600000    0.0197406
  -1.1400000    0.0202939
  -1.1200000    0.0207242
  -1.1000000    0.0211261
  -1.0800000    0.0215952
  -1.0600000    0.0222236
  -1.0400000    0.0230949
  -1.0200000    0.0242809
  -1.0000000    0.0258374
  -0.9800000    0.0278013
  -0.9600000    0.0301863
  -0.9400000    0.0329791
  -0.9200000    0.0361353
  -0.9000000    0.0395762
  -0.8800000    0.0431871
  -0.8600000    0.0468188
  -0.8400000    0.0502915
  -0.8200000    0.0534037
  -0.8000000    0.0559447
  -0.7800000    0.0577099
  -0.7600000    0.0585193
  -0.7400000    0.0582348
  -0.7200000    0.0567771
  -0.7000000    0.0541385
  -0.6800000    0.0503900
  -0.6600000    0.0456822
  -0.6400000    0.0402386
  -0.6200000    0.0343424
  -0.6000000    0.0283159
  -0.5800000    0.0224973
  -0.5600000    0.0172134
  -0.5400000    0.0127541
  -0.5200000    0.0093488
  -0.5000000    0.0071481
  -0.4800000    0.0062137
  -0.4600000    0.0065154
  -0.4400000    0.0079367
  -0.4200000    0.0102898
  -0.4000000    0.0133354
  -0.3800000    0.0168077
  -0.3600000    0.0204417
  -0.3400000    0.0239989
  -0.3200000    0.0272895
  -0.3000000    0.0301906
  -0.2800000    0.0326552
  -0.2600000    0.0347157
  -0.2400000    0.0364786
  -0.2200000    0.0381126
  -0.2000000    0.0398317
  -0.1800000    0.0418740
  -0.1600000    0.0444796
  -0.1400000    0.0478675
  -0.1200000    0.0522158
  -0.1000000    0.0576446
  -0.0800000    0.0642045
  -0.0600000    0.0718702
  -0.0400000    0.0805404
  -0.0200000    0.0900434
   0.0000000    0.1001484
   0.0200000    0.1105803
   0.0400000    0.1210376
   0.0600000    0.1312115
   0.0800000    0.1408041
   0.1000000    0.1495444
   0.1200000    0.1572010
   0.1400000    0.1635907
   0.1600000    0.1685822
   0.1800000    0.1720964
   0.2000000    0.1741034
   0.2200000    0.1746171
   0.2400000    0.1736895
   0.2600000    0.1714053
   0.2800000    0.1678776
   0.3000000    0.1632445
   0.3200000    0.1576678
   0.3400000    0.1513314
   0.3600000    0.1444394
   0.3800000    0.1372126
   0.4000000    0.1298831
   0.4200000    0.1226851
   0.4400000    0.1158438
   0.4600000    0.1095619
   0.4800000    0.1040051
   0.5000000    0.0992888
   0.5200000    0.0954679
   0.5400000    0.0925299
   0.5600000    0.0903954
   0.5800000    0.0889234
   0.6000000    0.0879234
   0.6200000    0.0871732
   0.6400000    0.0864387
   0.6600000    0.0854962
   0.6800000    0.0841524
   0.7000000    0.0822611
   0.7200000    0.0797345
   0.7400000    0.0765484
   0.7600000    0.0727395
   0.7800000    0.0683981
   0.8000000    0.0636552
   0.8200000    0.0586668
   0.8400000    0.0535982
   0.8600000    0.0486083
   0.8800000    0.0438379
   0.9000000    0.0394002
   0.9200000    0.0353767
   0.9400000    0.0318157
   0.9600000    0.0287355
   0.9800000    0.0261280
   1.0000000    0.0239650
   1.0200000    0.0222043
   1.0400000    0.0207952
   1.0600000    0.0196835
   1.0800000    0.0188149
   1.1000000    0.0181384
   1.1200000    0.0176072
   1.1400000    0.0171803
   1.1600000    0.0168232
   1.1800000    0.0165076
   1.2000000    0.0162119
   1.2200000    0.0159207
   1.2400000    0.0156242
   1.2600000    0.0153178
   1.2800000    0.0150004
   1.3000000    0.0146737
   1.3200000    0.0143402
   1.3400000    0.0140025
   1.3600000    0.0136614
   1.3800000    0.0133160
   1.4000000    0.0129634
   1.4200000    0.0125990
   1.4400000    0.0122177
   1.4600000    0.0118158
   1.4800000    0.0113919
   1.5000000    0.0109490
   1.5200000    0.0104955
   1.5400000    0.0100456
   1.5600000    0.0096190
   1.5800000    0.0092399
   1.6000000    0.0089350
   1.6200000    0.0087306
   1.6400000    0.0086499
   1.6600000    0.0087095
   1.6800000    0.0089175
   1.7000000    0.0092701
   1.7200000    0.0097517
   1.7400000    0.0103339
   1.7600000    0.0109769
   1.7800000    0.0116319
   1.8000000    0.0122443
   1.8200000    0.0127579
   1.8400000    0.0131195
   1.8600000    0.0132831
   1.8800000    0.0132146
   1.9000000    0.0128950
   1.9200000    0.0123226
   1.9400000    0.0115136
   1.9600000    0.0105016
   1.9800000    0.0093348
   2.0000000    0.0080720
   2.0200000    0.0067780
   2.0400000    0.0055174
   2.0600000    0.0043493
   2.0800000    0.0033220
   2.1000000    0.0024685
   2.1200000    0.0018046
   2.1400000    0.0013269
   2.1600000    0.0010139
   2.1800000    0.0008283
   2.2000000    0.0007198
   2.2200000    0.0006301
   2.2400000    0.0004973
   2.2600000    0.0002613
   2.2800000   -0.0001316
   2.3000000   -0.0007243
   2.3200000   -0.0015445
   2.3400000   -0.0026022
   2.3600000   -0.0038872
   2.3800000   -0.0053684
   2.4000000   -0.0069940
   2.4200000   -0.0086935
   2.4400000   -0.0103805
   2.4600000   -0.0119583
   2.4800000   -0.0133250
   2.5000000   -0.0143807
   2.5200000   -0.0150346
   2.5400000   -0.0152120
   2.5600000   -0.0148605
   2.5800000   -0.0139550
   2.6000000   -0.0125007
   2.6200000   -0.0105345
   2.6400000   -0.0081240
   2.6600000   -0.0053648
   2.6800000   -0.0023755
   2.7000000    0.0007085
   2.7200000    0.0037421
   2.7400000    0.0065783
   2.7600000    0.0090766
   2.7800000    0.0111101
   2.8000000    0.0125718
   2.8200000    0.0133801
   2.8400000    0.0134812
   2.8600000    0.0128504
   2.8800000    0.0114906
   2.9000000    0.0094295
   2.9200000    0.0067141
   2.9400000    0.0034054
   2.9600000   -0.0004283
   2.9800000   -0.0047171
   3.0000000   -0.0093944
   3.0200000   -0.0144006
   3.0400000   -0.0196848
   3.0600000   -0.0252044
   3.0800000   -0.0309238
   3.1000000   -0.0368105
   3.1200000   -0.0428304
   3.1400000   -0.0489430
   3.1600000   -0.0550960
   3.1800000   -0.0612203
   3.2000000   -0.0672273
   3.2200000   -0.0730071
   3.2400000   -0.0784299
   3.2600000   -0.0833504
   3.2800000   -0.0876146
   3.3000000   -0.0910701
   3.3200000   -0.0935774
   3.3400000   -0.0950227
   3.3600000   -0.0953290
   3.3800000   -0.0944663
   3.4000000   -0.0924573
   3.4200000   -0.0893786
   3.4400000   -0.0853579
   3.4600000   -0.0805654
   3.4800000   -0.0752020
   3.5000000   -0.0694845
   3.5200000   -0.0636300
   3.5400000   -0.0578410
   3.5600000   -0.0522922
   3.5800000   -0.0471213
   3.6000000   -0.0424237
   3.6200000   -0.0382507
   3.6400000   -0.0346128
   3.6600000   -0.0314855
   3.6800000   -0.0288171
   3.7000000   -0.0265391
   3.7200000   -0.0245747
   3.7400000   -0.0228479
   3.7600000   -0.0212906
   3.7800000   -0.0198467
   3.8000000   -0.0184753
   3.8200000   -0.0171503
   3.8400000   -0.0158592
   3.8600000   -0.0146001
   3.8800000   -0.0133786
   3.9000000   -0.0122037
   3.9200000   -0.0110852
   3.9400000   -0.0100317
   3.9600000   -0.0090487
   3.9800000   -0.0081394
   4.0000000   -0.0073040
   4.0200000   -0.0065417
   4.0400000   -0.0058508
   4.0600000   -0.0052303
   4.0800000   -0.0046803
   4.1000000   -0.0042018
   4.1200000   -0.0037972
   4.1400000   -0.0034696
   4.1600000   -0.0032223
   4.1800000   -0.0030583
   4.2000000   -0.0029804
   4.2200000   -0.0029905
   4.2400000   -0.0030903
   4.2600000   -0.0032811
   4.2800000   -0.0035642
   4.3000000   -0.0039408
   4.3200000   -0.0044121
   4.3400000   -0.0049787
   4.3600000   -0.0056396
   4.3800000   -0.0063919
   4.4000000   -0.0072288
   4.4200000   -0.0081394
   4.4400000   -0.0091075
   4.4600000   -0.0101114
   4.4800000   -0.0111246
   4.5000000   -0.0121167
   4.5200000   -0.0130557
   4.5400000   -0.0139104
   4.5600000   -0.0146537
   4.5800000   -0.0152651
   4.6000000   -0.0157340
   4.6200000   -0.0160608
   4.6400000   -0.0162578
   4.6600000   -0.0163484
   4.6800000   -0.0163648
   4.7000000   -0.0163444
   4.7200000   -0.0163260
   4.7400000   -0.0163451
   4.7600000   -0.0164298
   4.7800000   -0.0165977
   4.8000000   -0.0168543
   4.8200000   -0.0171924
   4.8400000   -0.0175934
   4.8600000   -0.0180307
   4.8800000   -0.0184727
   4.9000000   -0.0188876
   4.9200000   -0.0192473
   4.9400000   -0.0195317
   4.9600000   -0.0197317
   4.9800000   -0.0198508
   5.0000000   -0.0199062
   5.0200000   -0.0199281
   5.0400000   -0.0199579
   5.0600000   -0.0200452
   5.0800000   -0.0202442
   5.1000000   -0.0206086
   5.1200000   -0.0211871
   5.1400000   -0.0220180
   5.1600000   -0.0231249
   5.1800000   -0.0245128
   5.2000000   -0.0261656
   5.2200000   -0.0280458
   5.2400000   -0.0300954
   5.2600000   -0.0322393
   5.2800000   -0.0343899
   5.3000000   -0.0364534
   5.3200000   -0.0383368
   5.3400000   -0.0399547
   5.3600000   -0.0412360
   5.3800000   -0.0421293
   5.4000000   -0.0426063
   5.4200000   -0.0426641
   5.4400000   -0.0423244
   5.4600000   -0.0416313
   5.4800000   -0.0406471
   5.5000000   -0.0394464
   5.5200000   -0.0381094
   5.5400000   -0.0367143
   5.5600000   -0.0353309
   5.5800000   -0.0340140
   5.6000000   -0.0327989
   5.6200000   -0.0316992
   5.6400000   -0.0307065
   5.6600000   -0.0297925
   5.6800000   -0.0289131
   5.7000000   -0.0280141
   5.7200000   -0.0270380
   5.7400000   -0.0259301
   5.7600000   -0.0246442
   5.7800000   -0.0231471
   5.8000000   -0.0214205
   5.8200000   -0.0194617
   5.8400000   -0.0172821
   5.8600000   -0.0149044
   5.8800000   -0.0123593
   5.9000000   -0.0096820
   5.9200000   -0.0069095
   5.9400000   -0.0040787
   5.9600000   -0.0012255
   5.9800000    0.0016142
   6.0000000    0.0044039
   6.0200000    0.0071048
   6.0400000    0.0096746
   6.0600000    0.0120681
   6.0800000    0.0142371
   6.1000000    0.0161341
   6.1200000    0.0177147
   6.1400000    0.0189426
   6.1600000    0.0197939
   6.1800000    0.0202610
   6.2000000    0.0203549
   6.2200000    0.0201069
   6.2400000    0.0195670
   6.2600000    0.0188015
   6.2800000    0.0178885
   6.3000000    0.0169124
   6.3200000    0.0159581
   6.3400000    0.0151051
   6.3600000    0.0144226
   6.3800000    0.0139658
   6.4000000    0.0137734
   6.4200000    0.0138669
   6.4400000    0.0142510
   6.4600000    0.0149147
   6.4800000    0.0158339
   6.5000000    0.0169734
   6.5200000    0.0182896
   6.5400000    0.0197322
   6.5600000    0.0212468
   6.5800000    0.0227758
   6.6000000    0.0242602
   6.6200000    0.0256408
   6.6400000    0.0268600
   6.6600000    0.0278631
   6.6800000    0.0286007
   6.7000000    0.0290310
   6.7200000    0.0291219
   6.7400000    0.0288532
   6.7600000    0.0282185
   6.7800000    0.0272259
   6.8000000    0.0258983
   6.8200000    0.0242728
   6.8400000    0.0223986
   6.8600000    0.0203349
   6.8800000    0.0181482
   6.9000000    0.0159084
   6.9200000    0.0136860
   6.9400000    0.0115487
   6.9600000    0.0095586
   6.9800000    0.0077697
   7.0000000    0.0062260
   7.0200000    0.0049603
   7.0400000    0.0039932
   7.0600000    0.0033334
   7.0800000    0.0029782
   7.1000000    0.0029149
   7.1200000    0.0031224
   7.1400000    0.0035739
   7.1600000    0.0042387
   7.1800000    0.0050854
   7.2000000    0.0060835
   7.2200000    0.0072050
   7.2400000    0.0084254
   7.2600000    0.0097234
   7.2800000    0.0110801
   7.3000000    0.0124779
   7.3200000    0.0138987
   7.3400000    0.0153224
   7.3600000    0.0167259
   7.3800000    0.0180827
   7.4000000    0.0193634
   7.4200000    0.0205375
   7.4400000    0.0215752
   7.4600000    0.0224505
   7.4800000    0.0231433
   7.5000000    0.0236422
   7.5200000    0.0239452
   7.5400000    0.0240606
   7.5600000    0.0240060
   7.5800000    0.0238062
   7.6000000    0.0234914
   7.6200000    0.0230933
   7.6400000    0.0226431
   7.6600000    0.0221690
   7.6800000    0.0216945
   7.7000000    0.0212378
   7.7200000    0.0208124
   7.7400000    0.0204273
   7.7600000    0.0200891
   7.7800000    0.0198024
   7.8000000    0.0195716
   7.8200000    0.0194007
   7.8400000    0.0192940
   7.8600000    0.0192551
   7.8800000    0.0192865
   7.9000000    0.0193882
   7.9200000    0.0195577
   7.9400000    0.0197890
   7.9600000    0.0200731
   7.9800000    0.0203985
   8.0000000    0.0207518
   8.0200000    0.0211190
   8.0400000    0.0214859
   8.0600000    0.0218384
   8.0800000    0.0221628
   8.1000000    0.0224450
   8.1200000    0.0226699
   8.1400000    0.0228206
   8.1600000    0.0228785
   8.1800000    0.0228236
   8.2000000    0.0226356
   8.2200000    0.0222970
   8.2400000    0.0217952
   8.2600000    0.0211260
   8.2800000    0.0202967
   8.3000000    0.0193276
   8.3200000    0.0182533
   8.3400000    0.0171209
   8.3600000    0.0159879
   8.3800000    0.0149173
   8.4000000    0.0139726
   8.4200000    0.0132119
   8.4400000    0.0126819
   8.4600000    0.0124132
   8.4800000    0.0124172
   8.5000000    0.0126843
   8.5200000    0.0131848
   8.5400000    0.0138708
   8.5600000    0.0146811
   8.5800000    0.0155460
   8.6000000    0.0163934
   8.6200000    0.0171553
   8.6400000    0.0177732
   8.6600000    0.0182026
   8.6800000    0.0184160
   8.7000000    0.0184044
   8.7200000    0.0181769
   8.7400000    0.0177584
   8.7600000    0.0171860
   8.7800000    0.0165053
   8.8000000    0.0157651
   8.8200000    0.0150132
   8.8400000    0.0142927
   8.8600000    0.0136387
   8.8800000    0.0130770
   8.9000000    0.0126237
   8.9200000    0.0122850
   8.9400000    0.0120593
   8.9600000    0.0119385
   8.9800000    0.0119103
   9.0000000    0.0119598
   9.0200000    0.0120711
   9.0400000    0.0122291
   9.0600000    0.0124196
   9.0800000    0.0126303
   9.1000000    0.0128510
   9.1200000    0.0130734
   9.1400000    0.0132909
   9.1600000    0.0134992
   9.1800000    0.0136952
   9.2000000    0.0138781
   9.2200000    0.0140486
   9.2400000    0.0142101
   9.2600000    0.0143683
   9.2800000    0.0145323
   9.3000000    0.0147145
   9.3200000    0.0149316
   9.3400000    0.0152037
   9.3600000    0.0155550
   9.3800000    0.0160119
   9.4000000    0.0166021
   9.4200000    0.0173521
   9.4400000    0.0182844
   9.4600000    0.0194144
   9.4800000    0.0207469
   9.5000000    0.0222727
   9.5200000    0.0239667
   9.5400000    0.0257862
   9.5600000    0.0276715
   9.5800000    0.0295474
   9.6000000    0.0313275
   9.6200000    0.0329195
   9.6400000    0.0342319
   9.6600000    0.0351810
   9.6800000    0.0356976
   9.7000000    0.0357333
   9.7200000    0.0352634
   9.7400000    0.0342892
   9.7600000    0.0328363
   9.7800000    0.0309518
   9.8000000    0.0286986
   9.8200000    0.0261491
   9.8400000    0.0233790
   9.8600000    0.0204611
   9.8800000    0.0174610
   9.9000000    0.0144337
   9.9200000    0.0114230
   9.9400000    0.0084613
   9.9600000    0.0055720
   9.9800000    0.0027706
  10.0000000    0.0000678
  10.0200000   -0.0025290
  10.0400000   -0.0050145
  10.0600000   -0.0073849
  10.0800000   -0.0096374
  10.1000000   -0.0117710
  10.1200000   -0.0137860
  10.1400000   -0.0156841
  10.1600000   -0.0174678
  10.1800000   -0.0191397
  10.2000000   -0.0207011
  10.2200000   -0.0221509
  10.2400000   -0.0234852
  10.2600000   -0.0246970
  10.2800000   -0.0257763
  10.3000000   -0.0267119
  10.3200000   -0.0274923
  10.3400000   -0.0281076
  10.3600000   -0.0285509
  10.3800000   -0.0288192
  10.4000000   -0.0289135
  10.4200000   -0.0288385
  10.4400000   -0.0286011
  10.4600000   -0.0282098
  10.4800000   -0.0276729
  10.5000000   -0.0269983
  10.5200000   -0.0261936
  10.5400000   -0.0252665
  10.5600000   -0.0242261
  10.5800000   -0.0230845
  10.6000000   -0.0218578
  10.6200000   -0.0205668
  10.6400000   -0.0192364
  10.6600000   -0.0178950
  10.6800000   -0.0165723
  10.7000000   -0.0152971
  10.7200000   -0.0140951
  10.7400000   -0.0129872
  10.7600000   -0.0119884
  10.7800000   -0.0111073
  10.8000000   -0.0103477
  10.8200000   -0.0097091
  10.8400000   -0.0091891
  10.8600000   -0.0087851
  10.8800000   -0.0084954
  10.9000000   -0.0083201
  10.9200000   -0.0082607
  10.9400000   -0.0083189
  10.9600000   -0.0084957
  10.9800000   -0.0087885
  11.0000000   -0.0091900
  11.0200000   -0.0096867
  11.0400000   -0.0102586
  11.0600000   -0.0108796
  11.0800000   -0.0115197
  11.1000000   -0.0121470
  11.1200000   -0.0127310
  11.1400000   -0.0132460
  11.1600000   -0.0136738
  11.1800000   -0.0140059
  11.2000000   -0.0142447
  11.2200000   -0.0144030
  11.2400000   -0.0145031
  11.2600000   -0.0145736
  11.2800000   -0.0146464
  11.3000000   -0.0147526
  11.3200000   -0.0149183
  11.3400000   -0.0151618
  11.3600000   -0.0154901
  11.3800000   -0.0158979
  11.4000000   -0.0163674
  11.4200000   -0.0168695
  11.4400000   -0.0173665
  11.4600000   -0.0178159
  11.4800000   -0.0181746
  11.5000000   -0.0184040
  11.5200000   -0.0184737
  11.5400000   -0.0183657
  11.5600000   -0.0180763
  11.5800000   -0.0176174
  11.6000000   -0.0170154
  11.6200000   -0.0163091
  11.6400000   -0.0155458
  11.6600000   -0.0147771
  11.6800000   -0.0140532
  11.7000000   -0.0134184
  11.7200000   -0.0129065
  11.7400000   -0.0125375
  11.7600000   -0.0123164
  11.7800000   -0.0122335
  11.8000000   -0.0122658
  11.8200000   -0.0123809
  11.8400000   -0.0125413
  11.8600000   -0.0127090
  11.8800000   -0.0128503
  11.9000000   -0.0129394
  11.9200000   -0.0129605
  11.9400000   -0.0129090
  11.9600000   -0.0127905
  11.9800000   -0.0126190
  12.0000000   -0.0124137
  12.0200000   -0.0121960
  12.0400000   -0.0119859
  12.0600000   -0.0117996
  12.0800000   -0.0116477
  12.1000000   -0.0115340
  12.1200000   -0.0114557
  12.1400000   -0.0114040
  12.1600000   -0.0113653
  12.1800000   -0.0113224
  12.2000000   -0.0112557
  12.2200000   -0.0111444
  12.2400000   -0.0109670
  12.2600000   -0.0107024
  12.2800000   -0.0103300
  12.3000000   -0.0098309
  12.3200000   -0.0091892
  12.3400000   -0.0083929
  12.3600000   -0.0074361
  12.3800000   -0.0063211
  12.4000000   -0.0050598
  12.4200000   -0.0036756
  12.4400000   -0.0022036
  12.4600000   -0.0006906
  12.4800000    0.0008061
  12.5000000    0.0022216
  12.5200000    0.0034864
  12.5400000    0.0045309
  12.5600000    0.0052902
  12.5800000    0.0057087
  12.6000000    0.0057451
  12.6200000    0.0053759
  12.6400000    0.0045990
  12.6600000    0.0034347
  12.6800000    0.0019260
  12.7000000    0.0001365
  12.7200000   -0.0018527
  12.7400000   -0.0039485
  12.7600000   -0.0060524
  12.7800000   -0.0080672
  12.8000000   -0.0099045
  12.8200000   -0.0114916
  12.8400000   -0.0127761
  12.8600000   -0.0137303
  12.8800000   -0.0143516
  12.9000000   -0.0146621
  12.9200000   -0.0147049
  12.9400000   -0.0145389
  12.9600000   -0.0142320
  12.9800000   -0.0138539
  13.0000000   -0.0134685
  13.0200000   -0.0131275
  13.0400000   -0.0128651
  13.0600000   -0.0126951
  13.0800000   -0.0126097
  13.1000000   -0.0125816
  13.1200000   -0.0125675
  13.1400000   -0.0125142
  13.1600000   -0.0123654
  13.1800000   -0.0120688
  13.2000000   -0.0115832
  13.2200000   -0.0108840
  13.2400000   -0.0099670
  13.2600000   -0.0088491
  13.2800000   -0.0075678
  13.3000000   -0.0061774
  13.3200000   -0.0047438
  13.3400000   -0.0033381
  13.3600000   -0.0020295
  13.3800000   -0.0008792
  13.4000000    0.0000653
  13.4200000    0.0007738
  13.4400000    0.0012354
  13.4600000    0.0014584
  13.4800000    0.0014683
  13.5000000    0.0013041
  13.5200000    0.0010143
  13.5400000    0.0006515
  13.5600000    0.0002674
  13.5800000   -0.0000915
  13.6000000   -0.0003882
  13.6200000   -0.0005971
  13.6400000   -0.0007063
  13.6600000   -0.0007169
  13.6800000   -0.0006425
  13.7000000   -0.0005068
  13.7200000   -0.0003402
  13.7400000   -0.0001760
  13.7600000   -0.0000467
  13.7800000    0.0000207
  13.8000000    0.0000074
  13.8200000   -0.0000944
  13.8400000   -0.0002806
  13.8600000   -0.0005355
  13.8800000   -0.0008334
  13.9000000   -0.0011420
  13.9200000   -0.0014258
  13.9400000   -0.0016500
  13.9600000   -0.0017845
  13.9800000   -0.0018064
  14.0000000   -0.0017017
  14.0200000   -0.0014659
  14.0400000   -0.0011030
  14.0600000   -0.0006232
  14.0800000   -0.0000408
  14.1000000    0.0006288
  14.1200000    0.0013710
  14.1400000    0.0021746
  14.1600000    0.0030315
  14.1800000    0.0039365
  14.2000000    0.0048864
  14.2200000    0.0058771
  14.2400000    0.0069010
  14.2600000    0.0079452
  14.2800000    0.0089889
  14.3000000    0.0100023
  14.3200000    0.0109477
  14.3400000    0.0117803
  14.3600000    0.0124517
  14.3800000    0.0129135
  14.4000000    0.0131221
  14.4200000    0.0130429
  14.4400000    0.0126541
  14.4600000    0.0119494
  14.4800000    0.0109388
  14.5000000    0.0096486
  14.5200000    0.0081190
  14.5400000    0.0064014
  14.5600000    0.0045548
  14.5800000    0.0026418
  14.6000000    0.0007260
  14.6200000   -0.0011312
  14.6400000   -0.0028718
  14.6600000   -0.0044423
  14.6800000   -0.0057936
  14.7000000   -0.0068817
  14.7200000   -0.0076672
  14.7400000   -0.0081166
  14.7600000   -0.0082032
  14.7800000   -0.0079091
  14.8000000   -0.0072270
  14.8200000   -0.0061625
  14.8400000   -0.0047359
  14.8600000   -0.0029833
  14.8800000   -0.0009562
  14.9000000    0.0012798
  14.9200000    0.0036476
  14.9400000    0.0060626
  14.9600000    0.0084376
  14.9800000    0.0106881
  15.0000000    0.0127377
  15.0200000    0.0145231
  15.0400000    0.0159981
  15.0600000    0.0171364
  15.0800000    0.0179331
  15.1000000    0.0184042
  15.1200000    0.0185849
  15.1400000    0.0185265
  15.1600000    0.0182924
  15.1800000    0.0179529
  15.2000000    0.0175809
  15.2200000    0.0172468
  15.2400000    0.0170143
  15.2600000    0.0169377
  15.2800000    0.0170597
  15.3000000    0.0174099
  15.3200000    0.0180052
  15.3400000    0.0188503
  15.3600000    0.0199382
  15.3800000    0.0212513
  15.4000000    0.0227623
  15.4200000    0.0244340
  15.4400000    0.0262201
  15.4600000    0.0280644
  15.4800000    0.0299020
  15.5000000    0.0316599
  15.5200000    0.0332594
  15.5400000    0.0346198
  15.5600000    0.0356632
  15.5800000    0.0363202
  15.6000000    0.0365359
  15.6200000    0.0362761
  15.6400000    0.0355313
  15.6600000    0.0343199
  15.6800000    0.0326879
  15.7000000    0.0307072
  15.7200000    0.0284705
  15.7400000    0.0260849
  15.7600000    0.0236646
  15.7800000    0.0213223
  15.8000000    0.0191624
  15.8200000    0.0172743
  15.8400000    0.0157282
  15.8600000    0.0145722
  15.8800000    0.0138314
  15.9000000    0.0135084
  15.9200000    0.0135853
  15.9400000    0.0140263
  15.9600000    0.0147810
  15.9800000    0.0157872
  16.0000000    0.0169749
  16.0200000    0.0182691
  16.0400000    0.0195932
  16.0600000    0.0208717
  16.0800000    0.0220341
  16.1000000    0.0230171
  16.1200000    0.0237682
  16.1400000    0.0242480
  16.1600000    0.0244324
  16.1800000    0.0243139
  16.2000000    0.0239024
  16.2200000    0.0232239
  16.2400000    0.0223191
  16.2600000    0.0212401
  16.2800000    0.0200468
  16.3000000    0.0188019
  16.3200000    0.0175667
  16.3400000    0.0163965
  16.3600000    0.0153365
  16.3800000    0.0144191
  16.4000000    0.0136616
  16.4200000    0.0130660
  16.4400000    0.0126190
  16.4600000    0.0122940
  16.4800000    0.0120536
  16.5000000    0.0118535
  16.5200000    0.0116467
  16.5400000    0.0113881
  16.5600000    0.0110396
  16.5800000    0.0105736
  16.6000000    0.0099772
  16.6200000    0.0092536
  16.6400000    0.0084231
  16.6600000    0.0075213
  16.6800000    0.0065960
  16.7000000    0.0057030
  16.7200000    0.0048998
  16.7400000    0.0042402
  16.7600000    0.0037683
  16.7800000    0.0035141
  16.8000000    0.0034902
  16.8200000    0.0036916
  16.8400000    0.0040959
  16.8600000    0.0046668
  16.8800000    0.0053584
  16.9000000    0.0061204
  16.9200000    0.0069034
  16.9400000    0.0076640
  16.9600000    0.0083683
  16.9800000    0.0089943
  17.0000000    0.0095325
  17.0200000    0.0099852
  17.0400000    0.0103644
  17.0600000    0.0106890
  17.0800000    0.0109821
  17.1000000    0.0112679
  17.1200000    0.0115700
  17.1400000    0.0119103
  17.1600000    0.0123082
  17.1800000    0.0127809
  17.2000000    0.0133435
  17.2200000    0.0140094
  17.2400000    0.0147889
  17.2600000    0.0156884
  17.2800000    0.0167073
  17.3000000    0.0178354
  17.3200000    0.0190494
  17.3400000    0.0203107
  17.3600000    0.0215633
  17.3800000    0.0227349
  17.4000000    0.0237395
  17.4200000    0.0244825
  17.4400000    0.0248679
  17.4600000    0.0248072
  17.4800000    0.0242289
  17.5000000    0.0230870
  17.5200000    0.0213683
  17.5400000    0.0190967
  17.5600000    0.0163349
  17.5800000    0.0131811
  17.6000000    0.0097636
  17.6200000    0.0062316
  17.6400000    0.0027433
  17.6600000   -0.0005457
  17.6800000   -0.0034952
  17.7000000   -0.0059911
  17.7200000   -0.0079538
  17.7400000   -0.0093433
  17.7600000   -0.0101607
  17.7800000   -0.0104465
  17.8000000   -0.0102741
  17.8200000   -0.0097421
  17.8400000   -0.0089643
  17.8600000   -0.0080587
  17.8800000   -0.0071372
  17.9000000   -0.0062977
  17.9200000   -0.0056170
  17.9400000   -0.0051476
  17.9600000   -0.0049166
  17.9800000   -0.0049284
  18.0000000   -0.0051675
  18.0200000   -0.0056048
  18.0400000   -0.0062031
  18.0600000   -0.0069227
  18.0800000   -0.0077266
  18.1000000   -0.0085838
  18.1200000   -0.0094710
  18.1400000   -0.0103735
  18.1600000   -0.0112839
  18.1800000   -0.0121997
  18.2000000   -0.0131207
  18.2200000   -0.0140456
  18.2400000   -0.0149691
  18.2600000   -0.0158797
  18.2800000   -0.0167580
  18.3000000   -0.0175766
  18.3200000   -0.0183015
  18.3400000   -0.0188941
  18.3600000   -0.0193153
  18.3800000   -0.0195294
  18.4000000   -0.0195090
  18.4200000   -0.0192393
  18.4400000   -0.0187209
  18.4600000   -0.0179722
  18.4800000   -0.0170284
  18.5000000   -0.0159399
  18.5200000   -0.0147675
  18.5400000   -0.0135771
  18.5600000   -0.0124333
  18.5800000   -0.0113929
  18.6000000   -0.0105003
  18.6200000   -0.0097832
  18.6400000   -0.0092518
  18.6600000   -0.0088996
  18.6800000   -0.0087057
  18.7000000   -0.0086400
  18.7200000   -0.0086670
  18.7400000   -0.0087517
  18.7600000   -0.0088627
  18.7800000   -0.0089757
  18.8000000   -0.0090743
  18.8200000   -0.0091497
  18.8400000   -0.0091996
  18.8600000   -0.0092259
  18.8800000   -0.0092324
  18.9000000   -0.0092226
  18.9200000   -0.0091984
  18.9400000   -0.0091591
  18.9600000   -0.0091022
  18.9800000   -0.0090236
  19.0000000   -0.0089192
  19.0200000   -0.0087864
  19.0400000   -0.0086253
  19.0600000   -0.0084393
  19.0800000   -0.0082358
  19.1000000   -0.0080254
  19.1200000   -0.0078213
  19.1400000   -0.0076376
  19.1600000   -0.0074882
  19.1800000   -0.0073850
  19.2000000   -0.0073362
  19.2200000   -0.0073462
  19.2400000   -0.0074144
  19.2600000   -0.0075356
  19.2800000   -0.0077010
  19.3000000   -0.0078988
  19.3200000   -0.0081159
  19.3400000   -0.0083396
  19.3600000   -0.0085587
  19.3800000   -0.0087650
  19.4000000   -0.0089539
  19.4200000   -0.0091248
  19.4400000   -0.0092808
  19.4600000   -0.0094277
  19.4800000   -0.0095731
  19.5000000   -0.0097247
  19.5200000   -0.0098888
  19.5400000   -0.0100692
  19.5600000   -0.0102665
  19.5800000   -0.0104773
  19.6000000   -0.0106951
  19.6200000   -0.0109109
  19.6400000   -0.0111144
  19.6600000   -0.0112963
  19.6800000   -0.0114491
  19.7000000   -0.0115692
  19.7200000   -0.0116572
  19.7400000   -0.0117183
  19.7600000   -0.0117619
  19.7800000   -0.0117996
  19.8000000   -0.0118439
  19.8200000   -0.0119054
  19.8400000   -0.0119909
  19.8600000   -0.0121010
  19.8800000   -0.0122291
  19.9000000   -0.0123607
  19.9200000   -0.0124742
  19.9400000   -0.0125419
  19.9600000   -0.0125331
  19.9800000   -0.0124162
  20.0000000   -0.0121623
  20.0200000   -0.0117480
  20.0400000   -0.0111579
  20.0600000   -0.0103862
  20.0800000   -0.0094375
  20.1000000   -0.0083266
  20.1200000   -0.0070769
  20.1400000   -0.0057189
  20.1600000   -0.0042868
  20.1800000   -0.0028168
  20.2000000   -0.0013435
  20.2200000    0.0001019
  20.2400000    0.0014929
  20.2600000    0.0028089
  20.2800000    0.0040354
  20.3000000    0.0051628
  20.3200000    0.0061861
  20.3400000    0.0071032
  20.3600000    0.0079140
  20.3800000    0.0086196
  20.4000000    0.0092211
  20.4200000    0.0097196
  20.4400000    0.0101158
  20.4600000    0.0104100
  20.4800000    0.0106021
  20.5000000    0.0106917
  20.5200000    0.0106780
  20.5400000    0.0105598
  20.5600000    0.0103358
  20.5800000    0.0100050
  20.6000000    0.0095671
  20.6200000    0.0090234
  20.6400000    0.0083776
  20.6600000    0.0076369
  20.6800000    0.0068123
  20.7000000    0.0059191
  20.7200000    0.0049767
  20.7400000    0.0040077
  20.7600000    0.0030366
  20.7800000    0.0020883
  20.8000000    0.0011860
  20.8200000    0.0003497
  20.8400000   -0.0004059
  20.8600000   -0.0010722
  20.8800000   -0.0016472
  20.9000000   -0.0021360
  20.9200000   -0.0025494
  20.9400000   -0.0029028
  20.9600000   -0.0032142
  20.9800000   -0.0035020
  21.0000000   -0.0037826
  21.0200000   -0.0040683
  21.0400000   -0.0043653
  21.0600000   -0.0046727
  21.0800000   -0.0049823
  21.1000000   -0.0052787
  21.1200000   -0.0055412
  21.1400000   -0.0057457
  21.1600000   -0.0058671
  21.1800000   -0.0058822
  21.2000000   -0.0057722
  21.2200000   -0.0055247
  21.2400000   -0.0051345
  21.2600000   -0.0046045
  21.2800000   -0.0039445
  21.3000000   -0.0031701
  21.3200000   -0.0023007
  21.3400000   -0.0013575
  21.3600000   -0.0003613
  21.3800000    0.0006692
  21.4000000    0.0017187
  21.4200000    0.0027757
  21.4400000    0.0038330
  21.4600000    0.0048867
  21.4800000    0.0059359
  21.5000000    0.0069819
  21.5200000    0.0080271
  21.5400000    0.0090744
  21.5600000    0.0101271
  21.5800000    0.0111885
  21.6000000    0.0122617
  21.6200000    0.0133499
  21.6400000    0.0144564
  21.6600000    0.0155836
  21.6800000    0.0167330
  21.7000000    0.0179038
  21.7200000    0.0190914
  21.7400000    0.0202860
  21.7600000    0.0214713
  21.7800000    0.0226229
  21.8000000    0.0237084
  21.8200000    0.0246875
  21.8400000    0.0255131
  21.8600000    0.0261343
  21.8800000    0.0264986
  21.9000000    0.0265563
  21.9200000    0.0262639
  21.9400000    0.0255876
  21.9600000    0.0245057
  21.9800000    0.0230109
  22.0000000    0.0211102
  22.0200000    0.0188248
  22.0400000    0.0161878
  22.0600000    0.0132425
  22.0800000    0.0100397
  22.1000000    0.0066352
  22.1200000    0.0030884
  22.1400000   -0.0005391
  22.1600000   -0.0041838
  22.1800000   -0.0077794
  22.2000000   -0.0112570
  22.2200000   -0.0145440
  22.2400000   -0.0175644
  22.2600000   -0.0202401
  22.2800000   -0.0224929
  22.3000000   -0.0242484
  22.3200000   -0.0254407
  22.3400000   -0.0260182
  22.3600000   -0.0259490
  22.3800000   -0.0252260
  22.4000000   -0.0238712
  22.4200000   -0.0219370
  22.4400000   -0.0195056
  22.4600000   -0.0166859
  22.4800000   -0.0136072
  22.5000000   -0.0104115
  22.5200000   -0.0072435
  22.5400000   -0.0042414
  22.5600000   -0.0015268
  22.5800000    0.0008027
  22.6000000    0.0026793
  22.6200000    0.0040674
  22.6400000    0.0049641
  22.6600000    0.0053955
  22.6800000    0.0054120
  22.7000000    0.0050815
  22.7200000    0.0044818
  22.7400000    0.0036937
  22.7600000    0.0027941
  22.7800000    0.0018515
  22.8000000    0.0009220
  22.8200000    0.0000478
  22.8400000   -0.0007435
  22.8600000   -0.0014375
  22.8800000   -0.0020320
  22.9000000   -0.0025348
  22.9200000   -0.0029612
  22.9400000   -0.0033323
  22.9600000   -0.0036729
  22.9800000   -0.0040096
  23.0000000   -0.0043692
  23.0200000   -0.0047769
  23.0400000   -0.0052545
  23.0600000   -0.0058187
  23.0800000   -0.0064793
  23.1000000   -0.0072375
  23.1200000   -0.0080848
  23.1400000   -0.0090022
  23.1600000   -0.0099605
  23.1800000   -0.0109213
  23.2000000   -0.0118386
  23.2200000   -0.0126617
  23.2400000   -0.0133390
  23.2600000   -0.0138210
  23.2800000   -0.0140648
  23.3000000   -0.0140374
  23.3200000   -0.0137182
  23.3400000   -0.0131016
  23.3600000   -0.0121971
  23.3800000   -0.0110296
  23.4000000   -0.0096373
  23.4200000   -0.0080698
  23.4400000   -0.0063849
  23.4600000   -0.0046444
  23.4800000   -0.0029113
  23.5000000   -0.0012451
  23.5200000    0.0003006
  23.5400000    0.0016813
  23.5600000    0.0028636
  23.5800000    0.0038264
  23.6000000    0.0045617
  23.6200000    0.0050742
  23.6400000    0.0053806
  23.6600000    0.0055077
  23.6800000    0.0054907
  23.7000000    0.0053700
  23.7200000    0.0051887
  23.7400000    0.0049890
  23.7600000    0.0048092
  23.7800000    0.0046807
  23.8000000    0.0046257
  23.8200000    0.0046553
  23.8400000    0.0047689
  23.8600000    0.0049544
  23.8800000    0.0051895
  23.9000000    0.0054440
  23.9200000    0.0056833
  23.9400000    0.0058720
  23.9600000    0.0059780
  23.9800000    0.0059770
  24.0000000    0.0058555
  24.0200000    0.0056135
  24.0400000    0.0052660
  24.0600000    0.0048421
  24.0800000    0.0043834
  24.1000000    0.0039401
  24.1200000    0.0035667
  24.1400000    0.0033158
  24.1600000    0.0032331
  24.1800000    0.0033515
  24.2000000    0.0036877
  24.2200000    0.0042392
  24.2400000    0.0049841
  24.2600000    0.0058820
  24.2800000    0.0068768
  24.3000000    0.0079016
  24.3200000    0.0088828
  24.3400000    0.0097459
  24.3600000    0.0104202
  24.3800000    0.0108434
  24.4000000    0.0109650
  24.4200000    0.0107490
  24.4400000    0.0101752
  24.4600000    0.0092404
  24.4800000    0.0079575
  24.5000000    0.0063548
  24.5200000    0.0044745
  24.5400000    0.0023694
  24.5600000    0.0001010
  24.5800000   -0.0022648
  24.6000000   -0.0046612
  24.6200000   -0.0070239
  24.6400000   -0.0092951
  24.6600000   -0.0114263
  24.6800000   -0.0133807
  24.7000000   -0.0151347
  24.7200000   -0.0166784
  24.7400000   -0.0180150
  24.7600000   -0.0191597
  24.7800000   -0.0201380
  24.8000000   -0.0209826
  24.8200000   -0.0217309
  24.8400000   -0.0224220
  24.8600000   -0.0230931
  24.8800000   -0.0237768
  24.9000000   -0.0244972
  24.9200000   -0.0252675
  24.9400000   -0.0260870
  24.9600000   -0.0269399
  24.9800000   -0.0277945
  25.0000000   -0.0286037
  25.0200000   -0.0293084
  25.0400000   -0.0298408
  25.0600000   -0.0301309
  25.0800000   -0.0301123
  25.1000000   -0.0297297
  25.1200000   -0.0289453
  25.1400000   -0.0277427
  25.1600000   -0.0261308
  25.1800000   -0.0241428
  25.2000000   -0.0218340
  25.2200000   -0.0192766
  25.2400000   -0.0165525
  25.2600000   -0.0137456
  25.2800000   -0.0109339
  25.3000000   -0.0081835
  25.3200000   -0.0055430
  25.3400000   -0.0030426
  25.3600000   -0.0006937
  25.3800000    0.0015076
  25.4000000    0.0035755
  25.4200000    0.0055288
  25.4400000    0.0073847
  25.4600000    0.0091531
  25.4800000    0.0108332
  25.5000000    0.0124116
  25.5200000    0.0138630
  25.5400000    0.0151530
  25.5600000    0.0162428
  25.5800000    0.0170947
  25.6000000    0.0176779
  25.6200000    0.0179733
  25.6400000    0.0179774
  25.6600000    0.0177035
  25.6800000    0.0171815
  25.7000000    0.0164549
  25.7200000    0.0155771
  25.7400000    0.0146059
  25.7600000    0.0135987
  25.7800000    0.0126074
  25.8000000    0.0116747
  25.8200000    0.0108317
  25.8400000    0.0100969
  25.8600000    0.0094767
  25.8800000    0.0089666
  25.9000000    0.0085535
  25.9200000    0.0082184
  25.9400000    0.0079387
  25.9600000    0.0076912
  25.9800000    0.0074538
  26.0000000    0.0072078
  26.0200000    0.0069391
  26.0400000    0.0066399
  26.0600000    0.0063091
  26.0800000    0.0059535
  26.1000000    0.0055878
  26.1200000    0.0052343
  26.1400000    0.0049219
  26.1600000    0.0046845
  26.1800000    0.0045586
  26.2000000    0.0045798
  26.2200000    0.0047791
  26.2400000    0.0051788
  26.2600000    0.0057888
  26.2800000    0.0066030
  26.3000000    0.0075981
  26.3200000    0.0087324
  26.3400000    0.0099483
  26.3600000    0.0111749
  26.3800000    0.0123343
  26.4000000    0.0133473
  26.4200000    0.0141411
  26.4400000    0.0146558
  26.4600000    0.0148503
  26.4800000    0.0147062
  26.5000000    0.0142291
  26.5200000    0.0134476
  26.5400000    0.0124105
  26.5600000    0.0111804
  26.5800000    0.0098283
  26.6000000    0.0084254
  26.6200000    0.0070370
  26.6400000    0.0057166
  26.6600000    0.0045016
  26.6800000    0.0034107
  26.7000000    0.0024437
  26.7200000    0.0015824
  26.7400000    0.0007936
  26.7600000    0.0000328
  26.7800000   -0.0007504
  26.8000000   -0.0016075
  26.8200000   -0.0025848
  26.8400000   -0.0037191
  26.8600000   -0.0050325
  26.8800000   -0.0065293
  26.9000000   -0.0081943
  26.9200000   -0.0099920
  26.9400000   -0.0118689
  26.9600000   -0.0137565
  26.9800000   -0.0155765
  27.0000000   -0.0172465
  27.0200000   -0.0186865
  27.0400000   -0.0198252
  27.0600000   -0.0206053
  27.0800000   -0.0209873
  27.1000000   -0.0209527
  27.1200000   -0.0205038
  27.1400000   -0.0196633
  27.1600000   -0.0184715
  27.1800000   -0.0169830
  27.2000000   -0.0152623
  27.2200000   -0.0133795
  27.2400000   -0.0114058
  27.2600000   -0.0094092
  27.2800000   -0.0074514
  27.3000000   -0.0055846
  27.3200000   -0.0038499
  27.3400000   -0.0022758
  27.3600000   -0.0008784
  27.3800000    0.0003385
  27.4000000    0.0013813
  27.4200000    0.0022650
  27.4400000    0.0030102
  27.4600000    0.0036403
  27.4800000    0.0041781
  27.5000000    0.0046435
  27.5200000    0.0050504
  27.5400000    0.0054057
  27.5600000    0.0057082
  27.5800000    0.0059493
  27.6000000    0.0061142
  27.6200000    0.0061843
  27.6400000    0.0061398
  27.6600000    0.0059628
  27.6800000    0.0056404
  27.7000000    0.0051663
  27.7200000    0.0045425
  27.7400000    0.0037796
  27.7600000    0.0028957
  27.7800000    0.0019149
  27.8000000    0.0008648
  27.8200000   -0.0002263
  27.8400000   -0.0013314
  27.8600000   -0.0024270
  27.8800000   -0.0034943
  27.9000000   -0.0045189
  27.9200000   -0.0054900
  27.9400000   -0.0063994
  27.9600000   -0.0072392
  27.9800000   -0.0079998
  28.0000000   -0.0086692
  28.0200000   -0.0092315
  28.0400000   -0.0096678
  28.0600000   -0.0099575
  28.0800000   -0.0100798
  28.1000000   -0.0100168
  28.1200000   -0.0097560
  28.1400000   -0.0092920
  28.1600000   -0.0086286
  28.1800000   -0.0077790
  28.2000000   -0.0067653
  28.2200000   -0.0056170
  28.2400000   -0.0043688
  28.2600000   -0.0030584
  28.2800000   -0.0017239
  28.3000000   -0.0004020
  28.3200000    0.0008729
  28.3400000    0.0020693
  28.3600000    0.0031579
  28.3800000    0.0041111
  28.4000000    0.0049016
  28.4200000    0.0055023
  28.4400000    0.0058863
  28.4600000    0.0060283
  28.4800000    0.0059068
  28.5000000    0.0055075
  28.5200000    0.0048270
  28.5400000    0.0038763
  28.5600000    0.0026836
  28.5800000    0.0012952
  28.6000000   -0.0002253
  28.6200000   -0.0018005
  28.6400000   -0.0033439
  28.6600000   -0.0047674
  28.6800000   -0.0059886
  28.7000000   -0.0069378
  28.7200000   -0.0075647
  28.7400000   -0.0078419
  28.7600000   -0.0077664
  28.7800000   -0.0073581
  28.8000000   -0.0066565
  28.8200000   -0.0057146
  28.8400000   -0.0045932
  28.8600000   -0.0033543
  28.8800000   -0.0020562
  28.9000000   -0.0007495
  28.9200000    0.0005245
  28.9400000    0.0017335
  28.9600000    0.0028528
  28.9800000    0.0038628
  29.0000000    0.0047463
  29.0200000    0.0054860
  29.0400000    0.0060640
  29.0600000    0.0064615
  29.0800000    0.0066610
  29.1000000    0.0066484
  29.1200000    0.0064170
  29.1400000    0.0059704
  29.1600000    0.0053253
  29.1800000    0.0045126
  29.2000000    0.0035766
  29.2200000    0.0025730
  29.2400000    0.0015647
  29.2600000    0.0006160
  29.2800000   -0.0002128
  29.3000000   -0.0008715
  29.3200000   -0.0013244
  29.3400000   -0.0015540
  29.3600000   -0.0015617
  29.3800000   -0.0013672
  29.4000000   -0.0010056
  29.4200000   -0.0005228
  29.4400000    0.0000296
  29.4600000    0.0006004
  29.4800000    0.0011435
  29.5000000    0.0016229
  29.5200000    0.0020146
  29.5400000    0.0023087
  29.5600000    0.0025079
  29.5800000    0.0026258
  29.6000000    0.0026836
  29.6200000    0.0027059
  29.6400000    0.0027167
  29.6600000    0.0027355
  29.6800000    0.0027750
  29.7000000    0.0028386
  29.7200000    0.0029208
  29.7400000    0.0030072
  29.7600000    0.0030766
  29.7800000    0.0031036
  29.8000000    0.0030614
  29.8200000    0.0029241
  29.8400000    0.0026697
  29.8600000    0.0022812
  29.8800000    0.0017477
  29.9000000    0.0010646
  29.9200000    0.0002327
  29.9400000   -0.0007425
  29.9600000   -0.0018522
  29.9800000   -0.0030856
  30.0000000   -0.0044297
