 -10.0000000    0.0257783
  -9.9800000    0.0255219
  -9.9600000    0.0250942
  -9.9400000    0.0245273
  -9.9200000    0.0238498
  -9.9000000    0.0230839
  -9.8800000    0.0222451
  -9.8600000    0.0213417
  -9.8400000    0.0203764
  -9.8200000    0.0193488
  -9.8000000    0.0182571
  -9.7800000    0.0171012
  -9.7600000    0.0158838
  -9.7400000    0.0146123
  -9.7200000    0.0132986
  -9.7000000    0.0119590
  -9.6800000    0.0106133
  -9.6600000    0.0092829
  -9.6400000    0.0079901
  -9.6200000    0.0067557
  -9.6000000    0.0055986
  -9.5800000    0.0045343
  -9.5600000    0.0035745
  -9.5400000    0.0027272
  -9.5200000    0.0019966
  -9.5000000    0.0013834
  -9.4800000    0.0008856
  -9.4600000    0.0004991
  -9.4400000    0.0002177
  -9.4200000    0.0000341
  -9.4000000   -0.0000603
  -9.3800000   -0.0000748
  -9.3600000   -0.0000197
  -9.3400000    0.0000939
  -9.3200000    0.0002542
  -9.3000000    0.0004487
  -9.2800000    0.0006644
  -9.2600000    0.0008882
  -9.2400000    0.0011072
  -9.2200000    0.0013095
  -9.2000000    0.0014847
  -9.1800000    0.0016245
  -9.1600000    0.0017233
  -9.1400000    0.0017782
  -9.1200000    0.0017894
  -9.1000000    0.0017594
  -9.0800000    0.0016930
  -9.0600000    0.0015962
  -9.0400000    0.0014750
  -9.0200000    0.0013347
  -9.0000000    0.0011788
  -8.9800000    0.0010080
  -8.9600000    0.0008198
  -8.9400000    0.0006086
  -8.9200000    0.0003656
  -8.9000000    0.0000798
  -8.8800000   -0.0002608
  -8.8600000   -0.0006678
  -8.8400000   -0.0011507
  -8.8200000   -0.0017146
  -8.8000000   -0.0023587
  -8.7800000   -0.0030746
  -8.7600000   -0.0038447
  -8.7400000   -0.0046422
  -8.7200000   -0.0054307
  -8.7000000   -0.0061652
  -8.6800000   -0.0067944
  -8.6600000   -0.0072630
  -8.6400000   -0.0075150
  -8.6200000   -0.0074982
  -8.6000000   -0.0071673
  -8.5800000   -0.0064882
  -8.5600000   -0.0054406
  -8.5400000   -0.0040206
  -8.5200000   -0.0022412
  -8.5000000   -0.0001326
  -8.4800000    0.0022591
  -8.4600000    0.0048746
  -8.4400000    0.0076437
  -8.4200000    0.0104897
  -8.4000000    0.0133322
  -8.3800000    0.0160921
  -8.3600000    0.0186941
  -8.3400000    0.0210709
  -8.3200000    0.0231659
  -8.3000000    0.0249353
  -8.2800000    0.0263503
  -8.2600000    0.0273975
  -8.2400000    0.0280791
  -8.2200000    0.0284123
  -8.2000000    0.0284274
  -8.1800000    0.0281650
  -8.1600000    0.0276729
  -8.1400000    0.0270018
  -8.1200000    0.0262016
  -8.1000000    0.0253172
  -8.0800000    0.0243849
  -8.0600000    0.0234299
  -8.0400000    0.0224653
  -8.0200000    0.0214914
  -8.0000000    0.0204976
  -7.9800000    0.0194651
  -7.9600000    0.0183698
  -7.9400000    0.0171864
  -7.9200000    0.0158920
  -7.9000000    0.0144689
  -7.8800000    0.0129065
  -7.8600000    0.0112019
  -7.8400000    0.0093595
  -7.8200000    0.0073893
  -7.8000000    0.0053054
  -7.7800000    0.0031233
  -7.7600000    0.0008589
  -7.7400000   -0.0014724
  -7.7200000   -0.0038557
  -7.7000000   -0.0062752
  -7.6800000   -0.0087122
  -7.6600000   -0.0111431
  -7.6400000   -0.0135371
  -7.6200000   -0.0158554
  -7.6000000   -0.0180509
  -7.5800000   -0.0200695
  -7.5600000   -0.0218534
  -7.5400000   -0.0233451
  -7.5200000   -0.0244923
  -7.5000000   -0.0252534
  -7.4800000   -0.0256014
  -7.4600000   -0.0255283
  -7.4400000   -0.0250456
  -7.4200000   -0.0241851
  -7.4000000   -0.0229958
  -7.3800000   -0.0215408
  -7.3600000   -0.0198918
  -7.3400000   -0.0181238
  -7.3200000   -0.0163097
  -7.3000000   -0.0145155
  -7.2800000   -0.0127962
  -7.2600000   -0.0111939
  -7.2400000   -0.0097362
  -7.2200000   -0.0084367
  -7.2000000   -0.0072952
  -7.1800000   -0.0063004
  -7.1600000   -0.0054308
  -7.1400000   -0.0046579
  -7.1200000   -0.0039472
  -7.1000000   -0.0032611
  -7.0800000   -0.0025598
  -7.0600000   -0.0018034
  -7.0400000   -0.0009534
  -7.0200000    0.0000253
  -7.0000000    0.0011626
  -6.9800000    0.0024804
  -6.9600000    0.0039908
  -6.9400000    0.0056935
  -6.9200000    0.0075740
  -6.9000000    0.0096031
  -6.8800000    0.0117370
  -6.8600000    0.0139194
  -6.8400000    0.0160848
  -6.8200000    0.0181632
  -6.8000000    0.0200858
  -6.7800000    0.0217912
  -6.7600000    0.0232306
  -6.7400000    0.0243729
  -6.7200000    0.0252070
  -6.7000000    0.0257436
  -6.6800000    0.0260136
  -6.6600000    0.0260657
  -6.6400000    0.0259622
  -6.6200000    0.0257741
  -6.6000000    0.0255757
  -6.5800000    0.0254395
  -6.5600000    0.0254317
  -6.5400000    0.0256085
  -6.5200000    0.0260131
  -6.5000000    0.0266741
  -6.4800000    0.0276035
  -6.4600000    0.0287972
  -6.4400000    0.0302344
  -6.4200000    0.0318786
  -6.4000000    0.0336795
  -6.3800000    0.0355751
  -6.3600000    0.0374947
  -6.3400000    0.0393629
  -6.3200000    0.0411037
  -6.3000000    0.0426459
  -6.2800000    0.0439269
  -6.2600000    0.0448979
  -6.2400000    0.0455265
  -6.2200000    0.0457997
  -6.2000000    0.0457243
  -6.1800000    0.0453257
  -6.1600000    0.0446462
  -6.1400000    0.0437403
  -6.1200000    0.0426707
  -6.1000000    0.0415022
  -6.0800000    0.0402969
  -6.0600000    0.0391091
  -6.0400000    0.0379814
  -6.0200000    0.0369416
  -6.0000000    0.0360016
  -5.9800000    0.0351571
  -5.9600000    0.0343888
  -5.9400000    0.0336652
  -5.9200000    0.0329453
  -5.9000000    0.0321830
  -5.8800000    0.0313318
  -5.8600000    0.0303485
  -5.8400000    0.0291980
  -5.8200000    0.0278568
  -5.8000000    0.0263157
  -5.7800000    0.0245812
  -5.7600000    0.0226763
  -5.7400000    0.0206392
  -5.7200000    0.0185211
  -5.7000000    0.0163824
  -5.6800000    0.0142891
  -5.6600000    0.0123076
  -5.6400000    0.0105003
  -5.6200000    0.0089213
  -5.6000000    0.0076131
  -5.5800000    0.0066042
  -5.5600000    0.0059085
  -5.5400000    0.0055251
  -5.5200000    0.0054400
  -5.5000000    0.0056279
  -5.4800000    0.0060551
  -5.4600000    0.0066824
  -5.4400000    0.0074672
  -5.4200000    0.0083667
  -5.4000000    0.0093388
  -5.3800000    0.0103442
  -5.3600000    0.0113465
  -5.3400000    0.0123132
  -5.3200000    0.0132158
  -5.3000000    0.0140295
  -5.2800000    0.0147335
  -5.2600000    0.0153114
  -5.2400000    0.0157508
  -5.2200000    0.0160438
  -5.2000000    0.0161872
  -5.1800000    0.0161824
  -5.1600000    0.0160353
  -5.1400000    0.0157563
  -5.1200000    0.0153590
  -5.1000000    0.0148596
  -5.0800000    0.0142754
  -5.0600000    0.0136234
  -5.0400000    0.0129187
  -5.0200000    0.0121726
  -5.0000000    0.0113922
  -4.9800000    0.0105786
  -4.9600000    0.0097280
  -4.9400000    0.0088311
  -4.9200000    0.0078751
  -4.9000000    0.0068451
  -4.8800000    0.0057261
  -4.8600000    0.0045053
  -4.8400000    0.0031732
  -4.8200000    0.0017259
  -4.8000000    0.0001651
  -4.7800000   -0.0015016
  -4.7600000   -0.0032605
  -4.7400000   -0.0050935
  -4.7200000   -0.0069777
  -4.7000000   -0.0088870
  -4.6800000   -0.0107923
  -4.6600000   -0.0126618
  -4.6400000   -0.0144610
  -4.6200000   -0.0161532
  -4.6000000   -0.0176997
  -4.5800000   -0.0190609
  -4.5600000   -0.0201974
  -4.5400000   -0.0210725
  -4.5200000   -0.0216543
  -4.5000000   -0.0219187
  -4.4800000   -0.0218520
  -4.4600000   -0.0214538
  -4.4400000   -0.0207382
  -4.4200000   -0.0197348
  -4.4000000   -0.0184888
  -4.3800000   -0.0170589
  -4.3600000   -0.0155156
  -4.3400000   -0.0139366
  -4.3200000   -0.0124036
  -4.3000000   -0.0109965
  -4.2800000   -0.0097890
  -4.2600000   -0.0088439
  -4.2400000   -0.0082086
  -4.2200000   -0.0079124
  -4.2000000   -0.0079646
  -4.1800000   -0.0083544
  -4.1600000   -0.0090522
  -4.1400000   -0.0100123
  -4.1200000   -0.0111770
  -4.1000000   -0.0124811
  -4.0800000   -0.0138570
  -4.0600000   -0.0152387
  -4.0400000   -0.0165657
  -4.0200000   -0.0177856
  -4.0000000   -0.0188553
  -3.9800000   -0.0197416
  -3.9600000   -0.0204206
  -3.9400000   -0.0208764
  -3.9200000   -0.0211004
  -3.9000000   -0.0210899
  -3.8800000   -0.0208480
  -3.8600000   -0.0203829
  -3.8400000   -0.0197090
  -3.8200000   -0.0188468
  -3.8000000   -0.0178244
  -3.7800000   -0.0166773
  -3.7600000   -0.0154492
  -3.7400000   -0.0141905
  -3.7200000   -0.0129576
  -3.7000000   -0.0118100
  -3.6800000   -0.0108078
  -3.6600000   -0.0100077
  -3.6400000   -0.0094600
  -3.6200000   -0.0092051
  -3.6000000   -0.0092711
  -3.5800000   -0.0096724
  -3.5600000   -0.0104091
  -3.5400000   -0.0114684
  -3.5200000   -0.0128268
  -3.5000000   -0.0144521
  -3.4800000   -0.0163073
  -3.4600000   -0.0183532
  -3.4400000   -0.0205502
  -3.4200000   -0.0228598
  -3.4000000   -0.0252447
  -3.3800000   -0.0276676
  -3.3600000   -0.0300901
  -3.3400000   -0.0324705
  -3.3200000   -0.0347627
  -3.3000000   -0.0369155
  -3.2800000   -0.0388729
  -3.2600000   -0.0405760
  -3.2400000   -0.0419653
  -3.2200000   -0.0429845
  -3.2000000   -0.0435842
  -3.1800000   -0.0437253
  -3.1600000   -0.0433824
  -3.1400000   -0.0425456
  -3.1200000   -0.0412218
  -3.1000000   -0.0394345
  -3.0800000   -0.0372226
  -3.0600000   -0.0346381
  -3.0400000   -0.0317441
  -3.0200000   -0.0286112
  -3.0000000   -0.0253148
  -2.9800000   -0.0219321
  -2.9600000   -0.0185397
  -2.9400000   -0.0152118
  -2.9200000   -0.0120180
  -2.9000000   -0.0090231
  -2.8800000   -0.0062858
  -2.8600000   -0.0038586
  -2.8400000   -0.0017881
  -2.8200000   -0.0001139
  -2.8000000    0.0011306
  -2.7800000    0.0019193
  -2.7600000    0.0022339
  -2.7400000    0.0020645
  -2.7200000    0.0014111
  -2.7000000    0.0002853
  -2.6800000   -0.0012890
  -2.6600000   -0.0032733
  -2.6400000   -0.0056138
  -2.6200000   -0.0082404
  -2.6000000   -0.0110674
  -2.5800000   -0.0139947
  -2.5600000   -0.0169110
  -2.5400000   -0.0196982
  -2.5200000   -0.0222377
  -2.5000000   -0.0244173
  -2.4800000   -0.0261393
  -2.4600000   -0.0273272
  -2.4400000   -0.0279327
  -2.4200000   -0.0279398
  -2.4000000   -0.0273668
  -2.3800000   -0.0262657
  -2.3600000   -0.0247188
  -2.3400000   -0.0228325
  -2.3200000   -0.0207299
  -2.3000000   -0.0185419
  -2.2800000   -0.0163980
  -2.2600000   -0.0144174
  -2.2400000   -0.0127021
  -2.2200000   -0.0113297
  -2.2000000   -0.0103497
  -2.1800000   -0.0097805
  -2.1600000   -0.0096089
  -2.1400000   -0.0097913
  -2.1200000   -0.0102563
  -2.1000000   -0.0109096
  -2.0800000   -0.0116405
  -2.0600000   -0.0123286
  -2.0400000   -0.0128537
  -2.0200000   -0.0131043
  -2.0000000   -0.0129877
  -1.9800000   -0.0124378
  -1.9600000   -0.0114228
  -1.9400000   -0.0099491
  -1.9200000   -0.0080619
  -1.9000000   -0.0058429
  -1.8800000   -0.0034038
  -1.8600000   -0.0008759
  -1.8400000    0.0016012
  -1.8200000    0.0038928
  -1.8000000    0.0058810
  -1.7800000    0.0074750
  -1.7600000    0.0086177
  -1.7400000    0.0092883
  -1.7200000    0.0095014
  -1.7000000    0.0093019
  -1.6800000    0.0087569
  -1.6600000    0.0079469
  -1.6400000    0.0069564
  -1.6200000    0.0058652
  -1.6000000    0.0047424
  -1.5800000    0.0036420
  -1.5600000    0.0026021
  -1.5400000    0.0016457
  -1.5200000    0.0007842
  -1.5000000    0.0000209
  -1.4800000   -0.0006434
  -1.4600000   -0.0012065
  -1.4400000   -0.0016608
  -1.4200000   -0.0019904
  -1.4000000   -0.0021701
  -1.3800000   -0.0021646
  -1.3600000   -0.0019301
  -1.3400000   -0.0014163
  -1.3200000   -0.0005690
  -1.3000000    0.0006654
  -1.2800000    0.0023360
  -1.2600000    0.0044824
  -1.2400000    0.0071291
  -1.2200000    0.0102810
  -1.2000000    0.0139183
  -1.1800000    0.0179930
  -1.1600000    0.0224278
  -1.1400000    0.0271165
  -1.1200000    0.0319275
  -1.1000000    0.0367114
  -1.0800000    0.0413103
  -1.0600000    0.0455701
  -1.0400000    0.0493534
  -1.0200000    0.0525526
  -1.0000000    0.0551003
  -0.9800000    0.0569765
  -0.9600000    0.0582112
  -0.9400000    0.0588816
  -0.9200000    0.0591041
  -0.9000000    0.0590222
  -0.8800000    0.0587915
  -0.8600000    0.0585637
  -0.8400000    0.0584712
  -0.8200000    0.0586154
  -0.8000000    0.0590579
  -0.7800000    0.0598174
  -0.7600000    0.0608713
  -0.7400000    0.0621617
  -0.7200000    0.0636048
  -0.7000000    0.0651017
  -0.6800000    0.0665508
  -0.6600000    0.0678578
  -0.6400000    0.0689448
  -0.6200000    0.0697557
  -0.6000000    0.0702591
  -0.5800000    0.0704478
  -0.5600000    0.0703360
  -0.5400000    0.0699553
  -0.5200000    0.0693490
  -0.5000000    0.0685683
  -0.4800000    0.0676679
  -0.4600000    0.0667050
  -0.4400000    0.0657387
  -0.4200000    0.0648319
  -0.4000000    0.0640543
  -0.3800000    0.0634843
  -0.3600000    0.0632119
  -0.3400000    0.0633377
  -0.3200000    0.0639710
  -0.3000000    0.0652231
  -0.2800000    0.0671996
  -0.2600000    0.0699885
  -0.2400000    0.0736493
  -0.2200000    0.0782010
  -0.2000000    0.0836134
  -0.1800000    0.0898014
  -0.1600000    0.0966245
  -0.1400000    0.1038917
  -0.1200000    0.1113706
  -0.1000000    0.1188014
  -0.0800000    0.1259128
  -0.0600000    0.1324388
  -0.0400000    0.1381334
  -0.0200000    0.1427828
   0.0000000    0.1462137
   0.0200000    0.1482973
   0.0400000    0.1489492
   0.0600000    0.1481283
   0.0800000    0.1458325
   0.1000000    0.1420964
   0.1200000    0.1369885
   0.1400000    0.1306106
   0.1600000    0.1230975
   0.1800000    0.1146167
   0.2000000    0.1053669
   0.2200000    0.0955748
   0.2400000    0.0854884
   0.2600000    0.0753675
   0.2800000    0.0654725
   0.3000000    0.0560511
   0.3200000    0.0473248
   0.3400000    0.0394783
   0.3600000    0.0326503
   0.3800000    0.0269291
   0.4000000    0.0223523
   0.4200000    0.0189108
   0.4400000    0.0165558
   0.4600000    0.0152092
   0.4800000    0.0147745
   0.5000000    0.0151480
   0.5200000    0.0162279
   0.5400000    0.0179226
   0.5600000    0.0201536
   0.5800000    0.0228577
   0.6000000    0.0259840
   0.6200000    0.0294896
   0.6400000    0.0333330
   0.6600000    0.0374675
   0.6800000    0.0418345
   0.7000000    0.0463587
   0.7200000    0.0509458
   0.7400000    0.0554830
   0.7600000    0.0598423
   0.7800000    0.0638873
   0.8000000    0.0674810
   0.8200000    0.0704950
   0.8400000    0.0728189
   0.8600000    0.0743679
   0.8800000    0.0750886
   0.9000000    0.0749616
   0.9200000    0.0740018
   0.9400000    0.0722558
   0.9600000    0.0697961
   0.9800000    0.0667156
   1.0000000    0.0631200
   1.0200000    0.0591212
   1.0400000    0.0548309
   1.0600000    0.0503557
   1.0800000    0.0457935
   1.1000000    0.0412309
   1.1200000    0.0367419
   1.1400000    0.0323869
   1.1600000    0.0282134
   1.1800000    0.0242553
   1.2000000    0.0205344
   1.2200000    0.0170609
   1.2400000    0.0138350
   1.2600000    0.0108480
   1.2800000    0.0080844
   1.3000000    0.0055243
   1.3200000    0.0031453
   1.3400000    0.0009247
   1.3600000   -0.0011584
   1.3800000   -0.0031220
   1.4000000   -0.0049802
   1.4200000   -0.0067431
   1.4400000   -0.0084175
   1.4600000   -0.0100072
   1.4800000   -0.0115148
   1.5000000   -0.0129423
   1.5200000   -0.0142919
   1.5400000   -0.0155674
   1.5600000   -0.0167740
   1.5800000   -0.0179188
   1.6000000   -0.0190114
   1.6200000   -0.0200638
   1.6400000   -0.0210906
   1.6600000   -0.0221093
   1.6800000   -0.0231395
   1.7000000   -0.0242016
   1.7200000   -0.0253152
   1.7400000   -0.0264954
   1.7600000   -0.0277501
   1.7800000   -0.0290754
   1.8000000   -0.0304527
   1.8200000   -0.0318469
   1.8400000   -0.0332061
   1.8600000   -0.0344636
   1.8800000   -0.0355432
   1.9000000   -0.0363654
   1.9200000   -0.0368555
   1.9400000   -0.0369517
   1.9600000   -0.0366125
   1.9800000   -0.0358219
   2.0000000   -0.0345919
   2.0200000   -0.0329621
   2.0400000   -0.0309964
   2.0600000   -0.0287768
   2.0800000   -0.0263962
   2.1000000   -0.0239503
   2.1200000   -0.0215300
   2.1400000   -0.0192151
   2.1600000   -0.0170698
   2.1800000   -0.0151397
   2.2000000   -0.0134518
   2.2200000   -0.0120152
   2.2400000   -0.0108233
   2.2600000   -0.0098570
   2.2800000   -0.0090875
   2.3000000   -0.0084797
   2.3200000   -0.0079946
   2.3400000   -0.0075917
   2.3600000   -0.0072304
   2.3800000   -0.0068722
   2.4000000   -0.0064809
   2.4200000   -0.0060246
   2.4400000   -0.0054764
   2.4600000   -0.0048158
   2.4800000   -0.0040299
   2.5000000   -0.0031145
   2.5200000   -0.0020751
   2.5400000   -0.0009274
   2.5600000    0.0003032
   2.5800000    0.0015820
   2.6000000    0.0028674
   2.6200000    0.0041131
   2.6400000    0.0052716
   2.6600000    0.0062977
   2.6800000    0.0071525
   2.7000000    0.0078064
   2.7200000    0.0082418
   2.7400000    0.0084546
   2.7600000    0.0084540
   2.7800000    0.0082621
   2.8000000    0.0079112
   2.8200000    0.0074404
   2.8400000    0.0068929
   2.8600000    0.0063110
   2.8800000    0.0057334
   2.9000000    0.0051919
   2.9200000    0.0047092
   2.9400000    0.0042976
   2.9600000    0.0039590
   2.9800000    0.0036852
   3.0000000    0.0034599
   3.0200000    0.0032606
   3.0400000    0.0030614
   3.0600000    0.0028359
   3.0800000    0.0025597
   3.1000000    0.0022129
   3.1200000    0.0017817
   3.1400000    0.0012585
   3.1600000    0.0006413
   3.1800000   -0.0000678
   3.2000000   -0.0008663
   3.2200000   -0.0017548
   3.2400000   -0.0027405
   3.2600000   -0.0038411
   3.2800000   -0.0050861
   3.3000000   -0.0065168
   3.3200000   -0.0081836
   3.3400000   -0.0101397
   3.3600000   -0.0124339
   3.3800000   -0.0151005
   3.4000000   -0.0181493
   3.4200000   -0.0215575
   3.4400000   -0.0252634
   3.4600000   -0.0291655
   3.4800000   -0.0331255
   3.5000000   -0.0369777
   3.5200000   -0.0405419
   3.5400000   -0.0436402
   3.5600000   -0.0461137
   3.5800000   -0.0478395
   3.6000000   -0.0487425
   3.6200000   -0.0488036
   3.6400000   -0.0480611
   3.6600000   -0.0466062
   3.6800000   -0.0445730
   3.7000000   -0.0421252
   3.7200000   -0.0394398
   3.7400000   -0.0366920
   3.7600000   -0.0340408
   3.7800000   -0.0316176
   3.8000000   -0.0295189
   3.8200000   -0.0278029
   3.8400000   -0.0264892
   3.8600000   -0.0255620
   3.8800000   -0.0249761
   3.9000000   -0.0246634
   3.9200000   -0.0245421
   3.9400000   -0.0245241
   3.9600000   -0.0245243
   3.9800000   -0.0244671
   4.0000000   -0.0242938
   4.0200000   -0.0239664
   4.0400000   -0.0234707
   4.0600000   -0.0228167
   4.0800000   -0.0220367
   4.1000000   -0.0211816
   4.1200000   -0.0203145
   4.1400000   -0.0195042
   4.1600000   -0.0188174
   4.1800000   -0.0183115
   4.2000000   -0.0180278
   4.2200000   -0.0179878
   4.2400000   -0.0181901
   4.2600000   -0.0186107
   4.2800000   -0.0192053
   4.3000000   -0.0199138
   4.3200000   -0.0206663
   4.3400000   -0.0213892
   4.3600000   -0.0220125
   4.3800000   -0.0224757
   4.4000000   -0.0227322
   4.4200000   -0.0227530
   4.4400000   -0.0225277
   4.4600000   -0.0220646
   4.4800000   -0.0213886
   4.5000000   -0.0205392
   4.5200000   -0.0195662
   4.5400000   -0.0185268
   4.5600000   -0.0174814
   4.5800000   -0.0164905
   4.6000000   -0.0156110
   4.6200000   -0.0148935
   4.6400000   -0.0143794
   4.6600000   -0.0140989
   4.6800000   -0.0140686
   4.7000000   -0.0142907
   4.7200000   -0.0147520
   4.7400000   -0.0154244
   4.7600000   -0.0162660
   4.7800000   -0.0172235
   4.8000000   -0.0182349
   4.8200000   -0.0192340
   4.8400000   -0.0201540
   4.8600000   -0.0209328
   4.8800000   -0.0215173
   4.9000000   -0.0218670
   4.9200000   -0.0219581
   4.9400000   -0.0217851
   4.9600000   -0.0213625
   4.9800000   -0.0207240
   5.0000000   -0.0199209
   5.0200000   -0.0190184
   5.0400000   -0.0180909
   5.0600000   -0.0172157
   5.0800000   -0.0164665
   5.1000000   -0.0159068
   5.1200000   -0.0155834
   5.1400000   -0.0155223
   5.1600000   -0.0157261
   5.1800000   -0.0161732
   5.2000000   -0.0168207
   5.2200000   -0.0176080
   5.2400000   -0.0184632
   5.2600000   -0.0193093
   5.2800000   -0.0200708
   5.3000000   -0.0206793
   5.3200000   -0.0210774
   5.3400000   -0.0212213
   5.3600000   -0.0210810
   5.3800000   -0.0206399
   5.4000000   -0.0198931
   5.4200000   -0.0188452
   5.4400000   -0.0175091
   5.4600000   -0.0159048
   5.4800000   -0.0140592
   5.5000000   -0.0120063
   5.5200000   -0.0097883
   5.5400000   -0.0074559
   5.5600000   -0.0050679
   5.5800000   -0.0026903
   5.6000000   -0.0003939
   5.6200000    0.0017499
   5.6400000    0.0036735
   5.6600000    0.0053181
   5.6800000    0.0066388
   5.7000000    0.0076087
   5.7200000    0.0082214
   5.7400000    0.0084920
   5.7600000    0.0084552
   5.7800000    0.0081625
   5.8000000    0.0076773
   5.8200000    0.0070689
   5.8400000    0.0064063
   5.8600000    0.0057529
   5.8800000    0.0051615
   5.9000000    0.0046712
   5.9200000    0.0043060
   5.9400000    0.0040748
   5.9600000    0.0039733
   5.9800000    0.0039865
   6.0000000    0.0040926
   6.0200000    0.0042665
   6.0400000    0.0044830
   6.0600000    0.0047203
   6.0800000    0.0049616
   6.1000000    0.0051966
   6.1200000    0.0054210
   6.1400000    0.0056368
   6.1600000    0.0058506
   6.1800000    0.0060726
   6.2000000    0.0063148
   6.2200000    0.0065900
   6.2400000    0.0069107
   6.2600000    0.0072886
   6.2800000    0.0077337
   6.3000000    0.0082540
   6.3200000    0.0088549
   6.3400000    0.0095381
   6.3600000    0.0103007
   6.3800000    0.0111338
   6.4000000    0.0120213
   6.4200000    0.0129391
   6.4400000    0.0138552
   6.4600000    0.0147297
   6.4800000    0.0155176
   6.5000000    0.0161710
   6.5200000    0.0166435
   6.5400000    0.0168947
   6.5600000    0.0168951
   6.5800000    0.0166305
   6.6000000    0.0161057
   6.6200000    0.0153466
   6.6400000    0.0144007
   6.6600000    0.0133353
   6.6800000    0.0122334
   6.7000000    0.0111884
   6.7200000    0.0102965
   6.7400000    0.0096485
   6.7600000    0.0093219
   6.7800000    0.0093729
   6.8000000    0.0098308
   6.8200000    0.0106940
   6.8400000    0.0119300
   6.8600000    0.0134769
   6.8800000    0.0152494
   6.9000000    0.0171461
   6.9200000    0.0190590
   6.9400000    0.0208833
   6.9600000    0.0225262
   6.9800000    0.0239147
   7.0000000    0.0250003
   7.0200000    0.0257604
   7.0400000    0.0261969
   7.0600000    0.0263325
   7.0800000    0.0262045
   7.1000000    0.0258576
   7.1200000    0.0253379
   7.1400000    0.0246869
   7.1600000    0.0239385
   7.1800000    0.0231183
   7.2000000    0.0222447
   7.2200000    0.0213330
   7.2400000    0.0204006
   7.2600000    0.0194722
   7.2800000    0.0185841
   7.3000000    0.0177879
   7.3200000    0.0171495
   7.3400000    0.0167468
   7.3600000    0.0166630
   7.3800000    0.0169774
   7.4000000    0.0177546
   7.4200000    0.0190335
   7.4400000    0.0208169
   7.4600000    0.0230653
   7.4800000    0.0256937
   7.5000000    0.0285753
   7.5200000    0.0315494
   7.5400000    0.0344349
   7.5600000    0.0370476
   7.5800000    0.0392184
   7.6000000    0.0408105
   7.6200000    0.0417338
   7.6400000    0.0419536
   7.6600000    0.0414928
   7.6800000    0.0404279
   7.7000000    0.0388779
   7.7200000    0.0369901
   7.7400000    0.0349224
   7.7600000    0.0328268
   7.7800000    0.0308341
   7.8000000    0.0290431
   7.8200000    0.0275145
   7.8400000    0.0262698
   7.8600000    0.0252943
   7.8800000    0.0245444
   7.9000000    0.0239564
   7.9200000    0.0234563
   7.9400000    0.0229702
   7.9600000    0.0224322
   7.9800000    0.0217922
   8.0000000    0.0210204
   8.0200000    0.0201100
   8.0400000    0.0190780
   8.0600000    0.0179634
   8.0800000    0.0168240
   8.1000000    0.0157318
   8.1200000    0.0147664
   8.1400000    0.0140088
   8.1600000    0.0135347
   8.1800000    0.0134078
   8.2000000    0.0136751
   8.2200000    0.0143624
   8.2400000    0.0154725
   8.2600000    0.0169843
   8.2800000    0.0188539
   8.3000000    0.0210173
   8.3200000    0.0233945
   8.3400000    0.0258934
   8.3600000    0.0284159
   8.3800000    0.0308627
   8.4000000    0.0331385
   8.4200000    0.0351573
   8.4400000    0.0368462
   8.4600000    0.0381484
   8.4800000    0.0390258
   8.5000000    0.0394593
   8.5200000    0.0394486
   8.5400000    0.0390107
   8.5600000    0.0381766
   8.5800000    0.0369885
   8.6000000    0.0354956
   8.6200000    0.0337500
   8.6400000    0.0318034
   8.6600000    0.0297038
   8.6800000    0.0274936
   8.7000000    0.0252084
   8.7200000    0.0228770
   8.7400000    0.0205224
   8.7600000    0.0181635
   8.7800000    0.0158173
   8.8000000    0.0135012
   8.8200000    0.0112350
   8.8400000    0.0090428
   8.8600000    0.0069527
   8.8800000    0.0049971
   8.9000000    0.0032106
   8.9200000    0.0016275
   8.9400000    0.0002787
   8.9600000   -0.0008117
   8.9800000   -0.0016295
   9.0000000   -0.0021724
   9.0200000   -0.0024508
   9.0400000   -0.0024882
   9.0600000   -0.0023189
   9.0800000   -0.0019854
   9.1000000   -0.0015354
   9.1200000   -0.0010180
   9.1400000   -0.0004806
   9.1600000    0.0000339
   9.1800000    0.0004888
   9.2000000    0.0008544
   9.2200000    0.0011081
   9.2400000    0.0012343
   9.2600000    0.0012236
   9.2800000    0.0010725
   9.3000000    0.0007830
   9.3200000    0.0003625
   9.3400000   -0.0001755
   9.3600000   -0.0008119
   9.3800000   -0.0015218
   9.4000000   -0.0022754
   9.4200000   -0.0030393
   9.4400000   -0.0037785
   9.4600000   -0.0044591
   9.4800000   -0.0050508
   9.5000000   -0.0055296
   9.5200000   -0.0058798
   9.5400000   -0.0060948
   9.5600000   -0.0061773
   9.5800000   -0.0061379
   9.6000000   -0.0059936
   9.6200000   -0.0057645
   9.6400000   -0.0054720
   9.6600000   -0.0051357
   9.6800000   -0.0047719
   9.7000000   -0.0043931
   9.7200000   -0.0040076
   9.7400000   -0.0036208
   9.7600000   -0.0032365
   9.7800000   -0.0028591
   9.8000000   -0.0024952
   9.8200000   -0.0021543
   9.8400000   -0.0018502
   9.8600000   -0.0015997
   9.8800000   -0.0014222
   9.9000000   -0.0013372
   9.9200000   -0.0013627
   9.9400000   -0.0015125
   9.9600000   -0.0017943
   9.9800000   -0.0022084
  10.0000000   -0.0027472
  10.0200000   -0.0033947
  10.0400000   -0.0041280
  10.0600000   -0.0049183
  10.0800000   -0.0057332
  10.1000000   -0.0065381
  10.1200000   -0.0072986
  10.1400000   -0.0079824
  10.1600000   -0.0085600
  10.1800000   -0.0090068
  10.2000000   -0.0093028
  10.2200000   -0.0094340
  10.2400000   -0.0093920
  10.2600000   -0.0091740
  10.2800000   -0.0087830
  10.3000000   -0.0082265
  10.3200000   -0.0075167
  10.3400000   -0.0066693
  10.3600000   -0.0057026
  10.3800000   -0.0046373
  10.4000000   -0.0034955
  10.4200000   -0.0023010
  10.4400000   -0.0010796
  10.4600000    0.0001401
  10.4800000    0.0013256
  10.5000000    0.0024391
  10.5200000    0.0034364
  10.5400000    0.0042668
  10.5600000    0.0048737
  10.5800000    0.0051967
  10.6000000    0.0051753
  10.6200000    0.0047540
  10.6400000    0.0038882
  10.6600000    0.0025510
  10.6800000    0.0007390
  10.7000000   -0.0015234
  10.7200000   -0.0041809
  10.7400000   -0.0071487
  10.7600000   -0.0103154
  10.7800000   -0.0135498
  10.8000000   -0.0167098
  10.8200000   -0.0196522
  10.8400000   -0.0222432
  10.8600000   -0.0243675
  10.8800000   -0.0259357
  10.9000000   -0.0268889
  10.9200000   -0.0272005
  10.9400000   -0.0268755
  10.9600000   -0.0259472
  10.9800000   -0.0244725
  11.0000000   -0.0225270
  11.0200000   -0.0201991
  11.0400000   -0.0175848
  11.0600000   -0.0147831
  11.0800000   -0.0118918
  11.1000000   -0.0090045
  11.1200000   -0.0062070
  11.1400000   -0.0035749
  11.1600000   -0.0011715
  11.1800000    0.0009541
  11.2000000    0.0027681
  11.2200000    0.0042527
  11.2400000    0.0054055
  11.2600000    0.0062386
  11.2800000    0.0067767
  11.3000000    0.0070544
  11.3200000    0.0071140
  11.3400000    0.0070027
  11.3600000    0.0067697
  11.3800000    0.0064645
  11.4000000    0.0061348
  11.4200000    0.0058254
  11.4400000    0.0055767
  11.4600000    0.0054239
  11.4800000    0.0053957
  11.5000000    0.0055131
  11.5200000    0.0057877
  11.5400000    0.0062201
  11.5600000    0.0067984
  11.5800000    0.0074976
  11.6000000    0.0082790
  11.6200000    0.0090921
  11.6400000    0.0098768
  11.6600000    0.0105678
  11.6800000    0.0111004
  11.7000000    0.0114170
  11.7200000    0.0114746
  11.7400000    0.0112504
  11.7600000    0.0107486
  11.7800000    0.0100023
  11.8000000    0.0090754
  11.8200000    0.0080594
  11.8400000    0.0070682
  11.8600000    0.0062295
  11.8800000    0.0056739
  11.9000000    0.0055227
  11.9200000    0.0058753
  11.9400000    0.0067985
  11.9600000    0.0083164
  11.9800000    0.0104063
  12.0000000    0.0129970
  12.0200000    0.0159734
  12.0400000    0.0191846
  12.0600000    0.0224577
  12.0800000    0.0256118
  12.1000000    0.0284750
  12.1200000    0.0308990
  12.1400000    0.0327708
  12.1600000    0.0340202
  12.1800000    0.0346221
  12.2000000    0.0345936
  12.2200000    0.0339860
  12.2400000    0.0328749
  12.2600000    0.0313480
  12.2800000    0.0294941
  12.3000000    0.0273939
  12.3200000    0.0251140
  12.3400000    0.0227049
  12.3600000    0.0202010
  12.3800000    0.0176251
  12.4000000    0.0149927
  12.4200000    0.0123175
  12.4400000    0.0096163
  12.4600000    0.0069119
  12.4800000    0.0042352
  12.5000000    0.0016241
  12.5200000   -0.0008779
  12.5400000   -0.0032250
  12.5600000   -0.0053729
  12.5800000   -0.0072828
  12.6000000   -0.0089251
  12.6200000   -0.0102823
  12.6400000   -0.0113511
  12.6600000   -0.0121436
  12.6800000   -0.0126875
  12.7000000   -0.0130247
  12.7200000   -0.0132095
  12.7400000   -0.0133056
  12.7600000   -0.0133819
  12.7800000   -0.0135086
  12.8000000   -0.0137516
  12.8200000   -0.0141680
  12.8400000   -0.0148006
  12.8600000   -0.0156744
  12.8800000   -0.0167928
  12.9000000   -0.0181364
  12.9200000   -0.0196632
  12.9400000   -0.0213113
  12.9600000   -0.0230031
  12.9800000   -0.0246513
  13.0000000   -0.0261668
  13.0200000   -0.0274655
  13.0400000   -0.0284760
  13.0600000   -0.0291449
  13.0800000   -0.0294408
  13.1000000   -0.0293554
  13.1200000   -0.0289027
  13.1400000   -0.0281157
  13.1600000   -0.0270419
  13.1800000   -0.0257378
  13.2000000   -0.0242633
  13.2200000   -0.0226768
  13.2400000   -0.0210318
  13.2600000   -0.0193741
  13.2800000   -0.0177406
  13.3000000   -0.0161599
  13.3200000   -0.0146533
  13.3400000   -0.0132356
  13.3600000   -0.0119169
  13.3800000   -0.0107035
  13.4000000   -0.0095984
  13.4200000   -0.0086004
  13.4400000   -0.0077034
  13.4600000   -0.0068946
  13.4800000   -0.0061524
  13.5000000   -0.0054451
  13.5200000   -0.0047288
  13.5400000   -0.0039482
  13.5600000   -0.0030365
  13.5800000   -0.0019191
  13.6000000   -0.0005172
  13.6200000    0.0012459
  13.6400000    0.0034373
  13.6600000    0.0061060
  13.6800000    0.0092750
  13.7000000    0.0129332
  13.7200000    0.0170301
  13.7400000    0.0214730
  13.7600000    0.0261284
  13.7800000    0.0308269
  13.8000000    0.0353734
  13.8200000    0.0395595
  13.8400000    0.0431793
  13.8600000    0.0460455
  13.8800000    0.0480040
  13.9000000    0.0489466
  13.9200000    0.0488184
  13.9400000    0.0476214
  13.9600000    0.0454119
  13.9800000    0.0422944
  14.0000000    0.0384116
  14.0200000    0.0339322
  14.0400000    0.0290387
  14.0600000    0.0239154
  14.0800000    0.0187380
  14.1000000    0.0136661
  14.1200000    0.0088367
  14.1400000    0.0043611
  14.1600000    0.0003232
  14.1800000   -0.0032207
  14.2000000   -0.0062401
  14.2200000   -0.0087285
  14.2400000   -0.0106994
  14.2600000   -0.0121829
  14.2800000   -0.0132212
  14.3000000   -0.0138642
  14.3200000   -0.0141656
  14.3400000   -0.0141796
  14.3600000   -0.0139584
  14.3800000   -0.0135508
  14.4000000   -0.0130018
  14.4200000   -0.0123529
  14.4400000   -0.0116432
  14.4600000   -0.0109101
  14.4800000   -0.0101898
  14.5000000   -0.0095175
  14.5200000   -0.0089265
  14.5400000   -0.0084462
  14.5600000   -0.0081007
  14.5800000   -0.0079059
  14.6000000   -0.0078679
  14.6200000   -0.0079815
  14.6400000   -0.0082299
  14.6600000   -0.0085854
  14.6800000   -0.0090111
  14.7000000   -0.0094635
  14.7200000   -0.0098951
  14.7400000   -0.0102585
  14.7600000   -0.0105081
  14.7800000   -0.0106034
  14.8000000   -0.0105098
  14.8200000   -0.0102003
  14.8400000   -0.0096547
  14.8600000   -0.0088602
  14.8800000   -0.0078101
  14.9000000   -0.0065041
  14.9200000   -0.0049473
  14.9400000   -0.0031503
  14.9600000   -0.0011297
  14.9800000    0.0010916
  15.0000000    0.0034837
  15.0200000    0.0060089
  15.0400000    0.0086217
  15.0600000    0.0112686
  15.0800000    0.0138891
  15.1000000    0.0164171
  15.1200000    0.0187835
  15.1400000    0.0209191
  15.1600000    0.0227585
  15.1800000    0.0242440
  15.2000000    0.0253295
  15.2200000    0.0259838
  15.2400000    0.0261936
  15.2600000    0.0259644
  15.2800000    0.0253206
  15.3000000    0.0243040
  15.3200000    0.0229706
  15.3400000    0.0213868
  15.3600000    0.0196247
  15.3800000    0.0177576
  15.4000000    0.0158550
  15.4200000    0.0139800
  15.4400000    0.0121860
  15.4600000    0.0105158
  15.4800000    0.0090011
  15.5000000    0.0076636
  15.5200000    0.0065165
  15.5400000    0.0055659
  15.5600000    0.0048132
  15.5800000    0.0042569
  15.6000000    0.0038940
  15.6200000    0.0037217
  15.6400000    0.0037377
  15.6600000    0.0039409
  15.6800000    0.0043314
  15.7000000    0.0049102
  15.7200000    0.0056781
  15.7400000    0.0066344
  15.7600000    0.0077757
  15.7800000    0.0090936
  15.8000000    0.0105733
  15.8200000    0.0121920
  15.8400000    0.0139179
  15.8600000    0.0157102
  15.8800000    0.0175201
  15.9000000    0.0192932
  15.9200000    0.0209726
  15.9400000    0.0225034
  15.9600000    0.0238367
  15.9800000    0.0249350
  16.0000000    0.0257750
  16.0200000    0.0263504
  16.0400000    0.0266726
  16.0600000    0.0267693
  16.0800000    0.0266817
  16.1000000    0.0264599
  16.1200000    0.0261582
  16.1400000    0.0258291
  16.1600000    0.0255192
  16.1800000    0.0252650
  16.2000000    0.0250906
  16.2200000    0.0250072
  16.2400000    0.0250132
  16.2600000    0.0250957
  16.2800000    0.0252327
  16.3000000    0.0253958
  16.3200000    0.0255521
  16.3400000    0.0256669
  16.3600000    0.0257060
  16.3800000    0.0256369
  16.4000000    0.0254310
  16.4200000    0.0250647
  16.4400000    0.0245206
  16.4600000    0.0237874
  16.4800000    0.0228603
  16.5000000    0.0217392
  16.5200000    0.0204269
  16.5400000    0.0189261
  16.5600000    0.0172360
  16.5800000    0.0153490
  16.6000000    0.0132482
  16.6200000    0.0109056
  16.6400000    0.0082831
  16.6600000    0.0053342
  16.6800000    0.0020089
  16.7000000   -0.0017394
  16.7200000   -0.0059463
  16.7400000   -0.0106273
  16.7600000   -0.0157698
  16.7800000   -0.0213256
  16.8000000   -0.0272062
  16.8200000   -0.0332820
  16.8400000   -0.0393842
  16.8600000   -0.0453116
  16.8800000   -0.0508413
  16.9000000   -0.0557429
  16.9200000   -0.0597941
  16.9400000   -0.0627983
  16.9600000   -0.0646007
  16.9800000   -0.0651022
  17.0000000   -0.0642692
  17.0200000   -0.0621390
  17.0400000   -0.0588183
  17.0600000   -0.0544763
  17.0800000   -0.0493330
  17.1000000   -0.0436424
  17.1200000   -0.0376735
  17.1400000   -0.0316909
  17.1600000   -0.0259363
  17.1800000   -0.0206137
  17.2000000   -0.0158782
  17.2200000   -0.0118310
  17.2400000   -0.0085184
  17.2600000   -0.0059365
  17.2800000   -0.0040392
  17.3000000   -0.0027487
  17.3200000   -0.0019663
  17.3400000   -0.0015841
  17.3600000   -0.0014946
  17.3800000   -0.0015980
  17.4000000   -0.0018087
  17.4200000   -0.0020577
  17.4400000   -0.0022945
  17.4600000   -0.0024864
  17.4800000   -0.0026166
  17.5000000   -0.0026819
  17.5200000   -0.0026891
  17.5400000   -0.0026512
  17.5600000   -0.0025842
  17.5800000   -0.0025039
  17.6000000   -0.0024228
  17.6200000   -0.0023484
  17.6400000   -0.0022825
  17.6600000   -0.0022213
  17.6800000   -0.0021566
  17.7000000   -0.0020776
  17.7200000   -0.0019737
  17.7400000   -0.0018367
  17.7600000   -0.0016636
  17.7800000   -0.0014581
  17.8000000   -0.0012313
  17.8200000   -0.0010017
  17.8400000   -0.0007936
  17.8600000   -0.0006351
  17.8800000   -0.0005547
  17.9000000   -0.0005785
  17.9200000   -0.0007264
  17.9400000   -0.0010098
  17.9600000   -0.0014291
  17.9800000   -0.0019731
  18.0000000   -0.0026193
  18.0200000   -0.0033348
  18.0400000   -0.0040797
  18.0600000   -0.0048097
  18.0800000   -0.0054804
  18.1000000   -0.0060509
  18.1200000   -0.0064872
  18.1400000   -0.0067646
  18.1600000   -0.0068699
  18.1800000   -0.0068013
  18.2000000   -0.0065677
  18.2200000   -0.0061878
  18.2400000   -0.0056875
  18.2600000   -0.0050977
  18.2800000   -0.0044518
  18.3000000   -0.0037842
  18.3200000   -0.0031284
  18.3400000   -0.0025162
  18.3600000   -0.0019770
  18.3800000   -0.0015382
  18.4000000   -0.0012243
  18.4200000   -0.0010574
  18.4400000   -0.0010564
  18.4600000   -0.0012366
  18.4800000   -0.0016087
  18.5000000   -0.0021778
  18.5200000   -0.0029422
  18.5400000   -0.0038932
  18.5600000   -0.0050147
  18.5800000   -0.0062830
  18.6000000   -0.0076688
  18.6200000   -0.0091376
  18.6400000   -0.0106521
  18.6600000   -0.0121740
  18.6800000   -0.0136657
  18.7000000   -0.0150916
  18.7200000   -0.0164197
  18.7400000   -0.0176218
  18.7600000   -0.0186744
  18.7800000   -0.0195586
  18.8000000   -0.0202603
  18.8200000   -0.0207706
  18.8400000   -0.0210856
  18.8600000   -0.0212065
  18.8800000   -0.0211397
  18.9000000   -0.0208955
  18.9200000   -0.0204879
  18.9400000   -0.0199328
  18.9600000   -0.0192464
  18.9800000   -0.0184435
  19.0000000   -0.0175363
  19.0200000   -0.0165329
  19.0400000   -0.0154369
  19.0600000   -0.0142481
  19.0800000   -0.0129630
  19.1000000   -0.0115765
  19.1200000   -0.0100834
  19.1400000   -0.0084805
  19.1600000   -0.0067675
  19.1800000   -0.0049480
  19.2000000   -0.0030301
  19.2200000   -0.0010253
  19.2400000    0.0010522
  19.2600000    0.0031870
  19.2800000    0.0053639
  19.3000000    0.0075695
  19.3200000    0.0097927
  19.3400000    0.0120256
  19.3600000    0.0142620
  19.3800000    0.0164971
  19.4000000    0.0187249
  19.4200000    0.0209365
  19.4400000    0.0231181
  19.4600000    0.0252491
  19.4800000    0.0273019
  19.5000000    0.0292421
  19.5200000    0.0310306
  19.5400000    0.0326262
  19.5600000    0.0339896
  19.5800000    0.0350869
  19.6000000    0.0358936
  19.6200000    0.0363973
  19.6400000    0.0365984
  19.6600000    0.0365104
  19.6800000    0.0361575
  19.7000000    0.0355715
  19.7200000    0.0347883
  19.7400000    0.0338435
  19.7600000    0.0327697
  19.7800000    0.0315943
  19.8000000    0.0303387
  19.8200000    0.0290193
  19.8400000    0.0276494
  19.8600000    0.0262411
  19.8800000    0.0248080
  19.9000000    0.0233667
  19.9200000    0.0219372
  19.9400000    0.0205428
  19.9600000    0.0192081
  19.9800000    0.0179568
  20.0000000    0.0168090
  20.0200000    0.0157787
  20.0400000    0.0148724
  20.0600000    0.0140878
  20.0800000    0.0134142
  20.1000000    0.0128340
  20.1200000    0.0123245
  20.1400000    0.0118606
  20.1600000    0.0114171
  20.1800000    0.0109715
  20.2000000    0.0105057
  20.2200000    0.0100075
  20.2400000    0.0094715
  20.2600000    0.0088988
  20.2800000    0.0082973
  20.3000000    0.0076808
  20.3200000    0.0070678
  20.3400000    0.0064802
  20.3600000    0.0059422
  20.3800000    0.0054781
  20.4000000    0.0051109
  20.4200000    0.0048600
  20.4400000    0.0047399
  20.4600000    0.0047582
  20.4800000    0.0049150
  20.5000000    0.0052017
  20.5200000    0.0056013
  20.5400000    0.0060894
  20.5600000    0.0066351
  20.5800000    0.0072031
  20.6000000    0.0077565
  20.6200000    0.0082587
  20.6400000    0.0086762
  20.6600000    0.0089808
  20.6800000    0.0091516
  20.7000000    0.0091760
  20.7200000    0.0090507
  20.7400000    0.0087819
  20.7600000    0.0083849
  20.7800000    0.0078832
  20.8000000    0.0073075
  20.8200000    0.0066940
  20.8400000    0.0060824
  20.8600000    0.0055142
  20.8800000    0.0050301
  20.9000000    0.0046681
  20.9200000    0.0044615
  20.9400000    0.0044363
  20.9600000    0.0046105
  20.9800000    0.0049924
  21.0000000    0.0055800
  21.0200000    0.0063609
  21.0400000    0.0073128
  21.0600000    0.0084044
  21.0800000    0.0095969
  21.1000000    0.0108463
  21.1200000    0.0121051
  21.1400000    0.0133256
  21.1600000    0.0144615
  21.1800000    0.0154707
  21.2000000    0.0163170
  21.2200000    0.0169716
  21.2400000    0.0174137
  21.2600000    0.0176306
  21.2800000    0.0176175
  21.3000000    0.0173772
  21.3200000    0.0169188
  21.3400000    0.0162574
  21.3600000    0.0154132
  21.3800000    0.0144115
  21.4000000    0.0132824
  21.4200000    0.0120602
  21.4400000    0.0107834
  21.4600000    0.0094934
  21.4800000    0.0082332
  21.5000000    0.0070455
  21.5200000    0.0059696
  21.5400000    0.0050390
  21.5600000    0.0042780
  21.5800000    0.0036990
  21.6000000    0.0033003
  21.6200000    0.0030648
  21.6400000    0.0029601
  21.6600000    0.0029402
  21.6800000    0.0029474
  21.7000000    0.0029172
  21.7200000    0.0027821
  21.7400000    0.0024768
  21.7600000    0.0019432
  21.7800000    0.0011340
  21.8000000    0.0000152
  21.8200000   -0.0014321
  21.8400000   -0.0032122
  21.8600000   -0.0053166
  21.8800000   -0.0077259
  21.9000000   -0.0104133
  21.9200000   -0.0133466
  21.9400000   -0.0164915
  21.9600000   -0.0198119
  21.9800000   -0.0232712
  22.0000000   -0.0268314
  22.0200000   -0.0304521
  22.0400000   -0.0340891
  22.0600000   -0.0376925
  22.0800000   -0.0412056
  22.1000000   -0.0445641
  22.1200000   -0.0476959
  22.1400000   -0.0505229
  22.1600000   -0.0529621
  22.1800000   -0.0549302
  22.2000000   -0.0563478
  22.2200000   -0.0571449
  22.2400000   -0.0572672
  22.2600000   -0.0566822
  22.2800000   -0.0553840
  22.3000000   -0.0533969
  22.3200000   -0.0507765
  22.3400000   -0.0476077
  22.3600000   -0.0440004
  22.3800000   -0.0400824
  22.4000000   -0.0359907
  22.4200000   -0.0318626
  22.4400000   -0.0278265
  22.4600000   -0.0239948
  22.4800000   -0.0204588
  22.5000000   -0.0172861
  22.5200000   -0.0145203
  22.5400000   -0.0121827
  22.5600000   -0.0102754
  22.5800000   -0.0087849
  22.6000000   -0.0076856
  22.6200000   -0.0069429
  22.6400000   -0.0065154
  22.6600000   -0.0063566
  22.6800000   -0.0064162
  22.7000000   -0.0066412
  22.7200000   -0.0069767
  22.7400000   -0.0073684
  22.7600000   -0.0077639
  22.7800000   -0.0081155
  22.8000000   -0.0083824
  22.8200000   -0.0085337
  22.8400000   -0.0085494
  22.8600000   -0.0084218
  22.8800000   -0.0081558
  22.9000000   -0.0077671
  22.9200000   -0.0072807
  22.9400000   -0.0067279
  22.9600000   -0.0061430
  22.9800000   -0.0055597
  23.0000000   -0.0050082
  23.0200000   -0.0045123
  23.0400000   -0.0040876
  23.0600000   -0.0037410
  23.0800000   -0.0034702
  23.1000000   -0.0032647
  23.1200000   -0.0031080
  23.1400000   -0.0029794
  23.1600000   -0.0028568
  23.1800000   -0.0027191
  23.2000000   -0.0025488
  23.2200000   -0.0023339
  23.2400000   -0.0020698
  23.2600000   -0.0017594
  23.2800000   -0.0014135
  23.3000000   -0.0010496
  23.3200000   -0.0006908
  23.3400000   -0.0003629
  23.3600000   -0.0000926
  23.3800000    0.0000958
  23.4000000    0.0001827
  23.4200000    0.0001551
  23.4400000    0.0000083
  23.4600000   -0.0002537
  23.4800000   -0.0006183
  23.5000000   -0.0010660
  23.5200000   -0.0015714
  23.5400000   -0.0021064
  23.5600000   -0.0026424
  23.5800000   -0.0031530
  23.6000000   -0.0036160
  23.6200000   -0.0040154
  23.6400000   -0.0043420
  23.6600000   -0.0045940
  23.6800000   -0.0047760
  23.7000000   -0.0048980
  23.7200000   -0.0049733
  23.7400000   -0.0050171
  23.7600000   -0.0050439
  23.7800000   -0.0050663
  23.8000000   -0.0050933
  23.8200000   -0.0051295
  23.8400000   -0.0051756
  23.8600000   -0.0052278
  23.8800000   -0.0052794
  23.9000000   -0.0053211
  23.9200000   -0.0053430
  23.9400000   -0.0053354
  23.9600000   -0.0052898
  23.9800000   -0.0052000
  24.0000000   -0.0050631
  24.0200000   -0.0048795
  24.0400000   -0.0046531
  24.0600000   -0.0043915
  24.0800000   -0.0041056
  24.1000000   -0.0038080
  24.1200000   -0.0035123
  24.1400000   -0.0032313
  24.1600000   -0.0029751
  24.1800000   -0.0027486
  24.2000000   -0.0025502
  24.2200000   -0.0023698
  24.2400000   -0.0021878
  24.2600000   -0.0019756
  24.2800000   -0.0016962
  24.3000000   -0.0013061
  24.3200000   -0.0007586
  24.3400000   -0.0000071
  24.3600000    0.0009909
  24.3800000    0.0022702
  24.4000000    0.0038541
  24.4200000    0.0057524
  24.4400000    0.0079588
  24.4600000    0.0104511
  24.4800000    0.0131908
  24.5000000    0.0161250
  24.5200000    0.0191879
  24.5400000    0.0223046
  24.5600000    0.0253936
  24.5800000    0.0283712
  24.6000000    0.0311549
  24.6200000    0.0336678
  24.6400000    0.0358424
  24.6600000    0.0376233
  24.6800000    0.0389705
  24.7000000    0.0398610
  24.7200000    0.0402896
  24.7400000    0.0402687
  24.7600000    0.0398267
  24.7800000    0.0390059
  24.8000000    0.0378583
  24.8200000    0.0364422
  24.8400000    0.0348174
  24.8600000    0.0330413
  24.8800000    0.0311654
  24.9000000    0.0292323
  24.9200000    0.0272751
  24.9400000    0.0253167
  24.9600000    0.0233711
  24.9800000    0.0214459
  25.0000000    0.0195448
  25.0200000    0.0176705
  25.0400000    0.0158273
  25.0600000    0.0140231
  25.0800000    0.0122700
  25.1000000    0.0105843
  25.1200000    0.0089855
  25.1400000    0.0074935
  25.1600000    0.0061262
  25.1800000    0.0048965
  25.2000000    0.0038093
  25.2200000    0.0028596
  25.2400000    0.0020309
  25.2600000    0.0012959
  25.2800000    0.0006178
  25.3000000   -0.0000461
  25.3200000   -0.0007405
  25.3400000   -0.0015066
  25.3600000   -0.0023766
  25.3800000   -0.0033685
  25.4000000   -0.0044825
  25.4200000   -0.0056986
  25.4400000   -0.0069773
  25.4600000   -0.0082617
  25.4800000   -0.0094826
  25.5000000   -0.0105654
  25.5200000   -0.0114379
  25.5400000   -0.0120380
  25.5600000   -0.0123216
  25.5800000   -0.0122677
  25.6000000   -0.0118824
  25.6200000   -0.0111991
  25.6400000   -0.0102767
  25.6600000   -0.0091955
  25.6800000   -0.0080500
  25.7000000   -0.0069412
  25.7200000   -0.0059685
  25.7400000   -0.0052205
  25.7600000   -0.0047686
  25.7800000   -0.0046601
  25.8000000   -0.0049151
  25.8200000   -0.0055247
  25.8400000   -0.0064517
  25.8600000   -0.0076347
  25.8800000   -0.0089934
  25.9000000   -0.0104364
  25.9200000   -0.0118702
  25.9400000   -0.0132080
  25.9600000   -0.0143793
  25.9800000   -0.0153371
  26.0000000   -0.0160634
  26.0200000   -0.0165718
  26.0400000   -0.0169067
  26.0600000   -0.0171392
  26.0800000   -0.0173596
  26.1000000   -0.0176679
  26.1200000   -0.0181623
  26.1400000   -0.0189277
  26.1600000   -0.0200252
  26.1800000   -0.0214836
  26.2000000   -0.0232944
  26.2200000   -0.0254106
  26.2400000   -0.0277492
  26.2600000   -0.0301984
  26.2800000   -0.0326266
  26.3000000   -0.0348946
  26.3200000   -0.0368677
  26.3400000   -0.0384266
  26.3600000   -0.0394774
  26.3800000   -0.0399572
  26.4000000   -0.0398374
  26.4200000   -0.0391232
  26.4400000   -0.0378496
  26.4600000   -0.0360760
  26.4800000   -0.0338794
  26.5000000   -0.0313472
  26.5200000   -0.0285707
  26.5400000   -0.0256400
  26.5600000   -0.0226398
  26.5800000   -0.0196472
  26.6000000   -0.0167298
  26.6200000   -0.0139454
  26.6400000   -0.0113417
  26.6600000   -0.0089560
  26.6800000   -0.0068157
  26.7000000   -0.0049379
  26.7200000   -0.0033300
  26.7400000   -0.0019904
  26.7600000   -0.0009087
  26.7800000   -0.0000681
  26.8000000    0.0005540
  26.8200000    0.0009833
  26.8400000    0.0012467
  26.8600000    0.0013704
  26.8800000    0.0013780
  26.9000000    0.0012892
  26.9200000    0.0011190
  26.9400000    0.0008770
  26.9600000    0.0005680
  26.9800000    0.0001917
  27.0000000   -0.0002559
  27.0200000   -0.0007820
  27.0400000   -0.0013958
  27.0600000   -0.0021077
  27.0800000   -0.0029276
  27.1000000   -0.0038643
  27.1200000   -0.0049245
  27.1400000   -0.0061111
  27.1600000   -0.0074230
  27.1800000   -0.0088537
  27.2000000   -0.0103910
  27.2200000   -0.0120160
  27.2400000   -0.0137041
  27.2600000   -0.0154247
  27.2800000   -0.0171424
  27.3000000   -0.0188193
  27.3200000   -0.0204165
  27.3400000   -0.0218970
  27.3600000   -0.0232283
  27.3800000   -0.0243850
  27.4000000   -0.0253505
  27.4200000   -0.0261184
  27.4400000   -0.0266920
  27.4600000   -0.0270839
  27.4800000   -0.0273136
  27.5000000   -0.0274045
  27.5200000   -0.0273811
  27.5400000   -0.0272658
  27.5600000   -0.0270767
  27.5800000   -0.0268261
  27.6000000   -0.0265198
  27.6200000   -0.0261584
  27.6400000   -0.0257383
  27.6600000   -0.0252541
  27.6800000   -0.0246999
  27.7000000   -0.0240715
  27.7200000   -0.0233666
  27.7400000   -0.0225851
  27.7600000   -0.0217281
  27.7800000   -0.0207969
  27.8000000   -0.0197921
  27.8200000   -0.0187123
  27.8400000   -0.0175544
  27.8600000   -0.0163144
  27.8800000   -0.0149892
  27.9000000   -0.0135784
  27.9200000   -0.0120870
  27.9400000   -0.0105279
  27.9600000   -0.0089225
  27.9800000   -0.0073017
  28.0000000   -0.0057043
  28.0200000   -0.0041752
  28.0400000   -0.0027618
  28.0600000   -0.0015100
  28.0800000   -0.0004600
  28.1000000    0.0003577
  28.1200000    0.0009249
  28.1400000    0.0012382
  28.1600000    0.0013092
  28.1800000    0.0011638
  28.2000000    0.0008402
  28.2200000    0.0003859
  28.2400000   -0.0001460
  28.2600000   -0.0007004
  28.2800000   -0.0012237
  28.3000000   -0.0016671
  28.3200000   -0.0019891
  28.3400000   -0.0021570
  28.3600000   -0.0021478
  28.3800000   -0.0019488
  28.4000000   -0.0015572
  28.4200000   -0.0009797
  28.4400000   -0.0002315
  28.4600000    0.0006642
  28.4800000    0.0016770
  28.5000000    0.0027709
  28.5200000    0.0039046
  28.5400000    0.0050335
  28.5600000    0.0061107
  28.5800000    0.0070893
  28.6000000    0.0079243
  28.6200000    0.0085749
  28.6400000    0.0090076
  28.6600000    0.0091980
  28.6800000    0.0091331
  28.7000000    0.0088135
  28.7200000    0.0082537
  28.7400000    0.0074825
  28.7600000    0.0065423
  28.7800000    0.0054868
  28.8000000    0.0043786
  28.8200000    0.0032852
  28.8400000    0.0022758
  28.8600000    0.0014167
  28.8800000    0.0007681
  28.9000000    0.0003808
  28.9200000    0.0002941
  28.9400000    0.0005344
  28.9600000    0.0011150
  28.9800000    0.0020358
  29.0000000    0.0032841
  29.0200000    0.0048350
  29.0400000    0.0066515
  29.0600000    0.0086852
  29.0800000    0.0108756
  29.1000000    0.0131507
  29.1200000    0.0154273
  29.1400000    0.0176134
  29.1600000    0.0196104
  29.1800000    0.0213188
  29.2000000    0.0226439
  29.2200000    0.0235031
  29.2400000    0.0238338
  29.2600000    0.0235999
  29.2800000    0.0227976
  29.3000000    0.0214576
  29.3200000    0.0196452
  29.3400000    0.0174557
  29.3600000    0.0150081
  29.3800000    0.0124352
  29.4000000    0.0098734
  29.4200000    0.0074509
  29.4400000    0.0052788
  29.4600000    0.0034432
  29.4800000    0.0020007
  29.5000000    0.0009773
  29.5200000    0.0003704
  29.5400000    0.0001537
  29.5600000    0.0002833
  29.5800000    0.0007061
  29.6000000    0.0013666
  29.6200000    0.0022138
  29.6400000    0.0032054
  29.6600000    0.0043111
  29.6800000    0.0055122
  29.7000000    0.0068002
  29.7200000    0.0081734
  29.7400000    0.0096324
  29.7600000    0.0111752
  29.7800000    0.0127935
  29.8000000    0.0144694
  29.8200000    0.0161742
  29.8400000    0.0178693
  29.8600000    0.0195079
  29.8800000    0.0210398
  29.9000000    0.0224156
  29.9200000    0.0235915
  29.9400000    0.0245342
  29.9600000    0.0252233
  29.9800000    0.0256530
  30.0000000    0.0258314
