 -10.0000000   -0.0032324
  -9.9800000   -0.0011088
  -9.9600000    0.0008488
  -9.9400000    0.0025956
  -9.9200000    0.0041000
  -9.9000000    0.0053432
  -9.8800000    0.0063185
  -9.8600000    0.0070291
  -9.8400000    0.0074857
  -9.8200000    0.0077040
  -9.8000000    0.0077021
  -9.7800000    0.0074992
  -9.7600000    0.0071140
  -9.7400000    0.0065646
  -9.7200000    0.0058691
  -9.7000000    0.0050461
  -9.6800000    0.0041162
  -9.6600000    0.0031024
  -9.6400000    0.0020310
  -9.6200000    0.0009308
  -9.6000000   -0.0001680
  -9.5800000   -0.0012361
  -9.5600000   -0.0022477
  -9.5400000   -0.0031843
  -9.5200000   -0.0040372
  -9.5000000   -0.0048106
  -9.4800000   -0.0055224
  -9.4600000   -0.0062041
  -9.4400000   -0.0068982
  -9.4200000   -0.0076546
  -9.4000000   -0.0085242
  -9.3800000   -0.0095533
  -9.3600000   -0.0107764
  -9.3400000   -0.0122111
  -9.3200000   -0.0138534
  -9.3000000   -0.0156764
  -9.2800000   -0.0176311
  -9.2600000   -0.0196491
  -9.2400000   -0.0216488
  -9.2200000   -0.0235415
  -9.2000000   -0.0252390
  -9.1800000   -0.0266608
  -9.1600000   -0.0277400
  -9.1400000   -0.0284279
  -9.1200000   -0.0286972
  -9.1000000   -0.0285426
  -9.0800000   -0.0279803
  -9.0600000   -0.0270463
  -9.0400000   -0.0257935
  -9.0200000   -0.0242878
  -9.0000000   -0.0226043
  -8.9800000   -0.0208234
  -8.9600000   -0.0190264
  -8.9400000   -0.0172916
  -8.9200000   -0.0156903
  -8.9000000   -0.0142840
  -8.8800000   -0.0131209
  -8.8600000   -0.0122340
  -8.8400000   -0.0116397
  -8.8200000   -0.0113372
  -8.8000000   -0.0113093
  -8.7800000   -0.0115240
  -8.7600000   -0.0119372
  -8.7400000   -0.0124969
  -8.7200000   -0.0131477
  -8.7000000   -0.0138361
  -8.6800000   -0.0145154
  -8.6600000   -0.0151507
  -8.6400000   -0.0157220
  -8.6200000   -0.0162262
  -8.6000000   -0.0166766
  -8.5800000   -0.0171005
  -8.5600000   -0.0175342
  -8.5400000   -0.0180170
  -8.5200000   -0.0185841
  -8.5000000   -0.0192591
  -8.4800000   -0.0200482
  -8.4600000   -0.0209365
  -8.4400000   -0.0218861
  -8.4200000   -0.0228385
  -8.4000000   -0.0237191
  -8.3800000   -0.0244446
  -8.3600000   -0.0249321
  -8.3400000   -0.0251081
  -8.3200000   -0.0249177
  -8.3000000   -0.0243307
  -8.2800000   -0.0233461
  -8.2600000   -0.0219926
  -8.2400000   -0.0203259
  -8.2200000   -0.0184234
  -8.2000000   -0.0163766
  -8.1800000   -0.0142825
  -8.1600000   -0.0122346
  -8.1400000   -0.0103153
  -8.1200000   -0.0085899
  -8.1000000   -0.0071024
  -8.0800000   -0.0058740
  -8.0600000   -0.0049035
  -8.0400000   -0.0041697
  -8.0200000   -0.0036349
  -8.0000000   -0.0032491
  -7.9800000   -0.0029550
  -7.9600000   -0.0026920
  -7.9400000   -0.0024014
  -7.9200000   -0.0020298
  -7.9000000   -0.0015327
  -7.8800000   -0.0008775
  -7.8600000   -0.0000454
  -7.8400000    0.0009677
  -7.8200000    0.0021503
  -7.8000000    0.0034770
  -7.7800000    0.0049104
  -7.7600000    0.0064044
  -7.7400000    0.0079081
  -7.7200000    0.0093703
  -7.7000000    0.0107437
  -7.6800000    0.0119892
  -7.6600000    0.0130776
  -7.6400000    0.0139920
  -7.6200000    0.0147269
  -7.6000000    0.0152864
  -7.5800000    0.0156820
  -7.5600000    0.0159285
  -7.5400000    0.0160405
  -7.5200000    0.0160297
  -7.5000000    0.0159026
  -7.4800000    0.0156599
  -7.4600000    0.0152973
  -7.4400000    0.0148071
  -7.4200000    0.0141809
  -7.4000000    0.0134121
  -7.3800000    0.0124986
  -7.3600000    0.0114433
  -7.3400000    0.0102550
  -7.3200000    0.0089469
  -7.3000000    0.0075340
  -7.2800000    0.0060304
  -7.2600000    0.0044461
  -7.2400000    0.0027837
  -7.2200000    0.0010371
  -7.2000000   -0.0008093
  -7.1800000   -0.0027793
  -7.1600000   -0.0049020
  -7.1400000   -0.0072075
  -7.1200000   -0.0097207
  -7.1000000   -0.0124557
  -7.0800000   -0.0154092
  -7.0600000   -0.0185555
  -7.0400000   -0.0218432
  -7.0200000   -0.0251935
  -7.0000000   -0.0285031
  -6.9800000   -0.0316482
  -6.9600000   -0.0344928
  -6.9400000   -0.0368990
  -6.9200000   -0.0387381
  -6.9000000   -0.0399027
  -6.8800000   -0.0403171
  -6.8600000   -0.0399458
  -6.8400000   -0.0387983
  -6.8200000   -0.0369303
  -6.8000000   -0.0344403
  -6.7800000   -0.0314626
  -6.7600000   -0.0281568
  -6.7400000   -0.0246955
  -6.7200000   -0.0212508
  -6.7000000   -0.0179813
  -6.6800000   -0.0150208
  -6.6600000   -0.0124695
  -6.6400000   -0.0103887
  -6.6200000   -0.0087992
  -6.6000000   -0.0076833
  -6.5800000   -0.0069901
  -6.5600000   -0.0066432
  -6.5400000   -0.0065504
  -6.5200000   -0.0066135
  -6.5000000   -0.0067384
  -6.4800000   -0.0068429
  -6.4600000   -0.0068631
  -6.4400000   -0.0067573
  -6.4200000   -0.0065071
  -6.4000000   -0.0061163
  -6.3800000   -0.0056073
  -6.3600000   -0.0050166
  -6.3400000   -0.0043893
  -6.3200000   -0.0037736
  -6.3000000   -0.0032151
  -6.2800000   -0.0027531
  -6.2600000   -0.0024168
  -6.2400000   -0.0022238
  -6.2200000   -0.0021790
  -6.2000000   -0.0022759
  -6.1800000   -0.0024972
  -6.1600000   -0.0028175
  -6.1400000   -0.0032051
  -6.1200000   -0.0036250
  -6.1000000   -0.0040406
  -6.0800000   -0.0044158
  -6.0600000   -0.0047157
  -6.0400000   -0.0049082
  -6.0200000   -0.0049641
  -6.0000000   -0.0048585
  -5.9800000   -0.0045714
  -5.9600000   -0.0040899
  -5.9400000   -0.0034106
  -5.9200000   -0.0025424
  -5.9000000   -0.0015096
  -5.8800000   -0.0003544
  -5.8600000    0.0008623
  -5.8400000    0.0020614
  -5.8200000    0.0031493
  -5.8000000    0.0040242
  -5.7800000    0.0045848
  -5.7600000    0.0047409
  -5.7400000    0.0044242
  -5.7200000    0.0035986
  -5.7000000    0.0022677
  -5.6800000    0.0004787
  -5.6600000   -0.0016786
  -5.6400000   -0.0040772
  -5.6200000   -0.0065636
  -5.6000000   -0.0089712
  -5.5800000   -0.0111355
  -5.5600000   -0.0129093
  -5.5400000   -0.0141758
  -5.5200000   -0.0148578
  -5.5000000   -0.0149228
  -5.4800000   -0.0143828
  -5.4600000   -0.0132896
  -5.4400000   -0.0117261
  -5.4200000   -0.0097960
  -5.4000000   -0.0076121
  -5.3800000   -0.0052856
  -5.3600000   -0.0029166
  -5.3400000   -0.0005885
  -5.3200000    0.0016363
  -5.3000000    0.0037163
  -5.2800000    0.0056294
  -5.2600000    0.0073688
  -5.2400000    0.0089387
  -5.2200000    0.0103484
  -5.2000000    0.0116081
  -5.1800000    0.0127242
  -5.1600000    0.0136965
  -5.1400000    0.0145166
  -5.1200000    0.0151680
  -5.1000000    0.0156271
  -5.0800000    0.0158661
  -5.0600000    0.0158561
  -5.0400000    0.0155711
  -5.0200000    0.0149917
  -5.0000000    0.0141084
  -4.9800000    0.0129237
  -4.9600000    0.0114532
  -4.9400000    0.0097246
  -4.9200000    0.0077762
  -4.9000000    0.0056538
  -4.8800000    0.0034073
  -4.8600000    0.0010869
  -4.8400000   -0.0012600
  -4.8200000   -0.0035910
  -4.8000000   -0.0058708
  -4.7800000   -0.0080707
  -4.7600000   -0.0101688
  -4.7400000   -0.0121481
  -4.7200000   -0.0139953
  -4.7000000   -0.0156987
  -4.6800000   -0.0172470
  -4.6600000   -0.0186282
  -4.6400000   -0.0198290
  -4.6200000   -0.0208347
  -4.6000000   -0.0216299
  -4.5800000   -0.0221991
  -4.5600000   -0.0225273
  -4.5400000   -0.0226010
  -4.5200000   -0.0224087
  -4.5000000   -0.0219418
  -4.4800000   -0.0211948
  -4.4600000   -0.0201665
  -4.4400000   -0.0188606
  -4.4200000   -0.0172877
  -4.4000000   -0.0154665
  -4.3800000   -0.0134267
  -4.3600000   -0.0112110
  -4.3400000   -0.0088768
  -4.3200000   -0.0064969
  -4.3000000   -0.0041591
  -4.2800000   -0.0019630
  -4.2600000   -0.0000154
  -4.2400000    0.0015766
  -4.2200000    0.0027143
  -4.2000000    0.0033157
  -4.1800000    0.0033242
  -4.1600000    0.0027150
  -4.1400000    0.0014990
  -4.1200000   -0.0002767
  -4.1000000   -0.0025319
  -4.0800000   -0.0051593
  -4.0600000   -0.0080337
  -4.0400000   -0.0110215
  -4.0200000   -0.0139912
  -4.0000000   -0.0168223
  -3.9800000   -0.0194123
  -3.9600000   -0.0216819
  -3.9400000   -0.0235762
  -3.9200000   -0.0250655
  -3.9000000   -0.0261426
  -3.8800000   -0.0268199
  -3.8600000   -0.0271260
  -3.8400000   -0.0271016
  -3.8200000   -0.0267971
  -3.8000000   -0.0262687
  -3.7800000   -0.0255770
  -3.7600000   -0.0247841
  -3.7400000   -0.0239516
  -3.7200000   -0.0231378
  -3.7000000   -0.0223950
  -3.6800000   -0.0217662
  -3.6600000   -0.0212818
  -3.6400000   -0.0209564
  -3.6200000   -0.0207873
  -3.6000000   -0.0207531
  -3.5800000   -0.0208145
  -3.5600000   -0.0209174
  -3.5400000   -0.0209968
  -3.5200000   -0.0209839
  -3.5000000   -0.0208125
  -3.4800000   -0.0204264
  -3.4600000   -0.0197865
  -3.4400000   -0.0188753
  -3.4200000   -0.0177002
  -3.4000000   -0.0162934
  -3.3800000   -0.0147098
  -3.3600000   -0.0130226
  -3.3400000   -0.0113173
  -3.3200000   -0.0096850
  -3.3000000   -0.0082164
  -3.2800000   -0.0069960
  -3.2600000   -0.0060987
  -3.2400000   -0.0055872
  -3.2200000   -0.0055111
  -3.2000000   -0.0059071
  -3.1800000   -0.0067997
  -3.1600000   -0.0082016
  -3.1400000   -0.0101135
  -3.1200000   -0.0125234
  -3.1000000   -0.0154056
  -3.0800000   -0.0187184
  -3.0600000   -0.0224031
  -3.0400000   -0.0263829
  -3.0200000   -0.0305632
  -3.0000000   -0.0348337
  -2.9800000   -0.0390712
  -2.9600000   -0.0431445
  -2.9400000   -0.0469189
  -2.9200000   -0.0502626
  -2.9000000   -0.0530510
  -2.8800000   -0.0551724
  -2.8600000   -0.0565310
  -2.8400000   -0.0570516
  -2.8200000   -0.0566822
  -2.8000000   -0.0553976
  -2.7800000   -0.0532025
  -2.7600000   -0.0501347
  -2.7400000   -0.0462676
  -2.7200000   -0.0417108
  -2.7000000   -0.0366094
  -2.6800000   -0.0311397
  -2.6600000   -0.0255017
  -2.6400000   -0.0199091
  -2.6200000   -0.0145769
  -2.6000000   -0.0097081
  -2.5800000   -0.0054813
  -2.5600000   -0.0020414
  -2.5400000    0.0005070
  -2.5200000    0.0020999
  -2.5000000    0.0027108
  -2.4800000    0.0023426
  -2.4600000    0.0010175
  -2.4400000   -0.0012331
  -2.4200000   -0.0043780
  -2.4000000   -0.0083917
  -2.3800000   -0.0132545
  -2.3600000   -0.0189487
  -2.3400000   -0.0254492
  -2.3200000   -0.0327121
  -2.3000000   -0.0406621
  -2.2800000   -0.0491815
  -2.2600000   -0.0581040
  -2.2400000   -0.0672140
  -2.2200000   -0.0762538
  -2.2000000   -0.0849369
  -2.1800000   -0.0929669
  -2.1600000   -0.1000600
  -2.1400000   -0.1059679
  -2.1200000   -0.1104975
  -2.1000000   -0.1135254
  -2.0800000   -0.1150059
  -2.0600000   -0.1149702
  -2.0400000   -0.1135190
  -2.0200000   -0.1108092
  -2.0000000   -0.1070360
  -1.9800000   -0.1024153
  -1.9600000   -0.0971653
  -1.9400000   -0.0914922
  -1.9200000   -0.0855789
  -1.9000000   -0.0795782
  -1.8800000   -0.0736101
  -1.8600000   -0.0677616
  -1.8400000   -0.0620902
  -1.8200000   -0.0566279
  -1.8000000   -0.0513868
  -1.7800000   -0.0463649
  -1.7600000   -0.0415520
  -1.7400000   -0.0369350
  -1.7200000   -0.0325029
  -1.7000000   -0.0282502
  -1.6800000   -0.0241794
  -1.6600000   -0.0203025
  -1.6400000   -0.0166396
  -1.6200000   -0.0132177
  -1.6000000   -0.0100673
  -1.5800000   -0.0072188
  -1.5600000   -0.0046985
  -1.5400000   -0.0025257
  -1.5200000   -0.0007096
  -1.5000000    0.0007516
  -1.4800000    0.0018711
  -1.4600000    0.0026721
  -1.4400000    0.0031859
  -1.4200000    0.0034484
  -1.4000000    0.0034971
  -1.3800000    0.0033676
  -1.3600000    0.0030903
  -1.3400000    0.0026880
  -1.3200000    0.0021741
  -1.3000000    0.0015519
  -1.2800000    0.0008152
  -1.2600000   -0.0000502
  -1.2400000   -0.0010642
  -1.2200000   -0.0022486
  -1.2000000   -0.0036233
  -1.1800000   -0.0052027
  -1.1600000   -0.0069915
  -1.1400000   -0.0089819
  -1.1200000   -0.0111518
  -1.1000000   -0.0134636
  -1.0800000   -0.0158648
  -1.0600000   -0.0182895
  -1.0400000   -0.0206612
  -1.0200000   -0.0228959
  -1.0000000   -0.0249061
  -0.9800000   -0.0266045
  -0.9600000   -0.0279084
  -0.9400000   -0.0287432
  -0.9200000   -0.0290466
  -0.9000000   -0.0287722
  -0.8800000   -0.0278926
  -0.8600000   -0.0264027
  -0.8400000   -0.0243218
  -0.8200000   -0.0216950
  -0.8000000   -0.0185933
  -0.7800000   -0.0151117
  -0.7600000   -0.0113658
  -0.7400000   -0.0074865
  -0.7200000   -0.0036125
  -0.7000000    0.0001177
  -0.6800000    0.0035749
  -0.6600000    0.0066468
  -0.6400000    0.0092458
  -0.6200000    0.0113123
  -0.6000000    0.0128162
  -0.5800000    0.0137541
  -0.5600000    0.0141432
  -0.5400000    0.0140112
  -0.5200000    0.0133853
  -0.5000000    0.0122798
  -0.4800000    0.0106861
  -0.4600000    0.0085650
  -0.4400000    0.0058451
  -0.4200000    0.0024273
  -0.4000000   -0.0018045
  -0.3800000   -0.0069658
  -0.3600000   -0.0131495
  -0.3400000   -0.0204022
  -0.3200000   -0.0287000
  -0.3000000   -0.0379291
  -0.2800000   -0.0478721
  -0.2600000   -0.0582030
  -0.2400000   -0.0684919
  -0.2200000   -0.0782192
  -0.2000000   -0.0867990
  -0.1800000   -0.0936111
  -0.1600000   -0.0980376
  -0.1400000   -0.0995041
  -0.1200000   -0.0975229
  -0.1000000   -0.0917337
  -0.0800000   -0.0819416
  -0.0600000   -0.0681474
  -0.0400000   -0.0505675
  -0.0200000   -0.0296399
   0.0000000   -0.0060148
   0.0200000    0.0194729
   0.0400000    0.0458484
   0.0600000    0.0720566
   0.0800000    0.0970315
   0.1000000    0.1197709
   0.1200000    0.1394069
   0.1400000    0.1552670
   0.1600000    0.1669178
   0.1800000    0.1741874
   0.2000000    0.1771646
   0.2200000    0.1761748
   0.2400000    0.1717374
   0.2600000    0.1645083
   0.2800000    0.1552168
   0.3000000    0.1446009
   0.3200000    0.1333510
   0.3400000    0.1220641
   0.3600000    0.1112141
   0.3800000    0.1011386
   0.4000000    0.0920401
   0.4200000    0.0840016
   0.4400000    0.0770105
   0.4600000    0.0709878
   0.4800000    0.0658174
   0.5000000    0.0613733
   0.5200000    0.0575397
   0.5400000    0.0542252
   0.5600000    0.0513684
   0.5800000    0.0489376
   0.6000000    0.0469242
   0.6200000    0.0453337
   0.6400000    0.0441751
   0.6600000    0.0434511
   0.6800000    0.0431497
   0.7000000    0.0432397
   0.7200000    0.0436691
   0.7400000    0.0443665
   0.7600000    0.0452451
   0.7800000    0.0462092
   0.8000000    0.0471609
   0.8200000    0.0480068
   0.8400000    0.0486648
   0.8600000    0.0490683
   0.8800000    0.0491696
   0.9000000    0.0489406
   0.9200000    0.0483721
   0.9400000    0.0474708
   0.9600000    0.0462560
   0.9800000    0.0447549
   1.0000000    0.0429984
   1.0200000    0.0410174
   1.0400000    0.0388403
   1.0600000    0.0364917
   1.0800000    0.0339927
   1.1000000    0.0313623
   1.1200000    0.0286199
   1.1400000    0.0257880
   1.1600000    0.0228948
   1.1800000    0.0199758
   1.2000000    0.0170751
   1.2200000    0.0142440
   1.2400000    0.0115396
   1.2600000    0.0090214
   1.2800000    0.0067475
   1.3000000    0.0047701
   1.3200000    0.0031321
   1.3400000    0.0018630
   1.3600000    0.0009772
   1.3800000    0.0004730
   1.4000000    0.0003326
   1.4200000    0.0005242
   1.4400000    0.0010046
   1.4600000    0.0017226
   1.4800000    0.0026229
   1.5000000    0.0036503
   1.5200000    0.0047529
   1.5400000    0.0058859
   1.5600000    0.0070135
   1.5800000    0.0081108
   1.6000000    0.0091639
   1.6200000    0.0101692
   1.6400000    0.0111316
   1.6600000    0.0120615
   1.6800000    0.0129705
   1.7000000    0.0138674
   1.7200000    0.0147540
   1.7400000    0.0156209
   1.7600000    0.0164451
   1.7800000    0.0171894
   1.8000000    0.0178037
   1.8200000    0.0182284
   1.8400000    0.0183999
   1.8600000    0.0182574
   1.8800000    0.0177511
   1.9000000    0.0168483
   1.9200000    0.0155404
   1.9400000    0.0138457
   1.9600000    0.0118104
   1.9800000    0.0095059
   2.0000000    0.0070234
   2.0200000    0.0044656
   2.0400000    0.0019375
   2.0600000   -0.0004637
   2.0800000   -0.0026581
   2.1000000   -0.0045898
   2.1200000   -0.0062312
   2.1400000   -0.0075845
   2.1600000   -0.0086791
   2.1800000   -0.0095662
   2.2000000   -0.0103118
   2.2200000   -0.0109876
   2.2400000   -0.0116631
   2.2600000   -0.0123976
   2.2800000   -0.0132348
   2.3000000   -0.0141997
   2.3200000   -0.0152979
   2.3400000   -0.0165175
   2.3600000   -0.0178325
   2.3800000   -0.0192079
   2.4000000   -0.0206046
   2.4200000   -0.0219844
   2.4400000   -0.0233143
   2.4600000   -0.0245695
   2.4800000   -0.0257353
   2.5000000   -0.0268077
   2.5200000   -0.0277934
   2.5400000   -0.0287090
   2.5600000   -0.0295797
   2.5800000   -0.0304377
   2.6000000   -0.0313211
   2.6200000   -0.0322715
   2.6400000   -0.0333319
   2.6600000   -0.0345443
   2.6800000   -0.0359466
   2.7000000   -0.0375687
   2.7200000   -0.0394291
   2.7400000   -0.0415304
   2.7600000   -0.0438566
   2.7800000   -0.0463701
   2.8000000   -0.0490111
   2.8200000   -0.0516981
   2.8400000   -0.0543310
   2.8600000   -0.0567952
   2.8800000   -0.0589681
   2.9000000   -0.0607257
   2.9200000   -0.0619500
   2.9400000   -0.0625357
   2.9600000   -0.0623961
   2.9800000   -0.0614683
   3.0000000   -0.0597161
   3.0200000   -0.0571330
   3.0400000   -0.0537428
   3.0600000   -0.0496007
   3.0800000   -0.0447925
   3.1000000   -0.0394341
   3.1200000   -0.0336686
   3.1400000   -0.0276634
   3.1600000   -0.0216050
   3.1800000   -0.0156917
   3.2000000   -0.0101252
   3.2200000   -0.0051005
   3.2400000   -0.0007947
   3.2600000    0.0026435
   3.2800000    0.0051036
   3.3000000    0.0065211
   3.3200000    0.0068820
   3.3400000    0.0062243
   3.3600000    0.0046358
   3.3800000    0.0022478
   3.4000000   -0.0007731
   3.4200000   -0.0042365
   3.4400000   -0.0079398
   3.4600000   -0.0116815
   3.4800000   -0.0152722
   3.5000000   -0.0185450
   3.5200000   -0.0213631
   3.5400000   -0.0236249
   3.5600000   -0.0252665
   3.5800000   -0.0262604
   3.6000000   -0.0266130
   3.6200000   -0.0263596
   3.6400000   -0.0255580
   3.6600000   -0.0242822
   3.6800000   -0.0226157
   3.7000000   -0.0206458
   3.7200000   -0.0184587
   3.7400000   -0.0161356
   3.7600000   -0.0137502
   3.7800000   -0.0113669
   3.8000000   -0.0090395
   3.8200000   -0.0068107
   3.8400000   -0.0047117
   3.8600000   -0.0027622
   3.8800000   -0.0009706
   3.9000000    0.0006654
   3.9200000    0.0021577
   3.9400000    0.0035258
   3.9600000    0.0047947
   3.9800000    0.0059918
   4.0000000    0.0071440
   4.0200000    0.0082738
   4.0400000    0.0093967
   4.0600000    0.0105187
   4.0800000    0.0116344
   4.1000000    0.0127268
   4.1200000    0.0137680
   4.1400000    0.0147213
   4.1600000    0.0155444
   4.1800000    0.0161934
   4.2000000    0.0166269
   4.2200000    0.0168107
   4.2400000    0.0167208
   4.2600000    0.0163466
   4.2800000    0.0156922
   4.3000000    0.0147763
   4.3200000    0.0136315
   4.3400000    0.0123018
   4.3600000    0.0108401
   4.3800000    0.0093047
   4.4000000    0.0077563
   4.4200000    0.0062545
   4.4400000    0.0048559
   4.4600000    0.0036106
   4.4800000    0.0025610
   4.5000000    0.0017399
   4.5200000    0.0011694
   4.5400000    0.0008599
   4.5600000    0.0008099
   4.5800000    0.0010060
   4.6000000    0.0014242
   4.6200000    0.0020306
   4.6400000    0.0027836
   4.6600000    0.0036366
   4.6800000    0.0045404
   4.7000000    0.0054464
   4.7200000    0.0063097
   4.7400000    0.0070921
   4.7600000    0.0077645
   4.7800000    0.0083090
   4.8000000    0.0087210
   4.8200000    0.0090092
   4.8400000    0.0091962
   4.8600000    0.0093171
   4.8800000    0.0094174
   4.9000000    0.0095504
   4.9200000    0.0097730
   4.9400000    0.0101413
   4.9600000    0.0107062
   4.9800000    0.0115080
   5.0000000    0.0125724
   5.0200000    0.0139067
   5.0400000    0.0154981
   5.0600000    0.0173123
   5.0800000    0.0192947
   5.1000000    0.0213736
   5.1200000    0.0234642
   5.1400000    0.0254744
   5.1600000    0.0273116
   5.1800000    0.0288889
   5.2000000    0.0301316
   5.2200000    0.0309826
   5.2400000    0.0314056
   5.2600000    0.0313876
   5.2800000    0.0309387
   5.3000000    0.0300906
   5.3200000    0.0288938
   5.3400000    0.0274135
   5.3600000    0.0257254
   5.3800000    0.0239111
   5.4000000    0.0220534
   5.4200000    0.0202331
   5.4400000    0.0185250
   5.4600000    0.0169954
   5.4800000    0.0157003
   5.5000000    0.0146832
   5.5200000    0.0139745
   5.5400000    0.0135903
   5.5600000    0.0135322
   5.5800000    0.0137870
   5.6000000    0.0143275
   5.6200000    0.0151121
   5.6400000    0.0160868
   5.6600000    0.0171861
   5.6800000    0.0183352
   5.7000000    0.0194526
   5.7200000    0.0204534
   5.7400000    0.0212530
   5.7600000    0.0217714
   5.7800000    0.0219376
   5.8000000    0.0216939
   5.8200000    0.0210001
   5.8400000    0.0198363
   5.8600000    0.0182056
   5.8800000    0.0161341
   5.9000000    0.0136708
   5.9200000    0.0108850
   5.9400000    0.0078630
   5.9600000    0.0047026
   5.9800000    0.0015076
   6.0000000   -0.0016184
   6.0200000   -0.0045790
   6.0400000   -0.0072910
   6.0600000   -0.0096899
   6.0800000   -0.0117348
   6.1000000   -0.0134106
   6.1200000   -0.0147296
   6.1400000   -0.0157306
   6.1600000   -0.0164756
   6.1800000   -0.0170443
   6.2000000   -0.0175281
   6.2200000   -0.0180206
   6.2400000   -0.0186097
   6.2600000   -0.0193675
   6.2800000   -0.0203435
   6.3000000   -0.0215573
   6.3200000   -0.0229961
   6.3400000   -0.0246136
   6.3600000   -0.0263332
   6.3800000   -0.0280542
   6.4000000   -0.0296612
   6.4200000   -0.0310342
   6.4400000   -0.0320606
   6.4600000   -0.0326462
   6.4800000   -0.0327244
   6.5000000   -0.0322626
   6.5200000   -0.0312658
   6.5400000   -0.0297761
   6.5600000   -0.0278685
   6.5800000   -0.0256444
   6.6000000   -0.0232226
   6.6200000   -0.0207293
   6.6400000   -0.0182882
   6.6600000   -0.0160112
   6.6800000   -0.0139910
   6.7000000   -0.0122957
   6.7200000   -0.0109657
   6.7400000   -0.0100133
   6.7600000   -0.0094240
   6.7800000   -0.0091599
   6.8000000   -0.0091641
   6.8200000   -0.0093663
   6.8400000   -0.0096886
   6.8600000   -0.0100501
   6.8800000   -0.0103730
   6.9000000   -0.0105855
   6.9200000   -0.0106254
   6.9400000   -0.0104419
   6.9600000   -0.0099961
   6.9800000   -0.0092608
   7.0000000   -0.0082201
   7.0200000   -0.0068677
   7.0400000   -0.0052059
   7.0600000   -0.0032439
   7.0800000   -0.0009980
   7.1000000    0.0015095
   7.1200000    0.0042491
   7.1400000    0.0071840
   7.1600000    0.0102690
   7.1800000    0.0134496
   7.2000000    0.0166625
   7.2200000    0.0198358
   7.2400000    0.0228910
   7.2600000    0.0257459
   7.2800000    0.0283185
   7.3000000    0.0305313
   7.3200000    0.0323161
   7.3400000    0.0336185
   7.3600000    0.0344011
   7.3800000    0.0346461
   7.4000000    0.0343559
   7.4200000    0.0335521
   7.4400000    0.0322734
   7.4600000    0.0305716
   7.4800000    0.0285081
   7.5000000    0.0261493
   7.5200000    0.0235626
   7.5400000    0.0208135
   7.5600000    0.0179633
   7.5800000    0.0150677
   7.6000000    0.0121760
   7.6200000    0.0093311
   7.6400000    0.0065696
   7.6600000    0.0039217
   7.6800000    0.0014113
   7.7000000   -0.0009444
   7.7200000   -0.0031341
   7.7400000   -0.0051528
   7.7600000   -0.0070004
   7.7800000   -0.0086806
   7.8000000   -0.0101985
   7.8200000   -0.0115584
   7.8400000   -0.0127610
   7.8600000   -0.0138015
   7.8800000   -0.0146682
   7.9000000   -0.0153418
   7.9200000   -0.0157971
   7.9400000   -0.0160047
   7.9600000   -0.0159350
   7.9800000   -0.0155616
   8.0000000   -0.0148662
   8.0200000   -0.0138421
   8.0400000   -0.0124965
   8.0600000   -0.0108525
   8.0800000   -0.0089481
   8.1000000   -0.0068346
   8.1200000   -0.0045734
   8.1400000   -0.0022317
   8.1600000    0.0001219
   8.1800000    0.0024217
   8.2000000    0.0046083
   8.2200000    0.0066319
   8.2400000    0.0084535
   8.2600000    0.0100457
   8.2800000    0.0113927
   8.3000000    0.0124897
   8.3200000    0.0133419
   8.3400000    0.0139631
   8.3600000    0.0143756
   8.3800000    0.0146084
   8.4000000    0.0146967
   8.4200000    0.0146803
   8.4400000    0.0146025
   8.4600000    0.0145075
   8.4800000    0.0144380
   8.5000000    0.0144324
   8.5200000    0.0145214
   8.5400000    0.0147255
   8.5600000    0.0150527
   8.5800000    0.0154974
   8.6000000    0.0160401
   8.6200000    0.0166495
   8.6400000    0.0172852
   8.6600000    0.0179015
   8.6800000    0.0184525
   8.7000000    0.0188970
   8.7200000    0.0192029
   8.7400000    0.0193515
   8.7600000    0.0193396
   8.7800000    0.0191802
   8.8000000    0.0189024
   8.8200000    0.0185483
   8.8400000    0.0181696
   8.8600000    0.0178228
   8.8800000    0.0175637
   8.9000000    0.0174423
   8.9200000    0.0174977
   8.9400000    0.0177536
   8.9600000    0.0182158
   8.9800000    0.0188705
   9.0000000    0.0196846
   9.0200000    0.0206074
   9.0400000    0.0215746
   9.0600000    0.0225127
   9.0800000    0.0233451
   9.1000000    0.0239981
   9.1200000    0.0244072
   9.1400000    0.0245217
   9.1600000    0.0243086
   9.1800000    0.0237548
   9.2000000    0.0228670
   9.2200000    0.0216700
   9.2400000    0.0202034
   9.2600000    0.0185175
   9.2800000    0.0166685
   9.3000000    0.0147139
   9.3200000    0.0127085
   9.3400000    0.0107009
   9.3600000    0.0087314
   9.3800000    0.0068308
   9.4000000    0.0050198
   9.4200000    0.0033089
   9.4400000    0.0016994
   9.4600000    0.0001835
   9.4800000   -0.0012542
   9.5000000   -0.0026358
   9.5200000   -0.0039881
   9.5400000   -0.0053403
   9.5600000   -0.0067212
   9.5800000   -0.0081557
   9.6000000   -0.0096605
   9.6200000   -0.0112408
   9.6400000   -0.0128868
   9.6600000   -0.0145712
   9.6800000   -0.0162493
   9.7000000   -0.0178595
   9.7200000   -0.0193276
   9.7400000   -0.0205718
   9.7600000   -0.0215099
   9.7800000   -0.0220673
   9.8000000   -0.0221846
   9.8200000   -0.0218249
   9.8400000   -0.0209788
   9.8600000   -0.0196671
   9.8800000   -0.0179404
   9.9000000   -0.0158757
   9.9200000   -0.0135705
   9.9400000   -0.0111338
   9.9600000   -0.0086774
   9.9800000   -0.0063055
  10.0000000   -0.0041062
  10.0200000   -0.0021444
  10.0400000   -0.0004576
  10.0600000    0.0009454
  10.0800000    0.0020827
  10.1000000    0.0029947
  10.1200000    0.0037370
  10.1400000    0.0043729
  10.1600000    0.0049645
  10.1800000    0.0055651
  10.2000000    0.0062125
  10.2200000    0.0069252
  10.2400000    0.0077004
  10.2600000    0.0085147
  10.2800000    0.0093270
  10.3000000    0.0100837
  10.3200000    0.0107244
  10.3400000    0.0111883
  10.3600000    0.0114200
  10.3800000    0.0113741
  10.4000000    0.0110183
  10.4200000    0.0103346
  10.4400000    0.0093185
  10.4600000    0.0079770
  10.4800000    0.0063258
  10.5000000    0.0043869
  10.5200000    0.0021860
  10.5400000   -0.0002479
  10.5600000   -0.0028812
  10.5800000   -0.0056739
  10.6000000   -0.0085751
  10.6200000   -0.0115199
  10.6400000   -0.0144258
  10.6600000   -0.0171924
  10.6800000   -0.0197028
  10.7000000   -0.0218301
  10.7200000   -0.0234458
  10.7400000   -0.0244331
  10.7600000   -0.0247002
  10.7800000   -0.0241943
  10.8000000   -0.0229132
  10.8200000   -0.0209132
  10.8400000   -0.0183105
  10.8600000   -0.0152771
  10.8800000   -0.0120294
  10.9000000   -0.0088119
  10.9200000   -0.0058769
  10.9400000   -0.0034628
  10.9600000   -0.0017731
  10.9800000   -0.0009590
  11.0000000   -0.0011067
  11.0200000   -0.0022316
  11.0400000   -0.0042782
  11.0600000   -0.0071274
  11.0800000   -0.0106083
  11.1000000   -0.0145148
  11.1200000   -0.0186235
  11.1400000   -0.0227120
  11.1600000   -0.0265761
  11.1800000   -0.0300436
  11.2000000   -0.0329843
  11.2200000   -0.0353153
  11.2400000   -0.0370021
  11.2600000   -0.0380551
  11.2800000   -0.0385234
  11.3000000   -0.0384858
  11.3200000   -0.0380410
  11.3400000   -0.0372982
  11.3600000   -0.0363685
  11.3800000   -0.0353571
  11.4000000   -0.0343588
  11.4200000   -0.0334541
  11.4400000   -0.0327077
  11.4600000   -0.0321683
  11.4800000   -0.0318694
  11.5000000   -0.0318305
  11.5200000   -0.0320589
  11.5400000   -0.0325512
  11.5600000   -0.0332944
  11.5800000   -0.0342670
  11.6000000   -0.0354385
  11.6200000   -0.0367698
  11.6400000   -0.0382120
  11.6600000   -0.0397064
  11.6800000   -0.0411844
  11.7000000   -0.0425683
  11.7200000   -0.0437742
  11.7400000   -0.0447148
  11.7600000   -0.0453059
  11.7800000   -0.0454716
  11.8000000   -0.0451521
  11.8200000   -0.0443095
  11.8400000   -0.0429335
  11.8600000   -0.0410444
  11.8800000   -0.0386940
  11.9000000   -0.0359628
  11.9200000   -0.0329551
  11.9400000   -0.0297917
  11.9600000   -0.0266005
  11.9800000   -0.0235073
  12.0000000   -0.0206267
  12.0200000   -0.0180540
  12.0400000   -0.0158600
  12.0600000   -0.0140874
  12.0800000   -0.0127496
  12.1000000   -0.0118327
  12.1200000   -0.0112981
  12.1400000   -0.0110879
  12.1600000   -0.0111298
  12.1800000   -0.0113436
  12.2000000   -0.0116472
  12.2200000   -0.0119621
  12.2400000   -0.0122181
  12.2600000   -0.0123578
  12.2800000   -0.0123393
  12.3000000   -0.0121378
  12.3200000   -0.0117457
  12.3400000   -0.0111721
  12.3600000   -0.0104406
  12.3800000   -0.0095858
  12.4000000   -0.0086501
  12.4200000   -0.0076800
  12.4400000   -0.0067217
  12.4600000   -0.0058189
  12.4800000   -0.0050097
  12.5000000   -0.0043254
  12.5200000   -0.0037904
  12.5400000   -0.0034212
  12.5600000   -0.0032278
  12.5800000   -0.0032135
  12.6000000   -0.0033755
  12.6200000   -0.0037045
  12.6400000   -0.0041850
  12.6600000   -0.0047942
  12.6800000   -0.0055026
  12.7000000   -0.0062744
  12.7200000   -0.0070687
  12.7400000   -0.0078421
  12.7600000   -0.0085515
  12.7800000   -0.0091576
  12.8000000   -0.0096280
  12.8200000   -0.0099396
  12.8400000   -0.0100798
  12.8600000   -0.0100466
  12.8800000   -0.0098465
  12.9000000   -0.0094923
  12.9200000   -0.0089990
  12.9400000   -0.0083811
  12.9600000   -0.0076497
  12.9800000   -0.0068108
  13.0000000   -0.0058652
  13.0200000   -0.0048105
  13.0400000   -0.0036433
  13.0600000   -0.0023629
  13.0800000   -0.0009752
  13.1000000    0.0005039
  13.1200000    0.0020467
  13.1400000    0.0036127
  13.1600000    0.0051501
  13.1800000    0.0065982
  13.2000000    0.0078923
  13.2200000    0.0089687
  13.2400000    0.0097708
  13.2600000    0.0102539
  13.2800000    0.0103901
  13.3000000    0.0101704
  13.3200000    0.0096056
  13.3400000    0.0087255
  13.3600000    0.0075752
  13.3800000    0.0062114
  13.4000000    0.0046967
  13.4200000    0.0030948
  13.4400000    0.0014651
  13.4600000   -0.0001414
  13.4800000   -0.0016846
  13.5000000   -0.0031370
  13.5200000   -0.0044841
  13.5400000   -0.0057228
  13.5600000   -0.0068598
  13.5800000   -0.0079085
  13.6000000   -0.0088865
  13.6200000   -0.0098118
  13.6400000   -0.0107006
  13.6600000   -0.0115649
  13.6800000   -0.0124102
  13.7000000   -0.0132351
  13.7200000   -0.0140308
  13.7400000   -0.0147817
  13.7600000   -0.0154665
  13.7800000   -0.0160597
  13.8000000   -0.0165341
  13.8200000   -0.0168626
  13.8400000   -0.0170204
  13.8600000   -0.0169870
  13.8800000   -0.0167471
  13.9000000   -0.0162919
  13.9200000   -0.0156191
  13.9400000   -0.0147324
  13.9600000   -0.0136409
  13.9800000   -0.0123577
  14.0000000   -0.0108984
  14.0200000   -0.0092794
  14.0400000   -0.0075166
  14.0600000   -0.0056242
  14.0800000   -0.0036134
  14.1000000   -0.0014926
  14.1200000    0.0007326
  14.1400000    0.0030580
  14.1600000    0.0054793
  14.1800000    0.0079897
  14.2000000    0.0105771
  14.2200000    0.0132213
  14.2400000    0.0158919
  14.2600000    0.0185468
  14.2800000    0.0211318
  14.3000000    0.0235819
  14.3200000    0.0258247
  14.3400000    0.0277842
  14.3600000    0.0293869
  14.3800000    0.0305679
  14.4000000    0.0312769
  14.4200000    0.0314833
  14.4400000    0.0311806
  14.4600000    0.0303876
  14.4800000    0.0291482
  14.5000000    0.0275293
  14.5200000    0.0256160
  14.5400000    0.0235060
  14.5600000    0.0213027
  14.5800000    0.0191087
  14.6000000    0.0170192
  14.6200000    0.0151159
  14.6400000    0.0134630
  14.6600000    0.0121039
  14.6800000    0.0110592
  14.7000000    0.0103268
  14.7200000    0.0098824
  14.7400000    0.0096824
  14.7600000    0.0096661
  14.7800000    0.0097607
  14.8000000    0.0098851
  14.8200000    0.0099557
  14.8400000    0.0098914
  14.8600000    0.0096191
  14.8800000    0.0090787
  14.9000000    0.0082279
  14.9200000    0.0070452
  14.9400000    0.0055326
  14.9600000    0.0037162
  14.9800000    0.0016450
  15.0000000   -0.0006113
  15.0200000   -0.0029673
  15.0400000   -0.0053274
  15.0600000   -0.0075926
  15.0800000   -0.0096682
  15.1000000   -0.0114710
  15.1200000   -0.0129356
  15.1400000   -0.0140198
  15.1600000   -0.0147077
  15.1800000   -0.0150100
  15.2000000   -0.0149628
  15.2200000   -0.0146232
  15.2400000   -0.0140630
  15.2600000   -0.0133615
  15.2800000   -0.0125973
  15.3000000   -0.0118412
  15.3200000   -0.0111493
  15.3400000   -0.0105593
  15.3600000   -0.0100881
  15.3800000   -0.0097323
  15.4000000   -0.0094714
  15.4200000   -0.0092716
  15.4400000   -0.0090920
  15.4600000   -0.0088905
  15.4800000   -0.0086291
  15.5000000   -0.0082790
  15.5200000   -0.0078236
  15.5400000   -0.0072605
  15.5600000   -0.0066015
  15.5800000   -0.0058721
  15.6000000   -0.0051090
  15.6200000   -0.0043574
  15.6400000   -0.0036673
  15.6600000   -0.0030904
  15.6800000   -0.0026758
  15.7000000   -0.0024669
  15.7200000   -0.0024972
  15.7400000   -0.0027884
  15.7600000   -0.0033467
  15.7800000   -0.0041627
  15.8000000   -0.0052100
  15.8200000   -0.0064466
  15.8400000   -0.0078171
  15.8600000   -0.0092564
  15.8800000   -0.0106945
  15.9000000   -0.0120611
  15.9200000   -0.0132920
  15.9400000   -0.0143330
  15.9600000   -0.0151437
  15.9800000   -0.0157000
  16.0000000   -0.0159938
  16.0200000   -0.0160317
  16.0400000   -0.0158323
  16.0600000   -0.0154219
  16.0800000   -0.0148305
  16.1000000   -0.0140881
  16.1200000   -0.0132215
  16.1400000   -0.0122531
  16.1600000   -0.0112007
  16.1800000   -0.0100792
  16.2000000   -0.0089024
  16.2200000   -0.0076868
  16.2400000   -0.0064541
  16.2600000   -0.0052337
  16.2800000   -0.0040641
  16.3000000   -0.0029927
  16.3200000   -0.0020736
  16.3400000   -0.0013649
  16.3600000   -0.0009235
  16.3800000   -0.0008006
  16.4000000   -0.0010354
  16.4200000   -0.0016512
  16.4400000   -0.0026510
  16.4600000   -0.0040161
  16.4800000   -0.0057057
  16.5000000   -0.0076593
  16.5200000   -0.0098003
  16.5400000   -0.0120418
  16.5600000   -0.0142925
  16.5800000   -0.0164636
  16.6000000   -0.0184744
  16.6200000   -0.0202577
  16.6400000   -0.0217632
  16.6600000   -0.0229595
  16.6800000   -0.0238341
  16.7000000   -0.0243926
  16.7200000   -0.0246560
  16.7400000   -0.0246579
  16.7600000   -0.0244411
  16.7800000   -0.0240546
  16.8000000   -0.0235494
  16.8200000   -0.0229769
  16.8400000   -0.0223852
  16.8600000   -0.0218173
  16.8800000   -0.0213090
  16.9000000   -0.0208870
  16.9200000   -0.0205675
  16.9400000   -0.0203555
  16.9600000   -0.0202445
  16.9800000   -0.0202168
  17.0000000   -0.0202455
  17.0200000   -0.0202966
  17.0400000   -0.0203325
  17.0600000   -0.0203155
  17.0800000   -0.0202117
  17.1000000   -0.0199951
  17.1200000   -0.0196501
  17.1400000   -0.0191734
  17.1600000   -0.0185745
  17.1800000   -0.0178747
  17.2000000   -0.0171040
  17.2200000   -0.0162975
  17.2400000   -0.0154909
  17.2600000   -0.0147157
  17.2800000   -0.0139949
  17.3000000   -0.0133401
  17.3200000   -0.0127497
  17.3400000   -0.0122094
  17.3600000   -0.0116934
  17.3800000   -0.0111683
  17.4000000   -0.0105967
  17.4200000   -0.0099420
  17.4400000   -0.0091725
  17.4600000   -0.0082649
  17.4800000   -0.0072069
  17.5000000   -0.0059987
  17.5200000   -0.0046526
  17.5400000   -0.0031921
  17.5600000   -0.0016497
  17.5800000   -0.0000639
  17.6000000    0.0015239
  17.6200000    0.0030734
  17.6400000    0.0045483
  17.6600000    0.0059193
  17.6800000    0.0071663
  17.7000000    0.0082788
  17.7200000    0.0092552
  17.7400000    0.0101005
  17.7600000    0.0108223
  17.7800000    0.0114268
  17.8000000    0.0119131
  17.8200000    0.0122695
  17.8400000    0.0124703
  17.8600000    0.0124758
  17.8800000    0.0122336
  17.9000000    0.0116843
  17.9200000    0.0107677
  17.9400000    0.0094308
  17.9600000    0.0076363
  17.9800000    0.0053693
  18.0000000    0.0026416
  18.0200000   -0.0005066
  18.0400000   -0.0040083
  18.0600000   -0.0077747
  18.0800000   -0.0117013
  18.1000000   -0.0156757
  18.1200000   -0.0195853
  18.1400000   -0.0233235
  18.1600000   -0.0267943
  18.1800000   -0.0299151
  18.2000000   -0.0326178
  18.2200000   -0.0348482
  18.2400000   -0.0365655
  18.2600000   -0.0377413
  18.2800000   -0.0383595
  18.3000000   -0.0384167
  18.3200000   -0.0379232
  18.3400000   -0.0369046
  18.3600000   -0.0354031
  18.3800000   -0.0334771
  18.4000000   -0.0312011
  18.4200000   -0.0286629
  18.4400000   -0.0259599
  18.4600000   -0.0231938
  18.4800000   -0.0204650
  18.5000000   -0.0178661
  18.5200000   -0.0154762
  18.5400000   -0.0133557
  18.5600000   -0.0115426
  18.5800000   -0.0100502
  18.6000000   -0.0088673
  18.6200000   -0.0079597
  18.6400000   -0.0072735
  18.6600000   -0.0067405
  18.6800000   -0.0062842
  18.7000000   -0.0058271
  18.7200000   -0.0052975
  18.7400000   -0.0046360
  18.7600000   -0.0038015
  18.7800000   -0.0027744
  18.8000000   -0.0015595
  18.8200000   -0.0001850
  18.8400000    0.0012989
  18.8600000    0.0028247
  18.8800000    0.0043127
  18.9000000    0.0056781
  18.9200000    0.0068379
  18.9400000    0.0077185
  18.9600000    0.0082618
  18.9800000    0.0084315
  19.0000000    0.0082168
  19.0200000    0.0076354
  19.0400000    0.0067336
  19.0600000    0.0055854
  19.0800000    0.0042882
  19.1000000    0.0029571
  19.1200000    0.0017180
  19.1400000    0.0006982
  19.1600000    0.0000172
  19.1800000   -0.0002231
  19.2000000    0.0000532
  19.2200000    0.0008887
  19.2400000    0.0022881
  19.2600000    0.0042163
  19.2800000    0.0065998
  19.3000000    0.0093309
  19.3200000    0.0122749
  19.3400000    0.0152800
  19.3600000    0.0181877
  19.3800000    0.0208445
  19.4000000    0.0231127
  19.4200000    0.0248802
  19.4400000    0.0260678
  19.4600000    0.0266338
  19.4800000    0.0265753
  19.5000000    0.0259268
  19.5200000    0.0247549
  19.5400000    0.0231511
  19.5600000    0.0212228
  19.5800000    0.0190836
  19.6000000    0.0168433
  19.6200000    0.0145997
  19.6400000    0.0124324
  19.6600000    0.0103985
  19.6800000    0.0085321
  19.7000000    0.0068462
  19.7200000    0.0053361
  19.7400000    0.0039861
  19.7600000    0.0027748
  19.7800000    0.0016821
  19.8000000    0.0006938
  19.8200000   -0.0001954
  19.8400000   -0.0009801
  19.8600000   -0.0016461
  19.8800000   -0.0021731
  19.9000000   -0.0025390
  19.9200000   -0.0027250
  19.9400000   -0.0027207
  19.9600000   -0.0025271
  19.9800000   -0.0021596
  20.0000000   -0.0016477
  20.0200000   -0.0010333
  20.0400000   -0.0003677
  20.0600000    0.0002938
  20.0800000    0.0008960
  20.1000000    0.0013894
  20.1200000    0.0017340
  20.1400000    0.0019021
  20.1600000    0.0018798
  20.1800000    0.0016666
  20.2000000    0.0012739
  20.2200000    0.0007230
  20.2400000    0.0000417
  20.2600000   -0.0007388
  20.2800000   -0.0015866
  20.3000000   -0.0024714
  20.3200000   -0.0033665
  20.3400000   -0.0042497
  20.3600000   -0.0051030
  20.3800000   -0.0059122
  20.4000000   -0.0066656
  20.4200000   -0.0073521
  20.4400000   -0.0079590
  20.4600000   -0.0084702
  20.4800000   -0.0088637
  20.5000000   -0.0091111
  20.5200000   -0.0091771
  20.5400000   -0.0090206
  20.5600000   -0.0085969
  20.5800000   -0.0078617
  20.6000000   -0.0067760
  20.6200000   -0.0053113
  20.6400000   -0.0034552
  20.6600000   -0.0012161
  20.6800000    0.0013741
  20.7000000    0.0042589
  20.7200000    0.0073586
  20.7400000    0.0105745
  20.7600000    0.0137949
  20.7800000    0.0169026
  20.8000000    0.0197832
  20.8200000    0.0223324
  20.8400000    0.0244629
  20.8600000    0.0261092
  20.8800000    0.0272300
  20.9000000    0.0278085
  20.9200000    0.0278507
  20.9400000    0.0273822
  20.9600000    0.0264438
  20.9800000    0.0250870
  21.0000000    0.0233694
  21.0200000    0.0213512
  21.0400000    0.0190926
  21.0600000    0.0166521
  21.0800000    0.0140868
  21.1000000    0.0114525
  21.1200000    0.0088060
  21.1400000    0.0062060
  21.1600000    0.0037145
  21.1800000    0.0013973
  21.2000000   -0.0006775
  21.2200000   -0.0024419
  21.2400000   -0.0038324
  21.2600000   -0.0047956
  21.2800000   -0.0052945
  21.3000000   -0.0053144
  21.3200000   -0.0048685
  21.3400000   -0.0040008
  21.3600000   -0.0027868
  21.3800000   -0.0013309
  21.4000000    0.0002397
  21.4200000    0.0017828
  21.4400000    0.0031519
  21.4600000    0.0042076
  21.4800000    0.0048284
  21.5000000    0.0049203
  21.5200000    0.0044241
  21.5400000    0.0033198
  21.5600000    0.0016281
  21.5800000   -0.0005917
  21.6000000   -0.0032458
  21.6200000   -0.0062123
  21.6400000   -0.0093488
  21.6600000   -0.0125019
  21.6800000   -0.0155153
  21.7000000   -0.0182400
  21.7200000   -0.0205420
  21.7400000   -0.0223106
  21.7600000   -0.0234642
  21.7800000   -0.0239554
  21.8000000   -0.0237729
  21.8200000   -0.0229422
  21.8400000   -0.0215228
  21.8600000   -0.0196039
  21.8800000   -0.0172976
  21.9000000   -0.0147314
  21.9200000   -0.0120389
  21.9400000   -0.0093519
  21.9600000   -0.0067919
  21.9800000   -0.0044637
  22.0000000   -0.0024499
  22.0200000   -0.0008078
  22.0400000    0.0004319
  22.0600000    0.0012654
  22.0800000    0.0017130
  22.1000000    0.0018162
  22.1200000    0.0016334
  22.1400000    0.0012342
  22.1600000    0.0006940
  22.1800000    0.0000882
  22.2000000   -0.0005129
  22.2200000   -0.0010492
  22.2400000   -0.0014738
  22.2600000   -0.0017554
  22.2800000   -0.0018790
  22.3000000   -0.0018450
  22.3200000   -0.0016667
  22.3400000   -0.0013672
  22.3600000   -0.0009757
  22.3800000   -0.0005234
  22.4000000   -0.0000399
  22.4200000    0.0004490
  22.4400000    0.0009233
  22.4600000    0.0013688
  22.4800000    0.0017767
  22.5000000    0.0021417
  22.5200000    0.0024604
  22.5400000    0.0027299
  22.5600000    0.0029462
  22.5800000    0.0031040
  22.6000000    0.0031973
  22.6200000    0.0032201
  22.6400000    0.0031687
  22.6600000    0.0030427
  22.6800000    0.0028467
  22.7000000    0.0025908
  22.7200000    0.0022910
  22.7400000    0.0019676
  22.7600000    0.0016441
  22.7800000    0.0013454
  22.8000000    0.0010957
  22.8200000    0.0009170
  22.8400000    0.0008282
  22.8600000    0.0008445
  22.8800000    0.0009777
  22.9000000    0.0012364
  22.9200000    0.0016261
  22.9400000    0.0021497
  22.9600000    0.0028065
  22.9800000    0.0035918
  23.0000000    0.0044955
  23.0200000    0.0055007
  23.0400000    0.0065833
  23.0600000    0.0077119
  23.0800000    0.0088486
  23.1000000    0.0099510
  23.1200000    0.0109758
  23.1400000    0.0118817
  23.1600000    0.0126342
  23.1800000    0.0132081
  23.2000000    0.0135904
  23.2200000    0.0137813
  23.2400000    0.0137937
  23.2600000    0.0136510
  23.2800000    0.0133843
  23.3000000    0.0130288
  23.3200000    0.0126192
  23.3400000    0.0121869
  23.3600000    0.0117572
  23.3800000    0.0113477
  23.4000000    0.0109679
  23.4200000    0.0106199
  23.4400000    0.0102998
  23.4600000    0.0099991
  23.4800000    0.0097068
  23.5000000    0.0094110
  23.5200000    0.0090996
  23.5400000    0.0087614
  23.5600000    0.0083866
  23.5800000    0.0079669
  23.6000000    0.0074960
  23.6200000    0.0069699
  23.6400000    0.0063879
  23.6600000    0.0057531
  23.6800000    0.0050736
  23.7000000    0.0043628
  23.7200000    0.0036401
  23.7400000    0.0029304
  23.7600000    0.0022631
  23.7800000    0.0016702
  23.8000000    0.0011839
  23.8200000    0.0008338
  23.8400000    0.0006430
  23.8600000    0.0006260
  23.8800000    0.0007850
  23.9000000    0.0011085
  23.9200000    0.0015700
  23.9400000    0.0021286
  23.9600000    0.0027301
  23.9800000    0.0033101
  24.0000000    0.0037982
  24.0200000    0.0041232
  24.0400000    0.0042183
  24.0600000    0.0040277
  24.0800000    0.0035112
  24.1000000    0.0026488
  24.1200000    0.0014430
  24.1400000   -0.0000806
  24.1600000   -0.0018748
  24.1800000   -0.0038753
  24.2000000   -0.0060053
  24.2200000   -0.0081827
  24.2400000   -0.0103266
  24.2600000   -0.0123634
  24.2800000   -0.0142314
  24.3000000   -0.0158842
  24.3200000   -0.0172913
  24.3400000   -0.0184370
  24.3600000   -0.0193182
  24.3800000   -0.0199405
  24.4000000   -0.0203144
  24.4200000   -0.0204523
  24.4400000   -0.0203658
  24.4600000   -0.0200647
  24.4800000   -0.0195568
  24.5000000   -0.0188500
  24.5200000   -0.0179545
  24.5400000   -0.0168856
  24.5600000   -0.0156669
  24.5800000   -0.0143328
  24.6000000   -0.0129299
  24.6200000   -0.0115176
  24.6400000   -0.0101667
  24.6600000   -0.0089559
  24.6800000   -0.0079679
  24.7000000   -0.0072828
  24.7200000   -0.0069712
  24.7400000   -0.0070874
  24.7600000   -0.0076622
  24.7800000   -0.0086981
  24.8000000   -0.0101662
  24.8200000   -0.0120057
  24.8400000   -0.0141271
  24.8600000   -0.0164179
  24.8800000   -0.0187513
  24.9000000   -0.0209960
  24.9200000   -0.0230275
  24.9400000   -0.0247381
  24.9600000   -0.0260449
  24.9800000   -0.0268961
  25.0000000   -0.0272726
  25.0200000   -0.0271877
  25.0400000   -0.0266828
  25.0600000   -0.0258213
  25.0800000   -0.0246815
  25.1000000   -0.0233484
  25.1200000   -0.0219075
  25.1400000   -0.0204392
  25.1600000   -0.0190153
  25.1800000   -0.0176976
  25.2000000   -0.0165377
  25.2200000   -0.0155784
  25.2400000   -0.0148545
  25.2600000   -0.0143948
  25.2800000   -0.0142216
  25.3000000   -0.0143506
  25.3200000   -0.0147886
  25.3400000   -0.0155305
  25.3600000   -0.0165563
  25.3800000   -0.0178277
  25.4000000   -0.0192861
  25.4200000   -0.0208515
  25.4400000   -0.0224248
  25.4600000   -0.0238909
  25.4800000   -0.0251255
  25.5000000   -0.0260036
  25.5200000   -0.0264085
  25.5400000   -0.0262424
  25.5600000   -0.0254357
  25.5800000   -0.0239540
  25.6000000   -0.0218035
  25.6200000   -0.0190321
  25.6400000   -0.0157278
  25.6600000   -0.0120127
  25.6800000   -0.0080350
  25.7000000   -0.0039583
  25.7200000    0.0000494
  25.7400000    0.0038278
  25.7600000    0.0072340
  25.7800000    0.0101513
  25.8000000    0.0124952
  25.8200000    0.0142168
  25.8400000    0.0153030
  25.8600000    0.0157752
  25.8800000    0.0156846
  25.9000000    0.0151067
  25.9200000    0.0141349
  25.9400000    0.0128727
  25.9600000    0.0114274
  25.9800000    0.0099030
  26.0000000    0.0083947
  26.0200000    0.0069848
  26.0400000    0.0057392
  26.0600000    0.0047055
  26.0800000    0.0039127
  26.1000000    0.0033718
  26.1200000    0.0030768
  26.1400000    0.0030071
  26.1600000    0.0031301
  26.1800000    0.0034041
  26.2000000    0.0037814
  26.2200000    0.0042112
  26.2400000    0.0046428
  26.2600000    0.0050279
  26.2800000    0.0053233
  26.3000000    0.0054931
  26.3200000    0.0055103
  26.3400000    0.0053580
  26.3600000    0.0050309
  26.3800000    0.0045349
  26.4000000    0.0038871
  26.4200000    0.0031150
  26.4400000    0.0022545
  26.4600000    0.0013474
  26.4800000    0.0004392
  26.5000000   -0.0004248
  26.5200000   -0.0012022
  26.5400000   -0.0018564
  26.5600000   -0.0023590
  26.5800000   -0.0026912
  26.6000000   -0.0028443
  26.6200000   -0.0028190
  26.6400000   -0.0026243
  26.6600000   -0.0022754
  26.6800000   -0.0017920
  26.7000000   -0.0011955
  26.7200000   -0.0005079
  26.7400000    0.0002500
  26.7600000    0.0010588
  26.7800000    0.0019012
  26.8000000    0.0027614
  26.8200000    0.0036254
  26.8400000    0.0044803
  26.8600000    0.0053153
  26.8800000    0.0061217
  26.9000000    0.0068948
  26.9200000    0.0076350
  26.9400000    0.0083498
  26.9600000    0.0090550
  26.9800000    0.0097760
  27.0000000    0.0105479
  27.0200000    0.0114143
  27.0400000    0.0124252
  27.0600000    0.0136332
  27.0800000    0.0150886
  27.1000000    0.0168335
  27.1200000    0.0188959
  27.1400000    0.0212835
  27.1600000    0.0239794
  27.1800000    0.0269386
  27.2000000    0.0300878
  27.2200000    0.0333275
  27.2400000    0.0365368
  27.2600000    0.0395815
  27.2800000    0.0423231
  27.3000000    0.0446296
  27.3200000    0.0463858
  27.3400000    0.0475024
  27.3600000    0.0479229
  27.3800000    0.0476272
  27.4000000    0.0466323
  27.4200000    0.0449889
  27.4400000    0.0427766
  27.4600000    0.0400951
  27.4800000    0.0370560
  27.5000000    0.0337742
  27.5200000    0.0303594
  27.5400000    0.0269108
  27.5600000    0.0235121
  27.5800000    0.0202303
  27.6000000    0.0171150
  27.6200000    0.0142005
  27.6400000    0.0115080
  27.6600000    0.0090488
  27.6800000    0.0068271
  27.7000000    0.0048425
  27.7200000    0.0030922
  27.7400000    0.0015718
  27.7600000    0.0002763
  27.7800000   -0.0007997
  27.8000000   -0.0016626
  27.8200000   -0.0023192
  27.8400000   -0.0027771
  27.8600000   -0.0030445
  27.8800000   -0.0031297
  27.9000000   -0.0030411
  27.9200000   -0.0027859
  27.9400000   -0.0023707
  27.9600000   -0.0018014
  27.9800000   -0.0010832
  28.0000000   -0.0002218
  28.0200000    0.0007754
  28.0400000    0.0018976
  28.0600000    0.0031296
  28.0800000    0.0044503
  28.1000000    0.0058320
  28.1200000    0.0072401
  28.1400000    0.0086345
  28.1600000    0.0099708
  28.1800000    0.0112030
  28.2000000    0.0122863
  28.2200000    0.0131804
  28.2400000    0.0138521
  28.2600000    0.0142774
  28.2800000    0.0144430
  28.3000000    0.0143465
  28.3200000    0.0139955
  28.3400000    0.0134064
  28.3600000    0.0126021
  28.3800000    0.0116106
  28.4000000    0.0104628
  28.4200000    0.0091915
  28.4400000    0.0078310
  28.4600000    0.0064169
  28.4800000    0.0049861
  28.5000000    0.0035771
  28.5200000    0.0022299
  28.5400000    0.0009850
  28.5600000   -0.0001177
  28.5800000   -0.0010410
  28.6000000   -0.0017522
  28.6200000   -0.0022257
  28.6400000   -0.0024449
  28.6600000   -0.0024037
  28.6800000   -0.0021073
  28.7000000   -0.0015726
  28.7200000   -0.0008272
  28.7400000    0.0000918
  28.7600000    0.0011392
  28.7800000    0.0022649
  28.8000000    0.0034157
  28.8200000    0.0045386
  28.8400000    0.0055831
  28.8600000    0.0065045
  28.8800000    0.0072653
  28.9000000    0.0078372
  28.9200000    0.0082023
  28.9400000    0.0083525
  28.9600000    0.0082895
  28.9800000    0.0080234
  29.0000000    0.0075706
  29.0200000    0.0069525
  29.0400000    0.0061931
  29.0600000    0.0053182
  29.0800000    0.0043538
  29.1000000    0.0033263
  29.1200000    0.0022622
  29.1400000    0.0011888
  29.1600000    0.0001347
  29.1800000   -0.0008697
  29.2000000   -0.0017923
  29.2200000   -0.0025996
  29.2400000   -0.0032585
  29.2600000   -0.0037379
  29.2800000   -0.0040118
  29.3000000   -0.0040621
  29.3200000   -0.0038823
  29.3400000   -0.0034797
  29.3600000   -0.0028777
  29.3800000   -0.0021166
  29.4000000   -0.0012527
  29.4200000   -0.0003555
  29.4400000    0.0004957
  29.4600000    0.0012181
  29.4800000    0.0017311
  29.5000000    0.0019636
  29.5200000    0.0018596
  29.5400000    0.0013837
  29.5600000    0.0005243
  29.5800000   -0.0007047
  29.6000000   -0.0022654
  29.6200000   -0.0040983
  29.6400000   -0.0061272
  29.6600000   -0.0082642
  29.6800000   -0.0104164
  29.7000000   -0.0124910
  29.7200000   -0.0144006
  29.7400000   -0.0160672
  29.7600000   -0.0174248
  29.7800000   -0.0184214
  29.8000000   -0.0190203
  29.8200000   -0.0191996
  29.8400000   -0.0189531
  29.8600000   -0.0182897
  29.8800000   -0.0172326
  29.9000000   -0.0158192
  29.9200000   -0.0140992
  29.9400000   -0.0121330
  29.9600000   -0.0099894
  29.9800000   -0.0077419
  30.0000000   -0.0054654
