 -10.0000000    0.0298854
  -9.9800000    0.0352169
  -9.9600000    0.0415030
  -9.9400000    0.0486787
  -9.9200000    0.0566268
  -9.9000000    0.0651792
  -9.8800000    0.0741224
  -9.8600000    0.0832075
  -9.8400000    0.0921640
  -9.8200000    0.1007159
  -9.8000000    0.1086000
  -9.7800000    0.1155815
  -9.7600000    0.1214676
  -9.7400000    0.1261171
  -9.7200000    0.1294431
  -9.7000000    0.1314114
  -9.6800000    0.1320331
  -9.6600000    0.1313529
  -9.6400000    0.1294356
  -9.6200000    0.1263527
  -9.6000000    0.1221701
  -9.5800000    0.1169399
  -9.5600000    0.1106969
  -9.5400000    0.1034613
  -9.5200000    0.0952466
  -9.5000000    0.0860732
  -9.4800000    0.0759853
  -9.4600000    0.0650697
  -9.4400000    0.0534733
  -9.4200000    0.0414161
  -9.4000000    0.0291975
  -9.3800000    0.0171916
  -9.3600000    0.0058313
  -9.3400000   -0.0044189
  -9.3200000   -0.0131011
  -9.3000000   -0.0198078
  -9.2800000   -0.0242270
  -9.2600000   -0.0261822
  -9.2400000   -0.0256608
  -9.2200000   -0.0228259
  -9.2000000   -0.0180090
  -9.1800000   -0.0116829
  -9.1600000   -0.0044182
  -9.1400000    0.0031715
  -9.1200000    0.0104879
  -9.1000000    0.0170019
  -9.0800000    0.0222964
  -9.0600000    0.0260935
  -9.0400000    0.0282615
  -9.0200000    0.0288051
  -9.0000000    0.0278392
  -8.9800000    0.0255519
  -8.9600000    0.0221617
  -8.9400000    0.0178741
  -8.9200000    0.0128427
  -8.9000000    0.0071358
  -8.8800000    0.0007139
  -8.8600000   -0.0065836
  -8.8400000   -0.0150397
  -8.8200000   -0.0250499
  -8.8000000   -0.0370981
  -8.7800000   -0.0517217
  -8.7600000   -0.0694616
  -8.7400000   -0.0908020
  -8.7200000   -0.1161017
  -8.7000000   -0.1455228
  -8.6800000   -0.1789636
  -8.6600000   -0.2160064
  -8.6400000   -0.2558881
  -8.6200000   -0.2975034
  -8.6000000   -0.3394451
  -8.5800000   -0.3800833
  -8.5600000   -0.4176775
  -8.5400000   -0.4505133
  -8.5200000   -0.4770464
  -8.5000000   -0.4960387
  -8.4800000   -0.5066668
  -8.4600000   -0.5085903
  -8.4400000   -0.5019698
  -8.4200000   -0.4874328
  -8.4000000   -0.4659955
  -8.3800000   -0.4389490
  -8.3600000   -0.4077304
  -8.3400000   -0.3737936
  -8.3200000   -0.3384967
  -8.3000000   -0.3030187
  -8.2800000   -0.2683086
  -8.2600000   -0.2350704
  -8.2400000   -0.2037761
  -8.2200000   -0.1746992
  -8.2000000   -0.1479596
  -8.1800000   -0.1235691
  -8.1600000   -0.1014725
  -8.1400000   -0.0815780
  -8.1200000   -0.0637778
  -8.1000000   -0.0479585
  -8.0800000   -0.0340045
  -8.0600000   -0.0217983
  -8.0400000   -0.0112190
  -8.0200000   -0.0021420
  -8.0000000    0.0055589
  -7.9800000    0.0120087
  -7.9600000    0.0173270
  -7.9400000    0.0216246
  -7.9200000    0.0250009
  -7.9000000    0.0275441
  -7.8800000    0.0293322
  -7.8600000    0.0304374
  -7.8400000    0.0309294
  -7.8200000    0.0308803
  -7.8000000    0.0303668
  -7.7800000    0.0294713
  -7.7600000    0.0282808
  -7.7400000    0.0268830
  -7.7200000    0.0253622
  -7.7000000    0.0237932
  -7.6800000    0.0222371
  -7.6600000    0.0207377
  -7.6400000    0.0193210
  -7.6200000    0.0179964
  -7.6000000    0.0167612
  -7.5800000    0.0156061
  -7.5600000    0.0145219
  -7.5400000    0.0135052
  -7.5200000    0.0125633
  -7.5000000    0.0117156
  -7.4800000    0.0109932
  -7.4600000    0.0104353
  -7.4400000    0.0100836
  -7.4200000    0.0099755
  -7.4000000    0.0101370
  -7.3800000    0.0105777
  -7.3600000    0.0112866
  -7.3400000    0.0122315
  -7.3200000    0.0133610
  -7.3000000    0.0146100
  -7.2800000    0.0159069
  -7.2600000    0.0171843
  -7.2400000    0.0183905
  -7.2200000    0.0195033
  -7.2000000    0.0205443
  -7.1800000    0.0215961
  -7.1600000    0.0228193
  -7.1400000    0.0244723
  -7.1200000    0.0269308
  -7.1000000    0.0307071
  -7.0800000    0.0364662
  -7.0600000    0.0450345
  -7.0400000    0.0573974
  -7.0200000    0.0746788
  -7.0000000    0.0980976
  -6.9800000    0.1288964
  -6.9600000    0.1682395
  -6.9400000    0.2170837
  -6.9200000    0.2760267
  -6.9000000    0.3451492
  -6.8800000    0.4238656
  -6.8600000    0.5108098
  -6.8400000    0.6037766
  -6.8200000    0.6997413
  -6.8000000    0.7949708
  -6.7800000    0.8852284
  -6.7600000    0.9660627
  -6.7400000    1.0331543
  -6.7200000    1.0826857
  -6.7000000    1.1116901
  -6.6800000    1.1183344
  -6.6600000    1.1021001
  -6.6400000    1.0638369
  -6.6200000    1.0056802
  -6.6000000    0.9308446
  -6.5800000    0.8433213
  -6.5600000    0.7475169
  -6.5400000    0.6478816
  -6.5200000    0.5485675
  -6.5000000    0.4531535
  -6.4800000    0.3644598
  -6.4600000    0.2844599
  -6.4400000    0.2142850
  -6.4200000    0.1543046
  -6.4000000    0.1042619
  -6.3800000    0.0634360
  -6.3600000    0.0308104
  -6.3400000    0.0052260
  -6.3200000   -0.0144926
  -6.3000000   -0.0294443
  -6.2800000   -0.0405948
  -6.2600000   -0.0487499
  -6.2400000   -0.0545538
  -6.2200000   -0.0585053
  -6.2000000   -0.0609832
  -6.1800000   -0.0622747
  -6.1600000   -0.0626026
  -6.1400000   -0.0621473
  -6.1200000   -0.0610625
  -6.1000000   -0.0594842
  -6.0800000   -0.0575347
  -6.0600000   -0.0553220
  -6.0400000   -0.0529384
  -6.0200000   -0.0504576
  -6.0000000   -0.0479338
  -5.9800000   -0.0454020
  -5.9600000   -0.0428810
  -5.9400000   -0.0403780
  -5.9200000   -0.0378939
  -5.9000000   -0.0354293
  -5.8800000   -0.0329900
  -5.8600000   -0.0305904
  -5.8400000   -0.0282561
  -5.8200000   -0.0260239
  -5.8000000   -0.0239395
  -5.7800000   -0.0220552
  -5.7600000   -0.0204250
  -5.7400000   -0.0191002
  -5.7200000   -0.0181244
  -5.7000000   -0.0175300
  -5.6800000   -0.0173345
  -5.6600000   -0.0175384
  -5.6400000   -0.0181244
  -5.6200000   -0.0190581
  -5.6000000   -0.0202895
  -5.5800000   -0.0217566
  -5.5600000   -0.0233893
  -5.5400000   -0.0251145
  -5.5200000   -0.0268616
  -5.5000000   -0.0285679
  -5.4800000   -0.0301834
  -5.4600000   -0.0316741
  -5.4400000   -0.0330246
  -5.4200000   -0.0342381
  -5.4000000   -0.0353344
  -5.3800000   -0.0363466
  -5.3600000   -0.0373163
  -5.3400000   -0.0382868
  -5.3200000   -0.0392977
  -5.3000000   -0.0403788
  -5.2800000   -0.0415458
  -5.2600000   -0.0427977
  -5.2400000   -0.0441164
  -5.2200000   -0.0454689
  -5.2000000   -0.0468114
  -5.1800000   -0.0480954
  -5.1600000   -0.0492746
  -5.1400000   -0.0503129
  -5.1200000   -0.0511921
  -5.1000000   -0.0519182
  -5.0800000   -0.0525276
  -5.0600000   -0.0530904
  -5.0400000   -0.0537125
  -5.0200000   -0.0545357
  -5.0000000   -0.0557351
  -4.9800000   -0.0575148
  -4.9600000   -0.0601006
  -4.9400000   -0.0637311
  -4.9200000   -0.0686454
  -4.9000000   -0.0750697
  -4.8800000   -0.0832020
  -4.8600000   -0.0931957
  -4.8400000   -0.1051449
  -4.8200000   -0.1190703
  -4.8000000   -0.1349091
  -4.7800000   -0.1525093
  -4.7600000   -0.1716301
  -4.7400000   -0.1919476
  -4.7200000   -0.2130676
  -4.7000000   -0.2345439
  -4.6800000   -0.2559011
  -4.6600000   -0.2766601
  -4.6400000   -0.2963649
  -4.6200000   -0.3146080
  -4.6000000   -0.3310512
  -4.5800000   -0.3454413
  -4.5600000   -0.3576176
  -4.5400000   -0.3675110
  -4.5200000   -0.3751338
  -4.5000000   -0.3805616
  -4.4800000   -0.3839104
  -4.4600000   -0.3853095
  -4.4400000   -0.3848771
  -4.4200000   -0.3826988
  -4.4000000   -0.3788158
  -4.3800000   -0.3732217
  -4.3600000   -0.3658716
  -4.3400000   -0.3566988
  -4.3200000   -0.3456403
  -4.3000000   -0.3326639
  -4.2800000   -0.3177948
  -4.2600000   -0.3011359
  -4.2400000   -0.2828797
  -4.2200000   -0.2633096
  -4.2000000   -0.2427892
  -4.1800000   -0.2217435
  -4.1600000   -0.2006313
  -4.1400000   -0.1799157
  -4.1200000   -0.1600331
  -4.1000000   -0.1413667
  -4.0800000   -0.1242250
  -4.0600000   -0.1088285
  -4.0400000   -0.0953043
  -4.0200000   -0.0836884
  -4.0000000   -0.0739348
  -3.9800000   -0.0659300
  -3.9600000   -0.0595101
  -3.9400000   -0.0544792
  -3.9200000   -0.0506276
  -3.9000000   -0.0477475
  -3.8800000   -0.0456453
  -3.8600000   -0.0441505
  -3.8400000   -0.0431206
  -3.8200000   -0.0424421
  -3.8000000   -0.0420287
  -3.7800000   -0.0418170
  -3.7600000   -0.0417611
  -3.7400000   -0.0418271
  -3.7200000   -0.0419876
  -3.7000000   -0.0422176
  -3.6800000   -0.0424921
  -3.6600000   -0.0427845
  -3.6400000   -0.0430672
  -3.6200000   -0.0433125
  -3.6000000   -0.0434948
  -3.5800000   -0.0435915
  -3.5600000   -0.0435855
  -3.5400000   -0.0434652
  -3.5200000   -0.0432246
  -3.5000000   -0.0428631
  -3.4800000   -0.0423837
  -3.4600000   -0.0417916
  -3.4400000   -0.0410932
  -3.4200000   -0.0402945
  -3.4000000   -0.0394003
  -3.3800000   -0.0384145
  -3.3600000   -0.0373400
  -3.3400000   -0.0361790
  -3.3200000   -0.0349345
  -3.3000000   -0.0336103
  -3.2800000   -0.0322129
  -3.2600000   -0.0307513
  -3.2400000   -0.0292385
  -3.2200000   -0.0276916
  -3.2000000   -0.0261322
  -3.1800000   -0.0245863
  -3.1600000   -0.0230830
  -3.1400000   -0.0216537
  -3.1200000   -0.0203295
  -3.1000000   -0.0191388
  -3.0800000   -0.0181050
  -3.0600000   -0.0172436
  -3.0400000   -0.0165605
  -3.0200000   -0.0160517
  -3.0000000   -0.0157034
  -2.9800000   -0.0154941
  -2.9600000   -0.0153979
  -2.9400000   -0.0153879
  -2.9200000   -0.0154408
  -2.9000000   -0.0155400
  -2.8800000   -0.0156792
  -2.8600000   -0.0158633
  -2.8400000   -0.0161090
  -2.8200000   -0.0164436
  -2.8000000   -0.0169020
  -2.7800000   -0.0175240
  -2.7600000   -0.0183502
  -2.7400000   -0.0194182
  -2.7200000   -0.0207598
  -2.7000000   -0.0223979
  -2.6800000   -0.0243448
  -2.6600000   -0.0266018
  -2.6400000   -0.0291583
  -2.6200000   -0.0319930
  -2.6000000   -0.0350741
  -2.5800000   -0.0383610
  -2.5600000   -0.0418053
  -2.5400000   -0.0453521
  -2.5200000   -0.0489420
  -2.5000000   -0.0525125
  -2.4800000   -0.0560000
  -2.4600000   -0.0593427
  -2.4400000   -0.0624829
  -2.4200000   -0.0653702
  -2.4000000   -0.0679643
  -2.3800000   -0.0702372
  -2.3600000   -0.0721749
  -2.3400000   -0.0737778
  -2.3200000   -0.0750596
  -2.3000000   -0.0760447
  -2.2800000   -0.0767650
  -2.2600000   -0.0772547
  -2.2400000   -0.0775459
  -2.2200000   -0.0776641
  -2.2000000   -0.0776244
  -2.1800000   -0.0774299
  -2.1600000   -0.0770714
  -2.1400000   -0.0765291
  -2.1200000   -0.0757763
  -2.1000000   -0.0747844
  -2.0800000   -0.0735280
  -2.0600000   -0.0719909
  -2.0400000   -0.0701705
  -2.0200000   -0.0680811
  -2.0000000   -0.0657554
  -1.9800000   -0.0632437
  -1.9600000   -0.0606110
  -1.9400000   -0.0579320
  -1.9200000   -0.0552853
  -1.9000000   -0.0527462
  -1.8800000   -0.0503808
  -1.8600000   -0.0482392
  -1.8400000   -0.0463523
  -1.8200000   -0.0447284
  -1.8000000   -0.0433537
  -1.7800000   -0.0421939
  -1.7600000   -0.0411974
  -1.7400000   -0.0403008
  -1.7200000   -0.0394340
  -1.7000000   -0.0385259
  -1.6800000   -0.0375094
  -1.6600000   -0.0363259
  -1.6400000   -0.0349272
  -1.6200000   -0.0332773
  -1.6000000   -0.0313520
  -1.5800000   -0.0291376
  -1.5600000   -0.0266287
  -1.5400000   -0.0238255
  -1.5200000   -0.0207318
  -1.5000000   -0.0173524
  -1.4800000   -0.0136923
  -1.4600000   -0.0097559
  -1.4400000   -0.0055474
  -1.4200000   -0.0010710
  -1.4000000    0.0036681
  -1.3800000    0.0086638
  -1.3600000    0.0139095
  -1.3400000    0.0194000
  -1.3200000    0.0251338
  -1.3000000    0.0311164
  -1.2800000    0.0373631
  -1.2600000    0.0439012
  -1.2400000    0.0507696
  -1.2200000    0.0580157
  -1.2000000    0.0656881
  -1.1800000    0.0738262
  -1.1600000    0.0824449
  -1.1400000    0.0915189
  -1.1200000    0.1009652
  -1.1000000    0.1106289
  -1.0800000    0.1202731
  -1.0600000    0.1295750
  -1.0400000    0.1381314
  -1.0200000    0.1454711
  -1.0000000    0.1510752
  -0.9800000    0.1544029
  -0.9600000    0.1549195
  -0.9400000    0.1521232
  -0.9200000    0.1455705
  -0.9000000    0.1348959
  -0.8800000    0.1198277
  -0.8600000    0.1002015
  -0.8400000    0.0759727
  -0.8200000    0.0472306
  -0.8000000    0.0142167
  -0.7800000   -0.0226541
  -0.7600000   -0.0627718
  -0.7400000   -0.1053125
  -0.7200000   -0.1492315
  -0.7000000   -0.1932730
  -0.6800000   -0.2360032
  -0.6600000   -0.2758698
  -0.6400000   -0.3112855
  -0.6200000   -0.3407302
  -0.6000000   -0.3628608
  -0.5800000   -0.3766131
  -0.5600000   -0.3812827
  -0.5400000   -0.3765689
  -0.5200000   -0.3625731
  -0.5000000   -0.3397456
  -0.4800000   -0.3087848
  -0.4600000   -0.2704961
  -0.4400000   -0.2256262
  -0.4200000   -0.1746899
  -0.4000000   -0.1178115
  -0.3800000   -0.0546004
  -0.3600000    0.0159193
  -0.3400000    0.0953093
  -0.3200000    0.1856362
  -0.3000000    0.2893024
  -0.2800000    0.4087912
  -0.2600000    0.5463377
  -0.2400000    0.7035468
  -0.2200000    0.8809922
  -0.2000000    1.0778409
  -0.1800000    1.2915540
  -0.1600000    1.5177162
  -0.1400000    1.7500400
  -0.1200000    1.9805749
  -0.1000000    2.2001284
  -0.0800000    2.3988772
  -0.0600000    2.5671168
  -0.0400000    2.6960726
  -0.0200000    2.7786793
   0.0000000    2.8102328
   0.0200000    2.7888324
   0.0400000    2.7155577
   0.0600000    2.5943553
   0.0800000    2.4316559
   0.1000000    2.2357765
   0.1200000    2.0161835
   0.1400000    1.7827120
   0.1600000    1.5448308
   0.1800000    1.3110272
   0.2000000    1.0883633
   0.2200000    0.8822254
   0.2400000    0.6962599
   0.2600000    0.5324690
   0.2800000    0.3914229
   0.3000000    0.2725424
   0.3200000    0.1744069
   0.3400000    0.0950492
   0.3600000    0.0322153
   0.3800000   -0.0164291
   0.4000000   -0.0531455
   0.4200000   -0.0800214
   0.4400000   -0.0989123
   0.4600000   -0.1114164
   0.4800000   -0.1188732
   0.5000000   -0.1223780
   0.5200000   -0.1228053
   0.5400000   -0.1208384
   0.5600000   -0.1170012
   0.5800000   -0.1116913
   0.6000000   -0.1052121
   0.6200000   -0.0978027
   0.6400000   -0.0896641
   0.6600000   -0.0809807
   0.6800000   -0.0719349
   0.7000000   -0.0627151
   0.7200000   -0.0535174
   0.7400000   -0.0445409
   0.7600000   -0.0359787
   0.7800000   -0.0280066
   0.8000000   -0.0207721
   0.8200000   -0.0143839
   0.8400000   -0.0089062
   0.8600000   -0.0043556
   0.8800000   -0.0007037
   0.9000000    0.0021175
   0.9200000    0.0042070
   0.9400000    0.0056837
   0.9600000    0.0066768
   0.9800000    0.0073147
   1.0000000    0.0077172
   1.0200000    0.0079886
   1.0400000    0.0082137
   1.0600000    0.0084550
   1.0800000    0.0087527
   1.1000000    0.0091253
   1.1200000    0.0095718
   1.1400000    0.0100740
   1.1600000    0.0106006
   1.1800000    0.0111102
   1.2000000    0.0115550
   1.2200000    0.0118849
   1.2400000    0.0120503
   1.2600000    0.0120061
   1.2800000    0.0117136
   1.3000000    0.0111442
   1.3200000    0.0102807
   1.3400000    0.0091194
   1.3600000    0.0076718
   1.3800000    0.0059647
   1.4000000    0.0040407
   1.4200000    0.0019570
   1.4400000   -0.0002163
   1.4600000   -0.0023994
   1.4800000   -0.0045070
   1.5000000   -0.0064521
   1.5200000   -0.0081520
   1.5400000   -0.0095321
   1.5600000   -0.0105310
   1.5800000   -0.0111026
   1.6000000   -0.0112182
   1.6200000   -0.0108663
   1.6400000   -0.0100515
   1.6600000   -0.0087917
   1.6800000   -0.0071155
   1.7000000   -0.0050590
   1.7200000   -0.0026637
   1.7400000    0.0000249
   1.7600000    0.0029576
   1.7800000    0.0060805
   1.8000000    0.0093335
   1.8200000    0.0126491
   1.8400000    0.0159517
   1.8600000    0.0191585
   1.8800000    0.0221823
   1.9000000    0.0249366
   1.9200000    0.0273423
   1.9400000    0.0293358
   1.9600000    0.0308761
   1.9800000    0.0319519
   2.0000000    0.0325848
   2.0200000    0.0328296
   2.0400000    0.0327709
   2.0600000    0.0325151
   2.0800000    0.0321797
   2.1000000    0.0318815
   2.1200000    0.0317232
   2.1400000    0.0317833
   2.1600000    0.0321069
   2.1800000    0.0327025
   2.2000000    0.0335411
   2.2200000    0.0345610
   2.2400000    0.0356756
   2.2600000    0.0367825
   2.2800000    0.0377750
   2.3000000    0.0385527
   2.3200000    0.0390297
   2.3400000    0.0391418
   2.3600000    0.0388504
   2.3800000    0.0381433
   2.4000000    0.0370332
   2.4200000    0.0355549
   2.4400000    0.0337600
   2.4600000    0.0317126
   2.4800000    0.0294838
   2.5000000    0.0271475
   2.5200000    0.0247773
   2.5400000    0.0224439
   2.5600000    0.0202141
   2.5800000    0.0181505
   2.6000000    0.0163124
   2.6200000    0.0147565
   2.6400000    0.0135389
   2.6600000    0.0127166
   2.6800000    0.0123489
   2.7000000    0.0124995
   2.7200000    0.0132366
   2.7400000    0.0146340
   2.7600000    0.0167699
   2.7800000    0.0197255
   2.8000000    0.0235827
   2.8200000    0.0284197
   2.8400000    0.0343071
   2.8600000    0.0413027
   2.8800000    0.0494475
   2.9000000    0.0587620
   2.9200000    0.0692451
   2.9400000    0.0808745
   2.9600000    0.0936105
   2.9800000    0.1074012
   3.0000000    0.1221892
   3.0200000    0.1379176
   3.0400000    0.1545341
   3.0600000    0.1719905
   3.0800000    0.1902376
   3.1000000    0.2092133
   3.1200000    0.2288263
   3.1400000    0.2489360
   3.1600000    0.2693331
   3.1800000    0.2897238
   3.2000000    0.3097220
   3.2200000    0.3288539
   3.2400000    0.3465754
   3.2600000    0.3623041
   3.2800000    0.3754620
   3.3000000    0.3855272
   3.3200000    0.3920847
   3.3400000    0.3948737
   3.3600000    0.3938213
   3.3800000    0.3890585
   3.4000000    0.3809159
   3.4200000    0.3698965
   3.4400000    0.3566302
   3.4600000    0.3418142
   3.4800000    0.3261457
   3.5000000    0.3102562
   3.5200000    0.2946542
   3.5400000    0.2796820
   3.5600000    0.2654920
   3.5800000    0.2520425
   3.6000000    0.2391122
   3.6200000    0.2263300
   3.6400000    0.2132151
   3.6600000    0.1992222
   3.6800000    0.1837877
   3.7000000    0.1663734
   3.7200000    0.1465072
   3.7400000    0.1238204
   3.7600000    0.0980844
   3.7800000    0.0692480
   3.8000000    0.0374745
   3.8200000    0.0031795
   3.8400000   -0.0329376
   3.8600000   -0.0698753
   3.8800000   -0.1063326
   3.9000000   -0.1407451
   3.9200000   -0.1713580
   3.9400000   -0.1963411
   3.9600000   -0.2139393
   3.9800000   -0.2226468
   4.0000000   -0.2213857
   4.0200000   -0.2096644
   4.0400000   -0.1876905
   4.0600000   -0.1564174
   4.0800000   -0.1175100
   4.1000000   -0.0732284
   4.1200000   -0.0262381
   4.1400000    0.0206287
   4.1600000    0.0646330
   4.1800000    0.1033754
   4.2000000    0.1349977
   4.2200000    0.1583162
   4.2400000    0.1728735
   4.2600000    0.1789095
   4.2800000    0.1772613
   4.3000000    0.1692138
   4.3200000    0.1563236
   4.3400000    0.1402427
   4.3600000    0.1225618
   4.3800000    0.1046885
   4.4000000    0.0877681
   4.4200000    0.0726461
   4.4400000    0.0598684
   4.4600000    0.0497096
   4.4800000    0.0422187
   4.5000000    0.0372729
   4.5200000    0.0346319
   4.5400000    0.0339858
   4.5600000    0.0349938
   4.5800000    0.0373141
   4.6000000    0.0406234
   4.6200000    0.0446294
   4.6400000    0.0490764
   4.6600000    0.0537481
   4.6800000    0.0584666
   4.7000000    0.0630898
   4.7200000    0.0675089
   4.7400000    0.0716431
   4.7600000    0.0754357
   4.7800000    0.0788473
   4.8000000    0.0818496
   4.8200000    0.0844182
   4.8400000    0.0865245
   4.8600000    0.0881289
   4.8800000    0.0891744
   4.9000000    0.0895831
   4.9200000    0.0892549
   4.9400000    0.0880716
   4.9600000    0.0859042
   4.9800000    0.0826259
   5.0000000    0.0781286
   5.0200000    0.0723427
   5.0400000    0.0652566
   5.0600000    0.0569360
   5.0800000    0.0475367
   5.1000000    0.0373113
   5.1200000    0.0266054
   5.1400000    0.0158432
   5.1600000    0.0055016
   5.1800000   -0.0039249
   5.2000000   -0.0119662
   5.2200000   -0.0182213
   5.2400000   -0.0223999
   5.2600000   -0.0243567
   5.2800000   -0.0241136
   5.3000000   -0.0218660
   5.3200000   -0.0179720
   5.3400000   -0.0129238
   5.3600000   -0.0073061
   5.3800000   -0.0017433
   5.4000000    0.0031576
   5.4200000    0.0068616
   5.4400000    0.0089528
   5.4600000    0.0091687
   5.4800000    0.0074175
   5.5000000    0.0037778
   5.5200000   -0.0015192
   5.5400000   -0.0081210
   5.5600000   -0.0155956
   5.5800000   -0.0234783
   5.6000000   -0.0313158
   5.6200000   -0.0387061
   5.6400000   -0.0453271
   5.6600000   -0.0509533
   5.6800000   -0.0554599
   5.7000000   -0.0588150
   5.7200000   -0.0610629
   5.7400000   -0.0623025
   5.7600000   -0.0626636
   5.7800000   -0.0622848
   5.8000000   -0.0612959
   5.8200000   -0.0598065
   5.8400000   -0.0579002
   5.8600000   -0.0556336
   5.8800000   -0.0530398
   5.9000000   -0.0501322
   5.9200000   -0.0469076
   5.9400000   -0.0433464
   5.9600000   -0.0394088
   5.9800000   -0.0350256
   6.0000000   -0.0300849
   6.0200000   -0.0244154
   6.0400000   -0.0177686
   6.0600000   -0.0098030
   6.0800000   -0.0000735
   6.1000000    0.0119678
   6.1200000    0.0269568
   6.1400000    0.0455821
   6.1600000    0.0685256
   6.1800000    0.0963789
   6.2000000    0.1295345
   6.2200000    0.1680587
   6.2400000    0.2115579
   6.2600000    0.2590512
   6.2800000    0.3088716
   6.3000000    0.3586168
   6.3200000    0.4051705
   6.3400000    0.4448108
   6.3600000    0.4734146
   6.3800000    0.4867525
   6.4000000    0.4808586
   6.4200000    0.4524426
   6.4400000    0.3992999
   6.4600000    0.3206732
   6.4800000    0.2175103
   6.5000000    0.0925790
   6.5200000   -0.0495931
   6.5400000   -0.2029611
   6.5600000   -0.3603756
   6.5800000   -0.5141266
   6.6000000   -0.6565641
   6.6200000   -0.7807272
   6.6400000   -0.8809099
   6.6600000   -0.9531016
   6.6800000   -0.9952533
   6.7000000   -1.0073459
   6.7200000   -0.9912598
   6.7400000   -0.9504741
   6.7600000   -0.8896385
   6.7800000   -0.8140761
   6.8000000   -0.7292810
   6.8200000   -0.6404617
   6.8400000   -0.5521791
   6.8600000   -0.4681013
   6.8800000   -0.3908845
   6.9000000   -0.3221719
   6.9200000   -0.2626887
   6.9400000   -0.2124023
   6.9600000   -0.1707181
   6.9800000   -0.1366808
   7.0000000   -0.1091570
   7.0200000   -0.0869844
   7.0400000   -0.0690792
   7.0600000   -0.0545016
   7.0800000   -0.0424831
   7.1000000   -0.0324254
   7.1200000   -0.0238792
   7.1400000   -0.0165126
   7.1600000   -0.0100773
   7.1800000   -0.0043776
   7.2000000    0.0007534
   7.2200000    0.0054698
   7.2400000    0.0099208
   7.2600000    0.0142523
   7.2800000    0.0186031
   7.3000000    0.0230989
   7.3200000    0.0278448
   7.3400000    0.0329189
   7.3600000    0.0383659
   7.3800000    0.0441942
   7.4000000    0.0503738
   7.4200000    0.0568366
   7.4400000    0.0634786
   7.4600000    0.0701629
   7.4800000    0.0767239
   7.5000000    0.0829723
   7.5200000    0.0886994
   7.5400000    0.0936832
   7.5600000    0.0976937
   7.5800000    0.1004989
   7.6000000    0.1018721
   7.6200000    0.1016001
   7.6400000    0.0994932
   7.6600000    0.0953968
   7.6800000    0.0892052
   7.7000000    0.0808752
   7.7200000    0.0704410
   7.7400000    0.0580252
   7.7600000    0.0438476
   7.7800000    0.0282257
   7.8000000    0.0115681
   7.8200000   -0.0056435
   7.8400000   -0.0228803
   7.8600000   -0.0396028
   7.8800000   -0.0553011
   7.9000000   -0.0695365
   7.9200000   -0.0819792
   7.9400000   -0.0924352
   7.9600000   -0.1008606
   7.9800000   -0.1073576
   8.0000000   -0.1121555
   8.0200000   -0.1155760
   8.0400000   -0.1179890
   8.0600000   -0.1197644
   8.0800000   -0.1212270
   8.1000000   -0.1226191
   8.1200000   -0.1240765
   8.1400000   -0.1256199
   8.1600000   -0.1271602
   8.1800000   -0.1285182
   8.2000000   -0.1294522
   8.2200000   -0.1296910
   8.2400000   -0.1289672
   8.2600000   -0.1270465
   8.2800000   -0.1237521
   8.3000000   -0.1189798
   8.3200000   -0.1127061
   8.3400000   -0.1049875
   8.3600000   -0.0959537
   8.3800000   -0.0857949
   8.4000000   -0.0747452
   8.4200000   -0.0630641
   8.4400000   -0.0510178
   8.4600000   -0.0388616
   8.4800000   -0.0268249
   8.5000000   -0.0151010
   8.5200000   -0.0038406
   8.5400000    0.0068487
   8.5600000    0.0168986
   8.5800000    0.0262731
   8.6000000    0.0349587
   8.6200000    0.0429535
   8.6400000    0.0502584
   8.6600000    0.0568699
   8.6800000    0.0627770
   8.7000000    0.0679610
   8.7200000    0.0724007
   8.7400000    0.0760786
   8.7600000    0.0789898
   8.7800000    0.0811502
   8.8000000    0.0826026
   8.8200000    0.0834197
   8.8400000    0.0837023
   8.8600000    0.0835726
   8.8800000    0.0831639
   8.9000000    0.0826067
   8.9200000    0.0820144
   8.9400000    0.0814697
   8.9600000    0.0810154
   8.9800000    0.0806494
   9.0000000    0.0803271
   9.0200000    0.0799694
   9.0400000    0.0794768
   9.0600000    0.0787468
   9.0800000    0.0776917
   9.1000000    0.0762555
   9.1200000    0.0744250
   9.1400000    0.0722356
   9.1600000    0.0697687
   9.1800000    0.0671425
   9.2000000    0.0644964
   9.2200000    0.0619722
   9.2400000    0.0596941
   9.2600000    0.0577515
   9.2800000    0.0561859
   9.3000000    0.0549849
   9.3200000    0.0540834
   9.3400000    0.0533726
   9.3600000    0.0527131
   9.3800000    0.0519541
   9.4000000    0.0509510
   9.4200000    0.0495837
   9.4400000    0.0477694
   9.4600000    0.0454711
   9.4800000    0.0426999
   9.5000000    0.0395113
   9.5200000    0.0359971
   9.5400000    0.0322743
   9.5600000    0.0284724
   9.5800000    0.0247219
   9.6000000    0.0211437
   9.6200000    0.0178426
   9.6400000    0.0149030
   9.6600000    0.0123883
   9.6800000    0.0103425
   9.7000000    0.0087938
   9.7200000    0.0077577
   9.7400000    0.0072417
   9.7600000    0.0072478
   9.7800000    0.0077741
   9.8000000    0.0088155
   9.8200000    0.0103619
   9.8400000    0.0123971
   9.8600000    0.0148947
   9.8800000    0.0178156
   9.9000000    0.0211046
   9.9200000    0.0246884
   9.9400000    0.0284736
   9.9600000    0.0323479
   9.9800000    0.0361817
  10.0000000    0.0398327
  10.0200000    0.0431523
  10.0400000    0.0459932
  10.0600000    0.0482195
  10.0800000    0.0497160
  10.1000000    0.0503977
  10.1200000    0.0502176
  10.1400000    0.0491718
  10.1600000    0.0473012
  10.1800000    0.0446893
  10.2000000    0.0414554
  10.2200000    0.0377441
  10.2400000    0.0337127
  10.2600000    0.0295156
  10.2800000    0.0252898
  10.3000000    0.0211417
  10.3200000    0.0171379
  10.3400000    0.0132995
  10.3600000    0.0096035
  10.3800000    0.0059877
  10.4000000    0.0023621
  10.4200000   -0.0013778
  10.4400000   -0.0053356
  10.4600000   -0.0095988
  10.4800000   -0.0142265
  10.5000000   -0.0192407
  10.5200000   -0.0246226
  10.5400000   -0.0303135
  10.5600000   -0.0362202
  10.5800000   -0.0422240
  10.6000000   -0.0481911
  10.6200000   -0.0539835
  10.6400000   -0.0594688
  10.6600000   -0.0645278
  10.6800000   -0.0690601
  10.7000000   -0.0729856
  10.7200000   -0.0762453
  10.7400000   -0.0787989
  10.7600000   -0.0806219
  10.7800000   -0.0817017
  10.8000000   -0.0820332
  10.8200000   -0.0816142
  10.8400000   -0.0804405
  10.8600000   -0.0784995
  10.8800000   -0.0757630
  10.9000000   -0.0721781
  10.9200000   -0.0676567
  10.9400000   -0.0620648
  10.9600000   -0.0552109
  10.9800000   -0.0468373
  11.0000000   -0.0366166
  11.0200000   -0.0241545
  11.0400000   -0.0090038
  11.0600000    0.0093084
  11.0800000    0.0312407
  11.1000000    0.0571830
  11.1200000    0.0873919
  11.1400000    0.1219212
  11.1600000    0.1605553
  11.1800000    0.2027553
  11.2000000    0.2476290
  11.2200000    0.2939321
  11.2400000    0.3401088
  11.2600000    0.3843731
  11.2800000    0.4248263
  11.3000000    0.4596008
  11.3200000    0.4870160
  11.3400000    0.5057275
  11.3600000    0.5148506
  11.3800000    0.5140424
  11.4000000    0.5035312
  11.4200000    0.4840889
  11.4400000    0.4569511
  11.4600000    0.4236954
  11.4800000    0.3860936
  11.5000000    0.3459581
  11.5200000    0.3049995
  11.5400000    0.2647106
  11.5600000    0.2262875
  11.5800000    0.1905912
  11.6000000    0.1581474
  11.6200000    0.1291784
  11.6400000    0.1036583
  11.6600000    0.0813794
  11.6800000    0.0620211
  11.7000000    0.0452119
  11.7200000    0.0305802
  11.7400000    0.0177895
  11.7600000    0.0065583
  11.7800000   -0.0033336
  11.8000000   -0.0120506
  11.8200000   -0.0197138
  11.8400000   -0.0264186
  11.8600000   -0.0322520
  11.8800000   -0.0373083
  11.9000000   -0.0417004
  11.9200000   -0.0455656
  11.9400000   -0.0490648
  11.9600000   -0.0523765
  11.9800000   -0.0556842
  12.0000000   -0.0591612
  12.0200000   -0.0629530
  12.0400000   -0.0671596
  12.0600000   -0.0718204
  12.0800000   -0.0769042
  12.1000000   -0.0823045
  12.1200000   -0.0878439
  12.1400000   -0.0932858
  12.1600000   -0.0983541
  12.1800000   -0.1027593
  12.2000000   -0.1062290
  12.2200000   -0.1085391
  12.2400000   -0.1095429
  12.2600000   -0.1091955
  12.2800000   -0.1075699
  12.3000000   -0.1048641
  12.3200000   -0.1013977
  12.3400000   -0.0975993
  12.3600000   -0.0939843
  12.3800000   -0.0911263
  12.4000000   -0.0896225
  12.4200000   -0.0900552
  12.4400000   -0.0929519
  12.4600000   -0.0987439
  12.4800000   -0.1077268
  12.5000000   -0.1200247
  12.5200000   -0.1355606
  12.5400000   -0.1540370
  12.5600000   -0.1749304
  12.5800000   -0.1975027
  12.6000000   -0.2208326
  12.6200000   -0.2438666
  12.6400000   -0.2654877
  12.6600000   -0.2845983
  12.6800000   -0.3002084
  12.7000000   -0.3115207
  12.7200000   -0.3180040
  12.7400000   -0.3194431
  12.7600000   -0.3159623
  12.7800000   -0.3080153
  12.8000000   -0.2963440
  12.8200000   -0.2819099
  12.8400000   -0.2658055
  12.8600000   -0.2491558
  12.8800000   -0.2330210
  12.9000000   -0.2183095
  12.9200000   -0.2057114
  12.9400000   -0.1956563
  12.9600000   -0.1882991
  12.9800000   -0.1835328
  13.0000000   -0.1810243
  13.0200000   -0.1802674
  13.0400000   -0.1806473
  13.0600000   -0.1815070
  13.0800000   -0.1822113
  13.1000000   -0.1822003
  13.1200000   -0.1810307
  13.1400000   -0.1784001
  13.1600000   -0.1741575
  13.1800000   -0.1682971
  13.2000000   -0.1609418
  13.2200000   -0.1523171
  13.2400000   -0.1427210
  13.2600000   -0.1324920
  13.2800000   -0.1219788
  13.3000000   -0.1115146
  13.3200000   -0.1013971
  13.3400000   -0.0918746
  13.3600000   -0.0831388
  13.3800000   -0.0753231
  13.4000000   -0.0685057
  13.4200000   -0.0627152
  13.4400000   -0.0579387
  13.4600000   -0.0541292
  13.4800000   -0.0512129
  13.5000000   -0.0490951
  13.5200000   -0.0476650
  13.5400000   -0.0467987
  13.5600000   -0.0463629
  13.5800000   -0.0462181
  13.6000000   -0.0462232
  13.6200000   -0.0462414
  13.6400000   -0.0461474
  13.6600000   -0.0458352
  13.6800000   -0.0452261
  13.7000000   -0.0442757
  13.7200000   -0.0429783
  13.7400000   -0.0413686
  13.7600000   -0.0395194
  13.7800000   -0.0375361
  13.8000000   -0.0355466
  13.8200000   -0.0336910
  13.8400000   -0.0321079
  13.8600000   -0.0309235
  13.8800000   -0.0302409
  13.9000000   -0.0301336
  13.9200000   -0.0306427
  13.9400000   -0.0317784
  13.9600000   -0.0335252
  13.9800000   -0.0358498
  14.0000000   -0.0387108
  14.0200000   -0.0420679
  14.0400000   -0.0458895
  14.0600000   -0.0501569
  14.0800000   -0.0548647
  14.1000000   -0.0600173
  14.1200000   -0.0656206
  14.1400000   -0.0716726
  14.1600000   -0.0781521
  14.1800000   -0.0850086
  14.2000000   -0.0921558
  14.2200000   -0.0994693
  14.2400000   -0.1067902
  14.2600000   -0.1139341
  14.2800000   -0.1207062
  14.3000000   -0.1269191
  14.3200000   -0.1324125
  14.3400000   -0.1370721
  14.3600000   -0.1408443
  14.3800000   -0.1437466
  14.4000000   -0.1458698
  14.4200000   -0.1473747
  14.4400000   -0.1484804
  14.4600000   -0.1494481
  14.4800000   -0.1505613
  14.5000000   -0.1521027
  14.5200000   -0.1543332
  14.5400000   -0.1574702
  14.5600000   -0.1616714
  14.5800000   -0.1670205
  14.6000000   -0.1735195
  14.6200000   -0.1810852
  14.6400000   -0.1895522
  14.6600000   -0.1986819
  14.6800000   -0.2081772
  14.7000000   -0.2177040
  14.7200000   -0.2269164
  14.7400000   -0.2354867
  14.7600000   -0.2431361
  14.7800000   -0.2496649
  14.8000000   -0.2549782
  14.8200000   -0.2591051
  14.8400000   -0.2622072
  14.8600000   -0.2645745
  14.8800000   -0.2666085
  14.9000000   -0.2687891
  14.9200000   -0.2716302
  14.9400000   -0.2756249
  14.9600000   -0.2811849
  14.9800000   -0.2885829
  15.0000000   -0.2979009
  15.0200000   -0.3089963
  15.0400000   -0.3214883
  15.0600000   -0.3347709
  15.0800000   -0.3480533
  15.1000000   -0.3604244
  15.1200000   -0.3709360
  15.1400000   -0.3786959
  15.1600000   -0.3829576
  15.1800000   -0.3831981
  15.2000000   -0.3791720
  15.2200000   -0.3709359
  15.2400000   -0.3588414
  15.2600000   -0.3434984
  15.2800000   -0.3257145
  15.3000000   -0.3064212
  15.3200000   -0.2865938
  15.3400000   -0.2671774
  15.3600000   -0.2490238
  15.3800000   -0.2328443
  15.4000000   -0.2191800
  15.4200000   -0.2083877
  15.4400000   -0.2006383
  15.4600000   -0.1959263
  15.4800000   -0.1940846
  15.5000000   -0.1948052
  15.5200000   -0.1976640
  15.5400000   -0.2021485
  15.5600000   -0.2076902
  15.5800000   -0.2136989
  15.6000000   -0.2195995
  15.6200000   -0.2248671
  15.6400000   -0.2290592
  15.6600000   -0.2318398
  15.6800000   -0.2329942
  15.7000000   -0.2324327
  15.7200000   -0.2301822
  15.7400000   -0.2263689
  15.7600000   -0.2211932
  15.7800000   -0.2149022
  15.8000000   -0.2077621
  15.8200000   -0.2000356
  15.8400000   -0.1919637
  15.8600000   -0.1837565
  15.8800000   -0.1755886
  15.9000000   -0.1676000
  15.9200000   -0.1598997
  15.9400000   -0.1525689
  15.9600000   -0.1456641
  15.9800000   -0.1392168
  16.0000000   -0.1332324
  16.0200000   -0.1276881
  16.0400000   -0.1225308
  16.0600000   -0.1176777
  16.0800000   -0.1130209
  16.1000000   -0.1084348
  16.1200000   -0.1037879
  16.1400000   -0.0989561
  16.1600000   -0.0938372
  16.1800000   -0.0883630
  16.2000000   -0.0825081
  16.2200000   -0.0762935
  16.2400000   -0.0697851
  16.2600000   -0.0630867
  16.2800000   -0.0563296
  16.3000000   -0.0496592
  16.3200000   -0.0432220
  16.3400000   -0.0371536
  16.3600000   -0.0315696
  16.3800000   -0.0265600
  16.4000000   -0.0221873
  16.4200000   -0.0184877
  16.4400000   -0.0154741
  16.4600000   -0.0131409
  16.4800000   -0.0114683
  16.5000000   -0.0104256
  16.5200000   -0.0099741
  16.5400000   -0.0100667
  16.5600000   -0.0106483
  16.5800000   -0.0116535
  16.6000000   -0.0130057
  16.6200000   -0.0146160
  16.6400000   -0.0163839
  16.6600000   -0.0181997
  16.6800000   -0.0199484
  16.7000000   -0.0215162
  16.7200000   -0.0227968
  16.7400000   -0.0236996
  16.7600000   -0.0241559
  16.7800000   -0.0241246
  16.8000000   -0.0235959
  16.8200000   -0.0225920
  16.8400000   -0.0211654
  16.8600000   -0.0193949
  16.8800000   -0.0173800
  16.9000000   -0.0152330
  16.9200000   -0.0130724
  16.9400000   -0.0110141
  16.9600000   -0.0091658
  16.9800000   -0.0076202
  17.0000000   -0.0064514
  17.0200000   -0.0057109
  17.0400000   -0.0054268
  17.0600000   -0.0056023
  17.0800000   -0.0062170
  17.1000000   -0.0072285
  17.1200000   -0.0085744
  17.1400000   -0.0101768
  17.1600000   -0.0119453
  17.1800000   -0.0137822
  17.2000000   -0.0155869
  17.2200000   -0.0172606
  17.2400000   -0.0187106
  17.2600000   -0.0198539
  17.2800000   -0.0206206
  17.3000000   -0.0209556
  17.3200000   -0.0208205
  17.3400000   -0.0201942
  17.3600000   -0.0190732
  17.3800000   -0.0174715
  17.4000000   -0.0154202
  17.4200000   -0.0129667
  17.4400000   -0.0101741
  17.4600000   -0.0071198
  17.4800000   -0.0038931
  17.5000000   -0.0005925
  17.5200000    0.0026781
  17.5400000    0.0058141
  17.5600000    0.0087156
  17.5800000    0.0112931
  17.6000000    0.0134722
  17.6200000    0.0151981
  17.6400000    0.0164382
  17.6600000    0.0171825
  17.6800000    0.0174425
  17.7000000    0.0172480
  17.7200000    0.0166418
  17.7400000    0.0156737
  17.7600000    0.0143939
  17.7800000    0.0128457
  17.8000000    0.0110595
  17.8200000    0.0090470
  17.8400000    0.0067966
  17.8600000    0.0042720
  17.8800000    0.0014109
  17.9000000   -0.0018712
  17.9200000   -0.0056760
  17.9400000   -0.0101124
  17.9600000   -0.0152844
  17.9800000   -0.0212759
  18.0000000   -0.0281333
  18.0200000   -0.0358495
  18.0400000   -0.0443493
  18.0600000   -0.0534794
  18.0800000   -0.0630051
  18.1000000   -0.0726151
  18.1200000   -0.0819347
  18.1400000   -0.0905479
  18.1600000   -0.0980248
  18.1800000   -0.1039536
  18.2000000   -0.1079725
  18.2200000   -0.1097976
  18.2400000   -0.1092448
  18.2600000   -0.1062422
  18.2800000   -0.1008314
  18.3000000   -0.0931596
  18.3200000   -0.0834625
  18.3400000   -0.0720405
  18.3600000   -0.0592325
  18.3800000   -0.0453894
  18.4000000   -0.0308499
  18.4200000   -0.0159205
  18.4400000   -0.0008614
  18.4600000    0.0141239
  18.4800000    0.0288938
  18.5000000    0.0433721
  18.5200000    0.0575510
  18.5400000    0.0714946
  18.5600000    0.0853438
  18.5800000    0.0993233
  18.6000000    0.1137491
  18.6200000    0.1290337
  18.6400000    0.1456869
  18.6600000    0.1643067
  18.6800000    0.1855581
  18.7000000    0.2101341
  18.7200000    0.2386995
  18.7400000    0.2718166
  18.7600000    0.3098582
  18.7800000    0.3529158
  18.8000000    0.4007139
  18.8200000    0.4525440
  18.8400000    0.5072329
  18.8600000    0.5631557
  18.8800000    0.6183032
  18.9000000    0.6704019
  18.9200000    0.7170819
  18.9400000    0.7560749
  18.9600000    0.7854241
  18.9800000    0.8036773
  19.0000000    0.8100402
  19.0200000    0.8044680
  19.0400000    0.7876812
  19.0600000    0.7611029
  19.0800000    0.7267230
  19.1000000    0.6869078
  19.1200000    0.6441780
  19.1400000    0.6009820
  19.1600000    0.5594919
  19.1800000    0.5214442
  19.2000000    0.4880404
  19.2200000    0.4599129
  19.2400000    0.4371556
  19.2600000    0.4194063
  19.2800000    0.4059665
  19.3000000    0.3959389
  19.3200000    0.3883637
  19.3400000    0.3823376
  19.3600000    0.3771029
  19.3800000    0.3721008
  19.4000000    0.3669888
  19.4200000    0.3616265
  19.4400000    0.3560386
  19.4600000    0.3503647
  19.4800000    0.3448063
  19.5000000    0.3395791
  19.5200000    0.3348758
  19.5400000    0.3308405
  19.5600000    0.3275551
  19.5800000    0.3250337
  19.6000000    0.3232221
  19.6200000    0.3219984
  19.6400000    0.3211747
  19.6600000    0.3204986
  19.6800000    0.3196569
  19.7000000    0.3182844
  19.7200000    0.3159800
  19.7400000    0.3123309
  19.7600000    0.3069457
  19.7800000    0.2994925
  19.8000000    0.2897379
  19.8200000    0.2775815
  19.8400000    0.2630797
  19.8600000    0.2464545
  19.8800000    0.2280849
  19.9000000    0.2084811
  19.9200000    0.1882438
  19.9400000    0.1680150
  19.9600000    0.1484248
  19.9800000    0.1300427
  20.0000000    0.1133378
  20.0200000    0.0986516
  20.0400000    0.0861870
  20.0600000    0.0760106
  20.0800000    0.0680687
  20.1000000    0.0622107
  20.1200000    0.0582187
  20.1400000    0.0558373
  20.1600000    0.0548002
  20.1800000    0.0548536
  20.2000000    0.0557714
  20.2200000    0.0573652
  20.2400000    0.0594873
  20.2600000    0.0620288
  20.2800000    0.0649142
  20.3000000    0.0680928
  20.3200000    0.0715298
  20.3400000    0.0751973
  20.3600000    0.0790663
  20.3800000    0.0831005
  20.4000000    0.0872520
  20.4200000    0.0914601
  20.4400000    0.0956511
  20.4600000    0.0997407
  20.4800000    0.1036378
  20.5000000    0.1072496
  20.5200000    0.1104863
  20.5400000    0.1132673
  20.5600000    0.1155260
  20.5800000    0.1172139
  20.6000000    0.1183043
  20.6200000    0.1187939
  20.6400000    0.1187032
  20.6600000    0.1180756
  20.6800000    0.1169744
  20.7000000    0.1154788
  20.7200000    0.1136784
  20.7400000    0.1116678
  20.7600000    0.1095395
  20.7800000    0.1073794
  20.8000000    0.1052612
  20.8200000    0.1032434
  20.8400000    0.1013683
  20.8600000    0.0996615
  20.8800000    0.0981345
  20.9000000    0.0967872
  20.9200000    0.0956122
  20.9400000    0.0945988
  20.9600000    0.0937362
  20.9800000    0.0930166
  21.0000000    0.0924374
  21.0200000    0.0920018
  21.0400000    0.0917191
  21.0600000    0.0916038
  21.0800000    0.0916746
  21.1000000    0.0919522
  21.1200000    0.0924569
  21.1400000    0.0932054
  21.1600000    0.0942076
  21.1800000    0.0954620
  21.2000000    0.0969518
  21.2200000    0.0986411
  21.2400000    0.1004719
  21.2600000    0.1023634
  21.2800000    0.1042125
  21.3000000    0.1058984
  21.3200000    0.1072889
  21.3400000    0.1082494
  21.3600000    0.1086530
  21.3800000    0.1083915
  21.4000000    0.1073843
  21.4200000    0.1055862
  21.4400000    0.1029911
  21.4600000    0.0996323
  21.4800000    0.0955797
  21.5000000    0.0909332
  21.5200000    0.0858146
  21.5400000    0.0803584
  21.5600000    0.0747024
  21.5800000    0.0689801
  21.6000000    0.0633144
  21.6200000    0.0578127
  21.6400000    0.0525649
  21.6600000    0.0476420
  21.6800000    0.0430968
  21.7000000    0.0389641
  21.7200000    0.0352629
  21.7400000    0.0319982
  21.7600000    0.0291627
  21.7800000    0.0267398
  21.8000000    0.0247054
  21.8200000    0.0230312
  21.8400000    0.0216864
  21.8600000    0.0206403
  21.8800000    0.0198633
  21.9000000    0.0193286
  21.9200000    0.0190121
  21.9400000    0.0188931
  21.9600000    0.0189544
  21.9800000    0.0191829
  22.0000000    0.0195709
  22.0200000    0.0201177
  22.0400000    0.0208321
  22.0600000    0.0217342
  22.0800000    0.0228573
  22.1000000    0.0242479
  22.1200000    0.0259641
  22.1400000    0.0280712
  22.1600000    0.0306349
  22.1800000    0.0337117
  22.2000000    0.0373378
  22.2200000    0.0415173
  22.2400000    0.0462106
  22.2600000    0.0513257
  22.2800000    0.0567132
  22.3000000    0.0621655
  22.3200000    0.0674228
  22.3400000    0.0721847
  22.3600000    0.0761276
  22.3800000    0.0789270
  22.4000000    0.0802836
  22.4200000    0.0799497
  22.4400000    0.0777555
  22.4600000    0.0736314
  22.4800000    0.0676256
  22.5000000    0.0599119
  22.5200000    0.0507900
  22.5400000    0.0406741
  22.5600000    0.0300719
  22.5800000    0.0195535
  22.6000000    0.0097137
  22.6200000    0.0011299
  22.6400000   -0.0056810
  22.6600000   -0.0103016
  22.6800000   -0.0124456
  22.7000000   -0.0119798
  22.7200000   -0.0089316
  22.7400000   -0.0034850
  22.7600000    0.0040378
  22.7800000    0.0132035
  22.8000000    0.0235030
  22.8200000    0.0343895
  22.8400000    0.0453149
  22.8600000    0.0557630
  22.8800000    0.0652756
  22.9000000    0.0734705
  22.9200000    0.0800518
  22.9400000    0.0848137
  22.9600000    0.0876381
  22.9800000    0.0884895
  23.0000000    0.0874074
  23.0200000    0.0844972
  23.0400000    0.0799219
  23.0600000    0.0738915
  23.0800000    0.0666532
  23.1000000    0.0584796
  23.1200000    0.0496560
  23.1400000    0.0404670
  23.1600000    0.0311833
  23.1800000    0.0220483
  23.2000000    0.0132683
  23.2200000    0.0050036
  23.2400000   -0.0026356
  23.2600000   -0.0095913
  23.2800000   -0.0158573
  23.3000000   -0.0214775
  23.3200000   -0.0265455
  23.3400000   -0.0312072
  23.3600000   -0.0356682
  23.3800000   -0.0402079
  23.4000000   -0.0452013
  23.4200000   -0.0511483
  23.4400000   -0.0587086
  23.4600000   -0.0687401
  23.4800000   -0.0823338
  23.5000000   -0.1008385
  23.5200000   -0.1258667
  23.5400000   -0.1592692
  23.5600000   -0.2030698
  23.5800000   -0.2593503
  23.6000000   -0.3300829
  23.6200000   -0.4169120
  23.6400000   -0.5208970
  23.6600000   -0.6422398
  23.6800000   -0.7800260
  23.7000000   -0.9320211
  23.7200000   -1.0945601
  23.7400000   -1.2625678
  23.7600000   -1.4297348
  23.7800000   -1.5888540
  23.8000000   -1.7323028
  23.8200000   -1.8526293
  23.8400000   -1.9431823
  23.8600000   -1.9987132
  23.8800000   -2.0158721
  23.9000000   -1.9935348
  23.9200000   -1.9329162
  23.9400000   -1.8374539
  23.9600000   -1.7124775
  23.9800000   -1.5647093
  24.0000000   -1.4016603
  24.0200000   -1.2309969
  24.0400000   -1.0599537
  24.0600000   -0.8948509
  24.0800000   -0.7407580
  24.1000000   -0.6013204
  24.1200000   -0.4787422
  24.1400000   -0.3739001
  24.1600000   -0.2865530
  24.1800000   -0.2156035
  24.2000000   -0.1593755
  24.2200000   -0.1158733
  24.2400000   -0.0830020
  24.2600000   -0.0587352
  24.2800000   -0.0412304
  24.3000000   -0.0288935
  24.3200000   -0.0204029
  24.3400000   -0.0147040
  24.3600000   -0.0109837
  24.3800000   -0.0086345
  24.4000000   -0.0072159
  24.4200000   -0.0064177
  24.4400000   -0.0060271
  24.4600000   -0.0059028
  24.4800000   -0.0059547
  24.5000000   -0.0061293
  24.5200000   -0.0064002
  24.5400000   -0.0067619
  24.5600000   -0.0072262
  24.5800000   -0.0078211
  24.6000000   -0.0085899
  24.6200000   -0.0095905
  24.6400000   -0.0108945
  24.6600000   -0.0125846
  24.6800000   -0.0147514
  24.7000000   -0.0174880
  24.7200000   -0.0208835
  24.7400000   -0.0250152
  24.7600000   -0.0299415
  24.7800000   -0.0356937
  24.8000000   -0.0422719
  24.8200000   -0.0496409
  24.8400000   -0.0577318
  24.8600000   -0.0664449
  24.8800000   -0.0756574
  24.9000000   -0.0852319
  24.9200000   -0.0950261
  24.9400000   -0.1049021
  24.9600000   -0.1147324
  24.9800000   -0.1244034
  25.0000000   -0.1338157
  25.0200000   -0.1428807
  25.0400000   -0.1515162
  25.0600000   -0.1596422
  25.0800000   -0.1671787
  25.1000000   -0.1740471
  25.1200000   -0.1801760
  25.1400000   -0.1855111
  25.1600000   -0.1900271
  25.1800000   -0.1937400
  25.2000000   -0.1967169
  25.2200000   -0.1990808
  25.2400000   -0.2010071
  25.2600000   -0.2027136
  25.2800000   -0.2044414
  25.3000000   -0.2064310
  25.3200000   -0.2088955
  25.3400000   -0.2119944
  25.3600000   -0.2158118
  25.3800000   -0.2203424
  25.4000000   -0.2254866
  25.4200000   -0.2310560
  25.4400000   -0.2367887
  25.4600000   -0.2423723
  25.4800000   -0.2474722
  25.5000000   -0.2517619
  25.5200000   -0.2549515
  25.5400000   -0.2568129
  25.5600000   -0.2571974
  25.5800000   -0.2560455
  25.6000000   -0.2533873
  25.6200000   -0.2493353
  25.6400000   -0.2440678
  25.6600000   -0.2378077
  25.6800000   -0.2307974
  25.7000000   -0.2232733
  25.7200000   -0.2154416
  25.7400000   -0.2074600
  25.7600000   -0.1994258
  25.7800000   -0.1913722
  25.8000000   -0.1832732
  25.8200000   -0.1750563
  25.8400000   -0.1666208
  25.8600000   -0.1578599
  25.8800000   -0.1486824
  25.9000000   -0.1390324
  25.9200000   -0.1289033
  25.9400000   -0.1183451
  25.9600000   -0.1074640
  25.9800000   -0.0964147
  26.0000000   -0.0853874
  26.0200000   -0.0745902
  26.0400000   -0.0642306
  26.0600000   -0.0544978
  26.0800000   -0.0455479
  26.1000000   -0.0374936
  26.1200000   -0.0303988
  26.1400000   -0.0242782
  26.1600000   -0.0191018
  26.1800000   -0.0148020
  26.2000000   -0.0112839
  26.2200000   -0.0084352
  26.2400000   -0.0061368
  26.2600000   -0.0042723
  26.2800000   -0.0027346
  26.3000000   -0.0014319
  26.3200000   -0.0002908
  26.3400000    0.0007421
  26.3600000    0.0017005
  26.3800000    0.0025998
  26.4000000    0.0034391
  26.4200000    0.0042046
  26.4400000    0.0048726
  26.4600000    0.0054134
  26.4800000    0.0057948
  26.5000000    0.0059859
  26.5200000    0.0059607
  26.5400000    0.0057006
  26.5600000    0.0051972
  26.5800000    0.0044539
  26.6000000    0.0034863
  26.6200000    0.0023223
  26.6400000    0.0010005
  26.6600000   -0.0004313
  26.6800000   -0.0019191
  26.7000000   -0.0034055
  26.7200000   -0.0048327
  26.7400000   -0.0061455
  26.7600000   -0.0072942
  26.7800000   -0.0082368
  26.8000000   -0.0089417
  26.8200000   -0.0093891
  26.8400000   -0.0095730
  26.8600000   -0.0095024
  26.8800000   -0.0092011
  26.9000000   -0.0087079
  26.9200000   -0.0080746
  26.9400000   -0.0073627
  26.9600000   -0.0066392
  26.9800000   -0.0059708
  27.0000000   -0.0054179
  27.0200000   -0.0050277
  27.0400000   -0.0048286
  27.0600000   -0.0048262
  27.0800000   -0.0050006
  27.1000000   -0.0053065
  27.1200000   -0.0056768
  27.1400000   -0.0060277
  27.1600000   -0.0062662
  27.1800000   -0.0062994
  27.2000000   -0.0060435
  27.2200000   -0.0054328
  27.2400000   -0.0044271
  27.2600000   -0.0030170
  27.2800000   -0.0012266
  27.3000000    0.0008873
  27.3200000    0.0032383
  27.3400000    0.0057167
  27.3600000    0.0081982
  27.3800000    0.0105531
  27.4000000    0.0126580
  27.4200000    0.0144051
  27.4400000    0.0157119
  27.4600000    0.0165281
  27.4800000    0.0168400
  27.5000000    0.0166716
  27.5200000    0.0160826
  27.5400000    0.0151639
  27.5600000    0.0140297
  27.5800000    0.0128089
  27.6000000    0.0116350
  27.6200000    0.0106359
  27.6400000    0.0099251
  27.6600000    0.0095937
  27.6800000    0.0097045
  27.7000000    0.0102884
  27.7200000    0.0113439
  27.7400000    0.0128382
  27.7600000    0.0147120
  27.7800000    0.0168866
  27.8000000    0.0192724
  27.8200000    0.0217799
  27.8400000    0.0243303
  27.8600000    0.0268662
  27.8800000    0.0293597
  27.9000000    0.0318178
  27.9200000    0.0342831
  27.9400000    0.0368298
  27.9600000    0.0395545
  27.9800000    0.0425629
  28.0000000    0.0459526
  28.0200000    0.0497947
  28.0400000    0.0541155
  28.0600000    0.0588802
  28.0800000    0.0639813
  28.1000000    0.0692317
  28.1200000    0.0743648
  28.1400000    0.0790410
  28.1600000    0.0828617
  28.1800000    0.0853886
  28.2000000    0.0861702
  28.2200000    0.0847720
  28.2400000    0.0808108
  28.2600000    0.0739926
  28.2800000    0.0641485
  28.3000000    0.0512708
  28.3200000    0.0355419
  28.3400000    0.0173546
  28.3600000   -0.0026818
  28.3800000   -0.0237523
  28.4000000   -0.0448670
  28.4200000   -0.0649130
  28.4400000   -0.0827244
  28.4600000   -0.0971674
  28.4800000   -0.1072314
  28.5000000   -0.1121181
  28.5200000   -0.1113176
  28.5400000   -0.1046628
  28.5600000   -0.0923532
  28.5800000   -0.0749454
  28.6000000   -0.0533097
  28.6200000   -0.0285575
  28.6400000   -0.0019473
  28.6600000    0.0252198
  28.6800000    0.0517026
  28.7000000    0.0764111
  28.7200000    0.0984751
  28.7400000    0.1172867
  28.7600000    0.1325135
  28.7800000    0.1440845
  28.8000000    0.1521546
  28.8200000    0.1570525
  28.8400000    0.1592221
  28.8600000    0.1591632
  28.8800000    0.1573786
  28.9000000    0.1543312
  28.9200000    0.1504144
  28.9400000    0.1459349
  28.9600000    0.1411090
  28.9800000    0.1360679
  29.0000000    0.1308707
  29.0200000    0.1255231
  29.0400000    0.1199980
  29.0600000    0.1142557
  29.0800000    0.1082636
  29.1000000    0.1020116
  29.1200000    0.0955232
  29.1400000    0.0888620
  29.1600000    0.0821313
  29.1800000    0.0754689
  29.2000000    0.0690367
  29.2200000    0.0630065
  29.2400000    0.0575442
  29.2600000    0.0527930
  29.2800000    0.0488591
  29.3000000    0.0458004
  29.3200000    0.0436200
  29.3400000    0.0422656
  29.3600000    0.0416337
  29.3800000    0.0415793
  29.4000000    0.0419298
  29.4200000    0.0425000
  29.4400000    0.0431091
  29.4600000    0.0435951
  29.4800000    0.0438275
  29.5000000    0.0437153
  29.5200000    0.0432104
  29.5400000    0.0423063
  29.5600000    0.0410330
  29.5800000    0.0394482
  29.6000000    0.0376271
  29.6200000    0.0356516
  29.6400000    0.0336008
  29.6600000    0.0315435
  29.6800000    0.0295335
  29.7000000    0.0276081
  29.7200000    0.0257894
  29.7400000    0.0240880
  29.7600000    0.0225080
  29.7800000    0.0210532
  29.8000000    0.0197327
  29.8200000    0.0185660
  29.8400000    0.0175871
  29.8600000    0.0168467
  29.8800000    0.0164125
  29.9000000    0.0163684
  29.9200000    0.0168110
  29.9400000    0.0178452
  29.9600000    0.0195778
  29.9800000    0.0221093
  30.0000000    0.0255250
