 -10.0000000   -0.0275661
  -9.9800000   -0.0241081
  -9.9600000   -0.0204660
  -9.9400000   -0.0167234
  -9.9200000   -0.0129777
  -9.9000000   -0.0093349
  -9.8800000   -0.0059037
  -9.8600000   -0.0027873
  -9.8400000   -0.0000766
  -9.8200000    0.0021571
  -9.8000000    0.0038677
  -9.7800000    0.0050377
  -9.7600000    0.0056795
  -9.7400000    0.0058337
  -9.7200000    0.0055647
  -9.7000000    0.0049540
  -9.6800000    0.0040922
  -9.6600000    0.0030708
  -9.6400000    0.0019738
  -9.6200000    0.0008720
  -9.6000000   -0.0001815
  -9.5800000   -0.0011523
  -9.5600000   -0.0020239
  -9.5400000   -0.0027940
  -9.5200000   -0.0034697
  -9.5000000   -0.0040625
  -9.4800000   -0.0045825
  -9.4600000   -0.0050344
  -9.4400000   -0.0054142
  -9.4200000   -0.0057081
  -9.4000000   -0.0058927
  -9.3800000   -0.0059369
  -9.3600000   -0.0058052
  -9.3400000   -0.0054619
  -9.3200000   -0.0048762
  -9.3000000   -0.0040270
  -9.2800000   -0.0029074
  -9.2600000   -0.0015285
  -9.2400000    0.0000786
  -9.2200000    0.0018623
  -9.2000000    0.0037530
  -9.1800000    0.0056670
  -9.1600000    0.0075132
  -9.1400000    0.0092004
  -9.1200000    0.0106461
  -9.1000000    0.0117840
  -9.0800000    0.0125709
  -9.0600000    0.0129904
  -9.0400000    0.0130538
  -9.0200000    0.0127983
  -9.0000000    0.0122816
  -8.9800000    0.0115741
  -8.9600000    0.0107506
  -8.9400000    0.0098815
  -8.9200000    0.0090246
  -8.9000000    0.0082202
  -8.8800000    0.0074879
  -8.8600000    0.0068271
  -8.8400000    0.0062194
  -8.8200000    0.0056339
  -8.8000000    0.0050336
  -8.7800000    0.0043809
  -8.7600000    0.0036442
  -8.7400000    0.0028013
  -8.7200000    0.0018419
  -8.7000000    0.0007676
  -8.6800000   -0.0004096
  -8.6600000   -0.0016703
  -8.6400000   -0.0029914
  -8.6200000   -0.0043493
  -8.6000000   -0.0057227
  -8.5800000   -0.0070946
  -8.5600000   -0.0084518
  -8.5400000   -0.0097845
  -8.5200000   -0.0110838
  -8.5000000   -0.0123395
  -8.4800000   -0.0135372
  -8.4600000   -0.0146571
  -8.4400000   -0.0156725
  -8.4200000   -0.0165514
  -8.4000000   -0.0172577
  -8.3800000   -0.0177547
  -8.3600000   -0.0180095
  -8.3400000   -0.0179962
  -8.3200000   -0.0177008
  -8.3000000   -0.0171232
  -8.2800000   -0.0162794
  -8.2600000   -0.0152014
  -8.2400000   -0.0139357
  -8.2200000   -0.0125410
  -8.2000000   -0.0110841
  -8.1800000   -0.0096357
  -8.1600000   -0.0082659
  -8.1400000   -0.0070399
  -8.1200000   -0.0060139
  -8.1000000   -0.0052318
  -8.0800000   -0.0047231
  -8.0600000   -0.0045010
  -8.0400000   -0.0045628
  -8.0200000   -0.0048898
  -8.0000000   -0.0054497
  -7.9800000   -0.0061996
  -7.9600000   -0.0070890
  -7.9400000   -0.0080648
  -7.9200000   -0.0090758
  -7.9000000   -0.0100772
  -7.8800000   -0.0110345
  -7.8600000   -0.0119267
  -7.8400000   -0.0127481
  -7.8200000   -0.0135084
  -7.8000000   -0.0142316
  -7.7800000   -0.0149529
  -7.7600000   -0.0157147
  -7.7400000   -0.0165613
  -7.7200000   -0.0175336
  -7.7000000   -0.0186633
  -7.6800000   -0.0199678
  -7.6600000   -0.0214468
  -7.6400000   -0.0230799
  -7.6200000   -0.0248261
  -7.6000000   -0.0266258
  -7.5800000   -0.0284046
  -7.5600000   -0.0300791
  -7.5400000   -0.0315641
  -7.5200000   -0.0327797
  -7.5000000   -0.0336597
  -7.4800000   -0.0341572
  -7.4600000   -0.0342505
  -7.4400000   -0.0339445
  -7.4200000   -0.0332713
  -7.4000000   -0.0322876
  -7.3800000   -0.0310692
  -7.3600000   -0.0297045
  -7.3400000   -0.0282871
  -7.3200000   -0.0269074
  -7.3000000   -0.0256459
  -7.2800000   -0.0245664
  -7.2600000   -0.0237126
  -7.2400000   -0.0231053
  -7.2200000   -0.0227429
  -7.2000000   -0.0226030
  -7.1800000   -0.0226467
  -7.1600000   -0.0228233
  -7.1400000   -0.0230761
  -7.1200000   -0.0233486
  -7.1000000   -0.0235892
  -7.0800000   -0.0237558
  -7.0600000   -0.0238185
  -7.0400000   -0.0237608
  -7.0200000   -0.0235786
  -7.0000000   -0.0232791
  -6.9800000   -0.0228769
  -6.9600000   -0.0223909
  -6.9400000   -0.0218407
  -6.9200000   -0.0212431
  -6.9000000   -0.0206101
  -6.8800000   -0.0199474
  -6.8600000   -0.0192547
  -6.8400000   -0.0185266
  -6.8200000   -0.0177549
  -6.8000000   -0.0169313
  -6.7800000   -0.0160500
  -6.7600000   -0.0151109
  -6.7400000   -0.0141211
  -6.7200000   -0.0130968
  -6.7000000   -0.0120633
  -6.6800000   -0.0110540
  -6.6600000   -0.0101083
  -6.6400000   -0.0092686
  -6.6200000   -0.0085771
  -6.6000000   -0.0080715
  -6.5800000   -0.0077819
  -6.5600000   -0.0077275
  -6.5400000   -0.0079154
  -6.5200000   -0.0083399
  -6.5000000   -0.0089835
  -6.4800000   -0.0098203
  -6.4600000   -0.0108186
  -6.4400000   -0.0119458
  -6.4200000   -0.0131722
  -6.4000000   -0.0144744
  -6.3800000   -0.0158368
  -6.3600000   -0.0172520
  -6.3400000   -0.0187188
  -6.3200000   -0.0202386
  -6.3000000   -0.0218107
  -6.2800000   -0.0234273
  -6.2600000   -0.0250691
  -6.2400000   -0.0267023
  -6.2200000   -0.0282782
  -6.2000000   -0.0297346
  -6.1800000   -0.0310005
  -6.1600000   -0.0320028
  -6.1400000   -0.0326738
  -6.1200000   -0.0329598
  -6.1000000   -0.0328278
  -6.0800000   -0.0322710
  -6.0600000   -0.0313113
  -6.0400000   -0.0299983
  -6.0200000   -0.0284060
  -6.0000000   -0.0266265
  -5.9800000   -0.0247625
  -5.9600000   -0.0229190
  -5.9400000   -0.0211961
  -5.9200000   -0.0196829
  -5.9000000   -0.0184540
  -5.8800000   -0.0175679
  -5.8600000   -0.0170674
  -5.8400000   -0.0169813
  -5.8200000   -0.0173270
  -5.8000000   -0.0181113
  -5.7800000   -0.0193314
  -5.7600000   -0.0209732
  -5.7400000   -0.0230091
  -5.7200000   -0.0253935
  -5.7000000   -0.0280597
  -5.6800000   -0.0309166
  -5.6600000   -0.0338484
  -5.6400000   -0.0367171
  -5.6200000   -0.0393686
  -5.6000000   -0.0416423
  -5.5800000   -0.0433833
  -5.5600000   -0.0444566
  -5.5400000   -0.0447597
  -5.5200000   -0.0442351
  -5.5000000   -0.0428777
  -5.4800000   -0.0407377
  -5.4600000   -0.0379187
  -5.4400000   -0.0345703
  -5.4200000   -0.0308761
  -5.4000000   -0.0270392
  -5.3800000   -0.0232667
  -5.3600000   -0.0197540
  -5.3400000   -0.0166724
  -5.3200000   -0.0141588
  -5.3000000   -0.0123103
  -5.2800000   -0.0111816
  -5.2600000   -0.0107875
  -5.2400000   -0.0111064
  -5.2200000   -0.0120867
  -5.2000000   -0.0136541
  -5.1800000   -0.0157181
  -5.1600000   -0.0181790
  -5.1400000   -0.0209327
  -5.1200000   -0.0238755
  -5.1000000   -0.0269067
  -5.0800000   -0.0299311
  -5.0600000   -0.0328598
  -5.0400000   -0.0356113
  -5.0200000   -0.0381116
  -5.0000000   -0.0402956
  -4.9800000   -0.0421068
  -4.9600000   -0.0434991
  -4.9400000   -0.0444375
  -4.9200000   -0.0449001
  -4.9000000   -0.0448790
  -4.8800000   -0.0443818
  -4.8600000   -0.0434320
  -4.8400000   -0.0420688
  -4.8200000   -0.0403456
  -4.8000000   -0.0383279
  -4.7800000   -0.0360898
  -4.7600000   -0.0337099
  -4.7400000   -0.0312667
  -4.7200000   -0.0288347
  -4.7000000   -0.0264805
  -4.6800000   -0.0242600
  -4.6600000   -0.0222169
  -4.6400000   -0.0203821
  -4.6200000   -0.0187747
  -4.6000000   -0.0174036
  -4.5800000   -0.0162694
  -4.5600000   -0.0153670
  -4.5400000   -0.0146875
  -4.5200000   -0.0142203
  -4.5000000   -0.0139543
  -4.4800000   -0.0138786
  -4.4600000   -0.0139830
  -4.4400000   -0.0142577
  -4.4200000   -0.0146931
  -4.4000000   -0.0152786
  -4.3800000   -0.0160015
  -4.3600000   -0.0168462
  -4.3400000   -0.0177920
  -4.3200000   -0.0188120
  -4.3000000   -0.0198719
  -4.2800000   -0.0209299
  -4.2600000   -0.0219364
  -4.2400000   -0.0228367
  -4.2200000   -0.0235737
  -4.2000000   -0.0240924
  -4.1800000   -0.0243458
  -4.1600000   -0.0242997
  -4.1400000   -0.0239385
  -4.1200000   -0.0232681
  -4.1000000   -0.0223171
  -4.0800000   -0.0211351
  -4.0600000   -0.0197884
  -4.0400000   -0.0183525
  -4.0200000   -0.0169042
  -4.0000000   -0.0155124
  -3.9800000   -0.0142300
  -3.9600000   -0.0130886
  -3.9400000   -0.0120947
  -3.9200000   -0.0112313
  -3.9000000   -0.0104604
  -3.8800000   -0.0097302
  -3.8600000   -0.0089829
  -3.8400000   -0.0081628
  -3.8200000   -0.0072243
  -3.8000000   -0.0061380
  -3.7800000   -0.0048945
  -3.7600000   -0.0035050
  -3.7400000   -0.0020007
  -3.7200000   -0.0004281
  -3.7000000    0.0011553
  -3.6800000    0.0026872
  -3.6600000    0.0041066
  -3.6400000    0.0053587
  -3.6200000    0.0063997
  -3.6000000    0.0071992
  -3.5800000    0.0077417
  -3.5600000    0.0080267
  -3.5400000    0.0080677
  -3.5200000    0.0078896
  -3.5000000    0.0075265
  -3.4800000    0.0070186
  -3.4600000    0.0064093
  -3.4400000    0.0057422
  -3.4200000    0.0050590
  -3.4000000    0.0043974
  -3.3800000    0.0037896
  -3.3600000    0.0032612
  -3.3400000    0.0028307
  -3.3200000    0.0025094
  -3.3000000    0.0023016
  -3.2800000    0.0022055
  -3.2600000    0.0022143
  -3.2400000    0.0023174
  -3.2200000    0.0025022
  -3.2000000    0.0027554
  -3.1800000    0.0030650
  -3.1600000    0.0034209
  -3.1400000    0.0038159
  -3.1200000    0.0042452
  -3.1000000    0.0047068
  -3.0800000    0.0051992
  -3.0600000    0.0057207
  -3.0400000    0.0062672
  -3.0200000    0.0068310
  -3.0000000    0.0073993
  -2.9800000    0.0079537
  -2.9600000    0.0084702
  -2.9400000    0.0089199
  -2.9200000    0.0092705
  -2.9000000    0.0094883
  -2.8800000    0.0095402
  -2.8600000    0.0093962
  -2.8400000    0.0090315
  -2.8200000    0.0084290
  -2.8000000    0.0075812
  -2.7800000    0.0064915
  -2.7600000    0.0051759
  -2.7400000    0.0036635
  -2.7200000    0.0019966
  -2.7000000    0.0002303
  -2.6800000   -0.0015691
  -2.6600000   -0.0033271
  -2.6400000   -0.0049637
  -2.6200000   -0.0063983
  -2.6000000   -0.0075541
  -2.5800000   -0.0083636
  -2.5600000   -0.0087722
  -2.5400000   -0.0087425
  -2.5200000   -0.0082566
  -2.5000000   -0.0073167
  -2.4800000   -0.0059447
  -2.4600000   -0.0041803
  -2.4400000   -0.0020782
  -2.4200000    0.0002959
  -2.4000000    0.0028687
  -2.3800000    0.0055632
  -2.3600000    0.0083023
  -2.3400000    0.0110114
  -2.3200000    0.0136217
  -2.3000000    0.0160717
  -2.2800000    0.0183097
  -2.2600000    0.0202954
  -2.2400000    0.0220009
  -2.2200000    0.0234119
  -2.2000000    0.0245275
  -2.1800000    0.0253605
  -2.1600000    0.0259356
  -2.1400000    0.0262878
  -2.1200000    0.0264603
  -2.1000000    0.0265020
  -2.0800000    0.0264646
  -2.0600000    0.0264007
  -2.0400000    0.0263616
  -2.0200000    0.0263959
  -2.0000000    0.0265480
  -1.9800000    0.0268576
  -1.9600000    0.0273581
  -1.9400000    0.0280760
  -1.9200000    0.0290289
  -1.9000000    0.0302245
  -1.8800000    0.0316581
  -1.8600000    0.0333117
  -1.8400000    0.0351527
  -1.8200000    0.0371334
  -1.8000000    0.0391926
  -1.7800000    0.0412574
  -1.7600000    0.0432469
  -1.7400000    0.0450773
  -1.7200000    0.0466670
  -1.7000000    0.0479430
  -1.6800000    0.0488457
  -1.6600000    0.0493336
  -1.6400000    0.0493865
  -1.6200000    0.0490065
  -1.6000000    0.0482173
  -1.5800000    0.0470620
  -1.5600000    0.0455990
  -1.5400000    0.0438974
  -1.5200000    0.0420324
  -1.5000000    0.0400797
  -1.4800000    0.0381122
  -1.4600000    0.0361962
  -1.4400000    0.0343897
  -1.4200000    0.0327410
  -1.4000000    0.0312887
  -1.3800000    0.0300620
  -1.3600000    0.0290816
  -1.3400000    0.0283605
  -1.3200000    0.0279052
  -1.3000000    0.0277164
  -1.2800000    0.0277893
  -1.2600000    0.0281150
  -1.2400000    0.0286801
  -1.2200000    0.0294672
  -1.2000000    0.0304558
  -1.1800000    0.0316223
  -1.1600000    0.0329408
  -1.1400000    0.0343836
  -1.1200000    0.0359223
  -1.1000000    0.0375284
  -1.0800000    0.0391751
  -1.0600000    0.0408379
  -1.0400000    0.0424967
  -1.0200000    0.0441372
  -1.0000000    0.0457525
  -0.9800000    0.0473450
  -0.9600000    0.0489269
  -0.9400000    0.0505219
  -0.9200000    0.0521641
  -0.9000000    0.0538968
  -0.8800000    0.0557703
  -0.8600000    0.0578370
  -0.8400000    0.0601470
  -0.8200000    0.0627416
  -0.8000000    0.0656477
  -0.7800000    0.0688722
  -0.7600000    0.0723984
  -0.7400000    0.0761842
  -0.7200000    0.0801640
  -0.7000000    0.0842532
  -0.6800000    0.0883552
  -0.6600000    0.0923718
  -0.6400000    0.0962144
  -0.6200000    0.0998144
  -0.6000000    0.1031344
  -0.5800000    0.1061747
  -0.5600000    0.1089780
  -0.5400000    0.1116297
  -0.5200000    0.1142545
  -0.5000000    0.1170101
  -0.4800000    0.1200780
  -0.4600000    0.1236545
  -0.4400000    0.1279409
  -0.4200000    0.1331363
  -0.4000000    0.1394320
  -0.3800000    0.1470083
  -0.3600000    0.1560332
  -0.3400000    0.1666622
  -0.3200000    0.1790374
  -0.3000000    0.1932833
  -0.2800000    0.2095002
  -0.2600000    0.2277512
  -0.2400000    0.2480454
  -0.2200000    0.2703171
  -0.2000000    0.2944036
  -0.1800000    0.3200253
  -0.1600000    0.3467715
  -0.1400000    0.3740962
  -0.1200000    0.4013264
  -0.1000000    0.4276845
  -0.0800000    0.4523241
  -0.0600000    0.4743773
  -0.0400000    0.4930089
  -0.0200000    0.5074721
   0.0000000    0.5171594
   0.0200000    0.5216442
   0.0400000    0.5207083
   0.0600000    0.5143528
   0.0800000    0.5027924
   0.1000000    0.4864349
   0.1200000    0.4658481
   0.1400000    0.4417193
   0.1600000    0.4148112
   0.1800000    0.3859186
   0.2000000    0.3558290
   0.2200000    0.3252902
   0.2400000    0.2949857
   0.2600000    0.2655179
   0.2800000    0.2373994
   0.3000000    0.2110502
   0.3200000    0.1867997
   0.3400000    0.1648913
   0.3600000    0.1454892
   0.3800000    0.1286849
   0.4000000    0.1145041
   0.4200000    0.1029119
   0.4400000    0.0938186
   0.4600000    0.0870845
   0.4800000    0.0825254
   0.5000000    0.0799190
   0.5200000    0.0790125
   0.5400000    0.0795311
   0.5600000    0.0811879
   0.5800000    0.0836944
   0.6000000    0.0867704
   0.6200000    0.0901529
   0.6400000    0.0936037
   0.6600000    0.0969143
   0.6800000    0.0999078
   0.7000000    0.1024393
   0.7200000    0.1043933
   0.7400000    0.1056809
   0.7600000    0.1062362
   0.7800000    0.1060137
   0.8000000    0.1049874
   0.8200000    0.1031514
   0.8400000    0.1005221
   0.8600000    0.0971421
   0.8800000    0.0930839
   0.9000000    0.0884520
   0.9200000    0.0833843
   0.9400000    0.0780485
   0.9600000    0.0726369
   0.9800000    0.0673560
   1.0000000    0.0624142
   1.0200000    0.0580075
   1.0400000    0.0543044
   1.0600000    0.0514332
   1.0800000    0.0494707
   1.1000000    0.0484363
   1.1200000    0.0482901
   1.1400000    0.0489373
   1.1600000    0.0502363
   1.1800000    0.0520118
   1.2000000    0.0540712
   1.2200000    0.0562213
   1.2400000    0.0582863
   1.2600000    0.0601231
   1.2800000    0.0616344
   1.3000000    0.0627773
   1.3200000    0.0635680
   1.3400000    0.0640812
   1.3600000    0.0644452
   1.3800000    0.0648324
   1.4000000    0.0654458
   1.4200000    0.0665026
   1.4400000    0.0682147
   1.4600000    0.0707683
   1.4800000    0.0743025
   1.5000000    0.0788899
   1.5200000    0.0845196
   1.5400000    0.0910867
   1.5600000    0.0983883
   1.5800000    0.1061283
   1.6000000    0.1139333
   1.6200000    0.1213763
   1.6400000    0.1280096
   1.6600000    0.1334017
   1.6800000    0.1371755
   1.7000000    0.1390432
   1.7200000    0.1388331
   1.7400000    0.1365056
   1.7600000    0.1321562
   1.7800000    0.1260049
   1.8000000    0.1183738
   1.8200000    0.1096563
   1.8400000    0.1002806
   1.8600000    0.0906735
   1.8800000    0.0812271
   1.9000000    0.0722726
   1.9200000    0.0640624
   1.9400000    0.0567616
   1.9600000    0.0504477
   1.9800000    0.0451185
   2.0000000    0.0407042
   2.0200000    0.0370826
   2.0400000    0.0340950
   2.0600000    0.0315620
   2.0800000    0.0292961
   2.1000000    0.0271123
   2.1200000    0.0248362
   2.1400000    0.0223096
   2.1600000    0.0193942
   2.1800000    0.0159747
   2.2000000    0.0119617
   2.2200000    0.0072951
   2.2400000    0.0019471
   2.2600000   -0.0040728
   2.2800000   -0.0107148
   2.3000000   -0.0178849
   2.3200000   -0.0254452
   2.3400000   -0.0332153
   2.3600000   -0.0409794
   2.3800000   -0.0484961
   2.4000000   -0.0555131
   2.4200000   -0.0617839
   2.4400000   -0.0670860
   2.4600000   -0.0712374
   2.4800000   -0.0741111
   2.5000000   -0.0756436
   2.5200000   -0.0758377
   2.5400000   -0.0747596
   2.5600000   -0.0725290
   2.5800000   -0.0693059
   2.6000000   -0.0652752
   2.6200000   -0.0606302
   2.6400000   -0.0555587
   2.6600000   -0.0502326
   2.6800000   -0.0448005
   2.7000000   -0.0393855
   2.7200000   -0.0340858
   2.7400000   -0.0289782
   2.7600000   -0.0241222
   2.7800000   -0.0195650
   2.8000000   -0.0153453
   2.8200000   -0.0114953
   2.8400000   -0.0080426
   2.8600000   -0.0050096
   2.8800000   -0.0024129
   2.9000000   -0.0002621
   2.9200000    0.0014412
   2.9400000    0.0027041
   2.9600000    0.0035421
   2.9800000    0.0039788
   3.0000000    0.0040439
   3.0200000    0.0037715
   3.0400000    0.0031977
   3.0600000    0.0023574
   3.0800000    0.0012812
   3.1000000   -0.0000075
   3.1200000   -0.0014961
   3.1400000   -0.0031845
   3.1600000   -0.0050868
   3.1800000   -0.0072306
   3.2000000   -0.0096547
   3.2200000   -0.0124034
   3.2400000   -0.0155195
   3.2600000   -0.0190343
   3.2800000   -0.0229571
   3.3000000   -0.0272647
   3.3200000   -0.0318932
   3.3400000   -0.0367332
   3.3600000   -0.0416300
   3.3800000   -0.0463908
   3.4000000   -0.0507968
   3.4200000   -0.0546209
   3.4400000   -0.0576494
   3.4600000   -0.0597033
   3.4800000   -0.0606585
   3.5000000   -0.0604604
   3.5200000   -0.0591322
   3.5400000   -0.0567743
   3.5600000   -0.0535562
   3.5800000   -0.0497007
   3.6000000   -0.0454637
   3.6200000   -0.0411115
   3.6400000   -0.0368984
   3.6600000   -0.0330476
   3.6800000   -0.0297365
   3.7000000   -0.0270881
   3.7200000   -0.0251680
   3.7400000   -0.0239872
   3.7600000   -0.0235082
   3.7800000   -0.0236556
   3.8000000   -0.0243276
   3.8200000   -0.0254076
   3.8400000   -0.0267767
   3.8600000   -0.0283233
   3.8800000   -0.0299514
   3.9000000   -0.0315866
   3.9200000   -0.0331785
   3.9400000   -0.0347009
   3.9600000   -0.0361489
   3.9800000   -0.0375345
   4.0000000   -0.0388804
   4.0200000   -0.0402142
   4.0400000   -0.0415634
   4.0600000   -0.0429523
   4.0800000   -0.0444010
   4.1000000   -0.0459271
   4.1200000   -0.0475487
   4.1400000   -0.0492880
   4.1600000   -0.0511747
   4.1800000   -0.0532463
   4.2000000   -0.0555464
   4.2200000   -0.0581196
   4.2400000   -0.0610028
   4.2600000   -0.0642154
   4.2800000   -0.0677492
   4.3000000   -0.0715604
   4.3200000   -0.0755645
   4.3400000   -0.0796372
   4.3600000   -0.0836196
   4.3800000   -0.0873301
   4.4000000   -0.0905793
   4.4200000   -0.0931881
   4.4400000   -0.0950056
   4.4600000   -0.0959250
   4.4800000   -0.0958956
   4.5000000   -0.0949290
   4.5200000   -0.0930989
   4.5400000   -0.0905349
   4.5600000   -0.0874100
   4.5800000   -0.0839254
   4.6000000   -0.0802916
   4.6200000   -0.0767111
   4.6400000   -0.0733619
   4.6600000   -0.0703859
   4.6800000   -0.0678820
   4.7000000   -0.0659047
   4.7200000   -0.0644688
   4.7400000   -0.0635583
   4.7600000   -0.0631382
   4.7800000   -0.0631687
   4.8000000   -0.0636167
   4.8200000   -0.0644665
   4.8400000   -0.0657247
   4.8600000   -0.0674206
   4.8800000   -0.0696011
   4.9000000   -0.0723208
   4.9200000   -0.0756289
   4.9400000   -0.0795545
   4.9600000   -0.0840931
   4.9800000   -0.0891956
   5.0000000   -0.0947616
   5.0200000   -0.1006393
   5.0400000   -0.1066308
   5.0600000   -0.1125033
   5.0800000   -0.1180041
   5.1000000   -0.1228793
   5.1200000   -0.1268921
   5.1400000   -0.1298407
   5.1600000   -0.1315723
   5.1800000   -0.1319939
   5.2000000   -0.1310774
   5.2200000   -0.1288611
   5.2400000   -0.1254458
   5.2600000   -0.1209890
   5.2800000   -0.1156952
   5.3000000   -0.1098062
   5.3200000   -0.1035895
   5.3400000   -0.0973268
   5.3600000   -0.0913023
   5.3800000   -0.0857910
   5.4000000   -0.0810470
   5.4200000   -0.0772925
   5.4400000   -0.0747072
   5.4600000   -0.0734199
   5.4800000   -0.0735017
   5.5000000   -0.0749627
   5.5200000   -0.0777521
   5.5400000   -0.0817617
   5.5600000   -0.0868329
   5.5800000   -0.0927667
   5.6000000   -0.0993352
   5.6200000   -0.1062941
   5.6400000   -0.1133949
   5.6600000   -0.1203960
   5.6800000   -0.1270722
   5.7000000   -0.1332219
   5.7200000   -0.1386726
   5.7400000   -0.1432844
   5.7600000   -0.1469513
   5.7800000   -0.1496015
   5.8000000   -0.1511960
   5.8200000   -0.1517259
   5.8400000   -0.1512089
   5.8600000   -0.1496849
   5.8800000   -0.1472120
   5.9000000   -0.1438620
   5.9200000   -0.1397172
   5.9400000   -0.1348681
   5.9600000   -0.1294127
   5.9800000   -0.1234558
   6.0000000   -0.1171104
   6.0200000   -0.1104972
   6.0400000   -0.1037442
   6.0600000   -0.0969846
   6.0800000   -0.0903527
   6.1000000   -0.0839781
   6.1200000   -0.0779794
   6.1400000   -0.0724561
   6.1600000   -0.0674831
   6.1800000   -0.0631047
   6.2000000   -0.0593328
   6.2200000   -0.0561468
   6.2400000   -0.0534964
   6.2600000   -0.0513074
   6.2800000   -0.0494893
   6.3000000   -0.0479433
   6.3200000   -0.0465714
   6.3400000   -0.0452844
   6.3600000   -0.0440079
   6.3800000   -0.0426874
   6.4000000   -0.0412901
   6.4200000   -0.0398047
   6.4400000   -0.0382396
   6.4600000   -0.0366182
   6.4800000   -0.0349746
   6.5000000   -0.0333480
   6.5200000   -0.0317773
   6.5400000   -0.0302972
   6.5600000   -0.0289345
   6.5800000   -0.0277071
   6.6000000   -0.0266234
   6.6200000   -0.0256832
   6.6400000   -0.0248799
   6.6600000   -0.0242026
   6.6800000   -0.0236384
   6.7000000   -0.0231746
   6.7200000   -0.0228003
   6.7400000   -0.0225068
   6.7600000   -0.0222884
   6.7800000   -0.0221416
   6.8000000   -0.0220652
   6.8200000   -0.0220594
   6.8400000   -0.0221256
   6.8600000   -0.0222660
   6.8800000   -0.0224838
   6.9000000   -0.0227822
   6.9200000   -0.0231642
   6.9400000   -0.0236314
   6.9600000   -0.0241820
   6.9800000   -0.0248085
   7.0000000   -0.0254955
   7.0200000   -0.0262169
   7.0400000   -0.0269348
   7.0600000   -0.0275986
   7.0800000   -0.0281467
   7.1000000   -0.0285095
   7.1200000   -0.0286144
   7.1400000   -0.0283918
   7.1600000   -0.0277827
   7.1800000   -0.0267453
   7.2000000   -0.0252611
   7.2200000   -0.0233391
   7.2400000   -0.0210176
   7.2600000   -0.0183628
   7.2800000   -0.0154653
   7.3000000   -0.0124332
   7.3200000   -0.0093843
   7.3400000   -0.0064367
   7.3600000   -0.0036999
   7.3800000   -0.0012670
   7.4000000    0.0007917
   7.4200000    0.0024321
   7.4400000    0.0036372
   7.4600000    0.0044157
   7.4800000    0.0047975
   7.5000000    0.0048286
   7.5200000    0.0045638
   7.5400000    0.0040600
   7.5600000    0.0033691
   7.5800000    0.0025323
   7.6000000    0.0015755
   7.6200000    0.0005062
   7.6400000   -0.0006874
   7.6600000   -0.0020359
   7.6800000   -0.0035856
   7.7000000   -0.0053940
   7.7200000   -0.0075232
   7.7400000   -0.0100319
   7.7600000   -0.0129659
   7.7800000   -0.0163492
   7.8000000   -0.0201750
   7.8200000   -0.0243990
   7.8400000   -0.0289346
   7.8600000   -0.0336535
   7.8800000   -0.0383893
   7.9000000   -0.0429469
   7.9200000   -0.0471153
   7.9400000   -0.0506840
   7.9600000   -0.0534605
   7.9800000   -0.0552874
   8.0000000   -0.0560567
   8.0200000   -0.0557198
   8.0400000   -0.0542914
   8.0600000   -0.0518480
   8.0800000   -0.0485202
   8.1000000   -0.0444800
   8.1200000   -0.0399262
   8.1400000   -0.0350679
   8.1600000   -0.0301094
   8.1800000   -0.0252377
   8.2000000   -0.0206128
   8.2200000   -0.0163629
   8.2400000   -0.0125823
   8.2600000   -0.0093334
   8.2800000   -0.0066497
   8.3000000   -0.0045414
   8.3200000   -0.0030004
   8.3400000   -0.0020056
   8.3600000   -0.0015276
   8.3800000   -0.0015321
   8.4000000   -0.0019829
   8.4200000   -0.0028431
   8.4400000   -0.0040757
   8.4600000   -0.0056437
   8.4800000   -0.0075083
   8.5000000   -0.0096276
   8.5200000   -0.0119538
   8.5400000   -0.0144315
   8.5600000   -0.0169957
   8.5800000   -0.0195713
   8.6000000   -0.0220742
   8.6200000   -0.0244134
   8.6400000   -0.0264959
   8.6600000   -0.0282317
   8.6800000   -0.0295404
   8.7000000   -0.0303575
   8.7200000   -0.0306394
   8.7400000   -0.0303670
   8.7600000   -0.0295469
   8.7800000   -0.0282097
   8.8000000   -0.0264067
   8.8200000   -0.0242043
   8.8400000   -0.0216777
   8.8600000   -0.0189048
   8.8800000   -0.0159603
   8.9000000   -0.0129122
   8.9200000   -0.0098195
   8.9400000   -0.0067317
   8.9600000   -0.0036909
   8.9800000   -0.0007332
   9.0000000    0.0021077
   9.0200000    0.0047982
   9.0400000    0.0073033
   9.0600000    0.0095858
   9.0800000    0.0116074
   9.1000000    0.0133303
   9.1200000    0.0147208
   9.1400000    0.0157527
   9.1600000    0.0164114
   9.1800000    0.0166967
   9.2000000    0.0166259
   9.2200000    0.0162347
   9.2400000    0.0155771
   9.2600000    0.0147233
   9.2800000    0.0137564
   9.3000000    0.0127675
   9.3200000    0.0118493
   9.3400000    0.0110897
   9.3600000    0.0105651
   9.3800000    0.0103334
   9.4000000    0.0104294
   9.4200000    0.0108613
   9.4400000    0.0116098
   9.4600000    0.0126292
   9.4800000    0.0138523
   9.5000000    0.0151963
   9.5200000    0.0165713
   9.5400000    0.0178891
   9.5600000    0.0190720
   9.5800000    0.0200598
   9.6000000    0.0208149
   9.6200000    0.0213248
   9.6400000    0.0216016
   9.6600000    0.0216779
   9.6800000    0.0216020
   9.7000000    0.0214307
   9.7200000    0.0212222
   9.7400000    0.0210293
   9.7600000    0.0208950
   9.7800000    0.0208489
   9.8000000    0.0209069
   9.8200000    0.0210721
   9.8400000    0.0213385
   9.8600000    0.0216953
   9.8800000    0.0221311
   9.9000000    0.0226388
   9.9200000    0.0232184
   9.9400000    0.0238785
   9.9600000    0.0246356
   9.9800000    0.0255116
  10.0000000    0.0265296
  10.0200000    0.0277084
  10.0400000    0.0290569
  10.0600000    0.0305689
  10.0800000    0.0322200
  10.1000000    0.0339653
  10.1200000    0.0357414
  10.1400000    0.0374696
  10.1600000    0.0390625
  10.1800000    0.0404314
  10.2000000    0.0414956
  10.2200000    0.0421910
  10.2400000    0.0424772
  10.2600000    0.0423433
  10.2800000    0.0418106
  10.3000000    0.0409320
  10.3200000    0.0397885
  10.3400000    0.0384832
  10.3600000    0.0371327
  10.3800000    0.0358574
  10.4000000    0.0347716
  10.4200000    0.0339736
  10.4400000    0.0335383
  10.4600000    0.0335106
  10.4800000    0.0339028
  10.5000000    0.0346945
  10.5200000    0.0358352
  10.5400000    0.0372498
  10.5600000    0.0388457
  10.5800000    0.0405213
  10.6000000    0.0421745
  10.6200000    0.0437110
  10.6400000    0.0450505
  10.6600000    0.0461313
  10.6800000    0.0469129
  10.7000000    0.0473759
  10.7200000    0.0475198
  10.7400000    0.0473594
  10.7600000    0.0469204
  10.7800000    0.0462340
  10.8000000    0.0453328
  10.8200000    0.0442467
  10.8400000    0.0430005
  10.8600000    0.0416129
  10.8800000    0.0400965
  10.9000000    0.0384594
  10.9200000    0.0367072
  10.9400000    0.0348459
  10.9600000    0.0328840
  10.9800000    0.0308349
  11.0000000    0.0287185
  11.0200000    0.0265621
  11.0400000    0.0244003
  11.0600000    0.0222754
  11.0800000    0.0202355
  11.1000000    0.0183344
  11.1200000    0.0166292
  11.1400000    0.0151788
  11.1600000    0.0140418
  11.1800000    0.0132736
  11.2000000    0.0129233
  11.2200000    0.0130304
  11.2400000    0.0136213
  11.2600000    0.0147058
  11.2800000    0.0162745
  11.3000000    0.0182967
  11.3200000    0.0207198
  11.3400000    0.0234698
  11.3600000    0.0264535
  11.3800000    0.0295621
  11.4000000    0.0326755
  11.4200000    0.0356680
  11.4400000    0.0384138
  11.4600000    0.0407931
  11.4800000    0.0426973
  11.5000000    0.0440340
  11.5200000    0.0447312
  11.5400000    0.0447410
  11.5600000    0.0440417
  11.5800000    0.0426396
  11.6000000    0.0405702
  11.6200000    0.0378977
  11.6400000    0.0347141
  11.6600000    0.0311365
  11.6800000    0.0273044
  11.7000000    0.0233740
  11.7200000    0.0195124
  11.7400000    0.0158896
  11.7600000    0.0126705
  11.7800000    0.0100052
  11.8000000    0.0080199
  11.8200000    0.0068092
  11.8400000    0.0064285
  11.8600000    0.0068900
  11.8800000    0.0081613
  11.9000000    0.0101669
  11.9200000    0.0127934
  11.9400000    0.0158973
  11.9600000    0.0193158
  11.9800000    0.0228783
  12.0000000    0.0264189
  12.0200000    0.0297877
  12.0400000    0.0328603
  12.0600000    0.0355453
  12.0800000    0.0377878
  12.1000000    0.0395698
  12.1200000    0.0409072
  12.1400000    0.0418441
  12.1600000    0.0424449
  12.1800000    0.0427856
  12.2000000    0.0429441
  12.2200000    0.0429925
  12.2400000    0.0429899
  12.2600000    0.0429774
  12.2800000    0.0429761
  12.3000000    0.0429861
  12.3200000    0.0429885
  12.3400000    0.0429486
  12.3600000    0.0428204
  12.3800000    0.0425521
  12.4000000    0.0420918
  12.4200000    0.0413941
  12.4400000    0.0404253
  12.4600000    0.0391691
  12.4800000    0.0376307
  12.5000000    0.0358395
  12.5200000    0.0338503
  12.5400000    0.0317416
  12.5600000    0.0296123
  12.5800000    0.0275759
  12.6000000    0.0257522
  12.6200000    0.0242589
  12.6400000    0.0232016
  12.6600000    0.0226642
  12.6800000    0.0227010
  12.7000000    0.0233304
  12.7200000    0.0245308
  12.7400000    0.0262401
  12.7600000    0.0283580
  12.7800000    0.0307511
  12.8000000    0.0332611
  12.8200000    0.0357148
  12.8400000    0.0379362
  12.8600000    0.0397589
  12.8800000    0.0410387
  12.9000000    0.0416651
  12.9200000    0.0415721
  12.9400000    0.0407460
  12.9600000    0.0392313
  12.9800000    0.0371330
  13.0000000    0.0346162
  13.0200000    0.0319020
  13.0400000    0.0292598
  13.0600000    0.0269950
  13.0800000    0.0254340
  13.1000000    0.0249043
  13.1200000    0.0257116
  13.1400000    0.0281151
  13.1600000    0.0323008
  13.1800000    0.0383576
  13.2000000    0.0462563
  13.2200000    0.0558359
  13.2400000    0.0667991
  13.2600000    0.0787199
  13.2800000    0.0910631
  13.3000000    0.1032167
  13.3200000    0.1145343
  13.3400000    0.1243840
  13.3600000    0.1321998
  13.3800000    0.1375284
  13.4000000    0.1400674
  13.4200000    0.1396899
  13.4400000    0.1364522
  13.4600000    0.1305838
  13.4800000    0.1224618
  13.5000000    0.1125716
  13.5200000    0.1014610
  13.5400000    0.0896916
  13.5600000    0.0777937
  13.5800000    0.0662299
  13.6000000    0.0553694
  13.6200000    0.0454755
  13.6400000    0.0367051
  13.6600000    0.0291182
  13.6800000    0.0226953
  13.7000000    0.0173582
  13.7200000    0.0129917
  13.7400000    0.0094634
  13.7600000    0.0066398
  13.7800000    0.0043979
  13.8000000    0.0026317
  13.8200000    0.0012548
  13.8400000    0.0001999
  13.8600000   -0.0005837
  13.8800000   -0.0011337
  13.9000000   -0.0014784
  13.9200000   -0.0016396
  13.9400000   -0.0016347
  13.9600000   -0.0014783
  13.9800000   -0.0011828
  14.0000000   -0.0007588
  14.0200000   -0.0002159
  14.0400000    0.0004373
  14.0600000    0.0011915
  14.0800000    0.0020359
  14.1000000    0.0029563
  14.1200000    0.0039343
  14.1400000    0.0049460
  14.1600000    0.0059617
  14.1800000    0.0069470
  14.2000000    0.0078641
  14.2200000    0.0086742
  14.2400000    0.0093410
  14.2600000    0.0098333
  14.2800000    0.0101286
  14.3000000    0.0102150
  14.3200000    0.0100929
  14.3400000    0.0097750
  14.3600000    0.0092847
  14.3800000    0.0086537
  14.4000000    0.0079189
  14.4200000    0.0071181
  14.4400000    0.0062864
  14.4600000    0.0054528
  14.4800000    0.0046377
  14.5000000    0.0038522
  14.5200000    0.0030978
  14.5400000    0.0023682
  14.5600000    0.0016518
  14.5800000    0.0009346
  14.6000000    0.0002034
  14.6200000   -0.0005508
  14.6400000   -0.0013310
  14.6600000   -0.0021327
  14.6800000   -0.0029434
  14.7000000   -0.0037434
  14.7200000   -0.0045077
  14.7400000   -0.0052077
  14.7600000   -0.0058143
  14.7800000   -0.0063001
  14.8000000   -0.0066420
  14.8200000   -0.0068231
  14.8400000   -0.0068342
  14.8600000   -0.0066749
  14.8800000   -0.0063538
  14.9000000   -0.0058880
  14.9200000   -0.0053030
  14.9400000   -0.0046312
  14.9600000   -0.0039106
  14.9800000   -0.0031828
  15.0000000   -0.0024907
  15.0200000   -0.0018770
  15.0400000   -0.0013806
  15.0600000   -0.0010357
  15.0800000   -0.0008684
  15.1000000   -0.0008959
  15.1200000   -0.0011249
  15.1400000   -0.0015517
  15.1600000   -0.0021618
  15.1800000   -0.0029313
  15.2000000   -0.0038289
  15.2200000   -0.0048177
  15.2400000   -0.0058577
  15.2600000   -0.0069088
  15.2800000   -0.0079328
  15.3000000   -0.0088959
  15.3200000   -0.0097705
  15.3400000   -0.0105361
  15.3600000   -0.0111803
  15.3800000   -0.0116990
  15.4000000   -0.0120961
  15.4200000   -0.0123825
  15.4400000   -0.0125757
  15.4600000   -0.0126975
  15.4800000   -0.0127728
  15.5000000   -0.0128279
  15.5200000   -0.0128878
  15.5400000   -0.0129752
  15.5600000   -0.0131082
  15.5800000   -0.0132995
  15.6000000   -0.0135554
  15.6200000   -0.0138758
  15.6400000   -0.0142539
  15.6600000   -0.0146776
  15.6800000   -0.0151301
  15.7000000   -0.0155915
  15.7200000   -0.0160403
  15.7400000   -0.0164545
  15.7600000   -0.0168135
  15.7800000   -0.0170992
  15.8000000   -0.0172972
  15.8200000   -0.0173987
  15.8400000   -0.0174005
  15.8600000   -0.0173070
  15.8800000   -0.0171301
  15.9000000   -0.0168893
  15.9200000   -0.0166114
  15.9400000   -0.0163292
  15.9600000   -0.0160791
  15.9800000   -0.0158991
  16.0000000   -0.0158255
  16.0200000   -0.0158897
  16.0400000   -0.0161164
  16.0600000   -0.0165211
  16.0800000   -0.0171098
  16.1000000   -0.0178795
  16.1200000   -0.0188197
  16.1400000   -0.0199156
  16.1600000   -0.0211501
  16.1800000   -0.0225076
  16.2000000   -0.0239752
  16.2200000   -0.0255436
  16.2400000   -0.0272063
  16.2600000   -0.0289563
  16.2800000   -0.0307832
  16.3000000   -0.0326680
  16.3200000   -0.0345793
  16.3400000   -0.0364705
  16.3600000   -0.0382790
  16.3800000   -0.0399281
  16.4000000   -0.0413321
  16.4200000   -0.0424035
  16.4400000   -0.0430622
  16.4600000   -0.0432452
  16.4800000   -0.0429151
  16.5000000   -0.0420670
  16.5200000   -0.0407313
  16.5400000   -0.0389731
  16.5600000   -0.0368874
  16.5800000   -0.0345907
  16.6000000   -0.0322098
  16.6200000   -0.0298695
  16.6400000   -0.0276811
  16.6600000   -0.0257325
  16.6800000   -0.0240805
  16.7000000   -0.0227478
  16.7200000   -0.0217238
  16.7400000   -0.0209683
  16.7600000   -0.0204191
  16.7800000   -0.0200007
  16.8000000   -0.0196338
  16.8200000   -0.0192447
  16.8400000   -0.0187722
  16.8600000   -0.0181729
  16.8800000   -0.0174232
  16.9000000   -0.0165189
  16.9200000   -0.0154718
  16.9400000   -0.0143056
  16.9600000   -0.0130498
  16.9800000   -0.0117349
  17.0000000   -0.0103875
  17.0200000   -0.0090279
  17.0400000   -0.0076690
  17.0600000   -0.0063172
  17.0800000   -0.0049753
  17.1000000   -0.0036460
  17.1200000   -0.0023356
  17.1400000   -0.0010581
  17.1600000    0.0001626
  17.1800000    0.0012917
  17.2000000    0.0022841
  17.2200000    0.0030874
  17.2400000    0.0036457
  17.2600000    0.0039051
  17.2800000    0.0038190
  17.3000000    0.0033538
  17.3200000    0.0024933
  17.3400000    0.0012421
  17.3600000   -0.0003738
  17.3800000   -0.0023068
  17.4000000   -0.0044915
  17.4200000   -0.0068483
  17.4400000   -0.0092897
  17.4600000   -0.0117265
  17.4800000   -0.0140739
  17.5000000   -0.0162578
  17.5200000   -0.0182183
  17.5400000   -0.0199129
  17.5600000   -0.0213171
  17.5800000   -0.0224235
  17.6000000   -0.0232392
  17.6200000   -0.0237819
  17.6400000   -0.0240765
  17.6600000   -0.0241505
  17.6800000   -0.0240305
  17.7000000   -0.0237399
  17.7200000   -0.0232970
  17.7400000   -0.0227149
  17.7600000   -0.0220020
  17.7800000   -0.0211636
  17.8000000   -0.0202041
  17.8200000   -0.0191298
  17.8400000   -0.0179512
  17.8600000   -0.0166852
  17.8800000   -0.0153574
  17.9000000   -0.0140018
  17.9200000   -0.0126612
  17.9400000   -0.0113844
  17.9600000   -0.0102237
  17.9800000   -0.0092301
  18.0000000   -0.0084484
  18.0200000   -0.0079123
  18.0400000   -0.0076399
  18.0600000   -0.0076304
  18.0800000   -0.0078635
  18.1000000   -0.0083003
  18.1200000   -0.0088863
  18.1400000   -0.0095570
  18.1600000   -0.0102443
  18.1800000   -0.0108834
  18.2000000   -0.0114195
  18.2200000   -0.0118131
  18.2400000   -0.0120446
  18.2600000   -0.0121155
  18.2800000   -0.0120488
  18.3000000   -0.0118865
  18.3200000   -0.0116860
  18.3400000   -0.0115150
  18.3600000   -0.0114459
  18.3800000   -0.0115491
  18.4000000   -0.0118870
  18.4200000   -0.0125084
  18.4400000   -0.0134433
  18.4600000   -0.0146990
  18.4800000   -0.0162583
  18.5000000   -0.0180789
  18.5200000   -0.0200956
  18.5400000   -0.0222238
  18.5600000   -0.0243660
  18.5800000   -0.0264198
  18.6000000   -0.0282864
  18.6200000   -0.0298804
  18.6400000   -0.0311377
  18.6600000   -0.0320229
  18.6800000   -0.0325331
  18.7000000   -0.0326984
  18.7200000   -0.0325789
  18.7400000   -0.0322581
  18.7600000   -0.0318333
  18.7800000   -0.0314037
  18.8000000   -0.0310589
  18.8200000   -0.0308676
  18.8400000   -0.0308690
  18.8600000   -0.0310680
  18.8800000   -0.0314342
  18.9000000   -0.0319052
  18.9200000   -0.0323937
  18.9400000   -0.0327975
  18.9600000   -0.0330106
  18.9800000   -0.0329347
  19.0000000   -0.0324892
  19.0200000   -0.0316191
  19.0400000   -0.0302997
  19.0600000   -0.0285383
  19.0800000   -0.0263733
  19.1000000   -0.0238699
  19.1200000   -0.0211152
  19.1400000   -0.0182115
  19.1600000   -0.0152700
  19.1800000   -0.0124040
  19.2000000   -0.0097241
  19.2200000   -0.0073327
  19.2400000   -0.0053203
  19.2600000   -0.0037625
  19.2800000   -0.0027171
  19.3000000   -0.0022221
  19.3200000   -0.0022942
  19.3400000   -0.0029288
  19.3600000   -0.0041005
  19.3800000   -0.0057652
  19.4000000   -0.0078647
  19.4200000   -0.0103322
  19.4400000   -0.0130998
  19.4600000   -0.0161064
  19.4800000   -0.0193058
  19.5000000   -0.0226727
  19.5200000   -0.0262063
  19.5400000   -0.0299296
  19.5600000   -0.0338848
  19.5800000   -0.0381232
  19.6000000   -0.0426924
  19.6200000   -0.0476206
  19.6400000   -0.0529017
  19.6600000   -0.0584820
  19.6800000   -0.0642529
  19.7000000   -0.0700493
  19.7200000   -0.0756564
  19.7400000   -0.0808237
  19.7600000   -0.0852857
  19.7800000   -0.0887854
  19.8000000   -0.0910999
  19.8200000   -0.0920625
  19.8400000   -0.0915789
  19.8600000   -0.0896366
  19.8800000   -0.0863038
  19.9000000   -0.0817208
  19.9200000   -0.0760826
  19.9400000   -0.0696174
  19.9600000   -0.0625630
  19.9800000   -0.0551440
  20.0000000   -0.0475536
  20.0200000   -0.0399420
  20.0400000   -0.0324119
  20.0600000   -0.0250216
  20.0800000   -0.0177950
  20.1000000   -0.0107357
  20.1200000   -0.0038435
  20.1400000    0.0028694
  20.1600000    0.0093657
  20.1800000    0.0155753
  20.2000000    0.0213937
  20.2200000    0.0266873
  20.2400000    0.0313040
  20.2600000    0.0350894
  20.2800000    0.0379036
  20.3000000    0.0396396
  20.3200000    0.0402375
  20.3400000    0.0396951
  20.3600000    0.0380719
  20.3800000    0.0354871
  20.4000000    0.0321114
  20.4200000    0.0281541
  20.4400000    0.0238469
  20.4600000    0.0194274
  20.4800000    0.0151226
  20.5000000    0.0111351
  20.5200000    0.0076336
  20.5400000    0.0047460
  20.5600000    0.0025572
  20.5800000    0.0011097
  20.6000000    0.0004071
  20.6200000    0.0004191
  20.6400000    0.0010874
  20.6600000    0.0023323
  20.6800000    0.0040589
  20.7000000    0.0061638
  20.7200000    0.0085406
  20.7400000    0.0110847
  20.7600000    0.0136974
  20.7800000    0.0162895
  20.8000000    0.0187824
  20.8200000    0.0211092
  20.8400000    0.0232145
  20.8600000    0.0250533
  20.8800000    0.0265901
  20.9000000    0.0277973
  20.9200000    0.0286548
  20.9400000    0.0291492
  20.9600000    0.0292739
  20.9800000    0.0290291
  21.0000000    0.0284215
  21.0200000    0.0274638
  21.0400000    0.0261737
  21.0600000    0.0245718
  21.0800000    0.0226798
  21.1000000    0.0205180
  21.1200000    0.0181036
  21.1400000    0.0154500
  21.1600000    0.0125667
  21.1800000    0.0094612
  21.2000000    0.0061412
  21.2200000    0.0026184
  21.2400000   -0.0010881
  21.2600000   -0.0049484
  21.2800000   -0.0089197
  21.3000000   -0.0129451
  21.3200000   -0.0169545
  21.3400000   -0.0208663
  21.3600000   -0.0245914
  21.3800000   -0.0280367
  21.4000000   -0.0311096
  21.4200000   -0.0337226
  21.4400000   -0.0357968
  21.4600000   -0.0372650
  21.4800000   -0.0380747
  21.5000000   -0.0381900
  21.5200000   -0.0375935
  21.5400000   -0.0362876
  21.5600000   -0.0342960
  21.5800000   -0.0316633
  21.6000000   -0.0284553
  21.6200000   -0.0247566
  21.6400000   -0.0206679
  21.6600000   -0.0163017
  21.6800000   -0.0117768
  21.7000000   -0.0072127
  21.7200000   -0.0027237
  21.7400000    0.0015858
  21.7600000    0.0056258
  21.7800000    0.0093227
  21.8000000    0.0126205
  21.8200000    0.0154808
  21.8400000    0.0178815
  21.8600000    0.0198154
  21.8800000    0.0212887
  21.9000000    0.0223198
  21.9200000    0.0229387
  21.9400000    0.0231864
  21.9600000    0.0231153
  21.9800000    0.0227889
  22.0000000    0.0222818
  22.0200000    0.0216786
  22.0400000    0.0210721
  22.0600000    0.0205603
  22.0800000    0.0202419
  22.1000000    0.0202113
  22.1200000    0.0205518
  22.1400000    0.0213290
  22.1600000    0.0225839
  22.1800000    0.0243269
  22.2000000    0.0265340
  22.2200000    0.0291448
  22.2400000    0.0320645
  22.2600000    0.0351691
  22.2800000    0.0383142
  22.3000000    0.0413470
  22.3200000    0.0441203
  22.3400000    0.0465059
  22.3600000    0.0484084
  22.3800000    0.0497738
  22.4000000    0.0505954
  22.4200000    0.0509130
  22.4400000    0.0508075
  22.4600000    0.0503900
  22.4800000    0.0497879
  22.5000000    0.0491295
  22.5200000    0.0485287
  22.5400000    0.0480732
  22.5600000    0.0478162
  22.5800000    0.0477733
  22.6000000    0.0479254
  22.6200000    0.0482247
  22.6400000    0.0486051
  22.6600000    0.0489936
  22.6800000    0.0493212
  22.7000000    0.0495321
  22.7200000    0.0495898
  22.7400000    0.0494796
  22.7600000    0.0492071
  22.7800000    0.0487949
  22.8000000    0.0482762
  22.8200000    0.0476886
  22.8400000    0.0470684
  22.8600000    0.0464459
  22.8800000    0.0458429
  22.9000000    0.0452719
  22.9200000    0.0447374
  22.9400000    0.0442383
  22.9600000    0.0437699
  22.9800000    0.0433274
  23.0000000    0.0429077
  23.0200000    0.0425103
  23.0400000    0.0421378
  23.0600000    0.0417951
  23.0800000    0.0414880
  23.1000000    0.0412216
  23.1200000    0.0409980
  23.1400000    0.0408153
  23.1600000    0.0406655
  23.1800000    0.0405353
  23.2000000    0.0404053
  23.2200000    0.0402523
  23.2400000    0.0400509
  23.2600000    0.0397771
  23.2800000    0.0394109
  23.3000000    0.0389409
  23.3200000    0.0383662
  23.3400000    0.0376994
  23.3600000    0.0369670
  23.3800000    0.0362087
  23.4000000    0.0354743
  23.4200000    0.0348198
  23.4400000    0.0343015
  23.4600000    0.0339698
  23.4800000    0.0338629
  23.5000000    0.0340020
  23.5200000    0.0343871
  23.5400000    0.0349964
  23.5600000    0.0357873
  23.5800000    0.0367005
  23.6000000    0.0376656
  23.6200000    0.0386089
  23.6400000    0.0394611
  23.6600000    0.0401644
  23.6800000    0.0406785
  23.7000000    0.0409837
  23.7200000    0.0410819
  23.7400000    0.0409938
  23.7600000    0.0407551
  23.7800000    0.0404096
  23.8000000    0.0400022
  23.8200000    0.0395724
  23.8400000    0.0391487
  23.8600000    0.0387455
  23.8800000    0.0383625
  23.9000000    0.0379860
  23.9200000    0.0375935
  23.9400000    0.0371587
  23.9600000    0.0366573
  23.9800000    0.0360722
  24.0000000    0.0353969
  24.0200000    0.0346375
  24.0400000    0.0338111
  24.0600000    0.0329437
  24.0800000    0.0320650
  24.1000000    0.0312029
  24.1200000    0.0303789
  24.1400000    0.0296034
  24.1600000    0.0288740
  24.1800000    0.0281746
  24.2000000    0.0274784
  24.2200000    0.0267511
  24.2400000    0.0259570
  24.2600000    0.0250638
  24.2800000    0.0240483
  24.3000000    0.0229000
  24.3200000    0.0216236
  24.3400000    0.0202382
  24.3600000    0.0187762
  24.3800000    0.0172791
  24.4000000    0.0157931
  24.4200000    0.0143640
  24.4400000    0.0130328
  24.4600000    0.0118316
  24.4800000    0.0107818
  24.5000000    0.0098930
  24.5200000    0.0091643
  24.5400000    0.0085861
  24.5600000    0.0081438
  24.5800000    0.0078208
  24.6000000    0.0076025
  24.6200000    0.0074788
  24.6400000    0.0074459
  24.6600000    0.0075073
  24.6800000    0.0076721
  24.7000000    0.0079537
  24.7200000    0.0083656
  24.7400000    0.0089181
  24.7600000    0.0096138
  24.7800000    0.0104440
  24.8000000    0.0113863
  24.8200000    0.0124034
  24.8400000    0.0134438
  24.8600000    0.0144448
  24.8800000    0.0153367
  24.9000000    0.0160492
  24.9200000    0.0165175
  24.9400000    0.0166890
  24.9600000    0.0165290
  24.9800000    0.0160243
  25.0000000    0.0151851
  25.0200000    0.0140443
  25.0400000    0.0126545
  25.0600000    0.0110833
  25.0800000    0.0094070
  25.1000000    0.0077040
  25.1200000    0.0060487
  25.1400000    0.0045060
  25.1600000    0.0031276
  25.1800000    0.0019493
  25.2000000    0.0009908
  25.2200000    0.0002565
  25.2400000   -0.0002628
  25.2600000   -0.0005875
  25.2800000   -0.0007456
  25.3000000   -0.0007706
  25.3200000   -0.0006982
  25.3400000   -0.0005640
  25.3600000   -0.0004016
  25.3800000   -0.0002405
  25.4000000   -0.0001045
  25.4200000   -0.0000102
  25.4400000    0.0000341
  25.4600000    0.0000303
  25.4800000   -0.0000090
  25.5000000   -0.0000598
  25.5200000   -0.0000866
  25.5400000   -0.0000434
  25.5600000    0.0001243
  25.5800000    0.0004768
  25.6000000    0.0010757
  25.6200000    0.0019790
  25.6400000    0.0032350
  25.6600000    0.0048769
  25.6800000    0.0069171
  25.7000000    0.0093434
  25.7200000    0.0121167
  25.7400000    0.0151707
  25.7600000    0.0184148
  25.7800000    0.0217381
  25.8000000    0.0250165
  25.8200000    0.0281199
  25.8400000    0.0309210
  25.8600000    0.0333029
  25.8800000    0.0351664
  25.9000000    0.0364355
  25.9200000    0.0370611
  25.9400000    0.0370229
  25.9600000    0.0363294
  25.9800000    0.0350161
  26.0000000    0.0331425
  26.0200000    0.0307878
  26.0400000    0.0280460
  26.0600000    0.0250210
  26.0800000    0.0218210
  26.1000000    0.0185539
  26.1200000    0.0153220
  26.1400000    0.0122190
  26.1600000    0.0093259
  26.1800000    0.0067092
  26.2000000    0.0044195
  26.2200000    0.0024907
  26.2400000    0.0009404
  26.2600000   -0.0002281
  26.2800000   -0.0010242
  26.3000000   -0.0014667
  26.3200000   -0.0015802
  26.3400000   -0.0013915
  26.3600000   -0.0009259
  26.3800000   -0.0002041
  26.4000000    0.0007599
  26.4200000    0.0019595
  26.4400000    0.0033955
  26.4600000    0.0050736
  26.4800000    0.0070019
  26.5000000    0.0091871
  26.5200000    0.0116310
  26.5400000    0.0143274
  26.5600000    0.0172600
  26.5800000    0.0204017
  26.6000000    0.0237158
  26.6200000    0.0271574
  26.6400000    0.0306765
  26.6600000    0.0342201
  26.6800000    0.0377347
  26.7000000    0.0411660
  26.7200000    0.0444593
  26.7400000    0.0475564
  26.7600000    0.0503943
  26.7800000    0.0529018
  26.8000000    0.0549995
  26.8200000    0.0566008
  26.8400000    0.0576155
  26.8600000    0.0579563
  26.8800000    0.0575472
  26.9000000    0.0563324
  26.9200000    0.0542850
  26.9400000    0.0514133
  26.9600000    0.0477638
  26.9800000    0.0434213
  27.0000000    0.0385034
  27.0200000    0.0331531
  27.0400000    0.0275282
  27.0600000    0.0217901
  27.0800000    0.0160934
  27.1000000    0.0105766
  27.1200000    0.0053560
  27.1400000    0.0005228
  27.1600000   -0.0038575
  27.1800000   -0.0077430
  27.2000000   -0.0111114
  27.2200000   -0.0139561
  27.2400000   -0.0162820
  27.2600000   -0.0181023
  27.2800000   -0.0194360
  27.3000000   -0.0203079
  27.3200000   -0.0207484
  27.3400000   -0.0207945
  27.3600000   -0.0204910
  27.3800000   -0.0198907
  27.4000000   -0.0190546
  27.4200000   -0.0180505
  27.4400000   -0.0169504
  27.4600000   -0.0158270
  27.4800000   -0.0147498
  27.5000000   -0.0137806
  27.5200000   -0.0129694
  27.5400000   -0.0123511
  27.5600000   -0.0119429
  27.5800000   -0.0117434
  27.6000000   -0.0117331
  27.6200000   -0.0118762
  27.6400000   -0.0121238
  27.6600000   -0.0124181
  27.6800000   -0.0126973
  27.7000000   -0.0129010
  27.7200000   -0.0129751
  27.7400000   -0.0128768
  27.7600000   -0.0125783
  27.7800000   -0.0120699
  27.8000000   -0.0113610
  27.8200000   -0.0104812
  27.8400000   -0.0094788
  27.8600000   -0.0084190
  27.8800000   -0.0073803
  27.9000000   -0.0064512
  27.9200000   -0.0057250
  27.9400000   -0.0052946
  27.9600000   -0.0052472
  27.9800000   -0.0056582
  28.0000000   -0.0065855
  28.0200000   -0.0080640
  28.0400000   -0.0101014
  28.0600000   -0.0126742
  28.0800000   -0.0157268
  28.1000000   -0.0191717
  28.1200000   -0.0228925
  28.1400000   -0.0267498
  28.1600000   -0.0305886
  28.1800000   -0.0342485
  28.2000000   -0.0375740
  28.2200000   -0.0404262
  28.2400000   -0.0426921
  28.2600000   -0.0442934
  28.2800000   -0.0451918
  28.3000000   -0.0453912
  28.3200000   -0.0449364
  28.3400000   -0.0439086
  28.3600000   -0.0424175
  28.3800000   -0.0405923
  28.4000000   -0.0385709
  28.4200000   -0.0364894
  28.4400000   -0.0344726
  28.4600000   -0.0326263
  28.4800000   -0.0310320
  28.5000000   -0.0297443
  28.5200000   -0.0287908
  28.5400000   -0.0281747
  28.5600000   -0.0278793
  28.5800000   -0.0278731
  28.6000000   -0.0281166
  28.6200000   -0.0285674
  28.6400000   -0.0291855
  28.6600000   -0.0299369
  28.6800000   -0.0307952
  28.7000000   -0.0317418
  28.7200000   -0.0327647
  28.7400000   -0.0338558
  28.7600000   -0.0350088
  28.7800000   -0.0362159
  28.8000000   -0.0374661
  28.8200000   -0.0387443
  28.8400000   -0.0400311
  28.8600000   -0.0413037
  28.8800000   -0.0425379
  28.9000000   -0.0437087
  28.9200000   -0.0447922
  28.9400000   -0.0457657
  28.9600000   -0.0466070
  28.9800000   -0.0472939
  29.0000000   -0.0478023
  29.0200000   -0.0481057
  29.0400000   -0.0481747
  29.0600000   -0.0479780
  29.0800000   -0.0474852
  29.1000000   -0.0466706
  29.1200000   -0.0455167
  29.1400000   -0.0440194
  29.1600000   -0.0421913
  29.1800000   -0.0400637
  29.2000000   -0.0376865
  29.2200000   -0.0351267
  29.2400000   -0.0324642
  29.2600000   -0.0297866
  29.2800000   -0.0271837
  29.3000000   -0.0247415
  29.3200000   -0.0225376
  29.3400000   -0.0206376
  29.3600000   -0.0190931
  29.3800000   -0.0179411
  29.4000000   -0.0172047
  29.4200000   -0.0168946
  29.4400000   -0.0170098
  29.4600000   -0.0175397
  29.4800000   -0.0184647
  29.5000000   -0.0197562
  29.5200000   -0.0213767
  29.5400000   -0.0232798
  29.5600000   -0.0254101
  29.5800000   -0.0277038
  29.6000000   -0.0300907
  29.6200000   -0.0324968
  29.6400000   -0.0348474
  29.6600000   -0.0370715
  29.6800000   -0.0391055
  29.7000000   -0.0408967
  29.7200000   -0.0424059
  29.7400000   -0.0436075
  29.7600000   -0.0444892
  29.7800000   -0.0450497
  29.8000000   -0.0452945
  29.8200000   -0.0452322
  29.8400000   -0.0448706
  29.8600000   -0.0442134
  29.8800000   -0.0432585
  29.9000000   -0.0419981
  29.9200000   -0.0404207
  29.9400000   -0.0385136
  29.9600000   -0.0362682
  29.9800000   -0.0336842
  30.0000000   -0.0307739
