 -10.0000000   -0.0141477
  -9.9800000   -0.0144446
  -9.9600000   -0.0151370
  -9.9400000   -0.0161343
  -9.9200000   -0.0173258
  -9.9000000   -0.0185901
  -9.8800000   -0.0198045
  -9.8600000   -0.0208547
  -9.8400000   -0.0216439
  -9.8200000   -0.0220996
  -9.8000000   -0.0221774
  -9.7800000   -0.0218629
  -9.7600000   -0.0211694
  -9.7400000   -0.0201346
  -9.7200000   -0.0188145
  -9.7000000   -0.0172766
  -9.6800000   -0.0155942
  -9.6600000   -0.0138400
  -9.6400000   -0.0120823
  -9.6200000   -0.0103820
  -9.6000000   -0.0087915
  -9.5800000   -0.0073538
  -9.5600000   -0.0061036
  -9.5400000   -0.0050673
  -9.5200000   -0.0042637
  -9.5000000   -0.0037043
  -9.4800000   -0.0033924
  -9.4600000   -0.0033235
  -9.4400000   -0.0034844
  -9.4200000   -0.0038536
  -9.4000000   -0.0044016
  -9.3800000   -0.0050923
  -9.3600000   -0.0058845
  -9.3400000   -0.0067347
  -9.3200000   -0.0075992
  -9.3000000   -0.0084369
  -9.2800000   -0.0092114
  -9.2600000   -0.0098931
  -9.2400000   -0.0104594
  -9.2200000   -0.0108964
  -9.2000000   -0.0111976
  -9.1800000   -0.0113640
  -9.1600000   -0.0114027
  -9.1400000   -0.0113263
  -9.1200000   -0.0111518
  -9.1000000   -0.0108994
  -9.0800000   -0.0105923
  -9.0600000   -0.0102556
  -9.0400000   -0.0099160
  -9.0200000   -0.0096008
  -9.0000000   -0.0093370
  -8.9800000   -0.0091502
  -8.9600000   -0.0090629
  -8.9400000   -0.0090932
  -8.9200000   -0.0092528
  -8.9000000   -0.0095459
  -8.8800000   -0.0099682
  -8.8600000   -0.0105064
  -8.8400000   -0.0111389
  -8.8200000   -0.0118365
  -8.8000000   -0.0125650
  -8.7800000   -0.0132869
  -8.7600000   -0.0139647
  -8.7400000   -0.0145631
  -8.7200000   -0.0150518
  -8.7000000   -0.0154069
  -8.6800000   -0.0156116
  -8.6600000   -0.0156571
  -8.6400000   -0.0155410
  -8.6200000   -0.0152668
  -8.6000000   -0.0148421
  -8.5800000   -0.0142770
  -8.5600000   -0.0135832
  -8.5400000   -0.0127726
  -8.5200000   -0.0118577
  -8.5000000   -0.0108513
  -8.4800000   -0.0097672
  -8.4600000   -0.0086206
  -8.4400000   -0.0074293
  -8.4200000   -0.0062136
  -8.4000000   -0.0049960
  -8.3800000   -0.0038012
  -8.3600000   -0.0026548
  -8.3400000   -0.0015822
  -8.3200000   -0.0006072
  -8.3000000    0.0002488
  -8.2800000    0.0009681
  -8.2600000    0.0015364
  -8.2400000    0.0019433
  -8.2200000    0.0021817
  -8.2000000    0.0022470
  -8.1800000    0.0021363
  -8.1600000    0.0018486
  -8.1400000    0.0013840
  -8.1200000    0.0007450
  -8.1000000   -0.0000635
  -8.0800000   -0.0010321
  -8.0600000   -0.0021461
  -8.0400000   -0.0033842
  -8.0200000   -0.0047177
  -8.0000000   -0.0061104
  -7.9800000   -0.0075197
  -7.9600000   -0.0088982
  -7.9400000   -0.0101959
  -7.9200000   -0.0113637
  -7.9000000   -0.0123559
  -7.8800000   -0.0131336
  -7.8600000   -0.0136675
  -7.8400000   -0.0139395
  -7.8200000   -0.0139441
  -7.8000000   -0.0136883
  -7.7800000   -0.0131911
  -7.7600000   -0.0124820
  -7.7400000   -0.0115986
  -7.7200000   -0.0105849
  -7.7000000   -0.0094881
  -7.6800000   -0.0083564
  -7.6600000   -0.0072362
  -7.6400000   -0.0061705
  -7.6200000   -0.0051968
  -7.6000000   -0.0043454
  -7.5800000   -0.0036387
  -7.5600000   -0.0030908
  -7.5400000   -0.0027068
  -7.5200000   -0.0024839
  -7.5000000   -0.0024120
  -7.4800000   -0.0024748
  -7.4600000   -0.0026521
  -7.4400000   -0.0029208
  -7.4200000   -0.0032572
  -7.4000000   -0.0036384
  -7.3800000   -0.0040433
  -7.3600000   -0.0044542
  -7.3400000   -0.0048565
  -7.3200000   -0.0052396
  -7.3000000   -0.0055962
  -7.2800000   -0.0059224
  -7.2600000   -0.0062171
  -7.2400000   -0.0064814
  -7.2200000   -0.0067188
  -7.2000000   -0.0069339
  -7.1800000   -0.0071328
  -7.1600000   -0.0073223
  -7.1400000   -0.0075095
  -7.1200000   -0.0077012
  -7.1000000   -0.0079034
  -7.0800000   -0.0081207
  -7.0600000   -0.0083556
  -7.0400000   -0.0086082
  -7.0200000   -0.0088755
  -7.0000000   -0.0091516
  -6.9800000   -0.0094279
  -6.9600000   -0.0096934
  -6.9400000   -0.0099358
  -6.9200000   -0.0101420
  -6.9000000   -0.0103001
  -6.8800000   -0.0104001
  -6.8600000   -0.0104356
  -6.8400000   -0.0104045
  -6.8200000   -0.0103106
  -6.8000000   -0.0101630
  -6.7800000   -0.0099770
  -6.7600000   -0.0097735
  -6.7400000   -0.0095774
  -6.7200000   -0.0094175
  -6.7000000   -0.0093240
  -6.6800000   -0.0093278
  -6.6600000   -0.0094586
  -6.6400000   -0.0097440
  -6.6200000   -0.0102089
  -6.6000000   -0.0108742
  -6.5800000   -0.0117574
  -6.5600000   -0.0128723
  -6.5400000   -0.0142288
  -6.5200000   -0.0158326
  -6.5000000   -0.0176855
  -6.4800000   -0.0197838
  -6.4600000   -0.0221176
  -6.4400000   -0.0246694
  -6.4200000   -0.0274125
  -6.4000000   -0.0303099
  -6.3800000   -0.0333131
  -6.3600000   -0.0363627
  -6.3400000   -0.0393887
  -6.3200000   -0.0423136
  -6.3000000   -0.0450555
  -6.2800000   -0.0475328
  -6.2600000   -0.0496698
  -6.2400000   -0.0514019
  -6.2200000   -0.0526808
  -6.2000000   -0.0534783
  -6.1800000   -0.0537887
  -6.1600000   -0.0536286
  -6.1400000   -0.0530355
  -6.1200000   -0.0520635
  -6.1000000   -0.0507788
  -6.0800000   -0.0492533
  -6.0600000   -0.0475591
  -6.0400000   -0.0457633
  -6.0200000   -0.0439245
  -6.0000000   -0.0420905
  -5.9800000   -0.0402976
  -5.9600000   -0.0385713
  -5.9400000   -0.0369287
  -5.9200000   -0.0353798
  -5.9000000   -0.0339306
  -5.8800000   -0.0325846
  -5.8600000   -0.0313438
  -5.8400000   -0.0302100
  -5.8200000   -0.0291840
  -5.8000000   -0.0282658
  -5.7800000   -0.0274536
  -5.7600000   -0.0267438
  -5.7400000   -0.0261300
  -5.7200000   -0.0256041
  -5.7000000   -0.0251563
  -5.6800000   -0.0247762
  -5.6600000   -0.0244546
  -5.6400000   -0.0241848
  -5.6200000   -0.0239644
  -5.6000000   -0.0237966
  -5.5800000   -0.0236919
  -5.5600000   -0.0236682
  -5.5400000   -0.0237510
  -5.5200000   -0.0239717
  -5.5000000   -0.0243658
  -5.4800000   -0.0249697
  -5.4600000   -0.0258166
  -5.4400000   -0.0269325
  -5.4200000   -0.0283321
  -5.4000000   -0.0300157
  -5.3800000   -0.0319680
  -5.3600000   -0.0341578
  -5.3400000   -0.0365409
  -5.3200000   -0.0390644
  -5.3000000   -0.0416716
  -5.2800000   -0.0443086
  -5.2600000   -0.0469293
  -5.2400000   -0.0494987
  -5.2200000   -0.0519941
  -5.2000000   -0.0544033
  -5.1800000   -0.0567197
  -5.1600000   -0.0589360
  -5.1400000   -0.0610368
  -5.1200000   -0.0629925
  -5.1000000   -0.0647551
  -5.0800000   -0.0662572
  -5.0600000   -0.0674157
  -5.0400000   -0.0681383
  -5.0200000   -0.0683340
  -5.0000000   -0.0679239
  -4.9800000   -0.0668523
  -4.9600000   -0.0650957
  -4.9400000   -0.0626680
  -4.9200000   -0.0596217
  -4.9000000   -0.0560443
  -4.8800000   -0.0520514
  -4.8600000   -0.0477764
  -4.8400000   -0.0433593
  -4.8200000   -0.0389365
  -4.8000000   -0.0346304
  -4.7800000   -0.0305438
  -4.7600000   -0.0267553
  -4.7400000   -0.0233189
  -4.7200000   -0.0202658
  -4.7000000   -0.0176075
  -4.6800000   -0.0153410
  -4.6600000   -0.0134527
  -4.6400000   -0.0119232
  -4.6200000   -0.0107298
  -4.6000000   -0.0098490
  -4.5800000   -0.0092567
  -4.5600000   -0.0089285
  -4.5400000   -0.0088378
  -4.5200000   -0.0089551
  -4.5000000   -0.0092465
  -4.4800000   -0.0096728
  -4.4600000   -0.0101896
  -4.4400000   -0.0107481
  -4.4200000   -0.0112968
  -4.4000000   -0.0117843
  -4.3800000   -0.0121622
  -4.3600000   -0.0123881
  -4.3400000   -0.0124292
  -4.3200000   -0.0122638
  -4.3000000   -0.0118834
  -4.2800000   -0.0112922
  -4.2600000   -0.0105065
  -4.2400000   -0.0095523
  -4.2200000   -0.0084629
  -4.2000000   -0.0072751
  -4.1800000   -0.0060269
  -4.1600000   -0.0047536
  -4.1400000   -0.0034867
  -4.1200000   -0.0022524
  -4.1000000   -0.0010706
  -4.0800000    0.0000440
  -4.0600000    0.0010822
  -4.0400000    0.0020389
  -4.0200000    0.0029130
  -4.0000000    0.0037069
  -3.9800000    0.0044266
  -3.9600000    0.0050824
  -3.9400000    0.0056889
  -3.9200000    0.0062654
  -3.9000000    0.0068356
  -3.8800000    0.0074264
  -3.8600000    0.0080660
  -3.8400000    0.0087808
  -3.8200000    0.0095919
  -3.8000000    0.0105113
  -3.7800000    0.0115386
  -3.7600000    0.0126575
  -3.7400000    0.0138354
  -3.7200000    0.0150234
  -3.7000000    0.0161590
  -3.6800000    0.0171711
  -3.6600000    0.0179858
  -3.6400000    0.0185338
  -3.6200000    0.0187576
  -3.6000000    0.0186177
  -3.5800000    0.0180975
  -3.5600000    0.0172054
  -3.5400000    0.0159746
  -3.5200000    0.0144599
  -3.5000000    0.0127326
  -3.4800000    0.0108739
  -3.4600000    0.0089682
  -3.4400000    0.0070955
  -3.4200000    0.0053266
  -3.4000000    0.0037189
  -3.3800000    0.0023140
  -3.3600000    0.0011383
  -3.3400000    0.0002038
  -3.3200000   -0.0004895
  -3.3000000   -0.0009500
  -3.2800000   -0.0011925
  -3.2600000   -0.0012348
  -3.2400000   -0.0010960
  -3.2200000   -0.0007951
  -3.2000000   -0.0003504
  -3.1800000    0.0002210
  -3.1600000    0.0009034
  -3.1400000    0.0016820
  -3.1200000    0.0025437
  -3.1000000    0.0034763
  -3.0800000    0.0044696
  -3.0600000    0.0055149
  -3.0400000    0.0066053
  -3.0200000    0.0077360
  -3.0000000    0.0089036
  -2.9800000    0.0101060
  -2.9600000    0.0113412
  -2.9400000    0.0126070
  -2.9200000    0.0138995
  -2.9000000    0.0152127
  -2.8800000    0.0165373
  -2.8600000    0.0178602
  -2.8400000    0.0191642
  -2.8200000    0.0204281
  -2.8000000    0.0216270
  -2.7800000    0.0227333
  -2.7600000    0.0237177
  -2.7400000    0.0245509
  -2.7200000    0.0252054
  -2.7000000    0.0256578
  -2.6800000    0.0258906
  -2.6600000    0.0258945
  -2.6400000    0.0256696
  -2.6200000    0.0252265
  -2.6000000    0.0245865
  -2.5800000    0.0237809
  -2.5600000    0.0228496
  -2.5400000    0.0218385
  -2.5200000    0.0207972
  -2.5000000    0.0197756
  -2.4800000    0.0188209
  -2.4600000    0.0179755
  -2.4400000    0.0172742
  -2.4200000    0.0167436
  -2.4000000    0.0164013
  -2.3800000    0.0162558
  -2.3600000    0.0163080
  -2.3400000    0.0165516
  -2.3200000    0.0169751
  -2.3000000    0.0175635
  -2.2800000    0.0182991
  -2.2600000    0.0191639
  -2.2400000    0.0201400
  -2.2200000    0.0212112
  -2.2000000    0.0223634
  -2.1800000    0.0235847
  -2.1600000    0.0248660
  -2.1400000    0.0262003
  -2.1200000    0.0275819
  -2.1000000    0.0290055
  -2.0800000    0.0304653
  -2.0600000    0.0319535
  -2.0400000    0.0334600
  -2.0200000    0.0349713
  -2.0000000    0.0364705
  -1.9800000    0.0379381
  -1.9600000    0.0393520
  -1.9400000    0.0406889
  -1.9200000    0.0419252
  -1.9000000    0.0430380
  -1.8800000    0.0440055
  -1.8600000    0.0448083
  -1.8400000    0.0454290
  -1.8200000    0.0458529
  -1.8000000    0.0460683
  -1.7800000    0.0460676
  -1.7600000    0.0458478
  -1.7400000    0.0454115
  -1.7200000    0.0447682
  -1.7000000    0.0439352
  -1.6800000    0.0429375
  -1.6600000    0.0418079
  -1.6400000    0.0405860
  -1.6200000    0.0393165
  -1.6000000    0.0380477
  -1.5800000    0.0368289
  -1.5600000    0.0357089
  -1.5400000    0.0347339
  -1.5200000    0.0339465
  -1.5000000    0.0333843
  -1.4800000    0.0330792
  -1.4600000    0.0330562
  -1.4400000    0.0333319
  -1.4200000    0.0339135
  -1.4000000    0.0347961
  -1.3800000    0.0359609
  -1.3600000    0.0373735
  -1.3400000    0.0389829
  -1.3200000    0.0407217
  -1.3000000    0.0425080
  -1.2800000    0.0442493
  -1.2600000    0.0458486
  -1.2400000    0.0472113
  -1.2200000    0.0482536
  -1.2000000    0.0489108
  -1.1800000    0.0491443
  -1.1600000    0.0489480
  -1.1400000    0.0483503
  -1.1200000    0.0474152
  -1.1000000    0.0462383
  -1.0800000    0.0449419
  -1.0600000    0.0436657
  -1.0400000    0.0425576
  -1.0200000    0.0417624
  -1.0000000    0.0414113
  -0.9800000    0.0416111
  -0.9600000    0.0424357
  -0.9400000    0.0439191
  -0.9200000    0.0460508
  -0.9000000    0.0487741
  -0.8800000    0.0519877
  -0.8600000    0.0555505
  -0.8400000    0.0592898
  -0.8200000    0.0630134
  -0.8000000    0.0665228
  -0.7800000    0.0696295
  -0.7600000    0.0721707
  -0.7400000    0.0740246
  -0.7200000    0.0751220
  -0.7000000    0.0754552
  -0.6800000    0.0750814
  -0.6600000    0.0741204
  -0.6400000    0.0727479
  -0.6200000    0.0711840
  -0.6000000    0.0696785
  -0.5800000    0.0684945
  -0.5600000    0.0678924
  -0.5400000    0.0681145
  -0.5200000    0.0693726
  -0.5000000    0.0718384
  -0.4800000    0.0756372
  -0.4600000    0.0808446
  -0.4400000    0.0874872
  -0.4200000    0.0955447
  -0.4000000    0.1049558
  -0.3800000    0.1156251
  -0.3600000    0.1274329
  -0.3400000    0.1402458
  -0.3200000    0.1539278
  -0.3000000    0.1683509
  -0.2800000    0.1834033
  -0.2600000    0.1989937
  -0.2400000    0.2150507
  -0.2200000    0.2315159
  -0.2000000    0.2483316
  -0.1800000    0.2654251
  -0.1600000    0.2826906
  -0.1400000    0.2999745
  -0.1200000    0.3170658
  -0.1000000    0.3336959
  -0.0800000    0.3495494
  -0.0600000    0.3642850
  -0.0400000    0.3775656
  -0.0200000    0.3890919
   0.0000000    0.3986359
   0.0200000    0.4060672
   0.0400000    0.4113678
   0.0600000    0.4146330
   0.0800000    0.4160576
   0.1000000    0.4159084
   0.1200000    0.4144897
   0.1400000    0.4121046
   0.1600000    0.4090202
   0.1800000    0.4054409
   0.2000000    0.4014930
   0.2200000    0.3972218
   0.2400000    0.3926004
   0.2600000    0.3875468
   0.2800000    0.3819443
   0.3000000    0.3756634
   0.3200000    0.3685791
   0.3400000    0.3605836
   0.3600000    0.3515928
   0.3800000    0.3415487
   0.4000000    0.3304181
   0.4200000    0.3181920
   0.4400000    0.3048853
   0.4600000    0.2905397
   0.4800000    0.2752278
   0.5000000    0.2590591
   0.5200000    0.2421848
   0.5400000    0.2247992
   0.5600000    0.2071378
   0.5800000    0.1894682
   0.6000000    0.1720777
   0.6200000    0.1552551
   0.6400000    0.1392716
   0.6600000    0.1243611
   0.6800000    0.1107043
   0.7000000    0.0984176
   0.7200000    0.0875475
   0.7400000    0.0780732
   0.7600000    0.0699144
   0.7800000    0.0629441
   0.8000000    0.0570049
   0.8200000    0.0519255
   0.8400000    0.0475363
   0.8600000    0.0436821
   0.8800000    0.0402310
   0.9000000    0.0370788
   0.9200000    0.0341495
   0.9400000    0.0313931
   0.9600000    0.0287800
   0.9800000    0.0262961
   1.0000000    0.0239365
   1.0200000    0.0217004
   1.0400000    0.0195880
   1.0600000    0.0175984
   1.0800000    0.0157280
   1.1000000    0.0139719
   1.1200000    0.0123242
   1.1400000    0.0107792
   1.1600000    0.0093329
   1.1800000    0.0079839
   1.2000000    0.0067334
   1.2200000    0.0055857
   1.2400000    0.0045479
   1.2600000    0.0036291
   1.2800000    0.0028399
   1.3000000    0.0021921
   1.3200000    0.0016977
   1.3400000    0.0013686
   1.3600000    0.0012168
   1.3800000    0.0012535
   1.4000000    0.0014894
   1.4200000    0.0019340
   1.4400000    0.0025948
   1.4600000    0.0034767
   1.4800000    0.0045806
   1.5000000    0.0059018
   1.5200000    0.0074283
   1.5400000    0.0091392
   1.5600000    0.0110034
   1.5800000    0.0129787
   1.6000000    0.0150115
   1.6200000    0.0170384
   1.6400000    0.0189882
   1.6600000    0.0207855
   1.6800000    0.0223549
   1.7000000    0.0236266
   1.7200000    0.0245412
   1.7400000    0.0250544
   1.7600000    0.0251405
   1.7800000    0.0247939
   1.8000000    0.0240291
   1.8200000    0.0228782
   1.8400000    0.0213867
   1.8600000    0.0196080
   1.8800000    0.0175980
   1.9000000    0.0154084
   1.9200000    0.0130831
   1.9400000    0.0106544
   1.9600000    0.0081426
   1.9800000    0.0055566
   2.0000000    0.0028971
   2.0200000    0.0001613
   2.0400000   -0.0026522
   2.0600000   -0.0055379
   2.0800000   -0.0084790
   2.1000000   -0.0114443
   2.1200000   -0.0143865
   2.1400000   -0.0172440
   2.1600000   -0.0199432
   2.1800000   -0.0224037
   2.2000000   -0.0245448
   2.2200000   -0.0262919
   2.2400000   -0.0275827
   2.2600000   -0.0283734
   2.2800000   -0.0286418
   2.3000000   -0.0283894
   2.3200000   -0.0276408
   2.3400000   -0.0264415
   2.3600000   -0.0248543
   2.3800000   -0.0229542
   2.4000000   -0.0208237
   2.4200000   -0.0185473
   2.4400000   -0.0162076
   2.4600000   -0.0138815
   2.4800000   -0.0116373
   2.5000000   -0.0095331
   2.5200000   -0.0076156
   2.5400000   -0.0059192
   2.5600000   -0.0044665
   2.5800000   -0.0032683
   2.6000000   -0.0023247
   2.6200000   -0.0016264
   2.6400000   -0.0011564
   2.6600000   -0.0008921
   2.6800000   -0.0008075
   2.7000000   -0.0008754
   2.7200000   -0.0010692
   2.7400000   -0.0013643
   2.7600000   -0.0017391
   2.7800000   -0.0021745
   2.8000000   -0.0026543
   2.8200000   -0.0031636
   2.8400000   -0.0036886
   2.8600000   -0.0042151
   2.8800000   -0.0047285
   2.9000000   -0.0052140
   2.9200000   -0.0056565
   2.9400000   -0.0060426
   2.9600000   -0.0063611
   2.9800000   -0.0066046
   3.0000000   -0.0067705
   3.0200000   -0.0068618
   3.0400000   -0.0068870
   3.0600000   -0.0068601
   3.0800000   -0.0067990
   3.1000000   -0.0067253
   3.1200000   -0.0066616
   3.1400000   -0.0066310
   3.1600000   -0.0066552
   3.1800000   -0.0067532
   3.2000000   -0.0069406
   3.2200000   -0.0072287
   3.2400000   -0.0076243
   3.2600000   -0.0081293
   3.2800000   -0.0087406
   3.3000000   -0.0094502
   3.3200000   -0.0102456
   3.3400000   -0.0111103
   3.3600000   -0.0120239
   3.3800000   -0.0129636
   3.4000000   -0.0139050
   3.4200000   -0.0148238
   3.4400000   -0.0156969
   3.4600000   -0.0165048
   3.4800000   -0.0172330
   3.5000000   -0.0178732
   3.5200000   -0.0184246
   3.5400000   -0.0188942
   3.5600000   -0.0192965
   3.5800000   -0.0196530
   3.6000000   -0.0199896
   3.6200000   -0.0203356
   3.6400000   -0.0207207
   3.6600000   -0.0211730
   3.6800000   -0.0217168
   3.7000000   -0.0223715
   3.7200000   -0.0231504
   3.7400000   -0.0240608
   3.7600000   -0.0251044
   3.7800000   -0.0262780
   3.8000000   -0.0275748
   3.8200000   -0.0289849
   3.8400000   -0.0304963
   3.8600000   -0.0320948
   3.8800000   -0.0337636
   3.9000000   -0.0354828
   3.9200000   -0.0372285
   3.9400000   -0.0389719
   3.9600000   -0.0406788
   3.9800000   -0.0423097
   4.0000000   -0.0438205
   4.0200000   -0.0451641
   4.0400000   -0.0462929
   4.0600000   -0.0471617
   4.0800000   -0.0477304
   4.1000000   -0.0479683
   4.1200000   -0.0478562
   4.1400000   -0.0473894
   4.1600000   -0.0465786
   4.1800000   -0.0454511
   4.2000000   -0.0440497
   4.2200000   -0.0424309
   4.2400000   -0.0406625
   4.2600000   -0.0388198
   4.2800000   -0.0369820
   4.3000000   -0.0352275
   4.3200000   -0.0336300
   4.3400000   -0.0322543
   4.3600000   -0.0311529
   4.3800000   -0.0303632
   4.4000000   -0.0299054
   4.4200000   -0.0297816
   4.4400000   -0.0299764
   4.4600000   -0.0304588
   4.4800000   -0.0311850
   4.5000000   -0.0321037
   4.5200000   -0.0331612
   4.5400000   -0.0343082
   4.5600000   -0.0355061
   4.5800000   -0.0367324
   4.6000000   -0.0379850
   4.6200000   -0.0392834
   4.6400000   -0.0406678
   4.6600000   -0.0421953
   4.6800000   -0.0439329
   4.7000000   -0.0459490
   4.7200000   -0.0483040
   4.7400000   -0.0510410
   4.7600000   -0.0541783
   4.7800000   -0.0577045
   4.8000000   -0.0615774
   4.8200000   -0.0657265
   4.8400000   -0.0700592
   4.8600000   -0.0744694
   4.8800000   -0.0788478
   4.9000000   -0.0830921
   4.9200000   -0.0871150
   4.9400000   -0.0908507
   4.9600000   -0.0942567
   4.9800000   -0.0973126
   5.0000000   -0.1000169
   5.0200000   -0.1023805
   5.0400000   -0.1044220
   5.0600000   -0.1061624
   5.0800000   -0.1076229
   5.1000000   -0.1088253
   5.1200000   -0.1097936
   5.1400000   -0.1105580
   5.1600000   -0.1111584
   5.1800000   -0.1116460
   5.2000000   -0.1120831
   5.2200000   -0.1125391
   5.2400000   -0.1130846
   5.2600000   -0.1137822
   5.2800000   -0.1146778
   5.3000000   -0.1157923
   5.3200000   -0.1171163
   5.3400000   -0.1186072
   5.3600000   -0.1201905
   5.3800000   -0.1217654
   5.4000000   -0.1232112
   5.4200000   -0.1243968
   5.4400000   -0.1251899
   5.4600000   -0.1254661
   5.4800000   -0.1251165
   5.5000000   -0.1240546
   5.5200000   -0.1222214
   5.5400000   -0.1195899
   5.5600000   -0.1161678
   5.5800000   -0.1119996
   5.6000000   -0.1071671
   5.6200000   -0.1017874
   5.6400000   -0.0960100
   5.6600000   -0.0900108
   5.6800000   -0.0839836
   5.7000000   -0.0781313
   5.7200000   -0.0726546
   5.7400000   -0.0677413
   5.7600000   -0.0635562
   5.7800000   -0.0602330
   5.8000000   -0.0578674
   5.8200000   -0.0565135
   5.8400000   -0.0561820
   5.8600000   -0.0568410
   5.8800000   -0.0584181
   5.9000000   -0.0608046
   5.9200000   -0.0638605
   5.9400000   -0.0674199
   5.9600000   -0.0712983
   5.9800000   -0.0752993
   6.0000000   -0.0792229
   6.0200000   -0.0828742
   6.0400000   -0.0860718
   6.0600000   -0.0886570
   6.0800000   -0.0905016
   6.1000000   -0.0915152
   6.1200000   -0.0916495
   6.1400000   -0.0909007
   6.1600000   -0.0893088
   6.1800000   -0.0869530
   6.2000000   -0.0839456
   6.2200000   -0.0804223
   6.2400000   -0.0765321
   6.2600000   -0.0724270
   6.2800000   -0.0682526
   6.3000000   -0.0641400
   6.3200000   -0.0602012
   6.3400000   -0.0565258
   6.3600000   -0.0531813
   6.3800000   -0.0502147
   6.4000000   -0.0476557
   6.4200000   -0.0455195
   6.4400000   -0.0438108
   6.4600000   -0.0425254
   6.4800000   -0.0416521
   6.5000000   -0.0411722
   6.5200000   -0.0410589
   6.5400000   -0.0412764
   6.5600000   -0.0417781
   6.5800000   -0.0425062
   6.6000000   -0.0433922
   6.6200000   -0.0443584
   6.6400000   -0.0453212
   6.6600000   -0.0461959
   6.6800000   -0.0469015
   6.7000000   -0.0473674
   6.7200000   -0.0475384
   6.7400000   -0.0473796
   6.7600000   -0.0468793
   6.7800000   -0.0460501
   6.8000000   -0.0449273
   6.8200000   -0.0435656
   6.8400000   -0.0420339
   6.8600000   -0.0404084
   6.8800000   -0.0387657
   6.9000000   -0.0371762
   6.9200000   -0.0356981
   6.9400000   -0.0343733
   6.9600000   -0.0332253
   6.9800000   -0.0322588
   7.0000000   -0.0314616
   7.0200000   -0.0308081
   7.0400000   -0.0302632
   7.0600000   -0.0297874
   7.0800000   -0.0293418
   7.1000000   -0.0288919
   7.1200000   -0.0284115
   7.1400000   -0.0278843
   7.1600000   -0.0273050
   7.1800000   -0.0266791
   7.2000000   -0.0260213
   7.2200000   -0.0253530
   7.2400000   -0.0246998
   7.2600000   -0.0240882
   7.2800000   -0.0235423
   7.3000000   -0.0230813
   7.3200000   -0.0227164
   7.3400000   -0.0224501
   7.3600000   -0.0222746
   7.3800000   -0.0221727
   7.4000000   -0.0221186
   7.4200000   -0.0220803
   7.4400000   -0.0220226
   7.4600000   -0.0219103
   7.4800000   -0.0217117
   7.5000000   -0.0214020
   7.5200000   -0.0209655
   7.5400000   -0.0203974
   7.5600000   -0.0197038
   7.5800000   -0.0189014
   7.6000000   -0.0180156
   7.6200000   -0.0170774
   7.6400000   -0.0161209
   7.6600000   -0.0151799
   7.6800000   -0.0142850
   7.7000000   -0.0134619
   7.7200000   -0.0127296
   7.7400000   -0.0121003
   7.7600000   -0.0115800
   7.7800000   -0.0111696
   7.8000000   -0.0108669
   7.8200000   -0.0106686
   7.8400000   -0.0105722
   7.8600000   -0.0105781
   7.8800000   -0.0106899
   7.9000000   -0.0109157
   7.9200000   -0.0112667
   7.9400000   -0.0117563
   7.9600000   -0.0123978
   7.9800000   -0.0132014
   8.0000000   -0.0141716
   8.0200000   -0.0153038
   8.0400000   -0.0165827
   8.0600000   -0.0179801
   8.0800000   -0.0194554
   8.1000000   -0.0209565
   8.1200000   -0.0224229
   8.1400000   -0.0237897
   8.1600000   -0.0249918
   8.1800000   -0.0259696
   8.2000000   -0.0266737
   8.2200000   -0.0270681
   8.2400000   -0.0271331
   8.2600000   -0.0268658
   8.2800000   -0.0262795
   8.3000000   -0.0254008
   8.3200000   -0.0242663
   8.3400000   -0.0229190
   8.3600000   -0.0214038
   8.3800000   -0.0197644
   8.4000000   -0.0180409
   8.4200000   -0.0162680
   8.4400000   -0.0144753
   8.4600000   -0.0126880
   8.4800000   -0.0109279
   8.5000000   -0.0092155
   8.5200000   -0.0075715
   8.5400000   -0.0060178
   8.5600000   -0.0045779
   8.5800000   -0.0032765
   8.6000000   -0.0021380
   8.6200000   -0.0011842
   8.6400000   -0.0004323
   8.6600000    0.0001081
   8.6800000    0.0004370
   8.7000000    0.0005658
   8.7200000    0.0005170
   8.7400000    0.0003244
   8.7600000    0.0000306
   8.7800000   -0.0003154
   8.8000000   -0.0006619
   8.8200000   -0.0009583
   8.8400000   -0.0011585
   8.8600000   -0.0012241
   8.8800000   -0.0011268
   8.9000000   -0.0008499
   8.9200000   -0.0003884
   8.9400000    0.0002513
   8.9600000    0.0010528
   8.9800000    0.0019913
   9.0000000    0.0030361
   9.0200000    0.0041531
   9.0400000    0.0053069
   9.0600000    0.0064637
   9.0800000    0.0075935
   9.1000000    0.0086719
   9.1200000    0.0096821
   9.1400000    0.0106160
   9.1600000    0.0114750
   9.1800000    0.0122701
   9.2000000    0.0130213
   9.2200000    0.0137561
   9.2400000    0.0145082
   9.2600000    0.0153141
   9.2800000    0.0162110
   9.3000000    0.0172336
   9.3200000    0.0184106
   9.3400000    0.0197627
   9.3600000    0.0212999
   9.3800000    0.0230201
   9.4000000    0.0249089
   9.4200000    0.0269399
   9.4400000    0.0290764
   9.4600000    0.0312740
   9.4800000    0.0334842
   9.5000000    0.0356582
   9.5200000    0.0377510
   9.5400000    0.0397251
   9.5600000    0.0415531
   9.5800000    0.0432198
   9.6000000    0.0447220
   9.6200000    0.0460675
   9.6400000    0.0472730
   9.6600000    0.0483599
   9.6800000    0.0493513
   9.7000000    0.0502676
   9.7200000    0.0511240
   9.7400000    0.0519279
   9.7600000    0.0526787
   9.7800000    0.0533676
   9.8000000    0.0539799
   9.8200000    0.0544969
   9.8400000    0.0548992
   9.8600000    0.0551683
   9.8800000    0.0552895
   9.9000000    0.0552530
   9.9200000    0.0550540
   9.9400000    0.0546923
   9.9600000    0.0541722
   9.9800000    0.0535003
  10.0000000    0.0526854
  10.0200000    0.0517371
  10.0400000    0.0506659
  10.0600000    0.0494834
  10.0800000    0.0482029
  10.1000000    0.0468398
  10.1200000    0.0454132
  10.1400000    0.0439456
  10.1600000    0.0424631
  10.1800000    0.0409948
  10.2000000    0.0395720
  10.2200000    0.0382257
  10.2400000    0.0369856
  10.2600000    0.0358774
  10.2800000    0.0349214
  10.3000000    0.0341309
  10.3200000    0.0335116
  10.3400000    0.0330615
  10.3600000    0.0327721
  10.3800000    0.0326297
  10.4000000    0.0326176
  10.4200000    0.0327193
  10.4400000    0.0329202
  10.4600000    0.0332104
  10.4800000    0.0335863
  10.5000000    0.0340510
  10.5200000    0.0346145
  10.5400000    0.0352920
  10.5600000    0.0361021
  10.5800000    0.0370642
  10.6000000    0.0381956
  10.6200000    0.0395092
  10.6400000    0.0410114
  10.6600000    0.0427004
  10.6800000    0.0445660
  10.7000000    0.0465889
  10.7200000    0.0487420
  10.7400000    0.0509904
  10.7600000    0.0532929
  10.7800000    0.0556030
  10.8000000    0.0578703
  10.8200000    0.0600421
  10.8400000    0.0620654
  10.8600000    0.0638891
  10.8800000    0.0654668
  10.9000000    0.0667589
  10.9200000    0.0677356
  10.9400000    0.0683778
  10.9600000    0.0686782
  10.9800000    0.0686409
  11.0000000    0.0682796
  11.0200000    0.0676150
  11.0400000    0.0666722
  11.0600000    0.0654772
  11.0800000    0.0640554
  11.1000000    0.0624294
  11.1200000    0.0606195
  11.1400000    0.0586452
  11.1600000    0.0565264
  11.1800000    0.0542869
  11.2000000    0.0519561
  11.2200000    0.0495712
  11.2400000    0.0471775
  11.2600000    0.0448281
  11.2800000    0.0425814
  11.3000000    0.0404989
  11.3200000    0.0386414
  11.3400000    0.0370657
  11.3600000    0.0358216
  11.3800000    0.0349496
  11.4000000    0.0344799
  11.4200000    0.0344319
  11.4400000    0.0348151
  11.4600000    0.0356294
  11.4800000    0.0368668
  11.5000000    0.0385121
  11.5200000    0.0405431
  11.5400000    0.0429304
  11.5600000    0.0456364
  11.5800000    0.0486139
  11.6000000    0.0518043
  11.6200000    0.0551360
  11.6400000    0.0585238
  11.6600000    0.0618692
  11.6800000    0.0650621
  11.7000000    0.0679844
  11.7200000    0.0705158
  11.7400000    0.0725404
  11.7600000    0.0739551
  11.7800000    0.0746783
  11.8000000    0.0746577
  11.8200000    0.0738763
  11.8400000    0.0723569
  11.8600000    0.0701626
  11.8800000    0.0673936
  11.9000000    0.0641816
  11.9200000    0.0606798
  11.9400000    0.0570525
  11.9600000    0.0534626
  11.9800000    0.0500599
  12.0000000    0.0469710
  12.0200000    0.0442916
  12.0400000    0.0420814
  12.0600000    0.0403630
  12.0800000    0.0391237
  12.1000000    0.0383197
  12.1200000    0.0378834
  12.1400000    0.0377310
  12.1600000    0.0377721
  12.1800000    0.0379179
  12.2000000    0.0380893
  12.2200000    0.0382231
  12.2400000    0.0382767
  12.2600000    0.0382296
  12.2800000    0.0380832
  12.3000000    0.0378578
  12.3200000    0.0375879
  12.3400000    0.0373160
  12.3600000    0.0370853
  12.3800000    0.0369341
  12.4000000    0.0368893
  12.4200000    0.0369635
  12.4400000    0.0371532
  12.4600000    0.0374395
  12.4800000    0.0377916
  12.5000000    0.0381710
  12.5200000    0.0385367
  12.5400000    0.0388504
  12.5600000    0.0390807
  12.5800000    0.0392056
  12.6000000    0.0392138
  12.6200000    0.0391036
  12.6400000    0.0388812
  12.6600000    0.0385575
  12.6800000    0.0381456
  12.7000000    0.0376584
  12.7200000    0.0371071
  12.7400000    0.0365015
  12.7600000    0.0358498
  12.7800000    0.0351602
  12.8000000    0.0344422
  12.8200000    0.0337068
  12.8400000    0.0329674
  12.8600000    0.0322381
  12.8800000    0.0315322
  12.9000000    0.0308604
  12.9200000    0.0302274
  12.9400000    0.0296311
  12.9600000    0.0290607
  12.9800000    0.0284973
  13.0000000    0.0279156
  13.0200000    0.0272865
  13.0400000    0.0265806
  13.0600000    0.0257726
  13.0800000    0.0248446
  13.1000000    0.0237893
  13.1200000    0.0226111
  13.1400000    0.0213269
  13.1600000    0.0199640
  13.1800000    0.0185577
  13.2000000    0.0171479
  13.2200000    0.0157749
  13.2400000    0.0144761
  13.2600000    0.0132830
  13.2800000    0.0122190
  13.3000000    0.0112988
  13.3200000    0.0105282
  13.3400000    0.0099051
  13.3600000    0.0094211
  13.3800000    0.0090633
  13.4000000    0.0088157
  13.4200000    0.0086610
  13.4400000    0.0085817
  13.4600000    0.0085613
  13.4800000    0.0085845
  13.5000000    0.0086380
  13.5200000    0.0087104
  13.5400000    0.0087928
  13.5600000    0.0088783
  13.5800000    0.0089624
  13.6000000    0.0090426
  13.6200000    0.0091176
  13.6400000    0.0091876
  13.6600000    0.0092530
  13.6800000    0.0093135
  13.7000000    0.0093679
  13.7200000    0.0094129
  13.7400000    0.0094430
  13.7600000    0.0094500
  13.7800000    0.0094237
  13.8000000    0.0093522
  13.8200000    0.0092229
  13.8400000    0.0090245
  13.8600000    0.0087474
  13.8800000    0.0083864
  13.9000000    0.0079407
  13.9200000    0.0074155
  13.9400000    0.0068216
  13.9600000    0.0061752
  13.9800000    0.0054967
  14.0000000    0.0048087
  14.0200000    0.0041344
  14.0400000    0.0034947
  14.0600000    0.0029070
  14.0800000    0.0023833
  14.1000000    0.0019291
  14.1200000    0.0015438
  14.1400000    0.0012214
  14.1600000    0.0009519
  14.1800000    0.0007234
  14.2000000    0.0005250
  14.2200000    0.0003484
  14.2400000    0.0001908
  14.2600000    0.0000555
  14.2800000   -0.0000466
  14.3000000   -0.0000985
  14.3200000   -0.0000781
  14.3400000    0.0000391
  14.3600000    0.0002766
  14.3800000    0.0006532
  14.4000000    0.0011791
  14.4200000    0.0018536
  14.4400000    0.0026620
  14.4600000    0.0035759
  14.4800000    0.0045541
  14.5000000    0.0055452
  14.5200000    0.0064921
  14.5400000    0.0073372
  14.5600000    0.0080277
  14.5800000    0.0085212
  14.6000000    0.0087892
  14.6200000    0.0088203
  14.6400000    0.0086206
  14.6600000    0.0082126
  14.6800000    0.0076321
  14.7000000    0.0069247
  14.7200000    0.0061404
  14.7400000    0.0053295
  14.7600000    0.0045382
  14.7800000    0.0038051
  14.8000000    0.0031594
  14.8200000    0.0026202
  14.8400000    0.0021966
  14.8600000    0.0018889
  14.8800000    0.0016906
  14.9000000    0.0015905
  14.9200000    0.0015743
  14.9400000    0.0016270
  14.9600000    0.0017337
  14.9800000    0.0018809
  15.0000000    0.0020567
  15.0200000    0.0022513
  15.0400000    0.0024565
  15.0600000    0.0026659
  15.0800000    0.0028744
  15.1000000    0.0030780
  15.1200000    0.0032739
  15.1400000    0.0034604
  15.1600000    0.0036365
  15.1800000    0.0038023
  15.2000000    0.0039585
  15.2200000    0.0041065
  15.2400000    0.0042474
  15.2600000    0.0043825
  15.2800000    0.0045117
  15.3000000    0.0046340
  15.3200000    0.0047462
  15.3400000    0.0048433
  15.3600000    0.0049180
  15.3800000    0.0049606
  15.4000000    0.0049594
  15.4200000    0.0049011
  15.4400000    0.0047710
  15.4600000    0.0045537
  15.4800000    0.0042343
  15.5000000    0.0037984
  15.5200000    0.0032341
  15.5400000    0.0025323
  15.5600000    0.0016882
  15.5800000    0.0007026
  15.6000000   -0.0004179
  15.6200000   -0.0016597
  15.6400000   -0.0030032
  15.6600000   -0.0044228
  15.6800000   -0.0058888
  15.7000000   -0.0073695
  15.7200000   -0.0088334
  15.7400000   -0.0102525
  15.7600000   -0.0116039
  15.7800000   -0.0128720
  15.8000000   -0.0140494
  15.8200000   -0.0151369
  15.8400000   -0.0161424
  15.8600000   -0.0170792
  15.8800000   -0.0179637
  15.9000000   -0.0188136
  15.9200000   -0.0196455
  15.9400000   -0.0204742
  15.9600000   -0.0213115
  15.9800000   -0.0221670
  16.0000000   -0.0230480
  16.0200000   -0.0239607
  16.0400000   -0.0249100
  16.0600000   -0.0258996
  16.0800000   -0.0269314
  16.1000000   -0.0280037
  16.1200000   -0.0291098
  16.1400000   -0.0302359
  16.1600000   -0.0313605
  16.1800000   -0.0324531
  16.2000000   -0.0334760
  16.2200000   -0.0343855
  16.2400000   -0.0351360
  16.2600000   -0.0356832
  16.2800000   -0.0359893
  16.3000000   -0.0360266
  16.3200000   -0.0357812
  16.3400000   -0.0352546
  16.3600000   -0.0344650
  16.3800000   -0.0334454
  16.4000000   -0.0322419
  16.4200000   -0.0309098
  16.4400000   -0.0295095
  16.4600000   -0.0281020
  16.4800000   -0.0267447
  16.5000000   -0.0254882
  16.5200000   -0.0243733
  16.5400000   -0.0234293
  16.5600000   -0.0226739
  16.5800000   -0.0221132
  16.6000000   -0.0217431
  16.6200000   -0.0215518
  16.6400000   -0.0215215
  16.6600000   -0.0216324
  16.6800000   -0.0218642
  16.7000000   -0.0221994
  16.7200000   -0.0226246
  16.7400000   -0.0231319
  16.7600000   -0.0237183
  16.7800000   -0.0243852
  16.8000000   -0.0251362
  16.8200000   -0.0259753
  16.8400000   -0.0269034
  16.8600000   -0.0279170
  16.8800000   -0.0290058
  16.9000000   -0.0301525
  16.9200000   -0.0313332
  16.9400000   -0.0325189
  16.9600000   -0.0336782
  16.9800000   -0.0347800
  17.0000000   -0.0357967
  17.0200000   -0.0367059
  17.0400000   -0.0374921
  17.0600000   -0.0381468
  17.0800000   -0.0386675
  17.1000000   -0.0390556
  17.1200000   -0.0393147
  17.1400000   -0.0394480
  17.1600000   -0.0394568
  17.1800000   -0.0393396
  17.2000000   -0.0390927
  17.2200000   -0.0387110
  17.2400000   -0.0381905
  17.2600000   -0.0375303
  17.2800000   -0.0367354
  17.3000000   -0.0358180
  17.3200000   -0.0347987
  17.3400000   -0.0337068
  17.3600000   -0.0325792
  17.3800000   -0.0314588
  17.4000000   -0.0303922
  17.4200000   -0.0294273
  17.4400000   -0.0286109
  17.4600000   -0.0279861
  17.4800000   -0.0275902
  17.5000000   -0.0274535
  17.5200000   -0.0275972
  17.5400000   -0.0280327
  17.5600000   -0.0287602
  17.5800000   -0.0297677
  17.6000000   -0.0310308
  17.6200000   -0.0325119
  17.6400000   -0.0341609
  17.6600000   -0.0359161
  17.6800000   -0.0377063
  17.7000000   -0.0394540
  17.7200000   -0.0410792
  17.7400000   -0.0425044
  17.7600000   -0.0436594
  17.7800000   -0.0444859
  17.8000000   -0.0449420
  17.8200000   -0.0450049
  17.8400000   -0.0446722
  17.8600000   -0.0439616
  17.8800000   -0.0429084
  17.9000000   -0.0415623
  17.9200000   -0.0399825
  17.9400000   -0.0382330
  17.9600000   -0.0363773
  17.9800000   -0.0344745
  18.0000000   -0.0325761
  18.0200000   -0.0307241
  18.0400000   -0.0289505
  18.0600000   -0.0272776
  18.0800000   -0.0257196
  18.1000000   -0.0242843
  18.1200000   -0.0229747
  18.1400000   -0.0217911
  18.1600000   -0.0207319
  18.1800000   -0.0197942
  18.2000000   -0.0189744
  18.2200000   -0.0182674
  18.2400000   -0.0176662
  18.2600000   -0.0171616
  18.2800000   -0.0167413
  18.3000000   -0.0163904
  18.3200000   -0.0160911
  18.3400000   -0.0158243
  18.3600000   -0.0155704
  18.3800000   -0.0153109
  18.4000000   -0.0150304
  18.4200000   -0.0147179
  18.4400000   -0.0143682
  18.4600000   -0.0139823
  18.4800000   -0.0135680
  18.5000000   -0.0131385
  18.5200000   -0.0127121
  18.5400000   -0.0123100
  18.5600000   -0.0119551
  18.5800000   -0.0116698
  18.6000000   -0.0114745
  18.6200000   -0.0113865
  18.6400000   -0.0114187
  18.6600000   -0.0115790
  18.6800000   -0.0118697
  18.7000000   -0.0122869
  18.7200000   -0.0128203
  18.7400000   -0.0134525
  18.7600000   -0.0141597
  18.7800000   -0.0149111
  18.8000000   -0.0156706
  18.8200000   -0.0163985
  18.8400000   -0.0170533
  18.8600000   -0.0175954
  18.8800000   -0.0179904
  18.9000000   -0.0182124
  18.9200000   -0.0182472
  18.9400000   -0.0180940
  18.9600000   -0.0177663
  18.9800000   -0.0172909
  19.0000000   -0.0167061
  19.0200000   -0.0160575
  19.0400000   -0.0153943
  19.0600000   -0.0147640
  19.0800000   -0.0142084
  19.1000000   -0.0137594
  19.1200000   -0.0134360
  19.1400000   -0.0132429
  19.1600000   -0.0131701
  19.1800000   -0.0131941
  19.2000000   -0.0132799
  19.2200000   -0.0133849
  19.2400000   -0.0134623
  19.2600000   -0.0134667
  19.2800000   -0.0133584
  19.3000000   -0.0131081
  19.3200000   -0.0127010
  19.3400000   -0.0121396
  19.3600000   -0.0114449
  19.3800000   -0.0106558
  19.4000000   -0.0098270
  19.4200000   -0.0090241
  19.4400000   -0.0083182
  19.4600000   -0.0077789
  19.4800000   -0.0074667
  19.5000000   -0.0074269
  19.5200000   -0.0076836
  19.5400000   -0.0082361
  19.5600000   -0.0090577
  19.5800000   -0.0100965
  19.6000000   -0.0112792
  19.6200000   -0.0125165
  19.6400000   -0.0137099
  19.6600000   -0.0147596
  19.6800000   -0.0155720
  19.7000000   -0.0160671
  19.7200000   -0.0161841
  19.7400000   -0.0158861
  19.7600000   -0.0151622
  19.7800000   -0.0140287
  19.8000000   -0.0125277
  19.8200000   -0.0107248
  19.8400000   -0.0087047
  19.8600000   -0.0065660
  19.8800000   -0.0044155
  19.9000000   -0.0023609
  19.9200000   -0.0005047
  19.9400000    0.0010625
  19.9600000    0.0022675
  19.9800000    0.0030592
  20.0000000    0.0034110
  20.0200000    0.0033222
  20.0400000    0.0028168
  20.0600000    0.0019413
  20.0800000    0.0007601
  20.1000000   -0.0006491
  20.1200000   -0.0022015
  20.1400000   -0.0038110
  20.1600000   -0.0053955
  20.1800000   -0.0068819
  20.2000000   -0.0082098
  20.2200000   -0.0093340
  20.2400000   -0.0102256
  20.2600000   -0.0108715
  20.2800000   -0.0112736
  20.3000000   -0.0114457
  20.3200000   -0.0114108
  20.3400000   -0.0111975
  20.3600000   -0.0108365
  20.3800000   -0.0103577
  20.4000000   -0.0097882
  20.4200000   -0.0091510
  20.4400000   -0.0084644
  20.4600000   -0.0077427
  20.4800000   -0.0069974
  20.5000000   -0.0062381
  20.5200000   -0.0054740
  20.5400000   -0.0047149
  20.5600000   -0.0039712
  20.5800000   -0.0032539
  20.6000000   -0.0025742
  20.6200000   -0.0019420
  20.6400000   -0.0013656
  20.6600000   -0.0008507
  20.6800000   -0.0003995
  20.7000000   -0.0000114
  20.7200000    0.0003169
  20.7400000    0.0005905
  20.7600000    0.0008154
  20.7800000    0.0009971
  20.8000000    0.0011400
  20.8200000    0.0012465
  20.8400000    0.0013169
  20.8600000    0.0013496
  20.8800000    0.0013417
  20.9000000    0.0012895
  20.9200000    0.0011900
  20.9400000    0.0010414
  20.9600000    0.0008439
  20.9800000    0.0006006
  21.0000000    0.0003174
  21.0200000    0.0000026
  21.0400000   -0.0003333
  21.0600000   -0.0006783
  21.0800000   -0.0010200
  21.1000000   -0.0013459
  21.1200000   -0.0016446
  21.1400000   -0.0019055
  21.1600000   -0.0021194
  21.1800000   -0.0022774
  21.2000000   -0.0023711
  21.2200000   -0.0023916
  21.2400000   -0.0023286
  21.2600000   -0.0021702
  21.2800000   -0.0019028
  21.3000000   -0.0015112
  21.3200000   -0.0009797
  21.3400000   -0.0002936
  21.3600000    0.0005589
  21.3800000    0.0015844
  21.4000000    0.0027820
  21.4200000    0.0041410
  21.4400000    0.0056397
  21.4600000    0.0072443
  21.4800000    0.0089100
  21.5000000    0.0105822
  21.5200000    0.0121999
  21.5400000    0.0136994
  21.5600000    0.0150191
  21.5800000    0.0161047
  21.6000000    0.0169132
  21.6200000    0.0174168
  21.6400000    0.0176049
  21.6600000    0.0174852
  21.6800000    0.0170817
  21.7000000    0.0164332
  21.7200000    0.0155888
  21.7400000    0.0146035
  21.7600000    0.0135343
  21.7800000    0.0124355
  21.8000000    0.0113553
  21.8200000    0.0103339
  21.8400000    0.0094021
  21.8600000    0.0085813
  21.8800000    0.0078837
  21.9000000    0.0073143
  21.9200000    0.0068721
  21.9400000    0.0065515
  21.9600000    0.0063444
  21.9800000    0.0062409
  22.0000000    0.0062300
  22.0200000    0.0063006
  22.0400000    0.0064412
  22.0600000    0.0066397
  22.0800000    0.0068832
  22.1000000    0.0071581
  22.1200000    0.0074493
  22.1400000    0.0077407
  22.1600000    0.0080152
  22.1800000    0.0082557
  22.2000000    0.0084455
  22.2200000    0.0085697
  22.2400000    0.0086162
  22.2600000    0.0085765
  22.2800000    0.0084470
  22.3000000    0.0082288
  22.3200000    0.0079284
  22.3400000    0.0075569
  22.3600000    0.0071294
  22.3800000    0.0066643
  22.4000000    0.0061822
  22.4200000    0.0057048
  22.4400000    0.0052540
  22.4600000    0.0048516
  22.4800000    0.0045186
  22.5000000    0.0042751
  22.5200000    0.0041404
  22.5400000    0.0041330
  22.5600000    0.0042710
  22.5800000    0.0045722
  22.6000000    0.0050544
  22.6200000    0.0057356
  22.6400000    0.0066333
  22.6600000    0.0077641
  22.6800000    0.0091426
  22.7000000    0.0107796
  22.7200000    0.0126799
  22.7400000    0.0148402
  22.7600000    0.0172462
  22.7800000    0.0198710
  22.8000000    0.0226734
  22.8200000    0.0255989
  22.8400000    0.0285804
  22.8600000    0.0315424
  22.8800000    0.0344059
  22.9000000    0.0370942
  22.9200000    0.0395394
  22.9400000    0.0416885
  22.9600000    0.0435081
  22.9800000    0.0449863
  23.0000000    0.0461332
  23.0200000    0.0469774
  23.0400000    0.0475616
  23.0600000    0.0479351
  23.0800000    0.0481472
  23.1000000    0.0482401
  23.1200000    0.0482435
  23.1400000    0.0481719
  23.1600000    0.0480239
  23.1800000    0.0477846
  23.2000000    0.0474296
  23.2200000    0.0469298
  23.2400000    0.0462578
  23.2600000    0.0453921
  23.2800000    0.0443209
  23.3000000    0.0430442
  23.3200000    0.0415737
  23.3400000    0.0399319
  23.3600000    0.0381494
  23.3800000    0.0362627
  23.4000000    0.0343113
  23.4200000    0.0323361
  23.4400000    0.0303775
  23.4600000    0.0284751
  23.4800000    0.0266670
  23.5000000    0.0249896
  23.5200000    0.0234776
  23.5400000    0.0221629
  23.5600000    0.0210740
  23.5800000    0.0202349
  23.6000000    0.0196634
  23.6200000    0.0193704
  23.6400000    0.0193589
  23.6600000    0.0196238
  23.6800000    0.0201520
  23.7000000    0.0209234
  23.7200000    0.0219116
  23.7400000    0.0230855
  23.7600000    0.0244103
  23.7800000    0.0258487
  23.8000000    0.0273610
  23.8200000    0.0289062
  23.8400000    0.0304417
  23.8600000    0.0319235
  23.8800000    0.0333065
  23.9000000    0.0345450
  23.9200000    0.0355939
  23.9400000    0.0364098
  23.9600000    0.0369537
  23.9800000    0.0371925
  24.0000000    0.0371018
  24.0200000    0.0366680
  24.0400000    0.0358898
  24.0600000    0.0347790
  24.0800000    0.0333608
  24.1000000    0.0316726
  24.1200000    0.0297624
  24.1400000    0.0276861
  24.1600000    0.0255047
  24.1800000    0.0232812
  24.2000000    0.0210773
  24.2200000    0.0189511
  24.2400000    0.0169542
  24.2600000    0.0151305
  24.2800000    0.0135147
  24.3000000    0.0121315
  24.3200000    0.0109957
  24.3400000    0.0101120
  24.3600000    0.0094755
  24.3800000    0.0090723
  24.4000000    0.0088807
  24.4200000    0.0088723
  24.4400000    0.0090134
  24.4600000    0.0092669
  24.4800000    0.0095944
  24.5000000    0.0099582
  24.5200000    0.0103233
  24.5400000    0.0106598
  24.5600000    0.0109440
  24.5800000    0.0111596
  24.6000000    0.0112984
  24.6200000    0.0113595
  24.6400000    0.0113490
  24.6600000    0.0112777
  24.6800000    0.0111597
  24.7000000    0.0110102
  24.7200000    0.0108431
  24.7400000    0.0106700
  24.7600000    0.0104987
  24.7800000    0.0103326
  24.8000000    0.0101713
  24.8200000    0.0100111
  24.8400000    0.0098462
  24.8600000    0.0096702
  24.8800000    0.0094773
  24.9000000    0.0092634
  24.9200000    0.0090269
  24.9400000    0.0087685
  24.9600000    0.0084914
  24.9800000    0.0081997
  25.0000000    0.0078981
  25.0200000    0.0075899
  25.0400000    0.0072765
  25.0600000    0.0069563
  25.0800000    0.0066245
  25.1000000    0.0062729
  25.1200000    0.0058910
  25.1400000    0.0054664
  25.1600000    0.0049868
  25.1800000    0.0044411
  25.2000000    0.0038207
  25.2200000    0.0031214
  25.2400000    0.0023439
  25.2600000    0.0014949
  25.2800000    0.0005871
  25.3000000   -0.0003608
  25.3200000   -0.0013246
  25.3400000   -0.0022758
  25.3600000   -0.0031829
  25.3800000   -0.0040133
  25.4000000   -0.0047351
  25.4200000   -0.0053200
  25.4400000   -0.0057448
  25.4600000   -0.0059938
  25.4800000   -0.0060599
  25.5000000   -0.0059457
  25.5200000   -0.0056629
  25.5400000   -0.0052317
  25.5600000   -0.0046782
  25.5800000   -0.0040324
  25.6000000   -0.0033250
  25.6200000   -0.0025846
  25.6400000   -0.0018354
  25.6600000   -0.0010957
  25.6800000   -0.0003774
  25.7000000    0.0003132
  25.7200000    0.0009738
  25.7400000    0.0016031
  25.7600000    0.0021983
  25.7800000    0.0027521
  25.8000000    0.0032503
  25.8200000    0.0036709
  25.8400000    0.0039837
  25.8600000    0.0041523
  25.8800000    0.0041368
  25.9000000    0.0038981
  25.9200000    0.0034018
  25.9400000    0.0026239
  25.9600000    0.0015541
  25.9800000    0.0001996
  26.0000000   -0.0014134
  26.0200000   -0.0032399
  26.0400000   -0.0052177
  26.0600000   -0.0072714
  26.0800000   -0.0093167
  26.1000000   -0.0112672
  26.1200000   -0.0130400
  26.1400000   -0.0145622
  26.1600000   -0.0157761
  26.1800000   -0.0166431
  26.2000000   -0.0171462
  26.2200000   -0.0172903
  26.2400000   -0.0171005
  26.2600000   -0.0166192
  26.2800000   -0.0159012
  26.3000000   -0.0150088
  26.3200000   -0.0140058
  26.3400000   -0.0129523
  26.3600000   -0.0119002
  26.3800000   -0.0108897
  26.4000000   -0.0099477
  26.4200000   -0.0090870
  26.4400000   -0.0083073
  26.4600000   -0.0075976
  26.4800000   -0.0069387
  26.5000000   -0.0063066
  26.5200000   -0.0056766
  26.5400000   -0.0050258
  26.5600000   -0.0043366
  26.5800000   -0.0035981
  26.6000000   -0.0028077
  26.6200000   -0.0019712
  26.6400000   -0.0011022
  26.6600000   -0.0002209
  26.6800000    0.0006478
  26.7000000    0.0014767
  26.7200000    0.0022384
  26.7400000    0.0029083
  26.7600000    0.0034661
  26.7800000    0.0038977
  26.8000000    0.0041962
  26.8200000    0.0043617
  26.8400000    0.0044010
  26.8600000    0.0043257
  26.8800000    0.0041506
  26.9000000    0.0038915
  26.9200000    0.0035628
  26.9400000    0.0031765
  26.9600000    0.0027407
  26.9800000    0.0022605
  27.0000000    0.0017384
  27.0200000    0.0011759
  27.0400000    0.0005762
  27.0600000   -0.0000546
  27.0800000   -0.0007054
  27.1000000   -0.0013597
  27.1200000   -0.0019958
  27.1400000   -0.0025879
  27.1600000   -0.0031080
  27.1800000   -0.0035282
  27.2000000   -0.0038231
  27.2200000   -0.0039722
  27.2400000   -0.0039607
  27.2600000   -0.0037814
  27.2800000   -0.0034341
  27.3000000   -0.0029257
  27.3200000   -0.0022700
  27.3400000   -0.0014864
  27.3600000   -0.0006001
  27.3800000    0.0003588
  27.4000000    0.0013558
  27.4200000    0.0023520
  27.4400000    0.0033057
  27.4600000    0.0041733
  27.4800000    0.0049116
  27.5000000    0.0054804
  27.5200000    0.0058451
  27.5400000    0.0059802
  27.5600000    0.0058711
  27.5800000    0.0055165
  27.6000000    0.0049290
  27.6200000    0.0041345
  27.6400000    0.0031701
  27.6600000    0.0020818
  27.6800000    0.0009198
  27.7000000   -0.0002645
  27.7200000   -0.0014236
  27.7400000   -0.0025163
  27.7600000   -0.0035107
  27.7800000   -0.0043856
  27.8000000   -0.0051300
  27.8200000   -0.0057432
  27.8400000   -0.0062320
  27.8600000   -0.0066094
  27.8800000   -0.0068918
  27.9000000   -0.0070970
  27.9200000   -0.0072422
  27.9400000   -0.0073428
  27.9600000   -0.0074116
  27.9800000   -0.0074587
  28.0000000   -0.0074914
  28.0200000   -0.0075147
  28.0400000   -0.0075319
  28.0600000   -0.0075450
  28.0800000   -0.0075551
  28.1000000   -0.0075634
  28.1200000   -0.0075712
  28.1400000   -0.0075807
  28.1600000   -0.0075953
  28.1800000   -0.0076204
  28.2000000   -0.0076633
  28.2200000   -0.0077334
  28.2400000   -0.0078424
  28.2600000   -0.0080032
  28.2800000   -0.0082290
  28.3000000   -0.0085315
  28.3200000   -0.0089194
  28.3400000   -0.0093963
  28.3600000   -0.0099590
  28.3800000   -0.0105963
  28.4000000   -0.0112882
  28.4200000   -0.0120065
  28.4400000   -0.0127164
  28.4600000   -0.0133784
  28.4800000   -0.0139515
  28.5000000   -0.0143966
  28.5200000   -0.0146801
  28.5400000   -0.0147764
  28.5600000   -0.0146706
  28.5800000   -0.0143596
  28.6000000   -0.0138518
  28.6200000   -0.0131666
  28.6400000   -0.0123327
  28.6600000   -0.0113852
  28.6800000   -0.0103637
  28.7000000   -0.0093097
  28.7200000   -0.0082646
  28.7400000   -0.0072685
  28.7600000   -0.0063587
  28.7800000   -0.0055696
  28.8000000   -0.0049320
  28.8200000   -0.0044729
  28.8400000   -0.0042145
  28.8600000   -0.0041737
  28.8800000   -0.0043608
  28.9000000   -0.0047777
  28.9200000   -0.0054171
  28.9400000   -0.0062611
  28.9600000   -0.0072807
  28.9800000   -0.0084370
  29.0000000   -0.0096820
  29.0200000   -0.0109617
  29.0400000   -0.0122197
  29.0600000   -0.0134011
  29.0800000   -0.0144572
  29.1000000   -0.0153491
  29.1200000   -0.0160508
  29.1400000   -0.0165508
  29.1600000   -0.0168526
  29.1800000   -0.0169728
  29.2000000   -0.0169391
  29.2200000   -0.0167866
  29.2400000   -0.0165546
  29.2600000   -0.0162830
  29.2800000   -0.0160099
  29.3000000   -0.0157706
  29.3200000   -0.0155968
  29.3400000   -0.0155173
  29.3600000   -0.0155591
  29.3800000   -0.0157483
  29.4000000   -0.0161104
  29.4200000   -0.0166699
  29.4400000   -0.0174486
  29.4600000   -0.0184635
  29.4800000   -0.0197228
  29.5000000   -0.0212234
  29.5200000   -0.0229470
  29.5400000   -0.0248590
  29.5600000   -0.0269070
  29.5800000   -0.0290225
  29.6000000   -0.0311236
  29.6200000   -0.0331195
  29.6400000   -0.0349155
  29.6600000   -0.0364199
  29.6800000   -0.0375498
  29.7000000   -0.0382370
  29.7200000   -0.0384331
  29.7400000   -0.0381129
  29.7600000   -0.0372766
  29.7800000   -0.0359507
  29.8000000   -0.0341872
  29.8200000   -0.0320612
  29.8400000   -0.0296676
  29.8600000   -0.0271161
  29.8800000   -0.0245259
  29.9000000   -0.0220190
  29.9200000   -0.0197131
  29.9400000   -0.0177144
  29.9600000   -0.0161107
  29.9800000   -0.0149648
  30.0000000   -0.0143102
