 -10.0000000    0.0196603
  -9.9800000    0.0201342
  -9.9600000    0.0202301
  -9.9400000    0.0199876
  -9.9200000    0.0194582
  -9.9000000    0.0187021
  -9.8800000    0.0177837
  -9.8600000    0.0167682
  -9.8400000    0.0157185
  -9.8200000    0.0146931
  -9.8000000    0.0137443
  -9.7800000    0.0129171
  -9.7600000    0.0122485
  -9.7400000    0.0117663
  -9.7200000    0.0114884
  -9.7000000    0.0114219
  -9.6800000    0.0115625
  -9.6600000    0.0118935
  -9.6400000    0.0123865
  -9.6200000    0.0130022
  -9.6000000    0.0136920
  -9.5800000    0.0144008
  -9.5600000    0.0150710
  -9.5400000    0.0156458
  -9.5200000    0.0160740
  -9.5000000    0.0163134
  -9.4800000    0.0163343
  -9.4600000    0.0161211
  -9.4400000    0.0156730
  -9.4200000    0.0150039
  -9.4000000    0.0141398
  -9.3800000    0.0131162
  -9.3600000    0.0119751
  -9.3400000    0.0107607
  -9.3200000    0.0095169
  -9.3000000    0.0082842
  -9.2800000    0.0070982
  -9.2600000    0.0059885
  -9.2400000    0.0049792
  -9.2200000    0.0040890
  -9.2000000    0.0033328
  -9.1800000    0.0027229
  -9.1600000    0.0022696
  -9.1400000    0.0019828
  -9.1200000    0.0018714
  -9.1000000    0.0019437
  -9.0800000    0.0022064
  -9.0600000    0.0026634
  -9.0400000    0.0033153
  -9.0200000    0.0041575
  -9.0000000    0.0051803
  -8.9800000    0.0063673
  -8.9600000    0.0076968
  -8.9400000    0.0091409
  -8.9200000    0.0106676
  -8.9000000    0.0122415
  -8.8800000    0.0138250
  -8.8600000    0.0153806
  -8.8400000    0.0168717
  -8.8200000    0.0182640
  -8.8000000    0.0195270
  -8.7800000    0.0206340
  -8.7600000    0.0215634
  -8.7400000    0.0222987
  -8.7200000    0.0228287
  -8.7000000    0.0231475
  -8.6800000    0.0232545
  -8.6600000    0.0231540
  -8.6400000    0.0228549
  -8.6200000    0.0223699
  -8.6000000    0.0217147
  -8.5800000    0.0209072
  -8.5600000    0.0199662
  -8.5400000    0.0189104
  -8.5200000    0.0177574
  -8.5000000    0.0165229
  -8.4800000    0.0152208
  -8.4600000    0.0138624
  -8.4400000    0.0124578
  -8.4200000    0.0110157
  -8.4000000    0.0095447
  -8.3800000    0.0080537
  -8.3600000    0.0065527
  -8.3400000    0.0050526
  -8.3200000    0.0035649
  -8.3000000    0.0021011
  -8.2800000    0.0006717
  -8.2600000   -0.0007152
  -8.2400000   -0.0020544
  -8.2200000   -0.0033442
  -8.2000000   -0.0045863
  -8.1800000   -0.0057849
  -8.1600000   -0.0069451
  -8.1400000   -0.0080711
  -8.1200000   -0.0091637
  -8.1000000   -0.0102181
  -8.0800000   -0.0112219
  -8.0600000   -0.0121544
  -8.0400000   -0.0129858
  -8.0200000   -0.0136776
  -8.0000000   -0.0141837
  -7.9800000   -0.0144520
  -7.9600000   -0.0144253
  -7.9400000   -0.0140434
  -7.9200000   -0.0132433
  -7.9000000   -0.0119608
  -7.8800000   -0.0101306
  -7.8600000   -0.0076883
  -7.8400000   -0.0045730
  -7.8200000   -0.0007315
  -7.8000000    0.0038752
  -7.7800000    0.0092635
  -7.7600000    0.0154177
  -7.7400000    0.0222798
  -7.7200000    0.0297407
  -7.7000000    0.0376345
  -7.6800000    0.0457376
  -7.6600000    0.0537731
  -7.6400000    0.0614232
  -7.6200000    0.0683470
  -7.6000000    0.0742044
  -7.5800000    0.0786823
  -7.5600000    0.0815214
  -7.5400000    0.0825397
  -7.5200000    0.0816502
  -7.5000000    0.0788702
  -7.4800000    0.0743212
  -7.4600000    0.0682191
  -7.4400000    0.0608563
  -7.4200000    0.0525781
  -7.4000000    0.0437553
  -7.3800000    0.0347570
  -7.3600000    0.0259262
  -7.3400000    0.0175600
  -7.3200000    0.0098961
  -7.3000000    0.0031058
  -7.2800000   -0.0027063
  -7.2600000   -0.0074978
  -7.2400000   -0.0112799
  -7.2200000   -0.0141061
  -7.2000000   -0.0160603
  -7.1800000   -0.0172455
  -7.1600000   -0.0177730
  -7.1400000   -0.0177542
  -7.1200000   -0.0172944
  -7.1000000   -0.0164890
  -7.0800000   -0.0154213
  -7.0600000   -0.0141624
  -7.0400000   -0.0127720
  -7.0200000   -0.0112999
  -7.0000000   -0.0097882
  -6.9800000   -0.0082729
  -6.9600000   -0.0067851
  -6.9400000   -0.0053519
  -6.9200000   -0.0039959
  -6.9000000   -0.0027345
  -6.8800000   -0.0015782
  -6.8600000   -0.0005287
  -6.8400000    0.0004236
  -6.8200000    0.0013013
  -6.8000000    0.0021413
  -6.7800000    0.0029943
  -6.7600000    0.0039233
  -6.7400000    0.0049996
  -6.7200000    0.0062966
  -6.7000000    0.0078822
  -6.6800000    0.0098091
  -6.6600000    0.0121054
  -6.6400000    0.0147660
  -6.6200000    0.0177463
  -6.6000000    0.0209594
  -6.5800000    0.0242785
  -6.5600000    0.0275440
  -6.5400000    0.0305757
  -6.5200000    0.0331891
  -6.5000000    0.0352131
  -6.4800000    0.0365081
  -6.4600000    0.0369816
  -6.4400000    0.0365987
  -6.4200000    0.0353869
  -6.4000000    0.0334340
  -6.3800000    0.0308800
  -6.3600000    0.0279029
  -6.3400000    0.0247028
  -6.3200000    0.0214837
  -6.3000000    0.0184368
  -6.2800000    0.0157270
  -6.2600000    0.0134829
  -6.2400000    0.0117917
  -6.2200000    0.0106977
  -6.2000000    0.0102042
  -6.1800000    0.0102783
  -6.1600000    0.0108561
  -6.1400000    0.0118489
  -6.1200000    0.0131489
  -6.1000000    0.0146347
  -6.0800000    0.0161764
  -6.0600000    0.0176409
  -6.0400000    0.0188972
  -6.0200000    0.0198224
  -6.0000000    0.0203082
  -5.9800000    0.0202668
  -5.9600000    0.0196374
  -5.9400000    0.0183910
  -5.9200000    0.0165329
  -5.9000000    0.0141038
  -5.8800000    0.0111772
  -5.8600000    0.0078544
  -5.8400000    0.0042569
  -5.8200000    0.0005173
  -5.8000000   -0.0032309
  -5.7800000   -0.0068637
  -5.7600000   -0.0102751
  -5.7400000   -0.0133845
  -5.7200000   -0.0161407
  -5.7000000   -0.0185235
  -5.6800000   -0.0205421
  -5.6600000   -0.0222310
  -5.6400000   -0.0236435
  -5.6200000   -0.0248439
  -5.6000000   -0.0258989
  -5.5800000   -0.0268691
  -5.5600000   -0.0278016
  -5.5400000   -0.0287239
  -5.5200000   -0.0296405
  -5.5000000   -0.0305314
  -5.4800000   -0.0313546
  -5.4600000   -0.0320506
  -5.4400000   -0.0325493
  -5.4200000   -0.0327792
  -5.4000000   -0.0326769
  -5.3800000   -0.0321965
  -5.3600000   -0.0313172
  -5.3400000   -0.0300492
  -5.3200000   -0.0284347
  -5.3000000   -0.0265470
  -5.2800000   -0.0244848
  -5.2600000   -0.0223638
  -5.2400000   -0.0203064
  -5.2200000   -0.0184310
  -5.2000000   -0.0168413
  -5.1800000   -0.0156183
  -5.1600000   -0.0148141
  -5.1400000   -0.0144504
  -5.1200000   -0.0145190
  -5.1000000   -0.0149860
  -5.0800000   -0.0157980
  -5.0600000   -0.0168892
  -5.0400000   -0.0181884
  -5.0200000   -0.0196259
  -5.0000000   -0.0211380
  -4.9800000   -0.0226698
  -4.9600000   -0.0241762
  -4.9400000   -0.0256211
  -4.9200000   -0.0269751
  -4.9000000   -0.0282126
  -4.8800000   -0.0293092
  -4.8600000   -0.0302393
  -4.8400000   -0.0309750
  -4.8200000   -0.0314862
  -4.8000000   -0.0317418
  -4.7800000   -0.0317124
  -4.7600000   -0.0313739
  -4.7400000   -0.0307113
  -4.7200000   -0.0297221
  -4.7000000   -0.0284195
  -4.6800000   -0.0268341
  -4.6600000   -0.0250149
  -4.6400000   -0.0230272
  -4.6200000   -0.0209512
  -4.6000000   -0.0188770
  -4.5800000   -0.0169008
  -4.5600000   -0.0151191
  -4.5400000   -0.0136243
  -4.5200000   -0.0125001
  -4.5000000   -0.0118181
  -4.4800000   -0.0116353
  -4.4600000   -0.0119932
  -4.4400000   -0.0129170
  -4.4200000   -0.0144152
  -4.4000000   -0.0164796
  -4.3800000   -0.0190847
  -4.3600000   -0.0221859
  -4.3400000   -0.0257183
  -4.3200000   -0.0295941
  -4.3000000   -0.0337018
  -4.2800000   -0.0379053
  -4.2600000   -0.0420466
  -4.2400000   -0.0459505
  -4.2200000   -0.0494321
  -4.2000000   -0.0523081
  -4.1800000   -0.0544094
  -4.1600000   -0.0555946
  -4.1400000   -0.0557628
  -4.1200000   -0.0548640
  -4.1000000   -0.0529052
  -4.0800000   -0.0499516
  -4.0600000   -0.0461228
  -4.0400000   -0.0415845
  -4.0200000   -0.0365359
  -4.0000000   -0.0311956
  -3.9800000   -0.0257876
  -3.9600000   -0.0205293
  -3.9400000   -0.0156212
  -3.9200000   -0.0112426
  -3.9000000   -0.0075490
  -3.8800000   -0.0046738
  -3.8600000   -0.0027315
  -3.8400000   -0.0018203
  -3.8200000   -0.0020241
  -3.8000000   -0.0034104
  -3.7800000   -0.0060252
  -3.7600000   -0.0098836
  -3.7400000   -0.0149582
  -3.7200000   -0.0211659
  -3.7000000   -0.0283568
  -3.6800000   -0.0363067
  -3.6600000   -0.0447165
  -3.6400000   -0.0532206
  -3.6200000   -0.0614036
  -3.6000000   -0.0688264
  -3.5800000   -0.0750585
  -3.5600000   -0.0797127
  -3.5400000   -0.0824798
  -3.5200000   -0.0831567
  -3.5000000   -0.0816659
  -3.4800000   -0.0780631
  -3.4600000   -0.0725311
  -3.4400000   -0.0653623
  -3.4200000   -0.0569314
  -3.4000000   -0.0476610
  -3.3800000   -0.0379864
  -3.3600000   -0.0283219
  -3.3400000   -0.0190332
  -3.3200000   -0.0104173
  -3.3000000   -0.0026919
  -3.2800000    0.0040063
  -3.2600000    0.0096164
  -3.2400000    0.0141426
  -3.2200000    0.0176397
  -3.2000000    0.0201983
  -3.1800000    0.0219309
  -3.1600000    0.0229594
  -3.1400000    0.0234059
  -3.1200000    0.0233857
  -3.1000000    0.0230030
  -3.0800000    0.0223490
  -3.0600000    0.0215009
  -3.0400000    0.0205218
  -3.0200000    0.0194615
  -3.0000000    0.0183573
  -2.9800000    0.0172348
  -2.9600000    0.0161087
  -2.9400000    0.0149841
  -2.9200000    0.0138574
  -2.9000000    0.0127181
  -2.8800000    0.0115505
  -2.8600000    0.0103356
  -2.8400000    0.0090545
  -2.8200000    0.0076904
  -2.8000000    0.0062319
  -2.7800000    0.0046760
  -2.7600000    0.0030306
  -2.7400000    0.0013164
  -2.7200000   -0.0004323
  -2.7000000   -0.0021675
  -2.6800000   -0.0038293
  -2.6600000   -0.0053489
  -2.6400000   -0.0066530
  -2.6200000   -0.0076694
  -2.6000000   -0.0083327
  -2.5800000   -0.0085903
  -2.5600000   -0.0084072
  -2.5400000   -0.0077698
  -2.5200000   -0.0066871
  -2.5000000   -0.0051903
  -2.4800000   -0.0033300
  -2.4600000   -0.0011710
  -2.4400000    0.0012133
  -2.4200000    0.0037478
  -2.4000000    0.0063626
  -2.3800000    0.0089985
  -2.3600000    0.0116120
  -2.3400000    0.0141784
  -2.3200000    0.0166927
  -2.3000000    0.0191695
  -2.2800000    0.0216404
  -2.2600000    0.0241497
  -2.2400000    0.0267493
  -2.2200000    0.0294913
  -2.2000000    0.0324210
  -2.1800000    0.0355686
  -2.1600000    0.0389426
  -2.1400000    0.0425242
  -2.1200000    0.0462646
  -2.1000000    0.0500856
  -2.0800000    0.0538843
  -2.0600000    0.0575410
  -2.0400000    0.0609307
  -2.0200000    0.0639360
  -2.0000000    0.0664600
  -1.9800000    0.0684371
  -1.9600000    0.0698411
  -1.9400000    0.0706868
  -1.9200000    0.0710281
  -1.9000000    0.0709495
  -1.8800000    0.0705550
  -1.8600000    0.0699545
  -1.8400000    0.0692499
  -1.8200000    0.0685242
  -1.8000000    0.0678332
  -1.7800000    0.0672020
  -1.7600000    0.0666269
  -1.7400000    0.0660797
  -1.7200000    0.0655167
  -1.7000000    0.0648878
  -1.6800000    0.0641455
  -1.6600000    0.0632533
  -1.6400000    0.0621902
  -1.6200000    0.0609532
  -1.6000000    0.0595562
  -1.5800000    0.0580268
  -1.5600000    0.0564009
  -1.5400000    0.0547169
  -1.5200000    0.0530095
  -1.5000000    0.0513055
  -1.4800000    0.0496205
  -1.4600000    0.0479582
  -1.4400000    0.0463111
  -1.4200000    0.0446637
  -1.4000000    0.0429961
  -1.3800000    0.0412888
  -1.3600000    0.0395263
  -1.3400000    0.0377001
  -1.3200000    0.0358112
  -1.3000000    0.0338695
  -1.2800000    0.0318931
  -1.2600000    0.0299061
  -1.2400000    0.0279350
  -1.2200000    0.0260065
  -1.2000000    0.0241443
  -1.1800000    0.0223675
  -1.1600000    0.0206895
  -1.1400000    0.0191189
  -1.1200000    0.0176600
  -1.1000000    0.0163152
  -1.0800000    0.0150874
  -1.0600000    0.0139819
  -1.0400000    0.0130092
  -1.0200000    0.0121861
  -1.0000000    0.0115368
  -0.9800000    0.0110925
  -0.9600000    0.0108911
  -0.9400000    0.0109748
  -0.9200000    0.0113875
  -0.9000000    0.0121721
  -0.8800000    0.0133669
  -0.8600000    0.0150026
  -0.8400000    0.0170997
  -0.8200000    0.0196667
  -0.8000000    0.0227005
  -0.7800000    0.0261869
  -0.7600000    0.0301033
  -0.7400000    0.0344215
  -0.7200000    0.0391111
  -0.7000000    0.0441416
  -0.6800000    0.0494834
  -0.6600000    0.0551062
  -0.6400000    0.0609751
  -0.6200000    0.0670457
  -0.6000000    0.0732572
  -0.5800000    0.0795265
  -0.5600000    0.0857451
  -0.5400000    0.0917795
  -0.5200000    0.0974771
  -0.5000000    0.1026780
  -0.4800000    0.1072321
  -0.4600000    0.1110204
  -0.4400000    0.1139782
  -0.4200000    0.1161171
  -0.4000000    0.1175437
  -0.3800000    0.1184708
  -0.3600000    0.1192212
  -0.3400000    0.1202206
  -0.3200000    0.1219813
  -0.3000000    0.1250766
  -0.2800000    0.1301080
  -0.2600000    0.1376672
  -0.2400000    0.1482962
  -0.2200000    0.1624489
  -0.2000000    0.1804550
  -0.1800000    0.2024910
  -0.1600000    0.2285587
  -0.1400000    0.2584717
  -0.1200000    0.2918508
  -0.1000000    0.3281266
  -0.0800000    0.3665463
  -0.0600000    0.4061852
  -0.0400000    0.4459581
  -0.0200000    0.4846311
   0.0000000    0.5208334
   0.0200000    0.5530714
   0.0400000    0.5797480
   0.0600000    0.5991927
   0.0800000    0.6097069
   0.1000000    0.6096296
   0.1200000    0.5974265
   0.1400000    0.5718000
   0.1600000    0.5318190
   0.1800000    0.4770556
   0.2000000    0.4077171
   0.2200000    0.3247565
   0.2400000    0.2299415
   0.2600000    0.1258659
   0.2800000    0.0158882
   0.3000000   -0.0960078
   0.3200000   -0.2054299
   0.3400000   -0.3078572
   0.3600000   -0.3989597
   0.3800000   -0.4749271
   0.4000000   -0.5327691
   0.4200000   -0.5705528
   0.4400000   -0.5875482
   0.4600000   -0.5842622
   0.4800000   -0.5623577
   0.5000000   -0.5244679
   0.5200000   -0.4739301
   0.5400000   -0.4144725
   0.5600000   -0.3498920
   0.5800000   -0.2837589
   0.6000000   -0.2191787
   0.6200000   -0.1586293
   0.6400000   -0.1038812
   0.6600000   -0.0559964
   0.6800000   -0.0153927
   0.7000000    0.0180463
   0.7200000    0.0448362
   0.7400000    0.0657514
   0.7600000    0.0816960
   0.7800000    0.0935964
   0.8000000    0.1023206
   0.8200000    0.1086265
   0.8400000    0.1131346
   0.8600000    0.1163227
   0.8800000    0.1185342
   0.9000000    0.1199974
   0.9200000    0.1208495
   0.9400000    0.1211617
   0.9600000    0.1209636
   0.9800000    0.1202645
   1.0000000    0.1190701
   1.0200000    0.1173963
   1.0400000    0.1152762
   1.0600000    0.1127646
   1.0800000    0.1099375
   1.1000000    0.1068884
   1.1200000    0.1037228
   1.1400000    0.1005503
   1.1600000    0.0974775
   1.1800000    0.0946003
   1.2000000    0.0919982
   1.2200000    0.0897305
   1.2400000    0.0878345
   1.2600000    0.0863268
   1.2800000    0.0852056
   1.3000000    0.0844556
   1.3200000    0.0840529
   1.3400000    0.0839698
   1.3600000    0.0841783
   1.3800000    0.0846514
   1.4000000    0.0853624
   1.4200000    0.0862818
   1.4400000    0.0873721
   1.4600000    0.0885826
   1.4800000    0.0898451
   1.5000000    0.0910708
   1.5200000    0.0921523
   1.5400000    0.0929681
   1.5600000    0.0933914
   1.5800000    0.0933022
   1.6000000    0.0926009
   1.6200000    0.0912201
   1.6400000    0.0891359
   1.6600000    0.0863729
   1.6800000    0.0830051
   1.7000000    0.0791507
   1.7200000    0.0749616
   1.7400000    0.0706098
   1.7600000    0.0662707
   1.7800000    0.0621084
   1.8000000    0.0582612
   1.8200000    0.0548323
   1.8400000    0.0518838
   1.8600000    0.0494366
   1.8800000    0.0474741
   1.9000000    0.0459489
   1.9200000    0.0447932
   1.9400000    0.0439284
   1.9600000    0.0432753
   1.9800000    0.0427631
   2.0000000    0.0423352
   2.0200000    0.0419533
   2.0400000    0.0415988
   2.0600000    0.0412711
   2.0800000    0.0409848
   2.1000000    0.0407649
   2.1200000    0.0406407
   2.1400000    0.0406405
   2.1600000    0.0407852
   2.1800000    0.0410840
   2.2000000    0.0415298
   2.2200000    0.0420978
   2.2400000    0.0427441
   2.2600000    0.0434078
   2.2800000    0.0440142
   2.3000000    0.0444795
   2.3200000    0.0447179
   2.3400000    0.0446481
   2.3600000    0.0442011
   2.3800000    0.0433265
   2.4000000    0.0419982
   2.4200000    0.0402175
   2.4400000    0.0380146
   2.4600000    0.0354465
   2.4800000    0.0325937
   2.5000000    0.0295541
   2.5200000    0.0264355
   2.5400000    0.0233481
   2.5600000    0.0203960
   2.5800000    0.0176705
   2.6000000    0.0152434
   2.6200000    0.0131634
   2.6400000    0.0114532
   2.6600000    0.0101090
   2.6800000    0.0091014
   2.7000000    0.0083780
   2.7200000    0.0078675
   2.7400000    0.0074848
   2.7600000    0.0071369
   2.7800000    0.0067298
   2.8000000    0.0061757
   2.8200000    0.0054001
   2.8400000    0.0043489
   2.8600000    0.0029936
   2.8800000    0.0013359
   2.9000000   -0.0005909
   2.9200000   -0.0027221
   2.9400000   -0.0049659
   2.9600000   -0.0072091
   2.9800000   -0.0093261
   3.0000000   -0.0111891
   3.0200000   -0.0126792
   3.0400000   -0.0136971
   3.0600000   -0.0141723
   3.0800000   -0.0140699
   3.1000000   -0.0133941
   3.1200000   -0.0121885
   3.1400000   -0.0105317
   3.1600000   -0.0085305
   3.1800000   -0.0063098
   3.2000000   -0.0040012
   3.2200000   -0.0017311
   3.2400000    0.0003902
   3.2600000    0.0022771
   3.2800000    0.0038745
   3.3000000    0.0051601
   3.3200000    0.0061425
   3.3400000    0.0068570
   3.3600000    0.0073585
   3.3800000    0.0077128
   3.4000000    0.0079883
   3.4200000    0.0082480
   3.4400000    0.0085434
   3.4600000    0.0089103
   3.4800000    0.0093671
   3.5000000    0.0099149
   3.5200000    0.0105396
   3.5400000    0.0112151
   3.5600000    0.0119075
   3.5800000    0.0125782
   3.6000000    0.0131884
   3.6200000    0.0137021
   3.6400000    0.0140882
   3.6600000    0.0143232
   3.6800000    0.0143916
   3.7000000    0.0142871
   3.7200000    0.0140120
   3.7400000    0.0135768
   3.7600000    0.0129980
   3.7800000    0.0122958
   3.8000000    0.0114905
   3.8200000    0.0105990
   3.8400000    0.0096305
   3.8600000    0.0085829
   3.8800000    0.0074407
   3.9000000    0.0061744
   3.9200000    0.0047418
   3.9400000    0.0030927
   3.9600000    0.0011748
   3.9800000   -0.0010580
   4.0000000   -0.0036369
   4.0200000   -0.0065708
   4.0400000   -0.0098394
   4.0600000   -0.0133912
   4.0800000   -0.0171437
   4.1000000   -0.0209888
   4.1200000   -0.0248008
   4.1400000   -0.0284476
   4.1600000   -0.0318022
   4.1800000   -0.0347542
   4.2000000   -0.0372187
   4.2200000   -0.0391430
   4.2400000   -0.0405083
   4.2600000   -0.0413291
   4.2800000   -0.0416484
   4.3000000   -0.0415312
   4.3200000   -0.0410568
   4.3400000   -0.0403115
   4.3600000   -0.0393813
   4.3800000   -0.0383470
   4.4000000   -0.0372799
   4.4200000   -0.0362400
   4.4400000   -0.0352744
   4.4600000   -0.0344176
   4.4800000   -0.0336908
   4.5000000   -0.0331024
   4.5200000   -0.0326488
   4.5400000   -0.0323144
   4.5600000   -0.0320728
   4.5800000   -0.0318887
   4.6000000   -0.0317199
   4.6200000   -0.0315216
   4.6400000   -0.0312500
   4.6600000   -0.0308676
   4.6800000   -0.0303483
   4.7000000   -0.0296816
   4.7200000   -0.0288771
   4.7400000   -0.0279663
   4.7600000   -0.0270035
   4.7800000   -0.0260646
   4.8000000   -0.0252442
   4.8200000   -0.0246510
   4.8400000   -0.0244019
   4.8600000   -0.0246157
   4.8800000   -0.0254051
   4.9000000   -0.0268698
   4.9200000   -0.0290891
   4.9400000   -0.0321142
   4.9600000   -0.0359626
   4.9800000   -0.0406125
   5.0000000   -0.0459992
   5.0200000   -0.0520140
   5.0400000   -0.0585051
   5.0600000   -0.0652833
   5.0800000   -0.0721292
   5.1000000   -0.0788054
   5.1200000   -0.0850702
   5.1400000   -0.0906934
   5.1600000   -0.0954722
   5.1800000   -0.0992454
   5.2000000   -0.1019041
   5.2200000   -0.1033992
   5.2400000   -0.1037422
   5.2600000   -0.1030022
   5.2800000   -0.1012972
   5.3000000   -0.0987826
   5.3200000   -0.0956376
   5.3400000   -0.0920518
   5.3600000   -0.0882126
   5.3800000   -0.0842963
   5.4000000   -0.0804616
   5.4200000   -0.0768474
   5.4400000   -0.0735735
   5.4600000   -0.0707429
   5.4800000   -0.0684460
   5.5000000   -0.0667641
   5.5200000   -0.0657718
   5.5400000   -0.0655380
   5.5600000   -0.0661235
   5.5800000   -0.0675776
   5.6000000   -0.0699321
   5.6200000   -0.0731955
   5.6400000   -0.0773470
   5.6600000   -0.0823318
   5.6800000   -0.0880591
   5.7000000   -0.0944034
   5.7200000   -0.1012079
   5.7400000   -0.1082917
   5.7600000   -0.1154583
   5.7800000   -0.1225049
   5.8000000   -0.1292321
   5.8200000   -0.1354516
   5.8400000   -0.1409927
   5.8600000   -0.1457062
   5.8800000   -0.1494668
   5.9000000   -0.1521731
   5.9200000   -0.1537480
   5.9400000   -0.1541380
   5.9600000   -0.1533134
   5.9800000   -0.1512689
   6.0000000   -0.1480251
   6.0200000   -0.1436300
   6.0400000   -0.1381605
   6.0600000   -0.1317227
   6.0800000   -0.1244507
   6.1000000   -0.1165041
   6.1200000   -0.1080626
   6.1400000   -0.0993192
   6.1600000   -0.0904724
   6.1800000   -0.0817173
   6.2000000   -0.0732372
   6.2200000   -0.0651960
   6.2400000   -0.0577331
   6.2600000   -0.0509599
   6.2800000   -0.0449581
   6.3000000   -0.0397813
   6.3200000   -0.0354565
   6.3400000   -0.0319873
   6.3600000   -0.0293567
   6.3800000   -0.0275292
   6.4000000   -0.0264530
   6.4200000   -0.0260601
   6.4400000   -0.0262676
   6.4600000   -0.0269782
   6.4800000   -0.0280818
   6.5000000   -0.0294588
   6.5200000   -0.0309844
   6.5400000   -0.0325350
   6.5600000   -0.0339948
   6.5800000   -0.0352630
   6.6000000   -0.0362600
   6.6200000   -0.0369325
   6.6400000   -0.0372550
   6.6600000   -0.0372304
   6.6800000   -0.0368864
   6.7000000   -0.0362706
   6.7200000   -0.0354442
   6.7400000   -0.0344751
   6.7600000   -0.0334313
   6.7800000   -0.0323755
   6.8000000   -0.0313615
   6.8200000   -0.0304318
   6.8400000   -0.0296177
   6.8600000   -0.0289403
   6.8800000   -0.0284117
   6.9000000   -0.0280377
   6.9200000   -0.0278194
   6.9400000   -0.0277556
   6.9600000   -0.0278430
   6.9800000   -0.0280777
   7.0000000   -0.0284553
   7.0200000   -0.0289709
   7.0400000   -0.0296191
   7.0600000   -0.0303943
   7.0800000   -0.0312906
   7.1000000   -0.0323020
   7.1200000   -0.0334227
   7.1400000   -0.0346467
   7.1600000   -0.0359675
   7.1800000   -0.0373775
   7.2000000   -0.0388670
   7.2200000   -0.0404225
   7.2400000   -0.0420262
   7.2600000   -0.0436541
   7.2800000   -0.0452763
   7.3000000   -0.0468564
   7.3200000   -0.0483526
   7.3400000   -0.0497193
   7.3600000   -0.0509098
   7.3800000   -0.0518791
   7.4000000   -0.0525876
   7.4200000   -0.0530042
   7.4400000   -0.0531097
   7.4600000   -0.0528989
   7.4800000   -0.0523820
   7.5000000   -0.0515846
   7.5200000   -0.0505457
   7.5400000   -0.0493157
   7.5600000   -0.0479514
   7.5800000   -0.0465116
   7.6000000   -0.0450517
   7.6200000   -0.0436192
   7.6400000   -0.0422494
   7.6600000   -0.0409635
   7.6800000   -0.0397679
   7.7000000   -0.0386554
   7.7200000   -0.0376083
   7.7400000   -0.0366030
   7.7600000   -0.0356142
   7.7800000   -0.0346202
   7.8000000   -0.0336068
   7.8200000   -0.0325700
   7.8400000   -0.0315173
   7.8600000   -0.0304671
   7.8800000   -0.0294465
   7.9000000   -0.0284885
   7.9200000   -0.0276271
   7.9400000   -0.0268935
   7.9600000   -0.0263107
   7.9800000   -0.0258899
   8.0000000   -0.0256263
   8.0200000   -0.0254961
   8.0400000   -0.0254542
   8.0600000   -0.0254325
   8.0800000   -0.0253388
   8.1000000   -0.0250567
   8.1200000   -0.0244459
   8.1400000   -0.0233444
   8.1600000   -0.0215710
   8.1800000   -0.0189303
   8.2000000   -0.0152210
   8.2200000   -0.0102460
   8.2400000   -0.0038275
   8.2600000    0.0041757
   8.2800000    0.0138470
   8.3000000    0.0251905
   8.3200000    0.0381102
   8.3400000    0.0523942
   8.3600000    0.0677061
   8.3800000    0.0835875
   8.4000000    0.0994740
   8.4200000    0.1147243
   8.4400000    0.1286619
   8.4600000    0.1406262
   8.4800000    0.1500267
   8.5000000    0.1563947
   8.5200000    0.1594261
   8.5400000    0.1590091
   8.5600000    0.1552335
   8.5800000    0.1483802
   8.6000000    0.1388924
   8.6200000    0.1273323
   8.6400000    0.1143291
   8.6600000    0.1005255
   8.6800000    0.0865272
   8.7000000    0.0728628
   8.7200000    0.0599548
   8.7400000    0.0481056
   8.7600000    0.0374957
   8.7800000    0.0281932
   8.8000000    0.0201713
   8.8200000    0.0133306
   8.8400000    0.0075229
   8.8600000    0.0025742
   8.8800000   -0.0016943
   8.9000000   -0.0054498
   8.9200000   -0.0088352
   8.9400000   -0.0119606
   8.9600000   -0.0148997
   8.9800000   -0.0176893
   9.0000000   -0.0203330
   9.0200000   -0.0228069
   9.0400000   -0.0250680
   9.0600000   -0.0270635
   9.0800000   -0.0287403
   9.1000000   -0.0300539
   9.1200000   -0.0309751
   9.1400000   -0.0314954
   9.1600000   -0.0316283
   9.1800000   -0.0314087
   9.2000000   -0.0308899
   9.2200000   -0.0301380
   9.2400000   -0.0292255
   9.2600000   -0.0282252
   9.2800000   -0.0272032
   9.3000000   -0.0262140
   9.3200000   -0.0252966
   9.3400000   -0.0244719
   9.3600000   -0.0237423
   9.3800000   -0.0230924
   9.4000000   -0.0224913
   9.4200000   -0.0218957
   9.4400000   -0.0212548
   9.4600000   -0.0205148
   9.4800000   -0.0196245
   9.5000000   -0.0185412
   9.5200000   -0.0172351
   9.5400000   -0.0156943
   9.5600000   -0.0139268
   9.5800000   -0.0119619
   9.6000000   -0.0098481
   9.6200000   -0.0076494
   9.6400000   -0.0054392
   9.6600000   -0.0032915
   9.6800000   -0.0012725
   9.7000000    0.0005689
   9.7200000    0.0022083
   9.7400000    0.0036508
   9.7600000    0.0049319
   9.7800000    0.0061148
   9.8000000    0.0072825
   9.8200000    0.0085267
   9.8400000    0.0099338
   9.8600000    0.0115708
   9.8800000    0.0134717
   9.9000000    0.0156271
   9.9200000    0.0179793
   9.9400000    0.0204226
   9.9600000    0.0228093
   9.9800000    0.0249628
  10.0000000    0.0266926
  10.0200000    0.0278137
  10.0400000    0.0281646
  10.0600000    0.0276237
  10.0800000    0.0261219
  10.1000000    0.0236499
  10.1200000    0.0202594
  10.1400000    0.0160596
  10.1600000    0.0112076
  10.1800000    0.0058966
  10.2000000    0.0003406
  10.2200000   -0.0052404
  10.2400000   -0.0106358
  10.2600000   -0.0156567
  10.2800000   -0.0201471
  10.3000000   -0.0239904
  10.3200000   -0.0271143
  10.3400000   -0.0294905
  10.3600000   -0.0311330
  10.3800000   -0.0320918
  10.4000000   -0.0324455
  10.4200000   -0.0322914
  10.4400000   -0.0317350
  10.4600000   -0.0308790
  10.4800000   -0.0298138
  10.5000000   -0.0286089
  10.5200000   -0.0273075
  10.5400000   -0.0259243
  10.5600000   -0.0244461
  10.5800000   -0.0228371
  10.6000000   -0.0210460
  10.6200000   -0.0190160
  10.6400000   -0.0166959
  10.6600000   -0.0140508
  10.6800000   -0.0110715
  10.7000000   -0.0077810
  10.7200000   -0.0042370
  10.7400000   -0.0005305
  10.7600000    0.0032207
  10.7800000    0.0068813
  10.8000000    0.0103111
  10.8200000    0.0133791
  10.8400000    0.0159763
  10.8600000    0.0180265
  10.8800000    0.0194937
  10.9000000    0.0203844
  10.9200000    0.0207459
  10.9400000    0.0206595
  10.9600000    0.0202313
  10.9800000    0.0195813
  11.0000000    0.0188322
  11.0200000    0.0181003
  11.0400000    0.0174884
  11.0600000    0.0170819
  11.0800000    0.0169475
  11.1000000    0.0171339
  11.1200000    0.0176729
  11.1400000    0.0185814
  11.1600000    0.0198619
  11.1800000    0.0215026
  11.2000000    0.0234758
  11.2200000    0.0257372
  11.2400000    0.0282255
  11.2600000    0.0308627
  11.2800000    0.0335582
  11.3000000    0.0362134
  11.3200000    0.0387286
  11.3400000    0.0410115
  11.3600000    0.0429842
  11.3800000    0.0445893
  11.4000000    0.0457938
  11.4200000    0.0465897
  11.4400000    0.0469924
  11.4600000    0.0470370
  11.4800000    0.0467734
  11.5000000    0.0462620
  11.5200000    0.0455703
  11.5400000    0.0447708
  11.5600000    0.0439401
  11.5800000    0.0431577
  11.6000000    0.0425047
  11.6200000    0.0420595
  11.6400000    0.0418918
  11.6600000    0.0420533
  11.6800000    0.0425678
  11.7000000    0.0434205
  11.7200000    0.0445517
  11.7400000    0.0458534
  11.7600000    0.0471739
  11.7800000    0.0483288
  11.8000000    0.0491180
  11.8200000    0.0493470
  11.8400000    0.0488495
  11.8600000    0.0475070
  11.8800000    0.0452639
  11.9000000    0.0421339
  11.9200000    0.0381981
  11.9400000    0.0335949
  11.9600000    0.0285037
  11.9800000    0.0231249
  12.0000000    0.0176596
  12.0200000    0.0122918
  12.0400000    0.0071757
  12.0600000    0.0024278
  12.0800000   -0.0018745
  12.1000000   -0.0056902
  12.1200000   -0.0090097
  12.1400000   -0.0118484
  12.1600000   -0.0142416
  12.1800000   -0.0162408
  12.2000000   -0.0179125
  12.2200000   -0.0193389
  12.2400000   -0.0206185
  12.2600000   -0.0218667
  12.2800000   -0.0232139
  12.3000000   -0.0248014
  12.3200000   -0.0267734
  12.3400000   -0.0292674
  12.3600000   -0.0324017
  12.3800000   -0.0362641
  12.4000000   -0.0409015
  12.4200000   -0.0463138
  12.4400000   -0.0524509
  12.4600000   -0.0592162
  12.4800000   -0.0664728
  12.5000000   -0.0740537
  12.5200000   -0.0817729
  12.5400000   -0.0894352
  12.5600000   -0.0968436
  12.5800000   -0.1038031
  12.6000000   -0.1101213
  12.6200000   -0.1156063
  12.6400000   -0.1200651
  12.6600000   -0.1233048
  12.6800000   -0.1251384
  12.7000000   -0.1253977
  12.7200000   -0.1239523
  12.7400000   -0.1207336
  12.7600000   -0.1157605
  12.7800000   -0.1091635
  12.8000000   -0.1012013
  12.8200000   -0.0922688
  12.8400000   -0.0828910
  12.8600000   -0.0737050
  12.8800000   -0.0654298
  12.9000000   -0.0588252
  12.9200000   -0.0546446
  12.9400000   -0.0535846
  12.9600000   -0.0562329
  12.9800000   -0.0630196
  13.0000000   -0.0741725
  13.0200000   -0.0896801
  13.0400000   -0.1092643
  13.0600000   -0.1323669
  13.0800000   -0.1581539
  13.1000000   -0.1855405
  13.1200000   -0.2132389
  13.1400000   -0.2398297
  13.1600000   -0.2638541
  13.1800000   -0.2839182
  13.2000000   -0.2988031
  13.2200000   -0.3075659
  13.2400000   -0.3096215
  13.2600000   -0.3047934
  13.2800000   -0.2933272
  13.3000000   -0.2758637
  13.3200000   -0.2533755
  13.3400000   -0.2270743
  13.3600000   -0.1983009
  13.3800000   -0.1684119
  13.4000000   -0.1386751
  13.4200000   -0.1101848
  13.4400000   -0.0838049
  13.4600000   -0.0601407
  13.4800000   -0.0395397
  13.5000000   -0.0221153
  13.5200000   -0.0077868
  13.5400000    0.0036705
  13.5600000    0.0125757
  13.5800000    0.0192946
  13.6000000    0.0242020
  13.6200000    0.0276523
  13.6400000    0.0299616
  13.6600000    0.0313981
  13.6800000    0.0321800
  13.7000000    0.0324787
  13.7200000    0.0324253
  13.7400000    0.0321178
  13.7600000    0.0316293
  13.7800000    0.0310155
  13.8000000    0.0303197
  13.8200000    0.0295786
  13.8400000    0.0288241
  13.8600000    0.0280857
  13.8800000    0.0273903
  13.9000000    0.0267621
  13.9200000    0.0262204
  13.9400000    0.0257785
  13.9600000    0.0254418
  13.9800000    0.0252063
  14.0000000    0.0250580
  14.0200000    0.0249736
  14.0400000    0.0249221
  14.0600000    0.0248670
  14.0800000    0.0247707
  14.1000000    0.0245978
  14.1200000    0.0243199
  14.1400000    0.0239187
  14.1600000    0.0233891
  14.1800000    0.0227398
  14.2000000    0.0219932
  14.2200000    0.0211831
  14.2400000    0.0203508
  14.2600000    0.0195411
  14.2800000    0.0187967
  14.3000000    0.0181543
  14.3200000    0.0176399
  14.3400000    0.0172671
  14.3600000    0.0170356
  14.3800000    0.0169322
  14.4000000    0.0169323
  14.4200000    0.0170036
  14.4400000    0.0171092
  14.4600000    0.0172117
  14.4800000    0.0172768
  14.5000000    0.0172758
  14.5200000    0.0171883
  14.5400000    0.0170023
  14.5600000    0.0167151
  14.5800000    0.0163322
  14.6000000    0.0158654
  14.6200000    0.0153312
  14.6400000    0.0147482
  14.6600000    0.0141347
  14.6800000    0.0135069
  14.7000000    0.0128769
  14.7200000    0.0122520
  14.7400000    0.0116347
  14.7600000    0.0110228
  14.7800000    0.0104112
  14.8000000    0.0097936
  14.8200000    0.0091646
  14.8400000    0.0085216
  14.8600000    0.0078671
  14.8800000    0.0072091
  14.9000000    0.0065618
  14.9200000    0.0059449
  14.9400000    0.0053816
  14.9600000    0.0048972
  14.9800000    0.0045155
  15.0000000    0.0042566
  15.0200000    0.0041340
  15.0400000    0.0041532
  15.0600000    0.0043103
  15.0800000    0.0045926
  15.1000000    0.0049793
  15.1200000    0.0054435
  15.1400000    0.0059552
  15.1600000    0.0064834
  15.1800000    0.0069996
  15.2000000    0.0074794
  15.2200000    0.0079043
  15.2400000    0.0082623
  15.2600000    0.0085483
  15.2800000    0.0087626
  15.3000000    0.0089102
  15.3200000    0.0089991
  15.3400000    0.0090385
  15.3600000    0.0090377
  15.3800000    0.0090040
  15.4000000    0.0089428
  15.4200000    0.0088560
  15.4400000    0.0087421
  15.4600000    0.0085964
  15.4800000    0.0084109
  15.5000000    0.0081751
  15.5200000    0.0078767
  15.5400000    0.0075029
  15.5600000    0.0070415
  15.5800000    0.0064823
  15.6000000    0.0058187
  15.6200000    0.0050490
  15.6400000    0.0041781
  15.6600000    0.0032178
  15.6800000    0.0021881
  15.7000000    0.0011170
  15.7200000    0.0000397
  15.7400000   -0.0010022
  15.7600000   -0.0019628
  15.7800000   -0.0027944
  15.8000000   -0.0034502
  15.8200000   -0.0038875
  15.8400000   -0.0040712
  15.8600000   -0.0039766
  15.8800000   -0.0035920
  15.9000000   -0.0029203
  15.9200000   -0.0019804
  15.9400000   -0.0008062
  15.9600000    0.0005542
  15.9800000    0.0020412
  16.0000000    0.0035874
  16.0200000    0.0051213
  16.0400000    0.0065722
  16.0600000    0.0078748
  16.0800000    0.0089727
  16.1000000    0.0098226
  16.1200000    0.0103961
  16.1400000    0.0106807
  16.1600000    0.0106792
  16.1800000    0.0104087
  16.2000000    0.0098970
  16.2200000    0.0091799
  16.2400000    0.0082978
  16.2600000    0.0072922
  16.2800000    0.0062043
  16.3000000    0.0050731
  16.3200000    0.0039360
  16.3400000    0.0028296
  16.3600000    0.0017913
  16.3800000    0.0008601
  16.4000000    0.0000785
  16.4200000   -0.0005091
  16.4400000   -0.0008573
  16.4600000   -0.0009230
  16.4800000   -0.0006701
  16.5000000   -0.0000734
  16.5200000    0.0008760
  16.5400000    0.0021676
  16.5600000    0.0037695
  16.5800000    0.0056283
  16.6000000    0.0076718
  16.6200000    0.0098130
  16.6400000    0.0119571
  16.6600000    0.0140080
  16.6800000    0.0158773
  16.7000000    0.0174907
  16.7200000    0.0187948
  16.7400000    0.0197616
  16.7600000    0.0203902
  16.7800000    0.0207062
  16.8000000    0.0207583
  16.8200000    0.0206122
  16.8400000    0.0203429
  16.8600000    0.0200256
  16.8800000    0.0197260
  16.9000000    0.0194926
  16.9200000    0.0193500
  16.9400000    0.0192957
  16.9600000    0.0193000
  16.9800000    0.0193100
  17.0000000    0.0192561
  17.0200000    0.0190614
  17.0400000    0.0186517
  17.0600000    0.0179658
  17.0800000    0.0169639
  17.1000000    0.0156335
  17.1200000    0.0139922
  17.1400000    0.0120866
  17.1600000    0.0099887
  17.1800000    0.0077890
  17.2000000    0.0055890
  17.2200000    0.0034920
  17.2400000    0.0015953
  17.2600000   -0.0000172
  17.2800000   -0.0012807
  17.3000000   -0.0021531
  17.3200000   -0.0026169
  17.3400000   -0.0026792
  17.3600000   -0.0023700
  17.3800000   -0.0017394
  17.4000000   -0.0008527
  17.4200000    0.0002142
  17.4400000    0.0013806
  17.4600000    0.0025667
  17.4800000    0.0036991
  17.5000000    0.0047152
  17.5200000    0.0055668
  17.5400000    0.0062216
  17.5600000    0.0066635
  17.5800000    0.0068909
  17.6000000    0.0069131
  17.6200000    0.0067453
  17.6400000    0.0064034
  17.6600000    0.0058970
  17.6800000    0.0052249
  17.7000000    0.0043698
  17.7200000    0.0032967
  17.7400000    0.0019534
  17.7600000    0.0002739
  17.7800000   -0.0018140
  17.8000000   -0.0043792
  17.8200000   -0.0074753
  17.8400000   -0.0111274
  17.8600000   -0.0153211
  17.8800000   -0.0199936
  17.9000000   -0.0250297
  17.9200000   -0.0302633
  17.9400000   -0.0354863
  17.9600000   -0.0404624
  17.9800000   -0.0449461
  18.0000000   -0.0487044
  18.0200000   -0.0515379
  18.0400000   -0.0532997
  18.0600000   -0.0539094
  18.0800000   -0.0533593
  18.1000000   -0.0517153
  18.1200000   -0.0491091
  18.1400000   -0.0457260
  18.1600000   -0.0417889
  18.1800000   -0.0375407
  18.2000000   -0.0332268
  18.2200000   -0.0290806
  18.2400000   -0.0253109
  18.2600000   -0.0220935
  18.2800000   -0.0195657
  18.3000000   -0.0178235
  18.3200000   -0.0169212
  18.3400000   -0.0168722
  18.3600000   -0.0176517
  18.3800000   -0.0191997
  18.4000000   -0.0214257
  18.4200000   -0.0242145
  18.4400000   -0.0274327
  18.4600000   -0.0309369
  18.4800000   -0.0345814
  18.5000000   -0.0382269
  18.5200000   -0.0417480
  18.5400000   -0.0450385
  18.5600000   -0.0480160
  18.5800000   -0.0506230
  18.6000000   -0.0528259
  18.6200000   -0.0546127
  18.6400000   -0.0559890
  18.6600000   -0.0569727
  18.6800000   -0.0575905
  18.7000000   -0.0578736
  18.7200000   -0.0578553
  18.7400000   -0.0575699
  18.7600000   -0.0570521
  18.7800000   -0.0563372
  18.8000000   -0.0554614
  18.8200000   -0.0544621
  18.8400000   -0.0533768
  18.8600000   -0.0522425
  18.8800000   -0.0510937
  18.9000000   -0.0499604
  18.9200000   -0.0488663
  18.9400000   -0.0478273
  18.9600000   -0.0468513
  18.9800000   -0.0459383
  19.0000000   -0.0450813
  19.0200000   -0.0442683
  19.0400000   -0.0434839
  19.0600000   -0.0427104
  19.0800000   -0.0419288
  19.1000000   -0.0411192
  19.1200000   -0.0402603
  19.1400000   -0.0393288
  19.1600000   -0.0382992
  19.1800000   -0.0371440
  19.2000000   -0.0358350
  19.2200000   -0.0343454
  19.2400000   -0.0326528
  19.2600000   -0.0307417
  19.2800000   -0.0286071
  19.3000000   -0.0262560
  19.3200000   -0.0237077
  19.3400000   -0.0209933
  19.3600000   -0.0181527
  19.3800000   -0.0152311
  19.4000000   -0.0122746
  19.4200000   -0.0093267
  19.4400000   -0.0064240
  19.4600000   -0.0035951
  19.4800000   -0.0008593
  19.5000000    0.0017721
  19.5200000    0.0042940
  19.5400000    0.0067047
  19.5600000    0.0090026
  19.5800000    0.0111832
  19.6000000    0.0132372
  19.6200000    0.0151485
  19.6400000    0.0168939
  19.6600000    0.0184435
  19.6800000    0.0197626
  19.7000000    0.0208134
  19.7200000    0.0215591
  19.7400000    0.0219665
  19.7600000    0.0220110
  19.7800000    0.0216797
  19.8000000    0.0209757
  19.8200000    0.0199198
  19.8400000    0.0185527
  19.8600000    0.0169340
  19.8800000    0.0151399
  19.9000000    0.0132593
  19.9200000    0.0113878
  19.9400000    0.0096205
  19.9600000    0.0080446
  19.9800000    0.0067318
  20.0000000    0.0057327
  20.0200000    0.0050722
  20.0400000    0.0047474
  20.0600000    0.0047285
  20.0800000    0.0049620
  20.1000000    0.0053759
  20.1200000    0.0058865
  20.1400000    0.0064067
  20.1600000    0.0068529
  20.1800000    0.0071531
  20.2000000    0.0072515
  20.2200000    0.0071132
  20.2400000    0.0067250
  20.2600000    0.0060955
  20.2800000    0.0052526
  20.3000000    0.0042391
  20.3200000    0.0031084
  20.3400000    0.0019186
  20.3600000    0.0007274
  20.3800000   -0.0004124
  20.4000000   -0.0014569
  20.4200000   -0.0023735
  20.4400000   -0.0031418
  20.4600000   -0.0037543
  20.4800000   -0.0042151
  20.5000000   -0.0045384
  20.5200000   -0.0047468
  20.5400000   -0.0048688
  20.5600000   -0.0049365
  20.5800000   -0.0049839
  20.6000000   -0.0050449
  20.6200000   -0.0051520
  20.6400000   -0.0053344
  20.6600000   -0.0056177
  20.6800000   -0.0060226
  20.7000000   -0.0065644
  20.7200000   -0.0072524
  20.7400000   -0.0080893
  20.7600000   -0.0090715
  20.7800000   -0.0101884
  20.8000000   -0.0114228
  20.8200000   -0.0127507
  20.8400000   -0.0141422
  20.8600000   -0.0155614
  20.8800000   -0.0169677
  20.9000000   -0.0183171
  20.9200000   -0.0195632
  20.9400000   -0.0206592
  20.9600000   -0.0215605
  20.9800000   -0.0222263
  21.0000000   -0.0226225
  21.0200000   -0.0227235
  21.0400000   -0.0225138
  21.0600000   -0.0219889
  21.0800000   -0.0211556
  21.1000000   -0.0200305
  21.1200000   -0.0186389
  21.1400000   -0.0170119
  21.1600000   -0.0151841
  21.1800000   -0.0131912
  21.2000000   -0.0110683
  21.2200000   -0.0088487
  21.2400000   -0.0065642
  21.2600000   -0.0042459
  21.2800000   -0.0019257
  21.3000000    0.0003618
  21.3200000    0.0025784
  21.3400000    0.0046814
  21.3600000    0.0066247
  21.3800000    0.0083608
  21.4000000    0.0098442
  21.4200000    0.0110359
  21.4400000    0.0119074
  21.4600000    0.0124450
  21.4800000    0.0126523
  21.5000000    0.0125511
  21.5200000    0.0121808
  21.5400000    0.0115944
  21.5600000    0.0108545
  21.5800000    0.0100269
  21.6000000    0.0091749
  21.6200000    0.0083532
  21.6400000    0.0076045
  21.6600000    0.0069560
  21.6800000    0.0064200
  21.7000000    0.0059944
  21.7200000    0.0056660
  21.7400000    0.0054138
  21.7600000    0.0052130
  21.7800000    0.0050384
  21.8000000    0.0048673
  21.8200000    0.0046809
  21.8400000    0.0044656
  21.8600000    0.0042130
  21.8800000    0.0039201
  21.9000000    0.0035888
  21.9200000    0.0032265
  21.9400000    0.0028460
  21.9600000    0.0024660
  21.9800000    0.0021119
  22.0000000    0.0018151
  22.0200000    0.0016126
  22.0400000    0.0015450
  22.0600000    0.0016537
  22.0800000    0.0019771
  22.1000000    0.0025462
  22.1200000    0.0033803
  22.1400000    0.0044827
  22.1600000    0.0058381
  22.1800000    0.0074115
  22.2000000    0.0091482
  22.2200000    0.0109768
  22.2400000    0.0128130
  22.2600000    0.0145659
  22.2800000    0.0161441
  22.3000000    0.0174627
  22.3200000    0.0184498
  22.3400000    0.0190518
  22.3600000    0.0192373
  22.3800000    0.0189993
  22.4000000    0.0183553
  22.4200000    0.0173451
  22.4400000    0.0160269
  22.4600000    0.0144727
  22.4800000    0.0127616
  22.5000000    0.0109735
  22.5200000    0.0091829
  22.5400000    0.0074535
  22.5600000    0.0058339
  22.5800000    0.0043557
  22.6000000    0.0030322
  22.6200000    0.0018602
  22.6400000    0.0008226
  22.6600000   -0.0001080
  22.6800000   -0.0009643
  22.7000000   -0.0017802
  22.7200000   -0.0025864
  22.7400000   -0.0034067
  22.7600000   -0.0042569
  22.7800000   -0.0051431
  22.8000000   -0.0060624
  22.8200000   -0.0070048
  22.8400000   -0.0079547
  22.8600000   -0.0088936
  22.8800000   -0.0098028
  22.9000000   -0.0106644
  22.9200000   -0.0114633
  22.9400000   -0.0121870
  22.9600000   -0.0128258
  22.9800000   -0.0133717
  23.0000000   -0.0138175
  23.0200000   -0.0141563
  23.0400000   -0.0143806
  23.0600000   -0.0144826
  23.0800000   -0.0144550
  23.1000000   -0.0142921
  23.1200000   -0.0139914
  23.1400000   -0.0135551
  23.1600000   -0.0129911
  23.1800000   -0.0123136
  23.2000000   -0.0115427
  23.2200000   -0.0107035
  23.2400000   -0.0098238
  23.2600000   -0.0089326
  23.2800000   -0.0080572
  23.3000000   -0.0072217
  23.3200000   -0.0064455
  23.3400000   -0.0057430
  23.3600000   -0.0051233
  23.3800000   -0.0045918
  23.4000000   -0.0041511
  23.4200000   -0.0038025
  23.4400000   -0.0035471
  23.4600000   -0.0033868
  23.4800000   -0.0033242
  23.5000000   -0.0033618
  23.5200000   -0.0035009
  23.5400000   -0.0037400
  23.5600000   -0.0040725
  23.5800000   -0.0044853
  23.6000000   -0.0049576
  23.6200000   -0.0054603
  23.6400000   -0.0059562
  23.6600000   -0.0064018
  23.6800000   -0.0067496
  23.7000000   -0.0069503
  23.7200000   -0.0069569
  23.7400000   -0.0067271
  23.7600000   -0.0062261
  23.7800000   -0.0054284
  23.8000000   -0.0043184
  23.8200000   -0.0028900
  23.8400000   -0.0011450
  23.8600000    0.0009084
  23.8800000    0.0032581
  23.9000000    0.0058899
  23.9200000    0.0087882
  23.9400000    0.0119360
  23.9600000    0.0153140
  23.9800000    0.0188978
  24.0000000    0.0226552
  24.0200000    0.0265431
  24.0400000    0.0305050
  24.0600000    0.0344692
  24.0800000    0.0383486
  24.1000000    0.0420415
  24.1200000    0.0454348
  24.1400000    0.0484072
  24.1600000    0.0508342
  24.1800000    0.0525933
  24.2000000    0.0535696
  24.2200000    0.0536620
  24.2400000    0.0527889
  24.2600000    0.0508951
  24.2800000    0.0479585
  24.3000000    0.0439958
  24.3200000    0.0390688
  24.3400000    0.0332870
  24.3600000    0.0268092
  24.3800000    0.0198394
  24.4000000    0.0126197
  24.4200000    0.0054175
  24.4400000   -0.0014908
  24.4600000   -0.0078385
  24.4800000   -0.0133882
  24.5000000   -0.0179494
  24.5200000   -0.0213922
  24.5400000   -0.0236552
  24.5600000   -0.0247465
  24.5800000   -0.0247381
  24.6000000   -0.0237538
  24.6200000   -0.0219540
  24.6400000   -0.0195172
  24.6600000   -0.0166234
  24.6800000   -0.0134391
  24.7000000   -0.0101067
  24.7200000   -0.0067400
  24.7400000   -0.0034234
  24.7600000   -0.0002164
  24.7800000    0.0028391
  24.8000000    0.0057095
  24.8200000    0.0083620
  24.8400000    0.0107573
  24.8600000    0.0128465
  24.8800000    0.0145718
  24.9000000    0.0158703
  24.9200000    0.0166813
  24.9400000    0.0169559
  24.9600000    0.0166663
  24.9800000    0.0158142
  25.0000000    0.0144373
  25.0200000    0.0126111
  25.0400000    0.0104466
  25.0600000    0.0080845
  25.0800000    0.0056846
  25.1000000    0.0034139
  25.1200000    0.0014326
  25.1400000   -0.0001192
  25.1600000   -0.0011331
  25.1800000   -0.0015417
  25.2000000   -0.0013238
  25.2200000   -0.0005065
  25.2400000    0.0008371
  25.2600000    0.0025938
  25.2800000    0.0046187
  25.3000000    0.0067472
  25.3200000    0.0088068
  25.3400000    0.0106314
  25.3600000    0.0120732
  25.3800000    0.0130145
  25.4000000    0.0133753
  25.4200000    0.0131190
  25.4400000    0.0122530
  25.4600000    0.0108257
  25.4800000    0.0089203
  25.5000000    0.0066452
  25.5200000    0.0041232
  25.5400000    0.0014795
  25.5600000   -0.0011687
  25.5800000   -0.0037219
  25.6000000   -0.0061043
  25.6200000   -0.0082683
  25.6400000   -0.0101943
  25.6600000   -0.0118890
  25.6800000   -0.0133810
  25.7000000   -0.0147144
  25.7200000   -0.0159428
  25.7400000   -0.0171222
  25.7600000   -0.0183050
  25.7800000   -0.0195357
  25.8000000   -0.0208476
  25.8200000   -0.0222613
  25.8400000   -0.0237845
  25.8600000   -0.0254128
  25.8800000   -0.0271311
  25.9000000   -0.0289155
  25.9200000   -0.0307337
  25.9400000   -0.0325469
  25.9600000   -0.0343095
  25.9800000   -0.0359697
  26.0000000   -0.0374707
  26.0200000   -0.0387515
  26.0400000   -0.0397503
  26.0600000   -0.0404080
  26.0800000   -0.0406741
  26.1000000   -0.0405117
  26.1200000   -0.0399044
  26.1400000   -0.0388610
  26.1600000   -0.0374196
  26.1800000   -0.0356492
  26.2000000   -0.0336487
  26.2200000   -0.0315445
  26.2400000   -0.0294847
  26.2600000   -0.0276329
  26.2800000   -0.0261607
  26.3000000   -0.0252396
  26.3200000   -0.0250326
  26.3400000   -0.0256859
  26.3600000   -0.0273199
  26.3800000   -0.0300203
  26.4000000   -0.0338282
  26.4200000   -0.0387316
  26.4400000   -0.0446571
  26.4600000   -0.0514646
  26.4800000   -0.0589462
  26.5000000   -0.0668299
  26.5200000   -0.0747907
  26.5400000   -0.0824674
  26.5600000   -0.0894861
  26.5800000   -0.0954874
  26.6000000   -0.1001548
  26.6200000   -0.1032416
  26.6400000   -0.1045931
  26.6600000   -0.1041604
  26.6800000   -0.1020049
  26.7000000   -0.0982931
  26.7200000   -0.0932813
  26.7400000   -0.0872930
  26.7600000   -0.0806917
  26.7800000   -0.0738507
  26.8000000   -0.0671257
  26.8200000   -0.0608291
  26.8400000   -0.0552118
  26.8600000   -0.0504501
  26.8800000   -0.0466408
  26.9000000   -0.0438022
  26.9200000   -0.0418814
  26.9400000   -0.0407670
  26.9600000   -0.0403042
  26.9800000   -0.0403129
  27.0000000   -0.0406053
  27.0200000   -0.0410033
  27.0400000   -0.0413522
  27.0600000   -0.0415318
  27.0800000   -0.0414627
  27.1000000   -0.0411075
  27.1200000   -0.0404681
  27.1400000   -0.0395791
  27.1600000   -0.0384993
  27.1800000   -0.0373010
  27.2000000   -0.0360615
  27.2200000   -0.0348544
  27.2400000   -0.0337453
  27.2600000   -0.0327893
  27.2800000   -0.0320326
  27.3000000   -0.0315154
  27.3200000   -0.0312775
  27.3400000   -0.0313639
  27.3600000   -0.0318290
  27.3800000   -0.0327392
  27.4000000   -0.0341726
  27.4200000   -0.0362146
  27.4400000   -0.0389495
  27.4600000   -0.0424494
  27.4800000   -0.0467608
  27.5000000   -0.0518899
  27.5200000   -0.0577899
  27.5400000   -0.0643521
  27.5600000   -0.0714015
  27.5800000   -0.0787010
  27.6000000   -0.0859620
  27.6200000   -0.0928632
  27.6400000   -0.0990751
  27.6600000   -0.1042877
  27.6800000   -0.1082384
  27.7000000   -0.1107367
  27.7200000   -0.1116822
  27.7400000   -0.1110734
  27.7600000   -0.1090061
  27.7800000   -0.1056624
  27.8000000   -0.1012906
  27.8200000   -0.0961794
  27.8400000   -0.0906301
  27.8600000   -0.0849298
  27.8800000   -0.0793283
  27.9000000   -0.0740228
  27.9200000   -0.0691491
  27.9400000   -0.0647809
  27.9600000   -0.0609365
  27.9800000   -0.0575887
  28.0000000   -0.0546793
  28.0200000   -0.0521328
  28.0400000   -0.0498691
  28.0600000   -0.0478141
  28.0800000   -0.0459061
  28.1000000   -0.0440998
  28.1200000   -0.0423669
  28.1400000   -0.0406945
  28.1600000   -0.0390826
  28.1800000   -0.0375403
  28.2000000   -0.0360827
  28.2200000   -0.0347270
  28.2400000   -0.0334901
  28.2600000   -0.0323859
  28.2800000   -0.0314223
  28.3000000   -0.0306000
  28.3200000   -0.0299098
  28.3400000   -0.0293319
  28.3600000   -0.0288351
  28.3800000   -0.0283772
  28.4000000   -0.0279073
  28.4200000   -0.0273684
  28.4400000   -0.0267025
  28.4600000   -0.0258554
  28.4800000   -0.0247834
  28.5000000   -0.0234584
  28.5200000   -0.0218737
  28.5400000   -0.0200471
  28.5600000   -0.0180235
  28.5800000   -0.0158740
  28.6000000   -0.0136938
  28.6200000   -0.0115976
  28.6400000   -0.0097130
  28.6600000   -0.0081732
  28.6800000   -0.0071083
  28.7000000   -0.0066370
  28.7200000   -0.0068594
  28.7400000   -0.0078493
  28.7600000   -0.0096500
  28.7800000   -0.0122701
  28.8000000   -0.0156820
  28.8200000   -0.0198221
  28.8400000   -0.0245924
  28.8600000   -0.0298642
  28.8800000   -0.0354830
  28.9000000   -0.0412744
  28.9200000   -0.0470522
  28.9400000   -0.0526263
  28.9600000   -0.0578117
  28.9800000   -0.0624371
  29.0000000   -0.0663537
  29.0200000   -0.0694422
  29.0400000   -0.0716181
  29.0600000   -0.0728358
  29.0800000   -0.0730892
  29.1000000   -0.0724113
  29.1200000   -0.0708706
  29.1400000   -0.0685663
  29.1600000   -0.0656223
  29.1800000   -0.0621801
  29.2000000   -0.0583910
  29.2200000   -0.0544091
  29.2400000   -0.0503831
  29.2600000   -0.0464501
  29.2800000   -0.0427293
  29.3000000   -0.0393170
  29.3200000   -0.0362829
  29.3400000   -0.0336689
  29.3600000   -0.0314888
  29.3800000   -0.0297303
  29.4000000   -0.0283589
  29.4200000   -0.0273228
  29.4400000   -0.0265588
  29.4600000   -0.0259977
  29.4800000   -0.0255702
  29.5000000   -0.0252110
  29.5200000   -0.0248621
  29.5400000   -0.0244741
  29.5600000   -0.0240068
  29.5800000   -0.0234285
  29.6000000   -0.0227144
  29.6200000   -0.0218449
  29.6400000   -0.0208045
  29.6600000   -0.0195797
  29.6800000   -0.0181594
  29.7000000   -0.0165341
  29.7200000   -0.0146977
  29.7400000   -0.0126480
  29.7600000   -0.0103895
  29.7800000   -0.0079345
  29.8000000   -0.0053057
  29.8200000   -0.0025372
  29.8400000    0.0003251
  29.8600000    0.0032240
  29.8800000    0.0060933
  29.9000000    0.0088604
  29.9200000    0.0114512
  29.9400000    0.0137948
  29.9600000    0.0158286
  29.9800000    0.0175030
  30.0000000    0.0187850
