 -10.0000000   -0.0400072
  -9.9800000   -0.0408134
  -9.9600000   -0.0414961
  -9.9400000   -0.0419978
  -9.9200000   -0.0422696
  -9.9000000   -0.0422733
  -9.8800000   -0.0419833
  -9.8600000   -0.0413876
  -9.8400000   -0.0404882
  -9.8200000   -0.0393009
  -9.8000000   -0.0378549
  -9.7800000   -0.0361910
  -9.7600000   -0.0343599
  -9.7400000   -0.0324192
  -9.7200000   -0.0304306
  -9.7000000   -0.0284563
  -9.6800000   -0.0265559
  -9.6600000   -0.0247832
  -9.6400000   -0.0231846
  -9.6200000   -0.0217975
  -9.6000000   -0.0206515
  -9.5800000   -0.0197695
  -9.5600000   -0.0191705
  -9.5400000   -0.0188729
  -9.5200000   -0.0188970
  -9.5000000   -0.0192664
  -9.4800000   -0.0200074
  -9.4600000   -0.0211466
  -9.4400000   -0.0227051
  -9.4200000   -0.0246915
  -9.4000000   -0.0270945
  -9.3800000   -0.0298750
  -9.3600000   -0.0329615
  -9.3400000   -0.0362483
  -9.3200000   -0.0395981
  -9.3000000   -0.0428499
  -9.2800000   -0.0458304
  -9.2600000   -0.0483688
  -9.2400000   -0.0503121
  -9.2200000   -0.0515391
  -9.2000000   -0.0519711
  -9.1800000   -0.0515772
  -9.1600000   -0.0503732
  -9.1400000   -0.0484148
  -9.1200000   -0.0457844
  -9.1000000   -0.0425758
  -9.0800000   -0.0388771
  -9.0600000   -0.0347557
  -9.0400000   -0.0302479
  -9.0200000   -0.0253545
  -9.0000000   -0.0200442
  -8.9800000   -0.0142637
  -8.9600000   -0.0079544
  -8.9400000   -0.0010728
  -8.9200000    0.0063892
  -8.9000000    0.0143855
  -8.8800000    0.0228034
  -8.8600000    0.0314593
  -8.8400000    0.0401038
  -8.8200000    0.0484376
  -8.8000000    0.0561342
  -8.7800000    0.0628702
  -8.7600000    0.0683566
  -8.7400000    0.0723690
  -8.7200000    0.0747717
  -8.7000000    0.0755336
  -8.6800000    0.0747314
  -8.6600000    0.0725433
  -8.6400000    0.0692302
  -8.6200000    0.0651097
  -8.6000000    0.0605250
  -8.5800000    0.0558129
  -8.5600000    0.0512746
  -8.5400000    0.0471532
  -8.5200000    0.0436188
  -8.5000000    0.0407633
  -8.4800000    0.0386042
  -8.4600000    0.0370956
  -8.4400000    0.0361444
  -8.4200000    0.0356293
  -8.4000000    0.0354198
  -8.3800000    0.0353929
  -8.3600000    0.0354461
  -8.3400000    0.0355058
  -8.3200000    0.0355302
  -8.3000000    0.0355089
  -8.2800000    0.0354579
  -8.2600000    0.0354124
  -8.2400000    0.0354184
  -8.2200000    0.0355239
  -8.2000000    0.0357705
  -8.1800000    0.0361867
  -8.1600000    0.0367822
  -8.1400000    0.0375443
  -8.1200000    0.0384358
  -8.1000000    0.0393952
  -8.0800000    0.0403380
  -8.0600000    0.0411592
  -8.0400000    0.0417374
  -8.0200000    0.0419405
  -8.0000000    0.0416317
  -7.9800000    0.0406769
  -7.9600000    0.0389529
  -7.9400000    0.0363569
  -7.9200000    0.0328145
  -7.9000000    0.0282889
  -7.8800000    0.0227872
  -7.8600000    0.0163648
  -7.8400000    0.0091250
  -7.8200000    0.0012155
  -7.8000000   -0.0071810
  -7.7800000   -0.0158598
  -7.7600000   -0.0246102
  -7.7400000   -0.0332321
  -7.7200000   -0.0415509
  -7.7000000   -0.0494288
  -7.6800000   -0.0567701
  -7.6600000   -0.0635188
  -7.6400000   -0.0696519
  -7.6200000   -0.0751654
  -7.6000000   -0.0800602
  -7.5800000   -0.0843276
  -7.5600000   -0.0879383
  -7.5400000   -0.0908377
  -7.5200000   -0.0929480
  -7.5000000   -0.0941760
  -7.4800000   -0.0944276
  -7.4600000   -0.0936235
  -7.4400000   -0.0917160
  -7.4200000   -0.0887030
  -7.4000000   -0.0846368
  -7.3800000   -0.0796277
  -7.3600000   -0.0738404
  -7.3400000   -0.0674859
  -7.3200000   -0.0608077
  -7.3000000   -0.0540659
  -7.2800000   -0.0475206
  -7.2600000   -0.0414153
  -7.2400000   -0.0359633
  -7.2200000   -0.0313366
  -7.2000000   -0.0276587
  -7.1800000   -0.0250009
  -7.1600000   -0.0233828
  -7.1400000   -0.0227748
  -7.1200000   -0.0231036
  -7.1000000   -0.0242591
  -7.0800000   -0.0261021
  -7.0600000   -0.0284721
  -7.0400000   -0.0311949
  -7.0200000   -0.0340893
  -7.0000000   -0.0369737
  -6.9800000   -0.0396712
  -6.9600000   -0.0420146
  -6.9400000   -0.0438512
  -6.9200000   -0.0450471
  -6.9000000   -0.0454920
  -6.8800000   -0.0451045
  -6.8600000   -0.0438374
  -6.8400000   -0.0416823
  -6.8200000   -0.0386749
  -6.8000000   -0.0348979
  -6.7800000   -0.0304818
  -6.7600000   -0.0256032
  -6.7400000   -0.0204782
  -6.7200000   -0.0153527
  -6.7000000   -0.0104878
  -6.6800000   -0.0061428
  -6.6600000   -0.0025558
  -6.6400000    0.0000748
  -6.6200000    0.0016067
  -6.6000000    0.0019648
  -6.5800000    0.0011471
  -6.5600000   -0.0007781
  -6.5400000   -0.0036805
  -6.5200000   -0.0073831
  -6.5000000   -0.0116812
  -6.4800000   -0.0163625
  -6.4600000   -0.0212271
  -6.4400000   -0.0261033
  -6.4200000   -0.0308586
  -6.4000000   -0.0354055
  -6.3800000   -0.0397013
  -6.3600000   -0.0437427
  -6.3400000   -0.0475582
  -6.3200000   -0.0511980
  -6.3000000   -0.0547231
  -6.2800000   -0.0581973
  -6.2600000   -0.0616787
  -6.2400000   -0.0652156
  -6.2200000   -0.0688422
  -6.2000000   -0.0725779
  -6.1800000   -0.0764261
  -6.1600000   -0.0803743
  -6.1400000   -0.0843940
  -6.1200000   -0.0884402
  -6.1000000   -0.0924513
  -6.0800000   -0.0963476
  -6.0600000   -0.1000313
  -6.0400000   -0.1033853
  -6.0200000   -0.1062732
  -6.0000000   -0.1085387
  -5.9800000   -0.1100053
  -5.9600000   -0.1104757
  -5.9400000   -0.1097306
  -5.9200000   -0.1075264
  -5.9000000   -0.1035927
  -5.8800000   -0.0976306
  -5.8600000   -0.0893124
  -5.8400000   -0.0782858
  -5.8200000   -0.0641846
  -5.8000000   -0.0466485
  -5.7800000   -0.0253539
  -5.7600000   -0.0000567
  -5.7400000    0.0293565
  -5.7200000    0.0628103
  -5.7000000    0.0999853
  -5.6800000    0.1402722
  -5.6600000    0.1827463
  -5.6400000    0.2261719
  -5.6200000    0.2690408
  -5.6000000    0.3096499
  -5.5800000    0.3462122
  -5.5600000    0.3769927
  -5.5400000    0.4004556
  -5.5200000    0.4154036
  -5.5000000    0.4210931
  -5.4800000    0.4173086
  -5.4600000    0.4043850
  -5.4400000    0.3831770
  -5.4200000    0.3549759
  -5.4000000    0.3213884
  -5.3800000    0.2841914
  -5.3600000    0.2451821
  -5.3400000    0.2060408
  -5.3200000    0.1682212
  -5.3000000    0.1328773
  -5.2800000    0.1008290
  -5.2600000    0.0725667
  -5.2400000    0.0482839
  -5.2200000    0.0279318
  -5.2000000    0.0112830
  -5.1800000   -0.0020042
  -5.1600000   -0.0123294
  -5.1400000   -0.0201044
  -5.1200000   -0.0257225
  -5.1000000   -0.0295400
  -5.0800000   -0.0318696
  -5.0600000   -0.0329806
  -5.0400000   -0.0331051
  -5.0200000   -0.0324444
  -5.0000000   -0.0311761
  -4.9800000   -0.0294593
  -4.9600000   -0.0274375
  -4.9400000   -0.0252398
  -4.9200000   -0.0229806
  -4.9000000   -0.0207588
  -4.8800000   -0.0186566
  -4.8600000   -0.0167391
  -4.8400000   -0.0150549
  -4.8200000   -0.0136365
  -4.8000000   -0.0125028
  -4.7800000   -0.0116604
  -4.7600000   -0.0111066
  -4.7400000   -0.0108304
  -4.7200000   -0.0108149
  -4.7000000   -0.0110374
  -4.6800000   -0.0114703
  -4.6600000   -0.0120807
  -4.6400000   -0.0128302
  -4.6200000   -0.0136746
  -4.6000000   -0.0145639
  -4.5800000   -0.0154432
  -4.5600000   -0.0162534
  -4.5400000   -0.0169338
  -4.5200000   -0.0174243
  -4.5000000   -0.0176693
  -4.4800000   -0.0176212
  -4.4600000   -0.0172442
  -4.4400000   -0.0165181
  -4.4200000   -0.0154414
  -4.4000000   -0.0140330
  -4.3800000   -0.0123328
  -4.3600000   -0.0104007
  -4.3400000   -0.0083131
  -4.3200000   -0.0061580
  -4.3000000   -0.0040288
  -4.2800000   -0.0020165
  -4.2600000   -0.0002012
  -4.2400000    0.0013547
  -4.2200000    0.0026134
  -4.2000000    0.0035656
  -4.1800000    0.0042322
  -4.1600000    0.0046626
  -4.1400000    0.0049298
  -4.1200000    0.0051238
  -4.1000000    0.0053418
  -4.0800000    0.0056781
  -4.0600000    0.0062138
  -4.0400000    0.0070080
  -4.0200000    0.0080906
  -4.0000000    0.0094589
  -3.9800000    0.0110763
  -3.9600000    0.0128761
  -3.9400000    0.0147672
  -3.9200000    0.0166427
  -3.9000000    0.0183906
  -3.8800000    0.0199040
  -3.8600000    0.0210916
  -3.8400000    0.0218857
  -3.8200000    0.0222479
  -3.8000000    0.0221720
  -3.7800000    0.0216828
  -3.7600000    0.0208334
  -3.7400000    0.0196988
  -3.7200000    0.0183689
  -3.7000000    0.0169413
  -3.6800000    0.0155134
  -3.6600000    0.0141764
  -3.6400000    0.0130109
  -3.6200000    0.0120841
  -3.6000000    0.0114479
  -3.5800000    0.0111394
  -3.5600000    0.0111818
  -3.5400000    0.0115856
  -3.5200000    0.0123504
  -3.5000000    0.0134665
  -3.4800000    0.0149159
  -3.4600000    0.0166732
  -3.4400000    0.0187069
  -3.4200000    0.0209790
  -3.4000000    0.0234461
  -3.3800000    0.0260599
  -3.3600000    0.0287681
  -3.3400000    0.0315161
  -3.3200000    0.0342487
  -3.3000000    0.0369140
  -3.2800000    0.0394667
  -3.2600000    0.0418733
  -3.2400000    0.0441166
  -3.2200000    0.0462016
  -3.2000000    0.0481590
  -3.1800000    0.0500481
  -3.1600000    0.0519570
  -3.1400000    0.0540001
  -3.1200000    0.0563112
  -3.1000000    0.0590341
  -3.0800000    0.0623094
  -3.0600000    0.0662596
  -3.0400000    0.0709726
  -3.0200000    0.0764872
  -3.0000000    0.0827798
  -2.9800000    0.0897573
  -2.9600000    0.0972548
  -2.9400000    0.1050416
  -2.9200000    0.1128340
  -2.9000000    0.1203159
  -2.8800000    0.1271638
  -2.8600000    0.1330753
  -2.8400000    0.1377975
  -2.8200000    0.1411511
  -2.8000000    0.1430484
  -2.7800000    0.1435024
  -2.7600000    0.1426249
  -2.7400000    0.1406152
  -2.7200000    0.1377393
  -2.7000000    0.1343035
  -2.6800000    0.1306256
  -2.6600000    0.1270062
  -2.6400000    0.1237050
  -2.6200000    0.1209235
  -2.6000000    0.1187957
  -2.5800000    0.1173873
  -2.5600000    0.1167014
  -2.5400000    0.1166897
  -2.5200000    0.1172671
  -2.5000000    0.1183262
  -2.4800000    0.1197503
  -2.4600000    0.1214245
  -2.4400000    0.1232417
  -2.4200000    0.1251062
  -2.4000000    0.1269337
  -2.3800000    0.1286490
  -2.3600000    0.1301832
  -2.3400000    0.1314705
  -2.3200000    0.1324464
  -2.3000000    0.1330469
  -2.2800000    0.1332102
  -2.2600000    0.1328791
  -2.2400000    0.1320056
  -2.2200000    0.1305550
  -2.2000000    0.1285111
  -2.1800000    0.1258792
  -2.1600000    0.1226890
  -2.1400000    0.1189951
  -2.1200000    0.1148755
  -2.1000000    0.1104284
  -2.0800000    0.1057678
  -2.0600000    0.1010166
  -2.0400000    0.0963005
  -2.0200000    0.0917408
  -2.0000000    0.0874475
  -1.9800000    0.0835143
  -1.9600000    0.0800138
  -1.9400000    0.0769945
  -1.9200000    0.0744796
  -1.9000000    0.0724669
  -1.8800000    0.0709310
  -1.8600000    0.0698254
  -1.8400000    0.0690870
  -1.8200000    0.0686407
  -1.8000000    0.0684045
  -1.7800000    0.0682952
  -1.7600000    0.0682337
  -1.7400000    0.0681503
  -1.7200000    0.0679886
  -1.7000000    0.0677089
  -1.6800000    0.0672900
  -1.6600000    0.0667295
  -1.6400000    0.0660427
  -1.6200000    0.0652603
  -1.6000000    0.0644250
  -1.5800000    0.0635876
  -1.5600000    0.0628031
  -1.5400000    0.0621265
  -1.5200000    0.0616101
  -1.5000000    0.0613006
  -1.4800000    0.0612367
  -1.4600000    0.0614475
  -1.4400000    0.0619513
  -1.4200000    0.0627531
  -1.4000000    0.0638437
  -1.3800000    0.0651983
  -1.3600000    0.0667754
  -1.3400000    0.0685169
  -1.3200000    0.0703505
  -1.3000000    0.0721921
  -1.2800000    0.0739521
  -1.2600000    0.0755420
  -1.2400000    0.0768824
  -1.2200000    0.0779117
  -1.2000000    0.0785929
  -1.1800000    0.0789192
  -1.1600000    0.0789155
  -1.1400000    0.0786374
  -1.1200000    0.0781652
  -1.1000000    0.0775952
  -1.0800000    0.0770279
  -1.0600000    0.0765555
  -1.0400000    0.0762495
  -1.0200000    0.0761503
  -1.0000000    0.0762607
  -0.9800000    0.0765428
  -0.9600000    0.0769203
  -0.9400000    0.0772856
  -0.9200000    0.0775099
  -0.9000000    0.0774565
  -0.8800000    0.0769949
  -0.8600000    0.0760144
  -0.8400000    0.0744347
  -0.8200000    0.0722141
  -0.8000000    0.0693528
  -0.7800000    0.0658913
  -0.7600000    0.0619058
  -0.7400000    0.0574998
  -0.7200000    0.0527931
  -0.7000000    0.0479119
  -0.6800000    0.0429786
  -0.6600000    0.0381050
  -0.6400000    0.0333883
  -0.6200000    0.0289114
  -0.6000000    0.0247476
  -0.5800000    0.0209683
  -0.5600000    0.0176539
  -0.5400000    0.0149074
  -0.5200000    0.0128677
  -0.5000000    0.0117241
  -0.4800000    0.0117298
  -0.4600000    0.0132140
  -0.4400000    0.0165935
  -0.4200000    0.0223811
  -0.4000000    0.0311924
  -0.3800000    0.0437474
  -0.3600000    0.0608644
  -0.3400000    0.0834433
  -0.3200000    0.1124330
  -0.3000000    0.1487785
  -0.2800000    0.1933447
  -0.2600000    0.2468166
  -0.2400000    0.3095790
  -0.2200000    0.3815859
  -0.2000000    0.4622322
  -0.1800000    0.5502485
  -0.1600000    0.6436384
  -0.1400000    0.7396802
  -0.1200000    0.8350070
  -0.1000000    0.9257723
  -0.0800000    1.0078951
  -0.0600000    1.0773661
  -0.0400000    1.1305837
  -0.0200000    1.1646822
   0.0000000    1.1778091
   0.0200000    1.1693149
   0.0400000    1.1398276
   0.0600000    1.0911997
   0.0800000    1.0263341
   0.1000000    0.9489108
   0.1200000    0.8630500
   0.1400000    0.7729551
   0.1600000    0.6825779
   0.1800000    0.5953442
   0.2000000    0.5139630
   0.2200000    0.4403336
   0.2400000    0.3755445
   0.2600000    0.3199523
   0.2800000    0.2733144
   0.3000000    0.2349524
   0.3200000    0.2039179
   0.3400000    0.1791418
   0.3600000    0.1595526
   0.3800000    0.1441559
   0.4000000    0.1320775
   0.4200000    0.1225742
   0.4400000    0.1150218
   0.4600000    0.1088909
   0.4800000    0.1037189
   0.5000000    0.0990876
   0.5200000    0.0946097
   0.5400000    0.0899268
   0.5600000    0.0847185
   0.5800000    0.0787193
   0.6000000    0.0717388
   0.6200000    0.0636821
   0.6400000    0.0545635
   0.6600000    0.0445131
   0.6800000    0.0337711
   0.7000000    0.0226714
   0.7200000    0.0116152
   0.7400000    0.0010363
   0.7600000   -0.0086366
   0.7800000   -0.0170183
   0.8000000   -0.0238003
   0.8200000   -0.0287752
   0.8400000   -0.0318521
   0.8600000   -0.0330584
   0.8800000   -0.0325310
   0.9000000   -0.0304981
   0.9200000   -0.0272540
   0.9400000   -0.0231306
   0.9600000   -0.0184698
   0.9800000   -0.0135992
   1.0000000   -0.0088143
   1.0200000   -0.0043677
   1.0400000   -0.0004661
   1.0600000    0.0027261
   1.0800000    0.0050788
   1.1000000    0.0064851
   1.1200000    0.0068521
   1.1400000    0.0060940
   1.1600000    0.0041305
   1.1800000    0.0008923
   1.2000000   -0.0036680
   1.2200000   -0.0095592
   1.2400000   -0.0167326
   1.2600000   -0.0250644
   1.2800000   -0.0343424
   1.3000000   -0.0442620
   1.3200000   -0.0544326
   1.3400000   -0.0643972
   1.3600000   -0.0736622
   1.3800000   -0.0817372
   1.4000000   -0.0881776
   1.4200000   -0.0926261
   1.4400000   -0.0948466
   1.4600000   -0.0947469
   1.4800000   -0.0923850
   1.5000000   -0.0879604
   1.5200000   -0.0817910
   1.5400000   -0.0742787
   1.5600000   -0.0658696
   1.5800000   -0.0570127
   1.6000000   -0.0481240
   1.6200000   -0.0395579
   1.6400000   -0.0315893
   1.6600000   -0.0244057
   1.6800000   -0.0181103
   1.7000000   -0.0127317
   1.7200000   -0.0082385
   1.7400000   -0.0045565
   1.7600000   -0.0015845
   1.7800000    0.0007913
   1.8000000    0.0026867
   1.8200000    0.0042129
   1.8400000    0.0054723
   1.8600000    0.0065579
   1.8800000    0.0075535
   1.9000000    0.0085351
   1.9200000    0.0095714
   1.9400000    0.0107241
   1.9600000    0.0120465
   1.9800000    0.0135813
   2.0000000    0.0153571
   2.0200000    0.0173859
   2.0400000    0.0196593
   2.0600000    0.0221477
   2.0800000    0.0247990
   2.1000000    0.0275413
   2.1200000    0.0302859
   2.1400000    0.0329328
   2.1600000    0.0353774
   2.1800000    0.0375177
   2.2000000    0.0392612
   2.2200000    0.0405314
   2.2400000    0.0412732
   2.2600000    0.0414554
   2.2800000    0.0410731
   2.3000000    0.0401461
   2.3200000    0.0387174
   2.3400000    0.0368487
   2.3600000    0.0346160
   2.3800000    0.0321038
   2.4000000    0.0293996
   2.4200000    0.0265886
   2.4400000    0.0237491
   2.4600000    0.0209491
   2.4800000    0.0182445
   2.5000000    0.0156782
   2.5200000    0.0132807
   2.5400000    0.0110716
   2.5600000    0.0090622
   2.5800000    0.0072580
   2.6000000    0.0056604
   2.6200000    0.0042688
   2.6400000    0.0030815
   2.6600000    0.0020952
   2.6800000    0.0013042
   2.7000000    0.0006995
   2.7200000    0.0002669
   2.7400000   -0.0000138
   2.7600000   -0.0001689
   2.7800000   -0.0002312
   2.8000000   -0.0002376
   2.8200000   -0.0002275
   2.8400000   -0.0002402
   2.8600000   -0.0003122
   2.8800000   -0.0004746
   2.9000000   -0.0007517
   2.9200000   -0.0011598
   2.9400000   -0.0017076
   2.9600000   -0.0023967
   2.9800000   -0.0032227
   3.0000000   -0.0041773
   3.0200000   -0.0052490
   3.0400000   -0.0064254
   3.0600000   -0.0076933
   3.0800000   -0.0090408
   3.1000000   -0.0104575
   3.1200000   -0.0119365
   3.1400000   -0.0134762
   3.1600000   -0.0150825
   3.1800000   -0.0167715
   3.2000000   -0.0185724
   3.2200000   -0.0205292
   3.2400000   -0.0227012
   3.2600000   -0.0251627
   3.2800000   -0.0279989
   3.3000000   -0.0313011
   3.3200000   -0.0351589
   3.3400000   -0.0396511
   3.3600000   -0.0448363
   3.3800000   -0.0507436
   3.4000000   -0.0573648
   3.4200000   -0.0646491
   3.4400000   -0.0724997
   3.4600000   -0.0807745
   3.4800000   -0.0892892
   3.5000000   -0.0978225
   3.5200000   -0.1061246
   3.5400000   -0.1139260
   3.5600000   -0.1209482
   3.5800000   -0.1269156
   3.6000000   -0.1315676
   3.6200000   -0.1346712
   3.6400000   -0.1360346
   3.6600000   -0.1355189
   3.6800000   -0.1330499
   3.7000000   -0.1286263
   3.7200000   -0.1223244
   3.7400000   -0.1142986
   3.7600000   -0.1047758
   3.7800000   -0.0940443
   3.8000000   -0.0824387
   3.8200000   -0.0703199
   3.8400000   -0.0580544
   3.8600000   -0.0459932
   3.8800000   -0.0344530
   3.9000000   -0.0237016
   3.9200000   -0.0139482
   3.9400000   -0.0053382
   3.9600000    0.0020452
   3.9800000    0.0081767
   4.0000000    0.0130801
   4.0200000    0.0168177
   4.0400000    0.0194781
   4.0600000    0.0211645
   4.0800000    0.0219820
   4.1000000    0.0220270
   4.1200000    0.0213771
   4.1400000    0.0200832
   4.1600000    0.0181638
   4.1800000    0.0156038
   4.2000000    0.0123571
   4.2200000    0.0083550
   4.2400000    0.0035217
   4.2600000   -0.0022049
   4.2800000   -0.0088462
   4.3000000   -0.0163520
   4.3200000   -0.0245698
   4.3400000   -0.0332167
   4.3600000   -0.0418599
   4.3800000   -0.0499112
   4.4000000   -0.0566384
   4.4200000   -0.0611988
   4.4400000   -0.0626945
   4.4600000   -0.0602480
   4.4800000   -0.0530935
   4.5000000   -0.0406739
   4.5200000   -0.0227345
   4.5400000    0.0006005
   4.5600000    0.0287814
   4.5800000    0.0608245
   4.6000000    0.0953493
   4.6200000    0.1306612
   4.6400000    0.1648736
   4.6600000    0.1960568
   4.6800000    0.2223991
   4.7000000    0.2423583
   4.7200000    0.2547886
   4.7400000    0.2590257
   4.7600000    0.2549218
   4.7800000    0.2428292
   4.8000000    0.2235356
   4.8200000    0.1981650
   4.8400000    0.1680565
   4.8600000    0.1346394
   4.8800000    0.0993189
   4.9000000    0.0633825
   4.9200000    0.0279369
   4.9400000   -0.0061263
   4.9600000   -0.0381362
   4.9800000   -0.0676272
   5.0000000   -0.0943095
   5.0200000   -0.1180334
   5.0400000   -0.1387539
   5.0600000   -0.1565012
   5.0800000   -0.1713579
   5.1000000   -0.1834456
   5.1200000   -0.1929178
   5.1400000   -0.1999583
   5.1600000   -0.2047824
   5.1800000   -0.2076379
   5.2000000   -0.2088049
   5.2200000   -0.2085933
   5.2400000   -0.2073364
   5.2600000   -0.2053838
   5.2800000   -0.2030918
   5.3000000   -0.2008140
   5.3200000   -0.1988923
   5.3400000   -0.1976494
   5.3600000   -0.1973819
   5.3800000   -0.1983536
   5.4000000   -0.2007885
   5.4200000   -0.2048609
   5.4400000   -0.2106832
   5.4600000   -0.2182907
   5.4800000   -0.2276232
   5.5000000   -0.2385071
   5.5200000   -0.2506399
   5.5400000   -0.2635805
   5.5600000   -0.2767493
   5.5800000   -0.2894409
   5.6000000   -0.3008511
   5.6200000   -0.3101189
   5.6400000   -0.3163801
   5.6600000   -0.3188308
   5.6800000   -0.3167928
   5.7000000   -0.3097762
   5.7200000   -0.2975311
   5.7400000   -0.2800833
   5.7600000   -0.2577487
   5.7800000   -0.2311249
   5.8000000   -0.2010592
   5.8200000   -0.1685973
   5.8400000   -0.1349157
   5.8600000   -0.1012460
   5.8800000   -0.0687965
   5.9000000   -0.0386783
   5.9200000   -0.0118424
   5.9400000    0.0109693
   5.9600000    0.0292556
   5.9800000    0.0427690
   6.0000000    0.0515121
   6.0200000    0.0557171
   6.0400000    0.0558130
   6.0600000    0.0523834
   6.0800000    0.0461176
   6.1000000    0.0377604
   6.1200000    0.0280628
   6.1400000    0.0177383
   6.1600000    0.0074260
   6.1800000   -0.0023365
   6.2000000   -0.0111297
   6.2200000   -0.0186587
   6.2400000   -0.0247497
   6.2600000   -0.0293390
   6.2800000   -0.0324557
   6.3000000   -0.0342011
   6.3200000   -0.0347265
   6.3400000   -0.0342122
   6.3600000   -0.0328484
   6.3800000   -0.0308203
   6.4000000   -0.0282967
   6.4200000   -0.0254237
   6.4400000   -0.0223226
   6.4600000   -0.0190905
   6.4800000   -0.0158045
   6.5000000   -0.0125265
   6.5200000   -0.0093087
   6.5400000   -0.0061984
   6.5600000   -0.0032411
   6.5800000   -0.0004818
   6.6000000    0.0020353
   6.6200000    0.0042693
   6.6400000    0.0061853
   6.6600000    0.0077581
   6.6800000    0.0089743
   6.7000000    0.0098347
   6.7200000    0.0103534
   6.7400000    0.0105571
   6.7600000    0.0104816
   6.7800000    0.0101679
   6.8000000    0.0096583
   6.8200000    0.0089917
   6.8400000    0.0082010
   6.8600000    0.0073101
   6.8800000    0.0063340
   6.9000000    0.0052791
   6.9200000    0.0041454
   6.9400000    0.0029291
   6.9600000    0.0016265
   6.9800000    0.0002367
   7.0000000   -0.0012353
   7.0200000   -0.0027771
   7.0400000   -0.0043680
   7.0600000   -0.0059804
   7.0800000   -0.0075822
   7.1000000   -0.0091400
   7.1200000   -0.0106245
   7.1400000   -0.0120154
   7.1600000   -0.0133084
   7.1800000   -0.0145206
   7.2000000   -0.0156978
   7.2200000   -0.0169203
   7.2400000   -0.0183097
   7.2600000   -0.0200337
   7.2800000   -0.0223106
   7.3000000   -0.0254114
   7.3200000   -0.0296580
   7.3400000   -0.0354166
   7.3600000   -0.0430841
   7.3800000   -0.0530660
   7.4000000   -0.0657451
   7.4200000   -0.0814420
   7.4400000   -0.1003675
   7.4600000   -0.1225735
   7.4800000   -0.1479060
   7.5000000   -0.1759680
   7.5200000   -0.2060998
   7.5400000   -0.2373829
   7.5600000   -0.2686723
   7.5800000   -0.2986583
   7.6000000   -0.3259541
   7.6200000   -0.3492017
   7.6400000   -0.3671857
   7.6600000   -0.3789399
   7.6800000   -0.3838352
   7.7000000   -0.3816357
   7.7200000   -0.3725158
   7.7400000   -0.3570373
   7.7600000   -0.3360888
   7.7800000   -0.3107969
   7.8000000   -0.2824216
   7.8200000   -0.2522484
   7.8400000   -0.2214913
   7.8600000   -0.1912154
   7.8800000   -0.1622859
   7.9000000   -0.1353436
   7.9200000   -0.1108069
   7.9400000   -0.0888919
   7.9600000   -0.0696462
   7.9800000   -0.0529880
   8.0000000   -0.0387454
   8.0200000   -0.0266913
   8.0400000   -0.0165716
   8.0600000   -0.0081261
   8.0800000   -0.0011037
   8.1000000    0.0047287
   8.1200000    0.0095802
   8.1400000    0.0136326
   8.1600000    0.0170396
   8.1800000    0.0199269
   8.2000000    0.0223945
   8.2200000    0.0245205
   8.2400000    0.0263659
   8.2600000    0.0279812
   8.2800000    0.0294129
   8.3000000    0.0307093
   8.3200000    0.0319256
   8.3400000    0.0331252
   8.3600000    0.0343805
   8.3800000    0.0357689
   8.4000000    0.0373681
   8.4200000    0.0392492
   8.4400000    0.0414693
   8.4600000    0.0440655
   8.4800000    0.0470490
   8.5000000    0.0504029
   8.5200000    0.0540813
   8.5400000    0.0580117
   8.5600000    0.0620998
   8.5800000    0.0662363
   8.6000000    0.0703043
   8.6200000    0.0741887
   8.6400000    0.0777838
   8.6600000    0.0810012
   8.6800000    0.0837752
   8.7000000    0.0860659
   8.7200000    0.0878602
   8.7400000    0.0891697
   8.7600000    0.0900264
   8.7800000    0.0904765
   8.8000000    0.0905743
   8.8200000    0.0903752
   8.8400000    0.0899316
   8.8600000    0.0892892
   8.8800000    0.0884867
   8.9000000    0.0875578
   8.9200000    0.0865345
   8.9400000    0.0854511
   8.9600000    0.0843482
   8.9800000    0.0832753
   9.0000000    0.0822905
   9.0200000    0.0814584
   9.0400000    0.0808450
   9.0600000    0.0805101
   9.0800000    0.0804998
   9.1000000    0.0808380
   9.1200000    0.0815203
   9.1400000    0.0825102
   9.1600000    0.0837390
   9.1800000    0.0851091
   9.2000000    0.0865015
   9.2200000    0.0877857
   9.2400000    0.0888317
   9.2600000    0.0895221
   9.2800000    0.0897631
   9.3000000    0.0894930
   9.3200000    0.0886875
   9.3400000    0.0873601
   9.3600000    0.0855596
   9.3800000    0.0833627
   9.4000000    0.0808651
   9.4200000    0.0781702
   9.4400000    0.0753786
   9.4600000    0.0725778
   9.4800000    0.0698352
   9.5000000    0.0671936
   9.5200000    0.0646701
   9.5400000    0.0622583
   9.5600000    0.0599333
   9.5800000    0.0576582
   9.6000000    0.0553915
   9.6200000    0.0530943
   9.6400000    0.0507361
   9.6600000    0.0482992
   9.6800000    0.0457798
   9.7000000    0.0431879
   9.7200000    0.0405445
   9.7400000    0.0378782
   9.7600000    0.0352203
   9.7800000    0.0326010
   9.8000000    0.0300457
   9.8200000    0.0275733
   9.8400000    0.0251959
   9.8600000    0.0229197
   9.8800000    0.0207482
   9.9000000    0.0186853
   9.9200000    0.0167392
   9.9400000    0.0149264
   9.9600000    0.0132738
   9.9800000    0.0118206
  10.0000000    0.0106175
  10.0200000    0.0097243
  10.0400000    0.0092056
  10.0600000    0.0091248
  10.0800000    0.0095362
  10.1000000    0.0104771
  10.1200000    0.0119602
  10.1400000    0.0139668
  10.1600000    0.0164427
  10.1800000    0.0192974
  10.2000000    0.0224069
  10.2200000    0.0256204
  10.2400000    0.0287710
  10.2600000    0.0316880
  10.2800000    0.0342120
  10.3000000    0.0362083
  10.3200000    0.0375790
  10.3400000    0.0382716
  10.3600000    0.0382839
  10.3800000    0.0376635
  10.4000000    0.0365037
  10.4200000    0.0349353
  10.4400000    0.0331170
  10.4600000    0.0312236
  10.4800000    0.0294356
  10.5000000    0.0279294
  10.5200000    0.0268690
  10.5400000    0.0264000
  10.5600000    0.0266452
  10.5800000    0.0277007
  10.6000000    0.0296335
  10.6200000    0.0324787
  10.6400000    0.0362368
  10.6600000    0.0408719
  10.6800000    0.0463091
  10.7000000    0.0524347
  10.7200000    0.0590966
  10.7400000    0.0661084
  10.7600000    0.0732555
  10.7800000    0.0803039
  10.8000000    0.0870121
  10.8200000    0.0931435
  10.8400000    0.0984809
  10.8600000    0.1028392
  10.8800000    0.1060777
  10.9000000    0.1081089
  10.9200000    0.1089042
  10.9400000    0.1084965
  10.9600000    0.1069768
  10.9800000    0.1044892
  11.0000000    0.1012206
  11.0200000    0.0973890
  11.0400000    0.0932296
  11.0600000    0.0889808
  11.0800000    0.0848708
  11.1000000    0.0811063
  11.1200000    0.0778637
  11.1400000    0.0752838
  11.1600000    0.0734701
  11.1800000    0.0724895
  11.2000000    0.0723765
  11.2200000    0.0731376
  11.2400000    0.0747560
  11.2600000    0.0771959
  11.2800000    0.0804039
  11.3000000    0.0843094
  11.3200000    0.0888226
  11.3400000    0.0938320
  11.3600000    0.0992020
  11.3800000    0.1047719
  11.4000000    0.1103584
  11.4200000    0.1157603
  11.4400000    0.1207677
  11.4600000    0.1251735
  11.4800000    0.1287862
  11.5000000    0.1314426
  11.5200000    0.1330187
  11.5400000    0.1334366
  11.5600000    0.1326674
  11.5800000    0.1307289
  11.6000000    0.1276799
  11.6200000    0.1236112
  11.6400000    0.1186359
  11.6600000    0.1128807
  11.6800000    0.1064792
  11.7000000    0.0995682
  11.7200000    0.0922877
  11.7400000    0.0847833
  11.7600000    0.0772087
  11.7800000    0.0697290
  11.8000000    0.0625202
  11.8200000    0.0557656
  11.8400000    0.0496471
  11.8600000    0.0443324
  11.8800000    0.0399580
  11.9000000    0.0366100
  11.9200000    0.0343040
  11.9400000    0.0329670
  11.9600000    0.0324217
  11.9800000    0.0323767
  12.0000000    0.0324232
  12.0200000    0.0320397
  12.0400000    0.0306074
  12.0600000    0.0274354
  12.0800000    0.0217986
  12.1000000    0.0129872
  12.1200000    0.0003665
  12.1400000   -0.0165552
  12.1600000   -0.0380567
  12.1800000   -0.0641379
  12.2000000   -0.0944674
  12.2200000   -0.1283521
  12.2400000   -0.1647371
  12.2600000   -0.2022417
  12.2800000   -0.2392337
  12.3000000   -0.2739377
  12.3200000   -0.3045691
  12.3400000   -0.3294804
  12.3600000   -0.3473034
  12.3800000   -0.3570699
  12.4000000   -0.3582954
  12.4200000   -0.3510161
  12.4400000   -0.3357743
  12.4600000   -0.3135547
  12.4800000   -0.2856813
  12.5000000   -0.2536888
  12.5200000   -0.2191853
  12.5400000   -0.1837223
  12.5600000   -0.1486867
  12.5800000   -0.1152234
  12.6000000   -0.0841928
  12.6200000   -0.0561636
  12.6400000   -0.0314329
  12.6600000   -0.0100689
  12.6800000    0.0080360
  12.7000000    0.0231080
  12.7200000    0.0354397
  12.7400000    0.0453464
  12.7600000    0.0531352
  12.7800000    0.0590850
  12.8000000    0.0634386
  12.8200000    0.0664025
  12.8400000    0.0681529
  12.8600000    0.0688445
  12.8800000    0.0686197
  12.9000000    0.0676170
  12.9200000    0.0659770
  12.9400000    0.0638458
  12.9600000    0.0613761
  12.9800000    0.0587248
  13.0000000    0.0560507
  13.0200000    0.0535087
  13.0400000    0.0512454
  13.0600000    0.0493930
  13.0800000    0.0480642
  13.1000000    0.0473481
  13.1200000    0.0473054
  13.1400000    0.0479665
  13.1600000    0.0493288
  13.1800000    0.0513563
  13.2000000    0.0539787
  13.2200000    0.0570932
  13.2400000    0.0605655
  13.2600000    0.0642334
  13.2800000    0.0679112
  13.3000000    0.0713965
  13.3200000    0.0744787
  13.3400000    0.0769501
  13.3600000    0.0786180
  13.3800000    0.0793185
  13.4000000    0.0789298
  13.4200000    0.0773836
  13.4400000    0.0746737
  13.4600000    0.0708602
  13.4800000    0.0660675
  13.5000000    0.0604771
  13.5200000    0.0543157
  13.5400000    0.0478378
  13.5600000    0.0413076
  13.5800000    0.0349793
  13.6000000    0.0290797
  13.6200000    0.0237939
  13.6400000    0.0192557
  13.6600000    0.0155432
  13.6800000    0.0126790
  13.7000000    0.0106352
  13.7200000    0.0093422
  13.7400000    0.0086988
  13.7600000    0.0085841
  13.7800000    0.0088687
  13.8000000    0.0094247
  13.8200000    0.0101345
  13.8400000    0.0108964
  13.8600000    0.0116280
  13.8800000    0.0122680
  13.9000000    0.0127751
  13.9200000    0.0131257
  13.9400000    0.0133110
  13.9600000    0.0133334
  13.9800000    0.0132027
  14.0000000    0.0129340
  14.0200000    0.0125453
  14.0400000    0.0120561
  14.0600000    0.0114867
  14.0800000    0.0108573
  14.1000000    0.0101876
  14.1200000    0.0094947
  14.1400000    0.0087914
  14.1600000    0.0080830
  14.1800000    0.0073642
  14.2000000    0.0066165
  14.2200000    0.0058063
  14.2400000    0.0048853
  14.2600000    0.0037930
  14.2800000    0.0024620
  14.3000000    0.0008258
  14.3200000   -0.0011713
  14.3400000   -0.0035645
  14.3600000   -0.0063586
  14.3800000   -0.0095210
  14.4000000   -0.0129787
  14.4200000   -0.0166195
  14.4400000   -0.0202989
  14.4600000   -0.0238513
  14.4800000   -0.0271051
  14.5000000   -0.0298994
  14.5200000   -0.0321005
  14.5400000   -0.0336160
  14.5600000   -0.0344037
  14.5800000   -0.0344758
  14.6000000   -0.0338960
  14.6200000   -0.0327715
  14.6400000   -0.0312403
  14.6600000   -0.0294552
  14.6800000   -0.0275685
  14.7000000   -0.0257170
  14.7200000   -0.0240109
  14.7400000   -0.0225265
  14.7600000   -0.0213038
  14.7800000   -0.0203478
  14.8000000   -0.0196343
  14.8200000   -0.0191170
  14.8400000   -0.0187373
  14.8600000   -0.0184331
  14.8800000   -0.0181478
  14.9000000   -0.0178380
  14.9200000   -0.0174788
  14.9400000   -0.0170682
  14.9600000   -0.0166285
  14.9800000   -0.0162056
  15.0000000   -0.0158663
  15.0200000   -0.0156933
  15.0400000   -0.0157778
  15.0600000   -0.0162107
  15.0800000   -0.0170734
  15.1000000   -0.0184273
  15.1200000   -0.0203050
  15.1400000   -0.0227031
  15.1600000   -0.0255782
  15.1800000   -0.0288462
  15.2000000   -0.0323857
  15.2200000   -0.0360467
  15.2400000   -0.0396610
  15.2600000   -0.0430572
  15.2800000   -0.0460757
  15.3000000   -0.0485837
  15.3200000   -0.0504876
  15.3400000   -0.0517413
  15.3600000   -0.0523500
  15.3800000   -0.0523674
  15.4000000   -0.0518882
  15.4200000   -0.0510347
  15.4400000   -0.0499423
  15.4600000   -0.0487421
  15.4800000   -0.0475458
  15.5000000   -0.0464341
  15.5200000   -0.0454487
  15.5400000   -0.0445911
  15.5600000   -0.0438261
  15.5800000   -0.0430900
  15.6000000   -0.0423023
  15.6200000   -0.0413784
  15.6400000   -0.0402416
  15.6600000   -0.0388333
  15.6800000   -0.0371191
  15.7000000   -0.0350911
  15.7200000   -0.0327663
  15.7400000   -0.0301810
  15.7600000   -0.0273839
  15.7800000   -0.0244276
  15.8000000   -0.0213613
  15.8200000   -0.0182256
  15.8400000   -0.0150505
  15.8600000   -0.0118561
  15.8800000   -0.0086583
  15.9000000   -0.0054756
  15.9200000   -0.0023384
  15.9400000    0.0007027
  15.9600000    0.0035705
  15.9800000    0.0061585
  16.0000000    0.0083340
  16.0200000    0.0099460
  16.0400000    0.0108395
  16.0600000    0.0108735
  16.0800000    0.0099403
  16.1000000    0.0079852
  16.1200000    0.0050220
  16.1400000    0.0011423
  16.1600000   -0.0034831
  16.1800000   -0.0086114
  16.2000000   -0.0139431
  16.2200000   -0.0191451
  16.2400000   -0.0238769
  16.2600000   -0.0278184
  16.2800000   -0.0306969
  16.3000000   -0.0323081
  16.3200000   -0.0325319
  16.3400000   -0.0313400
  16.3600000   -0.0287963
  16.3800000   -0.0250503
  16.4000000   -0.0203245
  16.4200000   -0.0148982
  16.4400000   -0.0090878
  16.4600000   -0.0032276
  16.4800000    0.0023509
  16.5000000    0.0073374
  16.5200000    0.0114594
  16.5400000    0.0144963
  16.5600000    0.0162896
  16.5800000    0.0167489
  16.6000000    0.0158545
  16.6200000    0.0136537
  16.6400000    0.0102537
  16.6600000    0.0058100
  16.6800000    0.0005124
  16.7000000   -0.0054307
  16.7200000   -0.0118077
  16.7400000   -0.0184168
  16.7600000   -0.0250766
  16.7800000   -0.0316319
  16.8000000   -0.0379557
  16.8200000   -0.0439474
  16.8400000   -0.0495286
  16.8600000   -0.0546377
  16.8800000   -0.0592250
  16.9000000   -0.0632496
  16.9200000   -0.0666788
  16.9400000   -0.0694903
  16.9600000   -0.0716760
  16.9800000   -0.0732479
  17.0000000   -0.0742429
  17.0200000   -0.0747261
  17.0400000   -0.0747910
  17.0600000   -0.0745559
  17.0800000   -0.0741570
  17.1000000   -0.0737372
  17.1200000   -0.0734336
  17.1400000   -0.0733640
  17.1600000   -0.0736149
  17.1800000   -0.0742316
  17.2000000   -0.0752136
  17.2200000   -0.0765141
  17.2400000   -0.0780446
  17.2600000   -0.0796844
  17.2800000   -0.0812935
  17.3000000   -0.0827266
  17.3200000   -0.0838488
  17.3400000   -0.0845478
  17.3600000   -0.0847445
  17.3800000   -0.0843991
  17.4000000   -0.0835124
  17.4200000   -0.0821238
  17.4400000   -0.0803047
  17.4600000   -0.0781503
  17.4800000   -0.0757703
  17.5000000   -0.0732797
  17.5200000   -0.0707902
  17.5400000   -0.0684046
  17.5600000   -0.0662123
  17.5800000   -0.0642874
  17.6000000   -0.0626876
  17.6200000   -0.0614548
  17.6400000   -0.0606153
  17.6600000   -0.0601816
  17.6800000   -0.0601528
  17.7000000   -0.0605164
  17.7200000   -0.0612499
  17.7400000   -0.0623239
  17.7600000   -0.0637048
  17.7800000   -0.0653595
  17.8000000   -0.0672590
  17.8200000   -0.0693819
  17.8400000   -0.0717175
  17.8600000   -0.0742661
  17.8800000   -0.0770375
  17.9000000   -0.0800480
  17.9200000   -0.0833149
  17.9400000   -0.0868502
  17.9600000   -0.0906544
  17.9800000   -0.0947109
  18.0000000   -0.0989828
  18.0200000   -0.1034114
  18.0400000   -0.1079190
  18.0600000   -0.1124133
  18.0800000   -0.1167946
  18.1000000   -0.1209644
  18.1200000   -0.1248340
  18.1400000   -0.1283323
  18.1600000   -0.1314107
  18.1800000   -0.1340463
  18.2000000   -0.1362401
  18.2200000   -0.1380135
  18.2400000   -0.1394016
  18.2600000   -0.1404448
  18.2800000   -0.1411807
  18.3000000   -0.1416363
  18.3200000   -0.1418227
  18.3400000   -0.1417327
  18.3600000   -0.1413401
  18.3800000   -0.1406032
  18.4000000   -0.1394693
  18.4200000   -0.1378807
  18.4400000   -0.1357816
  18.4600000   -0.1331234
  18.4800000   -0.1298705
  18.5000000   -0.1260037
  18.5200000   -0.1215226
  18.5400000   -0.1164475
  18.5600000   -0.1108198
  18.5800000   -0.1047023
  18.6000000   -0.0981784
  18.6200000   -0.0913512
  18.6400000   -0.0843418
  18.6600000   -0.0772856
  18.6800000   -0.0703279
  18.7000000   -0.0636166
  18.7200000   -0.0572942
  18.7400000   -0.0514865
  18.7600000   -0.0462915
  18.7800000   -0.0417666
  18.8000000   -0.0379166
  18.8200000   -0.0346838
  18.8400000   -0.0319393
  18.8600000   -0.0294790
  18.8800000   -0.0270236
  18.9000000   -0.0242238
  18.9200000   -0.0206716
  18.9400000   -0.0159183
  18.9600000   -0.0094980
  18.9800000   -0.0009588
  19.0000000    0.0101018
  19.0200000    0.0239960
  19.0400000    0.0409040
  19.0600000    0.0608341
  19.0800000    0.0835880
  19.1000000    0.1087384
  19.1200000    0.1356216
  19.1400000    0.1633514
  19.1600000    0.1908557
  19.1800000    0.2169361
  19.2000000    0.2403473
  19.2200000    0.2598909
  19.2400000    0.2745127
  19.2600000    0.2833946
  19.2800000    0.2860283
  19.3000000    0.2822635
  19.3200000    0.2723217
  19.3400000    0.2567761
  19.3600000    0.2364981
  19.3800000    0.2125786
  19.4000000    0.1862335
  19.4200000    0.1587046
  19.4400000    0.1311676
  19.4600000    0.1046566
  19.4800000    0.0800108
  19.5000000    0.0578454
  19.5200000    0.0385478
  19.5400000    0.0222929
  19.5600000    0.0090734
  19.5800000   -0.0012617
  19.6000000   -0.0089660
  19.6200000   -0.0143576
  19.6400000   -0.0177864
  19.6600000   -0.0196084
  19.6800000   -0.0201681
  19.7000000   -0.0197873
  19.7200000   -0.0187592
  19.7400000   -0.0173461
  19.7600000   -0.0157793
  19.7800000   -0.0142603
  19.8000000   -0.0129615
  19.8200000   -0.0120281
  19.8400000   -0.0115787
  19.8600000   -0.0117064
  19.8800000   -0.0124799
  19.9000000   -0.0139443
  19.9200000   -0.0161221
  19.9400000   -0.0190138
  19.9600000   -0.0225984
  19.9800000   -0.0268331
  20.0000000   -0.0316527
  20.0200000   -0.0369687
  20.0400000   -0.0426688
  20.0600000   -0.0486167
  20.0800000   -0.0546541
  20.1000000   -0.0606040
  20.1200000   -0.0662764
  20.1400000   -0.0714768
  20.1600000   -0.0760165
  20.1800000   -0.0797236
  20.2000000   -0.0824549
  20.2200000   -0.0841060
  20.2400000   -0.0846193
  20.2600000   -0.0839885
  20.2800000   -0.0822593
  20.3000000   -0.0795255
  20.3200000   -0.0759219
  20.3400000   -0.0716138
  20.3600000   -0.0667849
  20.3800000   -0.0616241
  20.4000000   -0.0563141
  20.4200000   -0.0510199
  20.4400000   -0.0458822
  20.4600000   -0.0410114
  20.4800000   -0.0364862
  20.5000000   -0.0323544
  20.5200000   -0.0286359
  20.5400000   -0.0253276
  20.5600000   -0.0224084
  20.5800000   -0.0198451
  20.6000000   -0.0175973
  20.6200000   -0.0156215
  20.6400000   -0.0138742
  20.6600000   -0.0123137
  20.6800000   -0.0109016
  20.7000000   -0.0096026
  20.7200000   -0.0083850
  20.7400000   -0.0072207
  20.7600000   -0.0060852
  20.7800000   -0.0049581
  20.8000000   -0.0038239
  20.8200000   -0.0026725
  20.8400000   -0.0015002
  20.8600000   -0.0003097
  20.8800000    0.0008894
  20.9000000    0.0020817
  20.9200000    0.0032469
  20.9400000    0.0043616
  20.9600000    0.0054014
  20.9800000    0.0063430
  21.0000000    0.0071665
  21.0200000    0.0078571
  21.0400000    0.0084065
  21.0600000    0.0088128
  21.0800000    0.0090800
  21.1000000    0.0092170
  21.1200000    0.0092351
  21.1400000    0.0091458
  21.1600000    0.0089584
  21.1800000    0.0086783
  21.2000000    0.0083054
  21.2200000    0.0078348
  21.2400000    0.0072576
  21.2600000    0.0065632
  21.2800000    0.0057420
  21.3000000    0.0047891
  21.3200000    0.0037069
  21.3400000    0.0025078
  21.3600000    0.0012146
  21.3800000   -0.0001390
  21.4000000   -0.0015110
  21.4200000   -0.0028543
  21.4400000   -0.0041205
  21.4600000   -0.0052653
  21.4800000   -0.0062529
  21.5000000   -0.0070603
  21.5200000   -0.0076799
  21.5400000   -0.0081213
  21.5600000   -0.0084105
  21.5800000   -0.0085882
  21.6000000   -0.0087057
  21.6200000   -0.0088208
  21.6400000   -0.0089920
  21.6600000   -0.0092729
  21.6800000   -0.0097071
  21.7000000   -0.0103238
  21.7200000   -0.0111345
  21.7400000   -0.0121312
  21.7600000   -0.0132860
  21.7800000   -0.0145527
  21.8000000   -0.0158693
  21.8200000   -0.0171624
  21.8400000   -0.0183522
  21.8600000   -0.0193574
  21.8800000   -0.0201013
  21.9000000   -0.0205166
  21.9200000   -0.0205492
  21.9400000   -0.0201612
  21.9600000   -0.0193324
  21.9800000   -0.0180602
  22.0000000   -0.0163582
  22.0200000   -0.0142542
  22.0400000   -0.0117867
  22.0600000   -0.0090018
  22.0800000   -0.0059497
  22.1000000   -0.0026814
  22.1200000    0.0007536
  22.1400000    0.0043092
  22.1600000    0.0079446
  22.1800000    0.0116240
  22.2000000    0.0153170
  22.2200000    0.0189972
  22.2400000    0.0226413
  22.2600000    0.0262269
  22.2800000    0.0297310
  22.3000000    0.0331280
  22.3200000    0.0363887
  22.3400000    0.0394797
  22.3600000    0.0423636
  22.3800000    0.0450006
  22.4000000    0.0473504
  22.4200000    0.0493753
  22.4400000    0.0510428
  22.4600000    0.0523292
  22.4800000    0.0532212
  22.5000000    0.0537182
  22.5200000    0.0538323
  22.5400000    0.0535882
  22.5600000    0.0530218
  22.5800000    0.0521787
  22.6000000    0.0511121
  22.6200000    0.0498813
  22.6400000    0.0485503
  22.6600000    0.0471867
  22.6800000    0.0458612
  22.7000000    0.0446463
  22.7200000    0.0436158
  22.7400000    0.0428424
  22.7600000    0.0423945
  22.7800000    0.0423330
  22.8000000    0.0427056
  22.8200000    0.0435424
  22.8400000    0.0448508
  22.8600000    0.0466114
  22.8800000    0.0487764
  22.9000000    0.0512692
  22.9200000    0.0539879
  22.9400000    0.0568099
  22.9600000    0.0595995
  22.9800000    0.0622168
  23.0000000    0.0645270
  23.0200000    0.0664089
  23.0400000    0.0677625
  23.0600000    0.0685143
  23.0800000    0.0686203
  23.1000000    0.0680662
  23.1200000    0.0668663
  23.1400000    0.0650597
  23.1600000    0.0627063
  23.1800000    0.0598824
  23.2000000    0.0566762
  23.2200000    0.0531841
  23.2400000    0.0495077
  23.2600000    0.0457517
  23.2800000    0.0420219
  23.3000000    0.0384235
  23.3200000    0.0350598
  23.3400000    0.0320296
  23.3600000    0.0294248
  23.3800000    0.0273271
  23.4000000    0.0258045
  23.4200000    0.0249073
  23.4400000    0.0246648
  23.4600000    0.0250818
  23.4800000    0.0261373
  23.5000000    0.0277834
  23.5200000    0.0299460
  23.5400000    0.0325278
  23.5600000    0.0354118
  23.5800000    0.0384671
  23.6000000    0.0415558
  23.6200000    0.0445397
  23.6400000    0.0472887
  23.6600000    0.0496878
  23.6800000    0.0516437
  23.7000000    0.0530903
  23.7200000    0.0539919
  23.7400000    0.0543448
  23.7600000    0.0541763
  23.7800000    0.0535419
  23.8000000    0.0525199
  23.8200000    0.0512051
  23.8400000    0.0497018
  23.8600000    0.0481165
  23.8800000    0.0465512
  23.9000000    0.0450987
  23.9200000    0.0438390
  23.9400000    0.0428384
  23.9600000    0.0421498
  23.9800000    0.0418146
  24.0000000    0.0418656
  24.0200000    0.0423292
  24.0400000    0.0432269
  24.0600000    0.0445750
  24.0800000    0.0463824
  24.1000000    0.0486463
  24.1200000    0.0513470
  24.1400000    0.0544413
  24.1600000    0.0578578
  24.1800000    0.0614938
  24.2000000    0.0652158
  24.2200000    0.0688639
  24.2400000    0.0722614
  24.2600000    0.0752277
  24.2800000    0.0775946
  24.3000000    0.0792226
  24.3200000    0.0800168
  24.3400000    0.0799392
  24.3600000    0.0790161
  24.3800000    0.0773381
  24.4000000    0.0750549
  24.4200000    0.0723627
  24.4400000    0.0694880
  24.4600000    0.0666679
  24.4800000    0.0641304
  24.5000000    0.0620770
  24.5200000    0.0606681
  24.5400000    0.0600151
  24.5600000    0.0601764
  24.5800000    0.0611601
  24.6000000    0.0629303
  24.6200000    0.0654162
  24.6400000    0.0685237
  24.6600000    0.0721445
  24.6800000    0.0761659
  24.7000000    0.0804764
  24.7200000    0.0849697
  24.7400000    0.0895458
  24.7600000    0.0941113
  24.7800000    0.0985787
  24.8000000    0.1028654
  24.8200000    0.1068947
  24.8400000    0.1105972
  24.8600000    0.1139132
  24.8800000    0.1167956
  24.9000000    0.1192129
  24.9200000    0.1211510
  24.9400000    0.1226134
  24.9600000    0.1236213
  24.9800000    0.1242115
  25.0000000    0.1244355
  25.0200000    0.1243580
  25.0400000    0.1240573
  25.0600000    0.1236274
  25.0800000    0.1231803
  25.1000000    0.1228491
  25.1200000    0.1227888
  25.1400000    0.1231740
  25.1600000    0.1241918
  25.1800000    0.1260275
  25.2000000    0.1288455
  25.2200000    0.1327648
  25.2400000    0.1378320
  25.2600000    0.1439973
  25.2800000    0.1510959
  25.3000000    0.1588396
  25.3200000    0.1668232
  25.3400000    0.1745453
  25.3600000    0.1814439
  25.3800000    0.1869439
  25.4000000    0.1905102
  25.4200000    0.1917013
  25.4400000    0.1902150
  25.4600000    0.1859208
  25.4800000    0.1788747
  25.5000000    0.1693142
  25.5200000    0.1576339
  25.5400000    0.1443466
  25.5600000    0.1300346
  25.5800000    0.1152977
  25.6000000    0.1007042
  25.6200000    0.0867511
  25.6400000    0.0738359
  25.6600000    0.0622428
  25.6800000    0.0521413
  25.7000000    0.0435966
  25.7200000    0.0365872
  25.7400000    0.0310270
  25.7600000    0.0267876
  25.7800000    0.0237198
  25.8000000    0.0216694
  25.8200000    0.0204902
  25.8400000    0.0200507
  25.8600000    0.0202373
  25.8800000    0.0209546
  25.9000000    0.0221227
  25.9200000    0.0236740
  25.9400000    0.0255495
  25.9600000    0.0276954
  25.9800000    0.0300600
  26.0000000    0.0325915
  26.0200000    0.0352359
  26.0400000    0.0379366
  26.0600000    0.0406334
  26.0800000    0.0432628
  26.1000000    0.0457596
  26.1200000    0.0480583
  26.1400000    0.0500962
  26.1600000    0.0518177
  26.1800000    0.0531785
  26.2000000    0.0541504
  26.2200000    0.0547261
  26.2400000    0.0549228
  26.2600000    0.0547841
  26.2800000    0.0543798
  26.3000000    0.0538032
  26.3200000    0.0531653
  26.3400000    0.0525875
  26.3600000    0.0521912
  26.3800000    0.0520872
  26.4000000    0.0523645
  26.4200000    0.0530801
  26.4400000    0.0542514
  26.4600000    0.0558509
  26.4800000    0.0578053
  26.5000000    0.0599990
  26.5200000    0.0622810
  26.5400000    0.0644776
  26.5600000    0.0664058
  26.5800000    0.0678905
  26.6000000    0.0687801
  26.6200000    0.0689614
  26.6400000    0.0683698
  26.6600000    0.0669956
  26.6800000    0.0648840
  26.7000000    0.0621297
  26.7200000    0.0588664
  26.7400000    0.0552530
  26.7600000    0.0514578
  26.7800000    0.0476434
  26.8000000    0.0439536
  26.8200000    0.0405038
  26.8400000    0.0373759
  26.8600000    0.0346171
  26.8800000    0.0322435
  26.9000000    0.0302458
  26.9200000    0.0285978
  26.9400000    0.0272648
  26.9600000    0.0262124
  26.9800000    0.0254136
  27.0000000    0.0248553
  27.0200000    0.0245416
  27.0400000    0.0244966
  27.0600000    0.0247644
  27.0800000    0.0254070
  27.1000000    0.0265006
  27.1200000    0.0281297
  27.1400000    0.0303786
  27.1600000    0.0333213
  27.1800000    0.0370097
  27.2000000    0.0414615
  27.2200000    0.0466482
  27.2400000    0.0524854
  27.2600000    0.0588273
  27.2800000    0.0654663
  27.3000000    0.0721394
  27.3200000    0.0785419
  27.3400000    0.0843474
  27.3600000    0.0892327
  27.3800000    0.0929060
  27.4000000    0.0951330
  27.4200000    0.0957601
  27.4400000    0.0947294
  27.4600000    0.0920852
  27.4800000    0.0879687
  27.5000000    0.0826046
  27.5200000    0.0762774
  27.5400000    0.0693050
  27.5600000    0.0620086
  27.5800000    0.0546863
  27.6000000    0.0475908
  27.6200000    0.0409150
  27.6400000    0.0347851
  27.6600000    0.0292621
  27.6800000    0.0243499
  27.7000000    0.0200071
  27.7200000    0.0161619
  27.7400000    0.0127272
  27.7600000    0.0096137
  27.7800000    0.0067405
  27.8000000    0.0040429
  27.8200000    0.0014768
  27.8400000   -0.0009789
  27.8600000   -0.0033225
  27.8800000   -0.0055298
  27.9000000   -0.0075558
  27.9200000   -0.0093370
  27.9400000   -0.0107935
  27.9600000   -0.0118329
  27.9800000   -0.0123555
  28.0000000   -0.0122606
  28.0200000   -0.0114557
  28.0400000   -0.0098668
  28.0600000   -0.0074498
  28.0800000   -0.0042023
  28.1000000   -0.0001725
  28.1200000    0.0045336
  28.1400000    0.0097512
  28.1600000    0.0152608
  28.1800000    0.0207992
  28.2000000    0.0260754
  28.2200000    0.0307922
  28.2400000    0.0346691
  28.2600000    0.0374658
  28.2800000    0.0390018
  28.3000000    0.0391710
  28.3200000    0.0379495
  28.3400000    0.0353950
  28.3600000    0.0316386
  28.3800000    0.0268708
  28.4000000    0.0213233
  28.4200000    0.0152484
  28.4400000    0.0088994
  28.4600000    0.0025139
  28.4800000   -0.0037000
  28.5000000   -0.0095714
  28.5200000   -0.0149717
  28.5400000   -0.0198140
  28.5600000   -0.0240505
  28.5800000   -0.0276676
  28.6000000   -0.0306795
  28.6200000   -0.0331225
  28.6400000   -0.0350481
  28.6600000   -0.0365176
  28.6800000   -0.0375972
  28.7000000   -0.0383530
  28.7200000   -0.0388479
  28.7400000   -0.0391391
  28.7600000   -0.0392759
  28.7800000   -0.0392993
  28.8000000   -0.0392425
  28.8200000   -0.0391316
  28.8400000   -0.0389875
  28.8600000   -0.0388277
  28.8800000   -0.0386673
  28.9000000   -0.0385203
  28.9200000   -0.0383991
  28.9400000   -0.0383136
  28.9600000   -0.0382697
  28.9800000   -0.0382665
  29.0000000   -0.0382950
  29.0200000   -0.0383372
  29.0400000   -0.0383659
  29.0600000   -0.0383467
  29.0800000   -0.0382418
  29.1000000   -0.0380147
  29.1200000   -0.0376357
  29.1400000   -0.0370878
  29.1600000   -0.0363714
  29.1800000   -0.0355072
  29.2000000   -0.0345377
  29.2200000   -0.0335249
  29.2400000   -0.0325463
  29.2600000   -0.0316885
  29.2800000   -0.0310393
  29.3000000   -0.0306791
  29.3200000   -0.0306728
  29.3400000   -0.0310632
  29.3600000   -0.0318658
  29.3800000   -0.0330669
  29.4000000   -0.0346237
  29.4200000   -0.0364679
  29.4400000   -0.0385102
  29.4600000   -0.0406476
  29.4800000   -0.0427712
  29.5000000   -0.0447739
  29.5200000   -0.0465574
  29.5400000   -0.0480393
  29.5600000   -0.0491566
  29.5800000   -0.0498693
  29.6000000   -0.0501613
  29.6200000   -0.0500393
  29.6400000   -0.0495313
  29.6600000   -0.0486829
  29.6800000   -0.0475538
  29.7000000   -0.0462133
  29.7200000   -0.0447367
  29.7400000   -0.0432006
  29.7600000   -0.0416799
  29.7800000   -0.0402446
  29.8000000   -0.0389570
  29.8200000   -0.0378694
  29.8400000   -0.0370224
  29.8600000   -0.0364431
  29.8800000   -0.0361443
  29.9000000   -0.0361236
  29.9200000   -0.0363640
  29.9400000   -0.0368344
  29.9600000   -0.0374912
  29.9800000   -0.0382804
  30.0000000   -0.0391408
