 -10.0000000   -0.0316197
  -9.9800000   -0.0319671
  -9.9600000   -0.0319289
  -9.9400000   -0.0315227
  -9.9200000   -0.0307500
  -9.9000000   -0.0295969
  -9.8800000   -0.0280385
  -9.8600000   -0.0260461
  -9.8400000   -0.0235969
  -9.8200000   -0.0206837
  -9.8000000   -0.0173228
  -9.7800000   -0.0135607
  -9.7600000   -0.0094761
  -9.7400000   -0.0051783
  -9.7200000   -0.0008013
  -9.7000000    0.0035047
  -9.6800000    0.0075848
  -9.6600000    0.0112914
  -9.6400000    0.0144952
  -9.6200000    0.0170946
  -9.6000000    0.0190221
  -9.5800000    0.0202461
  -9.5600000    0.0207699
  -9.5400000    0.0206265
  -9.5200000    0.0198706
  -9.5000000    0.0185700
  -9.4800000    0.0167961
  -9.4600000    0.0146155
  -9.4400000    0.0120843
  -9.4200000    0.0092447
  -9.4000000    0.0061249
  -9.3800000    0.0027417
  -9.3600000   -0.0008939
  -9.3400000   -0.0047702
  -9.3200000   -0.0088662
  -9.3000000   -0.0131440
  -9.2800000   -0.0175414
  -9.2600000   -0.0219669
  -9.2400000   -0.0262976
  -9.2200000   -0.0303808
  -9.2000000   -0.0340403
  -9.1800000   -0.0370875
  -9.1600000   -0.0393366
  -9.1400000   -0.0406224
  -9.1200000   -0.0408209
  -9.1000000   -0.0398665
  -9.0800000   -0.0377665
  -9.0600000   -0.0346087
  -9.0400000   -0.0305597
  -9.0200000   -0.0258541
  -9.0000000   -0.0207752
  -8.9800000   -0.0156284
  -8.9600000   -0.0107113
  -8.9400000   -0.0062848
  -8.9200000   -0.0025486
  -8.9000000    0.0003753
  -8.8800000    0.0024485
  -8.8600000    0.0037114
  -8.8400000    0.0042696
  -8.8200000    0.0042722
  -8.8000000    0.0038881
  -8.7800000    0.0032817
  -8.7600000    0.0025925
  -8.7400000    0.0019218
  -8.7200000    0.0013245
  -8.7000000    0.0008097
  -8.6800000    0.0003449
  -8.6600000   -0.0001355
  -8.6400000   -0.0007216
  -8.6200000   -0.0015202
  -8.6000000   -0.0026497
  -8.5800000   -0.0042382
  -8.5600000   -0.0064245
  -8.5400000   -0.0093595
  -8.5200000   -0.0132083
  -8.5000000   -0.0181485
  -8.4800000   -0.0243640
  -8.4600000   -0.0320335
  -8.4400000   -0.0413110
  -8.4200000   -0.0523025
  -8.4000000   -0.0650381
  -8.3800000   -0.0794445
  -8.3600000   -0.0953226
  -8.3400000   -0.1123339
  -8.3200000   -0.1299995
  -8.3000000   -0.1477168
  -8.2800000   -0.1647914
  -8.2600000   -0.1804849
  -8.2400000   -0.1940734
  -8.2200000   -0.2049093
  -8.2000000   -0.2124798
  -8.1800000   -0.2164537
  -8.1600000   -0.2167094
  -8.1400000   -0.2133415
  -8.1200000   -0.2066436
  -8.1000000   -0.1970718
  -8.0800000   -0.1851940
  -8.0600000   -0.1716327
  -8.0400000   -0.1570106
  -8.0200000   -0.1419053
  -8.0000000   -0.1268197
  -7.9800000   -0.1121687
  -7.9600000   -0.0982820
  -7.9400000   -0.0854186
  -7.9200000   -0.0737872
  -7.9000000   -0.0635669
  -7.8800000   -0.0549213
  -7.8600000   -0.0480038
  -7.8400000   -0.0429511
  -7.8200000   -0.0398677
  -7.8000000   -0.0388032
  -7.7800000   -0.0397290
  -7.7600000   -0.0425172
  -7.7400000   -0.0469292
  -7.7200000   -0.0526159
  -7.7000000   -0.0591310
  -7.6800000   -0.0659581
  -7.6600000   -0.0725485
  -7.6400000   -0.0783654
  -7.6200000   -0.0829297
  -7.6000000   -0.0858622
  -7.5800000   -0.0869173
  -7.5600000   -0.0860030
  -7.5400000   -0.0831876
  -7.5200000   -0.0786887
  -7.5000000   -0.0728503
  -7.4800000   -0.0661065
  -7.4600000   -0.0589390
  -7.4400000   -0.0518324
  -7.4200000   -0.0452313
  -7.4000000   -0.0395048
  -7.3800000   -0.0349208
  -7.3600000   -0.0316334
  -7.3400000   -0.0296823
  -7.3200000   -0.0290054
  -7.3000000   -0.0294606
  -7.2800000   -0.0308549
  -7.2600000   -0.0329770
  -7.2400000   -0.0356287
  -7.2200000   -0.0386528
  -7.2000000   -0.0419528
  -7.1800000   -0.0455034
  -7.1600000   -0.0493491
  -7.1400000   -0.0535929
  -7.1200000   -0.0583741
  -7.1000000   -0.0638400
  -7.0800000   -0.0701130
  -7.0600000   -0.0772589
  -7.0400000   -0.0852600
  -7.0200000   -0.0939972
  -7.0000000   -0.1032446
  -6.9800000   -0.1126787
  -6.9600000   -0.1219012
  -6.9400000   -0.1304746
  -6.9200000   -0.1379667
  -6.9000000   -0.1439986
  -6.8800000   -0.1482913
  -6.8600000   -0.1507051
  -6.8400000   -0.1512661
  -6.8200000   -0.1501787
  -6.8000000   -0.1478214
  -6.7800000   -0.1447257
  -6.7600000   -0.1415430
  -6.7400000   -0.1389998
  -6.7200000   -0.1378465
  -6.7000000   -0.1388031
  -6.6800000   -0.1425044
  -6.6600000   -0.1494483
  -6.6400000   -0.1599478
  -6.6200000   -0.1740917
  -6.6000000   -0.1917138
  -6.5800000   -0.2123763
  -6.5600000   -0.2353703
  -6.5400000   -0.2597368
  -6.5200000   -0.2843101
  -6.5000000   -0.3077851
  -6.4800000   -0.3288046
  -6.4600000   -0.3460607
  -6.4400000   -0.3584016
  -6.4200000   -0.3649325
  -6.4000000   -0.3650978
  -6.3800000   -0.3587354
  -6.3600000   -0.3460938
  -6.3400000   -0.3278105
  -6.3200000   -0.3048520
  -6.3000000   -0.2784233
  -6.2800000   -0.2498579
  -6.2600000   -0.2204996
  -6.2400000   -0.1915925
  -6.2200000   -0.1641883
  -6.2000000   -0.1390814
  -6.1800000   -0.1167768
  -6.1600000   -0.0974899
  -6.1400000   -0.0811769
  -6.1200000   -0.0675869
  -6.1000000   -0.0563293
  -6.0800000   -0.0469459
  -6.0600000   -0.0389795
  -6.0400000   -0.0320309
  -6.0200000   -0.0257998
  -6.0000000   -0.0201060
  -5.9800000   -0.0148918
  -5.9600000   -0.0102063
  -5.9400000   -0.0061773
  -5.9200000   -0.0029740
  -5.9000000   -0.0007694
  -5.8800000    0.0002956
  -5.8600000    0.0001393
  -5.8400000   -0.0012450
  -5.8200000   -0.0037842
  -5.8000000   -0.0073330
  -5.7800000   -0.0116911
  -5.7600000   -0.0166255
  -5.7400000   -0.0218960
  -5.7200000   -0.0272789
  -5.7000000   -0.0325860
  -5.6800000   -0.0376773
  -5.6600000   -0.0424653
  -5.6400000   -0.0469126
  -5.6200000   -0.0510228
  -5.6000000   -0.0548273
  -5.5800000   -0.0583699
  -5.5600000   -0.0616920
  -5.5400000   -0.0648199
  -5.5200000   -0.0677554
  -5.5000000   -0.0704717
  -5.4800000   -0.0729135
  -5.4600000   -0.0750025
  -5.4400000   -0.0766463
  -5.4200000   -0.0777516
  -5.4000000   -0.0782384
  -5.3800000   -0.0780566
  -5.3600000   -0.0771999
  -5.3400000   -0.0757199
  -5.3200000   -0.0737335
  -5.3000000   -0.0714272
  -5.2800000   -0.0690519
  -5.2600000   -0.0669118
  -5.2400000   -0.0653440
  -5.2200000   -0.0646916
  -5.2000000   -0.0652720
  -5.1800000   -0.0673422
  -5.1600000   -0.0710662
  -5.1400000   -0.0764877
  -5.1200000   -0.0835111
  -5.1000000   -0.0918949
  -5.0800000   -0.1012578
  -5.0600000   -0.1110990
  -5.0400000   -0.1208310
  -5.0200000   -0.1298224
  -5.0000000   -0.1374472
  -4.9800000   -0.1431366
  -4.9600000   -0.1464278
  -4.9400000   -0.1470071
  -4.9200000   -0.1447407
  -4.9000000   -0.1396927
  -4.8800000   -0.1321256
  -4.8600000   -0.1224846
  -4.8400000   -0.1113644
  -4.8200000   -0.0994624
  -4.8000000   -0.0875223
  -4.7800000   -0.0762716
  -4.7600000   -0.0663618
  -4.7400000   -0.0583149
  -4.7200000   -0.0524839
  -4.7000000   -0.0490295
  -4.6800000   -0.0479161
  -4.6600000   -0.0489266
  -4.6400000   -0.0516921
  -4.6200000   -0.0557340
  -4.6000000   -0.0605115
  -4.5800000   -0.0654689
  -4.5600000   -0.0700784
  -4.5400000   -0.0738732
  -4.5200000   -0.0764705
  -4.5000000   -0.0775831
  -4.4800000   -0.0770206
  -4.4600000   -0.0746846
  -4.4400000   -0.0705587
  -4.4200000   -0.0646993
  -4.4000000   -0.0572261
  -4.3800000   -0.0483172
  -4.3600000   -0.0382062
  -4.3400000   -0.0271816
  -4.3200000   -0.0155847
  -4.3000000   -0.0038053
  -4.2800000    0.0077290
  -4.2600000    0.0185703
  -4.2400000    0.0282763
  -4.2200000    0.0364408
  -4.2000000    0.0427283
  -4.1800000    0.0469068
  -4.1600000    0.0488744
  -4.1400000    0.0486757
  -4.1200000    0.0465046
  -4.1000000    0.0426921
  -4.0800000    0.0376794
  -4.0600000    0.0319806
  -4.0400000    0.0261371
  -4.0200000    0.0206712
  -4.0000000    0.0160439
  -3.9800000    0.0126205
  -3.9600000    0.0106491
  -3.9400000    0.0102527
  -3.9200000    0.0114338
  -3.9000000    0.0140909
  -3.8800000    0.0180416
  -3.8600000    0.0230495
  -3.8400000    0.0288496
  -3.8200000    0.0351696
  -3.8000000    0.0417435
  -3.7800000    0.0483192
  -3.7600000    0.0546584
  -3.7400000    0.0605332
  -3.7200000    0.0657212
  -3.7000000    0.0700032
  -3.6800000    0.0731653
  -3.6600000    0.0750083
  -3.6400000    0.0753617
  -3.6200000    0.0741040
  -3.6000000    0.0711823
  -3.5800000    0.0666316
  -3.5600000    0.0605863
  -3.5400000    0.0532830
  -3.5200000    0.0450529
  -3.5000000    0.0363028
  -3.4800000    0.0274865
  -3.4600000    0.0190715
  -3.4400000    0.0115020
  -3.4200000    0.0051648
  -3.4000000    0.0003615
  -3.3800000   -0.0027115
  -3.3600000   -0.0039718
  -3.3400000   -0.0034495
  -3.3200000   -0.0012754
  -3.3000000    0.0023382
  -3.2800000    0.0071213
  -3.2600000    0.0127732
  -3.2400000    0.0189872
  -3.2200000    0.0254730
  -3.2000000    0.0319738
  -3.1800000    0.0382767
  -3.1600000    0.0442182
  -3.1400000    0.0496834
  -3.1200000    0.0546023
  -3.1000000    0.0589433
  -3.0800000    0.0627072
  -3.0600000    0.0659211
  -3.0400000    0.0686353
  -3.0200000    0.0709210
  -3.0000000    0.0728702
  -2.9800000    0.0745955
  -2.9600000    0.0762282
  -2.9400000    0.0779150
  -2.9200000    0.0798116
  -2.9000000    0.0820717
  -2.8800000    0.0848357
  -2.8600000    0.0882158
  -2.8400000    0.0922825
  -2.8200000    0.0970536
  -2.8000000    0.1024865
  -2.7800000    0.1084756
  -2.7600000    0.1148570
  -2.7400000    0.1214172
  -2.7200000    0.1279090
  -2.7000000    0.1340696
  -2.6800000    0.1396420
  -2.6600000    0.1443962
  -2.6400000    0.1481488
  -2.6200000    0.1507786
  -2.6000000    0.1522376
  -2.5800000    0.1525556
  -2.5600000    0.1518379
  -2.5400000    0.1502556
  -2.5200000    0.1480302
  -2.5000000    0.1454131
  -2.4800000    0.1426619
  -2.4600000    0.1400160
  -2.4400000    0.1376748
  -2.4200000    0.1357796
  -2.4000000    0.1344035
  -2.3800000    0.1335477
  -2.3600000    0.1331473
  -2.3400000    0.1330835
  -2.3200000    0.1332014
  -2.3000000    0.1333304
  -2.2800000    0.1333043
  -2.2600000    0.1329785
  -2.2400000    0.1322414
  -2.2200000    0.1310203
  -2.2000000    0.1292808
  -2.1800000    0.1270208
  -2.1600000    0.1242614
  -2.1400000    0.1210368
  -2.1200000    0.1173855
  -2.1000000    0.1133431
  -2.0800000    0.1089404
  -2.0600000    0.1042031
  -2.0400000    0.0991554
  -2.0200000    0.0938248
  -2.0000000    0.0882473
  -1.9800000    0.0824712
  -1.9600000    0.0765605
  -1.9400000    0.0705959
  -1.9200000    0.0646742
  -1.9000000    0.0589077
  -1.8800000    0.0534221
  -1.8600000    0.0483545
  -1.8400000    0.0438513
  -1.8200000    0.0400641
  -1.8000000    0.0371460
  -1.7800000    0.0352444
  -1.7600000    0.0344927
  -1.7400000    0.0350000
  -1.7200000    0.0368396
  -1.7000000    0.0400368
  -1.6800000    0.0445594
  -1.6600000    0.0503097
  -1.6400000    0.0571213
  -1.6200000    0.0647621
  -1.6000000    0.0729422
  -1.5800000    0.0813285
  -1.5600000    0.0895638
  -1.5400000    0.0972897
  -1.5200000    0.1041712
  -1.5000000    0.1099194
  -1.4800000    0.1143113
  -1.4600000    0.1172033
  -1.4400000    0.1185372
  -1.4200000    0.1183385
  -1.4000000    0.1167060
  -1.3800000    0.1137964
  -1.3600000    0.1098035
  -1.3400000    0.1049373
  -1.3200000    0.0994038
  -1.3000000    0.0933890
  -1.2800000    0.0870481
  -1.2600000    0.0805010
  -1.2400000    0.0738329
  -1.2200000    0.0671004
  -1.2000000    0.0603405
  -1.1800000    0.0535811
  -1.1600000    0.0468524
  -1.1400000    0.0401971
  -1.1200000    0.0336790
  -1.1000000    0.0273896
  -1.0800000    0.0214512
  -1.0600000    0.0160170
  -1.0400000    0.0112669
  -1.0200000    0.0073992
  -1.0000000    0.0046175
  -0.9800000    0.0031139
  -0.9600000    0.0030490
  -0.9400000    0.0045306
  -0.9200000    0.0075931
  -0.9000000    0.0121807
  -0.8800000    0.0181350
  -0.8600000    0.0251906
  -0.8400000    0.0329799
  -0.8200000    0.0410456
  -0.8000000    0.0488630
  -0.7800000    0.0558688
  -0.7600000    0.0614948
  -0.7400000    0.0652043
  -0.7200000    0.0665276
  -0.7000000    0.0650939
  -0.6800000    0.0606573
  -0.6600000    0.0531146
  -0.6400000    0.0425141
  -0.6200000    0.0290545
  -0.6000000    0.0130753
  -0.5800000   -0.0049608
  -0.5600000   -0.0244912
  -0.5400000   -0.0448806
  -0.5200000   -0.0654496
  -0.5000000   -0.0855044
  -0.4800000   -0.1043633
  -0.4600000   -0.1213819
  -0.4400000   -0.1359739
  -0.4200000   -0.1476273
  -0.4000000   -0.1559164
  -0.3800000   -0.1605082
  -0.3600000   -0.1611648
  -0.3400000   -0.1577412
  -0.3200000   -0.1501821
  -0.3000000   -0.1385177
  -0.2800000   -0.1228609
  -0.2600000   -0.1034091
  -0.2400000   -0.0804494
  -0.2200000   -0.0543680
  -0.2000000   -0.0256615
  -0.1800000    0.0050535
  -0.1600000    0.0370374
  -0.1400000    0.0694352
  -0.1200000    0.1013003
  -0.1000000    0.1316355
  -0.0800000    0.1594513
  -0.0600000    0.1838382
  -0.0400000    0.2040450
  -0.0200000    0.2195547
   0.0000000    0.2301472
   0.0200000    0.2359378
   0.0400000    0.2373841
   0.0600000    0.2352573
   0.0800000    0.2305768
   0.1000000    0.2245156
   0.1200000    0.2182845
   0.1400000    0.2130103
   0.1600000    0.2096215
   0.1800000    0.2087560
   0.2000000    0.2107029
   0.2200000    0.2153844
   0.2400000    0.2223803
   0.2600000    0.2309903
   0.2800000    0.2403256
   0.3000000    0.2494170
   0.3200000    0.2573262
   0.3400000    0.2632446
   0.3600000    0.2665710
   0.3800000    0.2669583
   0.4000000    0.2643283
   0.4200000    0.2588550
   0.4400000    0.2509224
   0.4600000    0.2410655
   0.4800000    0.2299019
   0.5000000    0.2180653
   0.5200000    0.2061446
   0.5400000    0.1946358
   0.5600000    0.1839081
   0.5800000    0.1741847
   0.6000000    0.1655360
   0.6200000    0.1578861
   0.6400000    0.1510270
   0.6600000    0.1446428
   0.6800000    0.1383393
   0.7000000    0.1316796
   0.7200000    0.1242240
   0.7400000    0.1155709
   0.7600000    0.1053967
   0.7800000    0.0934913
   0.8000000    0.0797835
   0.8200000    0.0643545
   0.8400000    0.0474353
   0.8600000    0.0293883
   0.8800000    0.0106743
   0.9000000   -0.0081913
   0.9200000   -0.0266871
   0.9400000   -0.0443330
   0.9600000   -0.0607271
   0.9800000   -0.0755700
   1.0000000   -0.0886705
   1.0200000   -0.0999345
   1.0400000   -0.1093391
   1.0600000   -0.1168986
   1.0800000   -0.1226281
   1.1000000   -0.1265131
   1.1200000   -0.1284903
   1.1400000   -0.1284431
   1.1600000   -0.1262134
   1.1800000   -0.1216263
   1.2000000   -0.1145241
   1.2200000   -0.1048042
   1.2400000   -0.0924540
   1.2600000   -0.0775779
   1.2800000   -0.0604134
   1.3000000   -0.0413332
   1.3200000   -0.0208338
   1.3400000    0.0004876
   1.3600000    0.0219663
   1.3800000    0.0429093
   1.4000000    0.0626371
   1.4200000    0.0805247
   1.4400000    0.0960390
   1.4600000    0.1087679
   1.4800000    0.1184417
   1.5000000    0.1249427
   1.5200000    0.1283036
   1.5400000    0.1286962
   1.5600000    0.1264097
   1.5800000    0.1218231
   1.6000000    0.1153736
   1.6200000    0.1075244
   1.6400000    0.0987347
   1.6600000    0.0894349
   1.6800000    0.0800069
   1.7000000    0.0707715
   1.7200000    0.0619819
   1.7400000    0.0538223
   1.7600000    0.0464096
   1.7800000    0.0397994
   1.8000000    0.0339921
   1.8200000    0.0289417
   1.8400000    0.0245650
   1.8600000    0.0207530
   1.8800000    0.0173831
   1.9000000    0.0143335
   1.9200000    0.0114968
   1.9400000    0.0087944
   1.9600000    0.0061866
   1.9800000    0.0036794
   2.0000000    0.0013241
   2.0200000   -0.0007905
   2.0400000   -0.0025536
   2.0600000   -0.0038545
   2.0800000   -0.0046093
   2.1000000   -0.0047889
   2.1200000   -0.0044439
   2.1400000   -0.0037244
   2.1600000   -0.0028891
   2.1800000   -0.0023032
   2.2000000   -0.0024240
   2.2200000   -0.0037739
   2.2400000   -0.0069029
   2.2600000   -0.0123435
   2.2800000   -0.0205610
   2.3000000   -0.0319033
   2.3200000   -0.0465539
   2.3400000   -0.0644931
   2.3600000   -0.0854711
   2.3800000   -0.1089965
   2.4000000   -0.1343437
   2.4200000   -0.1605813
   2.4400000   -0.1866208
   2.4600000   -0.2112840
   2.4800000   -0.2333840
   2.5000000   -0.2518138
   2.5200000   -0.2656321
   2.5400000   -0.2741392
   2.5600000   -0.2769325
   2.5800000   -0.2739361
   2.6000000   -0.2654014
   2.6200000   -0.2518780
   2.6400000   -0.2341594
   2.6600000   -0.2132114
   2.6800000   -0.1900911
   2.7000000   -0.1658668
   2.7200000   -0.1415463
   2.7400000   -0.1180210
   2.7600000   -0.0960282
   2.7800000   -0.0761331
   2.8000000   -0.0587268
   2.8200000   -0.0440382
   2.8400000   -0.0321549
   2.8600000   -0.0230477
   2.8800000   -0.0165954
   2.9000000   -0.0126091
   2.9200000   -0.0108517
   2.9400000   -0.0110555
   2.9600000   -0.0129359
   2.9800000   -0.0162043
   3.0000000   -0.0205787
   3.0200000   -0.0257944
   3.0400000   -0.0316143
   3.0600000   -0.0378385
   3.0800000   -0.0443149
   3.1000000   -0.0509487
   3.1200000   -0.0577126
   3.1400000   -0.0646576
   3.1600000   -0.0719217
   3.1800000   -0.0797385
   3.2000000   -0.0884396
   3.2200000   -0.0984515
   3.2400000   -0.1102803
   3.2600000   -0.1244834
   3.2800000   -0.1416239
   3.3000000   -0.1622105
   3.3200000   -0.1866233
   3.3400000   -0.2150342
   3.3600000   -0.2473303
   3.3800000   -0.2830528
   3.4000000   -0.3213629
   3.4200000   -0.3610454
   3.4400000   -0.4005566
   3.4600000   -0.4381165
   3.4800000   -0.4718402
   3.5000000   -0.4998946
   3.5200000   -0.5206634
   3.5400000   -0.5328995
   3.5600000   -0.5358453
   3.5800000   -0.5293042
   3.6000000   -0.5136539
   3.6200000   -0.4898012
   3.6400000   -0.4590841
   3.6600000   -0.4231365
   3.6800000   -0.3837342
   3.7000000   -0.3426423
   3.7200000   -0.3014821
   3.7400000   -0.2616321
   3.7600000   -0.2241702
   3.7800000   -0.1898568
   3.8000000   -0.1591549
   3.8200000   -0.1322774
   3.8400000   -0.1092480
   3.8600000   -0.0899666
   3.8800000   -0.0742666
   3.9000000   -0.0619589
   3.9200000   -0.0528587
   3.9400000   -0.0467951
   3.9600000   -0.0436057
   3.9800000   -0.0431221
   4.0000000   -0.0451508
   4.0200000   -0.0494541
   4.0400000   -0.0557371
   4.0600000   -0.0636411
   4.0800000   -0.0727483
   4.1000000   -0.0825940
   4.1200000   -0.0926882
   4.1400000   -0.1025421
   4.1600000   -0.1116966
   4.1800000   -0.1197502
   4.2000000   -0.1263826
   4.2200000   -0.1313714
   4.2400000   -0.1345995
   4.2600000   -0.1360542
   4.2800000   -0.1358173
   4.3000000   -0.1340484
   4.3200000   -0.1309641
   4.3400000   -0.1268153
   4.3600000   -0.1218663
   4.3800000   -0.1163771
   4.4000000   -0.1105913
   4.4200000   -0.1047295
   4.4400000   -0.0989880
   4.4600000   -0.0935419
   4.4800000   -0.0885495
   4.5000000   -0.0841579
   4.5200000   -0.0805054
   4.5400000   -0.0777211
   4.5600000   -0.0759195
   4.5800000   -0.0751915
   4.6000000   -0.0755912
   4.6200000   -0.0771227
   4.6400000   -0.0797268
   4.6600000   -0.0832733
   4.6800000   -0.0875589
   4.7000000   -0.0923150
   4.7200000   -0.0972234
   4.7400000   -0.1019420
   4.7600000   -0.1061355
   4.7800000   -0.1095108
   4.8000000   -0.1118491
   4.8200000   -0.1130344
   4.8400000   -0.1130711
   4.8600000   -0.1120907
   4.8800000   -0.1103444
   4.9000000   -0.1081842
   4.9200000   -0.1060329
   4.9400000   -0.1043470
   4.9600000   -0.1035772
   4.9800000   -0.1041281
   5.0000000   -0.1063239
   5.0200000   -0.1103801
   5.0400000   -0.1163840
   5.0600000   -0.1242866
   5.0800000   -0.1339043
   5.1000000   -0.1449313
   5.1200000   -0.1569626
   5.1400000   -0.1695250
   5.1600000   -0.1821163
   5.1800000   -0.1942473
   5.2000000   -0.2054867
   5.2200000   -0.2155018
   5.2400000   -0.2240928
   5.2600000   -0.2312161
   5.2800000   -0.2369930
   5.3000000   -0.2417019
   5.3200000   -0.2457539
   5.3400000   -0.2496525
   5.3600000   -0.2539419
   5.3800000   -0.2591472
   5.4000000   -0.2657144
   5.4200000   -0.2739542
   5.4400000   -0.2839976
   5.4600000   -0.2957677
   5.4800000   -0.3089712
   5.5000000   -0.3231108
   5.5200000   -0.3375194
   5.5400000   -0.3514120
   5.5600000   -0.3639511
   5.5800000   -0.3743200
   5.6000000   -0.3817950
   5.6200000   -0.3858110
   5.6400000   -0.3860121
   5.6600000   -0.3822829
   5.6800000   -0.3747562
   5.7000000   -0.3637975
   5.7200000   -0.3499678
   5.7400000   -0.3339694
   5.7600000   -0.3165815
   5.7800000   -0.2985925
   5.8000000   -0.2807376
   5.8200000   -0.2636472
   5.8400000   -0.2478106
   5.8600000   -0.2335583
   5.8800000   -0.2210617
   5.9000000   -0.2103466
   5.9200000   -0.2013188
   5.9400000   -0.1937936
   5.9600000   -0.1875270
   5.9800000   -0.1822431
   6.0000000   -0.1776564
   6.0200000   -0.1734882
   6.0400000   -0.1694798
   6.0600000   -0.1654021
   6.0800000   -0.1610671
   6.1000000   -0.1563415
   6.1200000   -0.1511622
   6.1400000   -0.1455542
   6.1600000   -0.1396473
   6.1800000   -0.1336868
   6.2000000   -0.1280360
   6.2200000   -0.1231658
   6.2400000   -0.1196299
   6.2600000   -0.1180262
   6.2800000   -0.1189469
   6.3000000   -0.1229206
   6.3200000   -0.1303541
   6.3400000   -0.1414777
   6.3600000   -0.1563024
   6.3800000   -0.1745931
   6.4000000   -0.1958603
   6.4200000   -0.2193744
   6.4400000   -0.2442005
   6.4600000   -0.2692519
   6.4800000   -0.2933594
   6.5000000   -0.3153491
   6.5200000   -0.3341237
   6.5400000   -0.3487390
   6.5600000   -0.3584690
   6.5800000   -0.3628534
   6.6000000   -0.3617232
   6.6200000   -0.3552014
   6.6400000   -0.3436803
   6.6600000   -0.3277784
   6.6800000   -0.3082817
   6.7000000   -0.2860768
   6.7200000   -0.2620832
   6.7400000   -0.2371908
   6.7600000   -0.2122089
   6.7800000   -0.1878287
   6.8000000   -0.1646013
   6.8200000   -0.1429284
   6.8400000   -0.1230657
   6.8600000   -0.1051333
   6.8800000   -0.0891305
   6.9000000   -0.0749535
   6.9200000   -0.0624125
   6.9400000   -0.0512485
   6.9600000   -0.0411499
   6.9800000   -0.0317691
   7.0000000   -0.0227405
   7.0200000   -0.0137003
   7.0400000   -0.0043084
   7.0600000    0.0057290
   7.0800000    0.0166359
   7.1000000    0.0285461
   7.1200000    0.0414869
   7.1400000    0.0553699
   7.1600000    0.0699916
   7.1800000    0.0850454
   7.2000000    0.1001443
   7.2200000    0.1148557
   7.2400000    0.1287426
   7.2600000    0.1414105
   7.2800000    0.1525513
   7.3000000    0.1619810
   7.3200000    0.1696638
   7.3400000    0.1757180
   7.3600000    0.1804031
   7.3800000    0.1840849
   7.4000000    0.1871851
   7.4200000    0.1901201
   7.4400000    0.1932361
   7.4600000    0.1967520
   7.4800000    0.2007172
   7.5000000    0.2049921
   7.5200000    0.2092550
   7.5400000    0.2130348
   7.5600000    0.2157666
   7.5800000    0.2168614
   7.6000000    0.2157814
   7.6200000    0.2121093
   7.6400000    0.2056032
   7.6600000    0.1962288
   7.6800000    0.1841674
   7.7000000    0.1697982
   7.7200000    0.1536610
   7.7400000    0.1364046
   7.7600000    0.1187308
   7.7800000    0.1013406
   7.8000000    0.0848909
   7.8200000    0.0699647
   7.8400000    0.0570580
   7.8600000    0.0465811
   7.8800000    0.0388710
   7.9000000    0.0342107
   7.9200000    0.0328489
   7.9400000    0.0350160
   7.9600000    0.0409302
   7.9800000    0.0507924
   8.0000000    0.0647687
   8.0200000    0.0829603
   8.0400000    0.1053640
   8.0600000    0.1318281
   8.0800000    0.1620093
   8.1000000    0.1953365
   8.1200000    0.2309897
   8.1400000    0.2678990
   8.1600000    0.3047695
   8.1800000    0.3401338
   8.2000000    0.3724313
   8.2200000    0.4001096
   8.2400000    0.4217404
   8.2600000    0.4361373
   8.2800000    0.4424646
   8.3000000    0.4403218
   8.3200000    0.4297938
   8.3400000    0.4114586
   8.3600000    0.3863495
   8.3800000    0.3558746
   8.4000000    0.3217013
   8.4200000    0.2856194
   8.4400000    0.2493973
   8.4600000    0.2146474
   8.4800000    0.1827157
   8.5000000    0.1546068
   8.5200000    0.1309489
   8.5400000    0.1120008
   8.5600000    0.0976954
   8.5800000    0.0877102
   8.6000000    0.0815529
   8.6200000    0.0786487
   8.6400000    0.0784189
   8.6600000    0.0803394
   8.6800000    0.0839757
   8.7000000    0.0889929
   8.7200000    0.0951440
   8.7400000    0.1022438
   8.7600000    0.1101360
   8.7800000    0.1186634
   8.8000000    0.1276468
   8.8200000    0.1368796
   8.8400000    0.1461364
   8.8600000    0.1551956
   8.8800000    0.1638695
   8.9000000    0.1720349
   8.9200000    0.1796575
   8.9400000    0.1868031
   8.9600000    0.1936328
   8.9800000    0.2003812
   9.0000000    0.2073212
   9.0200000    0.2147200
   9.0400000    0.2227933
   9.0600000    0.2316660
   9.0800000    0.2413430
   9.1000000    0.2516925
   9.1200000    0.2624428
   9.1400000    0.2731860
   9.1600000    0.2833849
   9.1800000    0.2923754
   9.2000000    0.2993616
   9.2200000    0.3034038
   9.2400000    0.3034036
   9.2600000    0.2980976
   9.2800000    0.2860733
   9.3000000    0.2658215
   9.3200000    0.2358356
   9.3400000    0.1947627
   9.3600000    0.1415979
   9.3800000    0.0759038
   9.4000000   -0.0019738
   9.4200000   -0.0907328
   9.4400000   -0.1880190
   9.4600000   -0.2904407
   9.4800000   -0.3937101
   9.5000000   -0.4929120
   9.5200000   -0.5828769
   9.5400000   -0.6586208
   9.5600000   -0.7157974
   9.5800000   -0.7511057
   9.6000000   -0.7626007
   9.6200000   -0.7498678
   9.6400000   -0.7140412
   9.6600000   -0.6576691
   9.6800000   -0.5844494
   9.7000000   -0.4988749
   9.7200000   -0.4058346
   9.7400000   -0.3102198
   9.7600000   -0.2165758
   9.7800000   -0.1288264
   9.8000000   -0.0500893
   9.8200000    0.0174180
   9.8400000    0.0723896
   9.8600000    0.1143761
   9.8800000    0.1436810
   9.9000000    0.1612284
   9.9200000    0.1684151
   9.9400000    0.1669627
   9.9600000    0.1587742
   9.9800000    0.1458048
  10.0000000    0.1299470
  10.0200000    0.1129351
  10.0400000    0.0962697
  10.0600000    0.0811643
  10.0800000    0.0685148
  10.1000000    0.0588903
  10.1200000    0.0525472
  10.1400000    0.0494593
  10.1600000    0.0493650
  10.1800000    0.0518220
  10.2000000    0.0562688
  10.2200000    0.0620841
  10.2400000    0.0686429
  10.2600000    0.0753638
  10.2800000    0.0817474
  10.3000000    0.0874030
  10.3200000    0.0920661
  10.3400000    0.0956055
  10.3600000    0.0980224
  10.3800000    0.0994424
  10.4000000    0.1001005
  10.4200000    0.1003212
  10.4400000    0.1004932
  10.4600000    0.1010389
  10.4800000    0.1023816
  10.5000000    0.1049092
  10.5200000    0.1089395
  10.5400000    0.1146871
  10.5600000    0.1222376
  10.5800000    0.1315299
  10.6000000    0.1423514
  10.6200000    0.1543450
  10.6400000    0.1670320
  10.6600000    0.1798456
  10.6800000    0.1921760
  10.7000000    0.2034208
  10.7200000    0.2130372
  10.7400000    0.2205892
  10.7600000    0.2257870
  10.7800000    0.2285117
  10.8000000    0.2288250
  10.8200000    0.2269600
  10.8400000    0.2232962
  10.8600000    0.2183200
  10.8800000    0.2125743
  10.9000000    0.2066041
  10.9200000    0.2009018
  10.9400000    0.1958595
  10.9600000    0.1917324
  10.9800000    0.1886165
  11.0000000    0.1864444
  11.0200000    0.1849973
  11.0400000    0.1839333
  11.0600000    0.1828282
  11.0800000    0.1812241
  11.1000000    0.1786815
  11.1200000    0.1748278
  11.1400000    0.1693993
  11.1600000    0.1622703
  11.1800000    0.1534683
  11.2000000    0.1431726
  11.2200000    0.1316984
  11.2400000    0.1194677
  11.2600000    0.1069709
  11.2800000    0.0947239
  11.3000000    0.0832246
  11.3200000    0.0729134
  11.3400000    0.0641427
  11.3600000    0.0571559
  11.3800000    0.0520782
  11.4000000    0.0489201
  11.4200000    0.0475903
  11.4400000    0.0479175
  11.4600000    0.0496778
  11.4800000    0.0526243
  11.5000000    0.0565150
  11.5200000    0.0611381
  11.5400000    0.0663290
  11.5600000    0.0719796
  11.5800000    0.0780387
  11.6000000    0.0845017
  11.6200000    0.0913934
  11.6400000    0.0987447
  11.6600000    0.1065670
  11.6800000    0.1148266
  11.7000000    0.1234254
  11.7200000    0.1321877
  11.7400000    0.1408584
  11.7600000    0.1491106
  11.7800000    0.1565650
  11.8000000    0.1628155
  11.8200000    0.1674613
  11.8400000    0.1701389
  11.8600000    0.1705510
  11.8800000    0.1684894
  11.9000000    0.1638486
  11.9200000    0.1566292
  11.9400000    0.1469323
  11.9600000    0.1349453
  11.9800000    0.1209241
  12.0000000    0.1051726
  12.0200000    0.0880248
  12.0400000    0.0698306
  12.0600000    0.0509481
  12.0800000    0.0317414
  12.1000000    0.0125827
  12.1200000   -0.0061433
  12.1400000   -0.0240364
  12.1600000   -0.0406823
  12.1800000   -0.0556603
  12.2000000   -0.0685594
  12.2200000   -0.0790010
  12.2400000   -0.0866660
  12.2600000   -0.0913233
  12.2800000   -0.0928545
  12.3000000   -0.0912713
  12.3200000   -0.0867217
  12.3400000   -0.0794847
  12.3600000   -0.0699522
  12.3800000   -0.0586027
  12.4000000   -0.0459675
  12.4200000   -0.0325968
  12.4400000   -0.0190265
  12.4600000   -0.0057520
  12.4800000    0.0067921
  12.5000000    0.0182439
  12.5200000    0.0283189
  12.5400000    0.0368098
  12.5600000    0.0435824
  12.5800000    0.0485694
  12.6000000    0.0517644
  12.6200000    0.0532151
  12.6400000    0.0530170
  12.6600000    0.0513077
  12.6800000    0.0482604
  12.7000000    0.0440774
  12.7200000    0.0389835
  12.7400000    0.0332188
  12.7600000    0.0270321
  12.7800000    0.0206750
  12.8000000    0.0143957
  12.8200000    0.0084341
  12.8400000    0.0030170
  12.8600000   -0.0016468
  12.8800000   -0.0053717
  12.9000000   -0.0080008
  12.9200000   -0.0094117
  12.9400000   -0.0095222
  12.9600000   -0.0082953
  12.9800000   -0.0057433
  13.0000000   -0.0019296
  13.0200000    0.0030323
  13.0400000    0.0089823
  13.0600000    0.0157220
  13.0800000    0.0230255
  13.1000000    0.0306549
  13.1200000    0.0383794
  13.1400000    0.0459956
  13.1600000    0.0533504
  13.1800000    0.0603611
  13.2000000    0.0670325
  13.2200000    0.0734664
  13.2400000    0.0798616
  13.2600000    0.0865017
  13.2800000    0.0937302
  13.3000000    0.1019131
  13.3200000    0.1113928
  13.3400000    0.1224365
  13.3600000    0.1351876
  13.3800000    0.1496243
  13.4000000    0.1655348
  13.4200000    0.1825129
  13.4400000    0.1999777
  13.4600000    0.2172165
  13.4800000    0.2334475
  13.5000000    0.2478954
  13.5200000    0.2598697
  13.5400000    0.2688362
  13.5600000    0.2744703
  13.5800000    0.2766867
  13.6000000    0.2756393
  13.6200000    0.2716927
  13.6400000    0.2653707
  13.6600000    0.2572876
  13.6800000    0.2480763
  13.7000000    0.2383202
  13.7200000    0.2285016
  13.7400000    0.2189705
  13.7600000    0.2099372
  13.7800000    0.2014878
  13.8000000    0.1936154
  13.8200000    0.1862603
  13.8400000    0.1793508
  13.8600000    0.1728353
  13.8800000    0.1667012
  13.9000000    0.1609761
  13.9200000    0.1557142
  13.9400000    0.1509692
  13.9600000    0.1467621
  13.9800000    0.1430506
  14.0000000    0.1397072
  14.0200000    0.1365122
  14.0400000    0.1331649
  14.0600000    0.1293125
  14.0800000    0.1245935
  14.1000000    0.1186898
  14.1200000    0.1113776
  14.1400000    0.1025711
  14.1600000    0.0923484
  14.1800000    0.0809560
  14.2000000    0.0687899
  14.2200000    0.0563543
  14.2400000    0.0442038
  14.2600000    0.0328774
  14.2800000    0.0228345
  14.3000000    0.0144004
  14.3200000    0.0077317
  14.3400000    0.0028036
  14.3600000   -0.0005780
  14.3800000   -0.0027435
  14.4000000   -0.0041102
  14.4200000   -0.0051259
  14.4400000   -0.0062124
  14.4600000   -0.0077165
  14.4800000   -0.0098768
  14.5000000   -0.0128054
  14.5200000   -0.0164896
  14.5400000   -0.0208075
  14.5600000   -0.0255567
  14.5800000   -0.0304881
  14.6000000   -0.0353422
  14.6200000   -0.0398804
  14.6400000   -0.0439102
  14.6600000   -0.0473002
  14.6800000   -0.0499860
  14.7000000   -0.0519668
  14.7200000   -0.0532957
  14.7400000   -0.0540648
  14.7600000   -0.0543886
  14.7800000   -0.0543873
  14.8000000   -0.0541721
  14.8200000   -0.0538342
  14.8400000   -0.0534380
  14.8600000   -0.0530188
  14.8800000   -0.0525858
  14.9000000   -0.0521286
  14.9200000   -0.0516272
  14.9400000   -0.0510643
  14.9600000   -0.0504364
  14.9800000   -0.0497636
  15.0000000   -0.0490957
  15.0200000   -0.0485125
  15.0400000   -0.0481188
  15.0600000   -0.0480334
  15.0800000   -0.0483743
  15.1000000   -0.0492414
  15.1200000   -0.0507000
  15.1400000   -0.0527671
  15.1600000   -0.0554039
  15.1800000   -0.0585148
  15.2000000   -0.0619545
  15.2200000   -0.0655408
  15.2400000   -0.0690723
  15.2600000   -0.0723472
  15.2800000   -0.0751797
  15.3000000   -0.0774130
  15.3200000   -0.0789239
  15.3400000   -0.0796218
  15.3600000   -0.0794409
  15.3800000   -0.0783286
  15.4000000   -0.0762345
  15.4200000   -0.0731020
  15.4400000   -0.0688663
  15.4600000   -0.0634614
  15.4800000   -0.0568334
  15.5000000   -0.0489613
  15.5200000   -0.0398788
  15.5400000   -0.0296945
  15.5600000   -0.0186039
  15.5800000   -0.0068926
  15.6000000    0.0050753
  15.6200000    0.0168787
  15.6400000    0.0280723
  15.6600000    0.0382233
  15.6800000    0.0469485
  15.7000000    0.0539456
  15.7200000    0.0590140
  15.7400000    0.0620635
  15.7600000    0.0631098
  15.7800000    0.0622581
  15.8000000    0.0596791
  15.8200000    0.0555810
  15.8400000    0.0501824
  15.8600000    0.0436895
  15.8800000    0.0362814
  15.9000000    0.0281029
  15.9200000    0.0192661
  15.9400000    0.0098573
  15.9600000   -0.0000512
  15.9800000   -0.0103896
  16.0000000   -0.0210809
  16.0200000   -0.0320334
  16.0400000   -0.0431385
  16.0600000   -0.0542707
  16.0800000   -0.0652897
  16.1000000   -0.0760418
  16.1200000   -0.0863591
  16.1400000   -0.0960549
  16.1600000   -0.1049163
  16.1800000   -0.1126947
  16.2000000   -0.1190983
  16.2200000   -0.1237899
  16.2400000   -0.1263944
  16.2600000   -0.1265183
  16.2800000   -0.1237831
  16.3000000   -0.1178699
  16.3200000   -0.1085707
  16.3400000   -0.0958405
  16.3600000   -0.0798391
  16.3800000   -0.0609577
  16.4000000   -0.0398197
  16.4200000   -0.0172558
  16.4400000    0.0057492
  16.4600000    0.0281310
  16.4800000    0.0488341
  16.5000000    0.0669032
  16.5200000    0.0815651
  16.5400000    0.0922908
  16.5600000    0.0988314
  16.5800000    0.1012227
  16.6000000    0.0997608
  16.6200000    0.0949525
  16.6400000    0.0874496
  16.6600000    0.0779751
  16.6800000    0.0672525
  16.7000000    0.0559447
  16.7200000    0.0446088
  16.7400000    0.0336701
  16.7600000    0.0234147
  16.7800000    0.0139985
  16.8000000    0.0054683
  16.8200000   -0.0022090
  16.8400000   -0.0091149
  16.8600000   -0.0153500
  16.8800000   -0.0210086
  16.9000000   -0.0261613
  16.9200000   -0.0308448
  16.9400000   -0.0350593
  16.9600000   -0.0387719
  16.9800000   -0.0419249
  17.0000000   -0.0444460
  17.0200000   -0.0462602
  17.0400000   -0.0473006
  17.0600000   -0.0475170
  17.0800000   -0.0468835
  17.1000000   -0.0454027
  17.1200000   -0.0431082
  17.1400000   -0.0400658
  17.1600000   -0.0363728
  17.1800000   -0.0321559
  17.2000000   -0.0275683
  17.2200000   -0.0227847
  17.2400000   -0.0179951
  17.2600000   -0.0133959
  17.2800000   -0.0091793
  17.3000000   -0.0055220
  17.3200000   -0.0025733
  17.3400000   -0.0004440
  17.3600000    0.0008021
  17.3800000    0.0011528
  17.4000000    0.0006479
  17.4200000   -0.0006250
  17.4400000   -0.0025391
  17.4600000   -0.0049410
  17.4800000   -0.0076646
  17.5000000   -0.0105463
  17.5200000   -0.0134392
  17.5400000   -0.0162247
  17.5600000   -0.0188213
  17.5800000   -0.0211891
  17.6000000   -0.0233304
  17.6200000   -0.0252852
  17.6400000   -0.0271236
  17.6600000   -0.0289347
  17.6800000   -0.0308134
  17.7000000   -0.0328462
  17.7200000   -0.0350988
  17.7400000   -0.0376054
  17.7600000   -0.0403623
  17.7800000   -0.0433274
  17.8000000   -0.0464239
  17.8200000   -0.0495508
  17.8400000   -0.0525962
  17.8600000   -0.0554532
  17.8800000   -0.0580351
  17.9000000   -0.0602878
  17.9200000   -0.0621965
  17.9400000   -0.0637858
  17.9600000   -0.0651124
  17.9800000   -0.0662510
  18.0000000   -0.0672760
  18.0200000   -0.0682416
  18.0400000   -0.0691628
  18.0600000   -0.0700023
  18.0800000   -0.0706647
  18.1000000   -0.0709997
  18.1200000   -0.0708144
  18.1400000   -0.0698950
  18.1600000   -0.0680325
  18.1800000   -0.0650522
  18.2000000   -0.0608410
  18.2200000   -0.0553700
  18.2400000   -0.0487088
  18.2600000   -0.0410307
  18.2800000   -0.0326070
  18.3000000   -0.0237913
  18.3200000   -0.0149966
  18.3400000   -0.0066670
  18.3600000    0.0007515
  18.3800000    0.0068394
  18.4000000    0.0112263
  18.4200000    0.0136079
  18.4400000    0.0137545
  18.4600000    0.0115131
  18.4800000    0.0068032
  18.5000000   -0.0003905
  18.5200000   -0.0100272
  18.5400000   -0.0220173
  18.5600000   -0.0362282
  18.5800000   -0.0524862
  18.6000000   -0.0705765
  18.6200000   -0.0902413
  18.6400000   -0.1111787
  18.6600000   -0.1330426
  18.6800000   -0.1554464
  18.7000000   -0.1779702
  18.7200000   -0.2001715
  18.7400000   -0.2215993
  18.7600000   -0.2418097
  18.7800000   -0.2603822
  18.8000000   -0.2769361
  18.8200000   -0.2911452
  18.8400000   -0.3027511
  18.8600000   -0.3115738
  18.8800000   -0.3175195
  18.9000000   -0.3205855
  18.9200000   -0.3208600
  18.9400000   -0.3185180
  18.9600000   -0.3138112
  18.9800000   -0.3070538
  19.0000000   -0.2986024
  19.0200000   -0.2888345
  19.0400000   -0.2781247
  19.0600000   -0.2668228
  19.0800000   -0.2552350
  19.1000000   -0.2436108
  19.1200000   -0.2321359
  19.1400000   -0.2209323
  19.1600000   -0.2100641
  19.1800000   -0.1995490
  19.2000000   -0.1893721
  19.2200000   -0.1795012
  19.2400000   -0.1699018
  19.2600000   -0.1605490
  19.2800000   -0.1514362
  19.3000000   -0.1425794
  19.3200000   -0.1340167
  19.3400000   -0.1258042
  19.3600000   -0.1180085
  19.3800000   -0.1106966
  19.4000000   -0.1039258
  19.4200000   -0.0977339
  19.4400000   -0.0921316
  19.4600000   -0.0870976
  19.4800000   -0.0825783
  19.5000000   -0.0784899
  19.5200000   -0.0747254
  19.5400000   -0.0711627
  19.5600000   -0.0676750
  19.5800000   -0.0641413
  19.6000000   -0.0604552
  19.6200000   -0.0565323
  19.6400000   -0.0523147
  19.6600000   -0.0477731
  19.6800000   -0.0429057
  19.7000000   -0.0377354
  19.7200000   -0.0323056
  19.7400000   -0.0266740
  19.7600000   -0.0209075
  19.7800000   -0.0150757
  19.8000000   -0.0092460
  19.8200000   -0.0034786
  19.8400000    0.0021772
  19.8600000    0.0076849
  19.8800000    0.0130216
  19.9000000    0.0181776
  19.9200000    0.0231526
  19.9400000    0.0279519
  19.9600000    0.0325810
  19.9800000    0.0370392
  20.0000000    0.0413146
  20.0200000    0.0453797
  20.0400000    0.0491897
  20.0600000    0.0526826
  20.0800000    0.0557830
  20.1000000    0.0584072
  20.1200000    0.0604706
  20.1400000    0.0618954
  20.1600000    0.0626176
  20.1800000    0.0625928
  20.2000000    0.0617992
  20.2200000    0.0602379
  20.2400000    0.0579309
  20.2600000    0.0549166
  20.2800000    0.0512440
  20.3000000    0.0469677
  20.3200000    0.0421426
  20.3400000    0.0368219
  20.3600000    0.0310562
  20.3800000    0.0248962
  20.4000000    0.0183966
  20.4200000    0.0116206
  20.4400000    0.0046449
  20.4600000   -0.0024381
  20.4800000   -0.0095200
  20.5000000   -0.0164798
  20.5200000   -0.0231907
  20.5400000   -0.0295295
  20.5600000   -0.0353876
  20.5800000   -0.0406814
  20.6000000   -0.0453616
  20.6200000   -0.0494191
  20.6400000   -0.0528873
  20.6600000   -0.0558408
  20.6800000   -0.0583905
  20.7000000   -0.0606777
  20.7200000   -0.0628678
  20.7400000   -0.0651450
  20.7600000   -0.0677101
  20.7800000   -0.0707808
  20.8000000   -0.0745940
  20.8200000   -0.0794094
  20.8400000   -0.0855104
  20.8600000   -0.0932013
  20.8800000   -0.1027971
  20.9000000   -0.1146035
  20.9200000   -0.1288869
  20.9400000   -0.1458347
  20.9600000   -0.1655091
  20.9800000   -0.1877981
  21.0000000   -0.2123722
  21.0200000   -0.2386520
  21.0400000   -0.2657970
  21.0600000   -0.2927189
  21.0800000   -0.3181263
  21.1000000   -0.3405979
  21.1200000   -0.3586814
  21.1400000   -0.3710100
  21.1600000   -0.3764215
  21.1800000   -0.3740691
  21.2000000   -0.3635074
  21.2200000   -0.3447435
  21.2400000   -0.3182448
  21.2600000   -0.2849041
  21.2800000   -0.2459641
  21.3000000   -0.2029147
  21.3200000   -0.1573745
  21.3400000   -0.1109722
  21.3600000   -0.0652431
  21.3800000   -0.0215479
  21.4000000    0.0189775
  21.4200000    0.0554445
  21.4400000    0.0872083
  21.4600000    0.1138487
  21.4800000    0.1351415
  21.5000000    0.1510297
  21.5200000    0.1616000
  21.5400000    0.1670653
  21.5600000    0.1677539
  21.5800000    0.1641017
  21.6000000    0.1566435
  21.6200000    0.1459995
  21.6400000    0.1328547
  21.6600000    0.1179316
  21.6800000    0.1019570
  21.7000000    0.0856265
  21.7200000    0.0695716
  21.7400000    0.0543316
  21.7600000    0.0403350
  21.7800000    0.0278908
  21.8000000    0.0171899
  21.8200000    0.0083159
  21.8400000    0.0012610
  21.8600000   -0.0040533
  21.8800000   -0.0077553
  21.9000000   -0.0100044
  21.9200000   -0.0109742
  21.9400000   -0.0108407
  21.9600000   -0.0097745
  21.9800000   -0.0079365
  22.0000000   -0.0054763
  22.0200000   -0.0025337
  22.0400000    0.0007602
  22.0600000    0.0042810
  22.0800000    0.0079100
  22.1000000    0.0115346
  22.1200000    0.0150499
  22.1400000    0.0183620
  22.1600000    0.0213919
  22.1800000    0.0240800
  22.2000000    0.0263899
  22.2200000    0.0283105
  22.2400000    0.0298565
  22.2600000    0.0310655
  22.2800000    0.0319932
  22.3000000    0.0327058
  22.3200000    0.0332710
  22.3400000    0.0337487
  22.3600000    0.0341831
  22.3800000    0.0345968
  22.4000000    0.0349882
  22.4200000    0.0353334
  22.4400000    0.0355916
  22.4600000    0.0357135
  22.4800000    0.0356528
  22.5000000    0.0353771
  22.5200000    0.0348779
  22.5400000    0.0341781
  22.5600000    0.0333354
  22.5800000    0.0324409
  22.6000000    0.0316143
  22.6200000    0.0309953
  22.6400000    0.0307335
  22.6600000    0.0309771
  22.6800000    0.0318634
  22.7000000    0.0335099
  22.7200000    0.0360083
  22.7400000    0.0394186
  22.7600000    0.0437657
  22.7800000    0.0490338
  22.8000000    0.0551622
  22.8200000    0.0620393
  22.8400000    0.0694984
  22.8600000    0.0773145
  22.8800000    0.0852078
  22.9000000    0.0928515
  22.9200000    0.0998891
  22.9400000    0.1059587
  22.9600000    0.1107225
  22.9800000    0.1138998
  23.0000000    0.1152965
  23.0200000    0.1148281
  23.0400000    0.1125305
  23.0600000    0.1085570
  23.0800000    0.1031597
  23.1000000    0.0966586
  23.1200000    0.0894025
  23.1400000    0.0817268
  23.1600000    0.0739160
  23.1800000    0.0661764
  23.2000000    0.0586214
  23.2200000    0.0512740
  23.2400000    0.0440815
  23.2600000    0.0369425
  23.2800000    0.0297379
  23.3000000    0.0223625
  23.3200000    0.0147504
  23.3400000    0.0068917
  23.3600000   -0.0011625
  23.3800000   -0.0093055
  23.4000000   -0.0173891
  23.4200000   -0.0252426
  23.4400000   -0.0326937
  23.4600000   -0.0395863
  23.4800000   -0.0457944
  23.5000000   -0.0512287
  23.5200000   -0.0558382
  23.5400000   -0.0596051
  23.5600000   -0.0625377
  23.5800000   -0.0646613
  23.6000000   -0.0660101
  23.6200000   -0.0666214
  23.6400000   -0.0665327
  23.6600000   -0.0657813
  23.6800000   -0.0644066
  23.7000000   -0.0624531
  23.7200000   -0.0599739
  23.7400000   -0.0570325
  23.7600000   -0.0537032
  23.7800000   -0.0500696
  23.8000000   -0.0462217
  23.8200000   -0.0422511
  23.8400000   -0.0382471
  23.8600000   -0.0342933
  23.8800000   -0.0304653
  23.9000000   -0.0268312
  23.9200000   -0.0234534
  23.9400000   -0.0203931
  23.9600000   -0.0177144
  23.9800000   -0.0154894
  24.0000000   -0.0138017
  24.0200000   -0.0127473
  24.0400000   -0.0124327
  24.0600000   -0.0129695
  24.0800000   -0.0144657
  24.1000000   -0.0170142
  24.1200000   -0.0206807
  24.1400000   -0.0254910
  24.1600000   -0.0314212
  24.1800000   -0.0383908
  24.2000000   -0.0462621
  24.2200000   -0.0548438
  24.2400000   -0.0639016
  24.2600000   -0.0731739
  24.2800000   -0.0823903
  24.3000000   -0.0912934
  24.3200000   -0.0996593
  24.3400000   -0.1073163
  24.3600000   -0.1141581
  24.3800000   -0.1201525
  24.4000000   -0.1253412
  24.4200000   -0.1298334
  24.4400000   -0.1337923
  24.4600000   -0.1374149
  24.4800000   -0.1409092
  24.5000000   -0.1444680
  24.5200000   -0.1482446
  24.5400000   -0.1523310
  24.5600000   -0.1567428
  24.5800000   -0.1614106
  24.6000000   -0.1661817
  24.6200000   -0.1708300
  24.6400000   -0.1750747
  24.6600000   -0.1786057
  24.6800000   -0.1811128
  24.7000000   -0.1823149
  24.7200000   -0.1819876
  24.7400000   -0.1799839
  24.7600000   -0.1762477
  24.7800000   -0.1708175
  24.8000000   -0.1638209
  24.8200000   -0.1554620
  24.8400000   -0.1460017
  24.8600000   -0.1357347
  24.8800000   -0.1249665
  24.9000000   -0.1139905
  24.9200000   -0.1030696
  24.9400000   -0.0924215
  24.9600000   -0.0822089
  24.9800000   -0.0725347
  25.0000000   -0.0634413
  25.0200000   -0.0549130
  25.0400000   -0.0468818
  25.0600000   -0.0392352
  25.0800000   -0.0318252
  25.1000000   -0.0244800
  25.1200000   -0.0170168
  25.1400000   -0.0092554
  25.1600000   -0.0010334
  25.1800000    0.0077773
  25.2000000    0.0172560
  25.2200000    0.0274188
  25.2400000    0.0382082
  25.2600000    0.0494871
  25.2800000    0.0610399
  25.3000000    0.0725804
  25.3200000    0.0837679
  25.3400000    0.0942307
  25.3600000    0.1035944
  25.3800000    0.1115143
  25.4000000    0.1177061
  25.4200000    0.1219733
  25.4400000    0.1242270
  25.4600000    0.1244964
  25.4800000    0.1229277
  25.5000000    0.1197723
  25.5200000    0.1153659
  25.5400000    0.1101002
  25.5600000    0.1043910
  25.5800000    0.0986460
  25.6000000    0.0932356
  25.6200000    0.0884684
  25.6400000    0.0845736
  25.6600000    0.0816912
  25.6800000    0.0798691
  25.7000000    0.0790675
  25.7200000    0.0791688
  25.7400000    0.0799916
  25.7600000    0.0813089
  25.7800000    0.0828668
  25.8000000    0.0844049
  25.8200000    0.0856759
  25.8400000    0.0864623
  25.8600000    0.0865922
  25.8800000    0.0859488
  25.9000000    0.0844773
  25.9200000    0.0821855
  25.9400000    0.0791404
  25.9600000    0.0754603
  25.9800000    0.0713032
  26.0000000    0.0668549
  26.0200000    0.0623155
  26.0400000    0.0578881
  26.0600000    0.0537699
  26.0800000    0.0501470
  26.1000000    0.0471916
  26.1200000    0.0450639
  26.1400000    0.0439143
  26.1600000    0.0438876
  26.1800000    0.0451249
  26.2000000    0.0477640
  26.2200000    0.0519343
  26.2400000    0.0577474
  26.2600000    0.0652819
  26.2800000    0.0745632
  26.3000000    0.0855403
  26.3200000    0.0980616
  26.3400000    0.1118549
  26.3600000    0.1265141
  26.3800000    0.1414977
  26.4000000    0.1561425
  26.4200000    0.1696936
  26.4400000    0.1813507
  26.4600000    0.1903277
  26.4800000    0.1959191
  26.5000000    0.1975666
  26.5200000    0.1949173
  26.5400000    0.1878653
  26.5600000    0.1765702
  26.5800000    0.1614503
  26.6000000    0.1431491
  26.6200000    0.1224806
  26.6400000    0.1003590
  26.6600000    0.0777215
  26.6800000    0.0554547
  26.7000000    0.0343312
  26.7200000    0.0149635
  26.7400000   -0.0022209
  26.7600000   -0.0169842
  26.7800000   -0.0292638
  26.8000000   -0.0391444
  26.8200000   -0.0468210
  26.8400000   -0.0525595
  26.8600000   -0.0566594
  26.8800000   -0.0594230
  26.9000000   -0.0611323
  26.9200000   -0.0620348
  26.9400000   -0.0623381
  26.9600000   -0.0622095
  26.9800000   -0.0617813
  27.0000000   -0.0611564
  27.0200000   -0.0604153
  27.0400000   -0.0596211
  27.0600000   -0.0588228
  27.0800000   -0.0580568
  27.1000000   -0.0573464
  27.1200000   -0.0567023
  27.1400000   -0.0561218
  27.1600000   -0.0555905
  27.1800000   -0.0550857
  27.2000000   -0.0545808
  27.2200000   -0.0540525
  27.2400000   -0.0534874
  27.2600000   -0.0528889
  27.2800000   -0.0522823
  27.3000000   -0.0517174
  27.3200000   -0.0512679
  27.3400000   -0.0510272
  27.3600000   -0.0511009
  27.3800000   -0.0515975
  27.4000000   -0.0526166
  27.4200000   -0.0542383
  27.4400000   -0.0565134
  27.4600000   -0.0594563
  27.4800000   -0.0630409
  27.5000000   -0.0672011
  27.5200000   -0.0718339
  27.5400000   -0.0768060
  27.5600000   -0.0819626
  27.5800000   -0.0871375
  27.6000000   -0.0921629
  27.6200000   -0.0968788
  27.6400000   -0.1011406
  27.6600000   -0.1048252
  27.6800000   -0.1078354
  27.7000000   -0.1101019
  27.7200000   -0.1115853
  27.7400000   -0.1122773
  27.7600000   -0.1122011
  27.7800000   -0.1114132
  27.8000000   -0.1100042
  27.8200000   -0.1081001
  27.8400000   -0.1058622
  27.8600000   -0.1034855
  27.8800000   -0.1011946
  27.9000000   -0.0992359
  27.9200000   -0.0978666
  27.9400000   -0.0973397
  27.9600000   -0.0978862
  27.9800000   -0.0996946
  28.0000000   -0.1028901
  28.0200000   -0.1075147
  28.0400000   -0.1135109
  28.0600000   -0.1207099
  28.0800000   -0.1288276
  28.1000000   -0.1374706
  28.1200000   -0.1461504
  28.1400000   -0.1543100
  28.1600000   -0.1613585
  28.1800000   -0.1667136
  28.2000000   -0.1698476
  28.2200000   -0.1703326
  28.2400000   -0.1678810
  28.2600000   -0.1623757
  28.2800000   -0.1538866
  28.3000000   -0.1426714
  28.3200000   -0.1291602
  28.3400000   -0.1139249
  28.3600000   -0.0976372
  28.3800000   -0.0810200
  28.4000000   -0.0647963
  28.4200000   -0.0496409
  28.4400000   -0.0361399
  28.4600000   -0.0247586
  28.4800000   -0.0158216
  28.5000000   -0.0095037
  28.5200000   -0.0058314
  28.5400000   -0.0046935
  28.5600000   -0.0058593
  28.5800000   -0.0090026
  28.6000000   -0.0137301
  28.6200000   -0.0196133
  28.6400000   -0.0262208
  28.6600000   -0.0331513
  28.6800000   -0.0400631
  28.7000000   -0.0466983
  28.7200000   -0.0528997
  28.7400000   -0.0586177
  28.7600000   -0.0639039
  28.7800000   -0.0688946
  28.8000000   -0.0737807
  28.8200000   -0.0787703
  28.8400000   -0.0840454
  28.8600000   -0.0897196
  28.8800000   -0.0958016
  28.9000000   -0.1021692
  28.9200000   -0.1085605
  28.9400000   -0.1145814
  28.9600000   -0.1197330
  28.9800000   -0.1234535
  29.0000000   -0.1251723
  29.0200000   -0.1243685
  29.0400000   -0.1206277
  29.0600000   -0.1136900
  29.0800000   -0.1034823
  29.1000000   -0.0901342
  29.1200000   -0.0739732
  29.1400000   -0.0555023
  29.1600000   -0.0353631
  29.1800000   -0.0142875
  29.2000000    0.0069539
  29.2200000    0.0276040
  29.2400000    0.0469666
  29.2600000    0.0644448
  29.2800000    0.0795701
  29.3000000    0.0920190
  29.3200000    0.1016188
  29.3400000    0.1083434
  29.3600000    0.1122991
  29.3800000    0.1137039
  29.4000000    0.1128619
  29.4200000    0.1101343
  29.4400000    0.1059103
  29.4600000    0.1005792
  29.4800000    0.0945063
  29.5000000    0.0880131
  29.5200000    0.0813643
  29.5400000    0.0747602
  29.5600000    0.0683353
  29.5800000    0.0621633
  29.6000000    0.0562648
  29.6200000    0.0506196
  29.6400000    0.0451791
  29.6600000    0.0398804
  29.6800000    0.0346579
  29.7000000    0.0294544
  29.7200000    0.0242292
  29.7400000    0.0189638
  29.7600000    0.0136644
  29.7800000    0.0083626
  29.8000000    0.0031124
  29.8200000   -0.0020144
  29.8400000   -0.0069343
  29.8600000   -0.0115603
  29.8800000   -0.0158097
  29.9000000   -0.0196119
  29.9200000   -0.0229146
  29.9400000   -0.0256874
  29.9600000   -0.0279233
  29.9800000   -0.0296361
  30.0000000   -0.0308555
