CC02
201810220622 0.000000 0.000000 0.000000 0.000000 0.000000 0.000000 -4.341366 -132.577972
201902011614 0.000000 0.000000 0.000000 0.000000 0.000000 0.000000 -4.404491 -132.461013
201810282223 0.000000 0.000000 0.000000 0.000000 0.000000 0.000000 -4.411933 -132.459124
201811250340 0.000000 0.000000 0.000000 0.000000 0.000000 0.000000 -4.423245 -132.467112
201811111403 0.000000 0.000000 0.000000 0.000000 0.000000 0.000000 -4.441544 -132.502672
201903231921 0.000000 0.000000 0.000000 0.000000 0.000000 0.000000 -4.447509 -132.465818
201902221017 0.000000 0.000000 0.000000 0.000000 0.000000 0.000000 -4.463734 -132.462726
201903010850 0.000000 0.000000 0.000000 0.000000 0.000000 0.000000 -4.491644 -132.475769
201811012219 0.000000 0.000000 0.000000 0.000000 0.000000 0.000000 -4.501411 -132.479112
201901200132 0.000000 0.000000 0.000000 0.000000 0.000000 0.000000 -4.522347 -132.488193
201812190137 0.000000 0.000000 0.000000 0.000000 0.000000 0.000000 -4.572418 -132.496979
201810300213 0.000000 0.000000 0.000000 0.000000 0.000000 0.000000 -4.544165 -132.666644
201903061546 0.000000 0.000000 0.000000 0.000000 0.000000 0.000000 -4.543882 -132.683043
201812050643 0.000000 0.000000 0.000000 0.000000 0.000000 0.000000 -4.510425 -132.690880
201812050418 0.000000 0.000000 0.000000 0.000000 0.000000 0.000000 -4.509954 -132.690707
201810160028 0.000000 0.000000 0.000000 0.000000 0.000000 0.000000 -4.509937 -132.690777
201810160103 0.000000 0.000000 0.000000 0.000000 0.000000 0.000000 -4.509573 -132.690980
201808190023 0.000000 0.000000 0.000000 0.000000 0.000000 0.000000 -4.510877 -132.702174
201809301052 0.000000 0.000000 0.000000 0.000000 0.000000 0.000000 -4.510360 -132.702238
201808190019 0.000000 0.000000 0.000000 0.000000 0.000000 0.000000 -4.509373 -132.701864
201811182025 0.000000 0.000000 0.000000 0.000000 0.000000 0.000000 -4.508297 -132.702219
201808190428 0.000000 0.000000 0.000000 0.000000 0.000000 0.000000 -4.507159 -132.705611
201905062119 0.000000 0.000000 0.000000 0.000000 0.000000 0.000000 -4.474213 -132.670300
201905141258 0.000000 0.000000 0.000000 0.000000 0.000000 0.000000 -4.469558 -132.679136
201903282206 0.000000 0.000000 0.000000 0.000000 0.000000 0.000000 -4.392830 -132.637017
201812201701 0.000000 0.000000 0.000000 0.000000 0.000000 0.000000 -4.387078 -132.630486
201811301729 0.000000 0.000000 0.000000 0.000000 0.000000 0.000000 -4.360320 -132.599547
CC04
201902011614 0.000000 0.000000 0.000000 0.000000 0.000000 0.000000 -5.132763 -132.669055
201811111403 0.000000 0.000000 0.000000 0.000000 0.000000 0.000000 -5.170756 -132.710085
201902221017 0.000000 0.000000 0.000000 0.000000 0.000000 0.000000 -5.191869 -132.669870
201808240904 0.000000 0.000000 0.000000 0.000000 0.000000 0.000000 -5.211881 -132.683189
201903010850 0.000000 0.000000 0.000000 0.000000 0.000000 0.000000 -5.220057 -132.682478
201811012219 0.000000 0.000000 0.000000 0.000000 0.000000 0.000000 -5.229907 -132.685683
201812190137 0.000000 0.000000 0.000000 0.000000 0.000000 0.000000 -5.301002 -132.702274
201810290654 0.000000 0.000000 0.000000 0.000000 0.000000 0.000000 -5.277511 -132.739001
201810300213 0.000000 0.000000 0.000000 0.000000 0.000000 0.000000 -5.273506 -132.874680
201903061546 0.000000 0.000000 0.000000 0.000000 0.000000 0.000000 -5.272857 -132.891319
201809100419 0.000000 0.000000 0.000000 0.000000 0.000000 0.000000 -5.269903 -132.890938
201904231420 0.000000 0.000000 0.000000 0.000000 0.000000 0.000000 -5.254721 -132.902120
201809162111 0.000000 0.000000 0.000000 0.000000 0.000000 0.000000 -5.251809 -132.897052
201808290351 0.000000 0.000000 0.000000 0.000000 0.000000 0.000000 -5.239287 -132.899243
201809101931 0.000000 0.000000 0.000000 0.000000 0.000000 0.000000 -5.239241 -132.899364
201812050418 0.000000 0.000000 0.000000 0.000000 0.000000 0.000000 -5.238613 -132.898672
201810160028 0.000000 0.000000 0.000000 0.000000 0.000000 0.000000 -5.238598 -132.898755
201810160103 0.000000 0.000000 0.000000 0.000000 0.000000 0.000000 -5.238230 -132.898964
201905191427 0.000000 0.000000 0.000000 0.000000 0.000000 0.000000 -5.238248 -132.899036
201905190123 0.000000 0.000000 0.000000 0.000000 0.000000 0.000000 -5.238243 -132.899300
201809301052 0.000000 0.000000 0.000000 0.000000 0.000000 0.000000 -5.238455 -132.910349
201808190019 0.000000 0.000000 0.000000 0.000000 0.000000 0.000000 -5.237445 -132.909921
201811182025 0.000000 0.000000 0.000000 0.000000 0.000000 0.000000 -5.236381 -132.910257
201808190428 0.000000 0.000000 0.000000 0.000000 0.000000 0.000000 -5.235159 -132.913713
201903201523 0.000000 0.000000 0.000000 0.000000 0.000000 0.000000 -5.223460 -132.901578
201905062119 0.000000 0.000000 0.000000 0.000000 0.000000 0.000000 -5.203175 -132.877751
201905141258 0.000000 0.000000 0.000000 0.000000 0.000000 0.000000 -5.198343 -132.886551
201902171435 0.000000 0.000000 0.000000 0.000000 0.000000 0.000000 -5.197081 -132.883846
201808282235 0.000000 0.000000 0.000000 0.000000 0.000000 0.000000 -5.167758 -132.871905
201808101812 0.000000 0.000000 0.000000 0.000000 0.000000 0.000000 -5.127757 -132.845119
201810090745 0.000000 0.000000 0.000000 0.000000 0.000000 0.000000 -5.126066 -132.844237
201812201701 0.000000 0.000000 0.000000 0.000000 0.000000 0.000000 -5.116675 -132.836984
201811301729 0.000000 0.000000 0.000000 0.000000 0.000000 0.000000 -5.090255 -132.806129
CC05
201902011614 0.000000 0.000000 0.000000 0.000000 0.000000 0.000000 -5.456011 -132.752551
201810282223 0.000000 0.000000 0.000000 0.000000 0.000000 0.000000 -5.463336 -132.750502
201811111403 0.000000 0.000000 0.000000 0.000000 0.000000 0.000000 -5.494423 -132.793312
201808212131 0.000000 0.000000 0.000000 0.000000 0.000000 0.000000 -5.494660 -132.775976
201903231921 0.000000 0.000000 0.000000 0.000000 0.000000 0.000000 -5.499108 -132.756405
201809070212 0.000000 0.000000 0.000000 0.000000 0.000000 0.000000 -5.514778 -132.750406
201902221017 0.000000 0.000000 0.000000 0.000000 0.000000 0.000000 -5.515060 -132.752976
201808240904 0.000000 0.000000 0.000000 0.000000 0.000000 0.000000 -5.535186 -132.766153
201903010850 0.000000 0.000000 0.000000 0.000000 0.000000 0.000000 -5.543375 -132.765390
201811012219 0.000000 0.000000 0.000000 0.000000 0.000000 0.000000 -5.553262 -132.768536
201901200132 0.000000 0.000000 0.000000 0.000000 0.000000 0.000000 -5.574443 -132.777226
201810290654 0.000000 0.000000 0.000000 0.000000 0.000000 0.000000 -5.601343 -132.821760
201812110226 0.000000 0.000000 0.000000 0.000000 0.000000 0.000000 -5.581893 -132.835173
201809100419 0.000000 0.000000 0.000000 0.000000 0.000000 0.000000 -5.593430 -132.974544
201809162111 0.000000 0.000000 0.000000 0.000000 0.000000 0.000000 -5.575191 -132.980613
201808290351 0.000000 0.000000 0.000000 0.000000 0.000000 0.000000 -5.562683 -132.982726
201812050418 0.000000 0.000000 0.000000 0.000000 0.000000 0.000000 -5.562017 -132.982156
201810160028 0.000000 0.000000 0.000000 0.000000 0.000000 0.000000 -5.562002 -132.982238
201905190123 0.000000 0.000000 0.000000 0.000000 0.000000 0.000000 -5.561634 -132.982774
201809301052 0.000000 0.000000 0.000000 0.000000 0.000000 0.000000 -5.561600 -132.993899
201809061549 0.000000 0.000000 0.000000 0.000000 0.000000 0.000000 -5.559125 -132.989758
201807130946 0.000000 0.000000 0.000000 0.000000 0.000000 0.000000 -5.554813 -132.983683
201808190428 0.000000 0.000000 0.000000 0.000000 0.000000 0.000000 -5.558258 -132.997243
201808212232 0.000000 0.000000 0.000000 0.000000 0.000000 0.000000 -5.548176 -132.985960
201903201523 0.000000 0.000000 0.000000 0.000000 0.000000 0.000000 -5.546795 -132.984981
201905062119 0.000000 0.000000 0.000000 0.000000 0.000000 0.000000 -5.526727 -132.960999
201905141258 0.000000 0.000000 0.000000 0.000000 0.000000 0.000000 -5.521816 -132.969779
201808282235 0.000000 0.000000 0.000000 0.000000 0.000000 0.000000 -5.491322 -132.954940
201808161822 0.000000 0.000000 0.000000 0.000000 0.000000 0.000000 -5.485011 -132.946666
201805042232 0.000000 0.000000 0.000000 0.000000 0.000000 0.000000 -5.404319 -132.971299
201812201701 0.000000 0.000000 0.000000 0.000000 0.000000 0.000000 -5.440512 -132.919823
201808152156 0.000000 0.000000 0.000000 0.000000 0.000000 0.000000 -5.426281 -132.922633
201811301729 0.000000 0.000000 0.000000 0.000000 0.000000 0.000000 -5.414272 -132.889004
201808121458 0.000000 0.000000 0.000000 0.000000 0.000000 0.000000 -5.422774 -132.880435
CC06
201902011614 0.000000 0.000000 0.000000 0.000000 0.000000 0.000000 -5.776802 -132.831809
201810282223 0.000000 0.000000 0.000000 0.000000 0.000000 0.000000 -5.784092 -132.829709
201811250340 0.000000 0.000000 0.000000 0.000000 0.000000 0.000000 -5.795932 -132.837240
201811111403 0.000000 0.000000 0.000000 0.000000 0.000000 0.000000 -5.815620 -132.872292
201808212131 0.000000 0.000000 0.000000 0.000000 0.000000 0.000000 -5.815714 -132.854953
201903231921 0.000000 0.000000 0.000000 0.000000 0.000000 0.000000 -5.819919 -132.835369
201809070212 0.000000 0.000000 0.000000 0.000000 0.000000 0.000000 -5.835467 -132.829266
201902221017 0.000000 0.000000 0.000000 0.000000 0.000000 0.000000 -5.835790 -132.831832
201808240904 0.000000 0.000000 0.000000 0.000000 0.000000 0.000000 -5.856026 -132.844873
201903010850 0.000000 0.000000 0.000000 0.000000 0.000000 0.000000 -5.864224 -132.844056
201811012219 0.000000 0.000000 0.000000 0.000000 0.000000 0.000000 -5.874148 -132.847144
201812190137 0.000000 0.000000 0.000000 0.000000 0.000000 0.000000 -5.945283 -132.862640
201812110226 0.000000 0.000000 0.000000 0.000000 0.000000 0.000000 -5.903155 -132.913927
201810300213 0.000000 0.000000 0.000000 0.000000 0.000000 0.000000 -5.918415 -133.037460
201809162111 0.000000 0.000000 0.000000 0.000000 0.000000 0.000000 -5.896092 -133.059924
201811100833 0.000000 0.000000 0.000000 0.000000 0.000000 0.000000 -5.894702 -133.078691
201808290351 0.000000 0.000000 0.000000 0.000000 0.000000 0.000000 -5.883596 -133.061956
201812050414 0.000000 0.000000 0.000000 0.000000 0.000000 0.000000 -5.883031 -133.061242
201812050418 0.000000 0.000000 0.000000 0.000000 0.000000 0.000000 -5.882942 -133.061389
201905191427 0.000000 0.000000 0.000000 0.000000 0.000000 0.000000 -5.882564 -133.061746
201905190123 0.000000 0.000000 0.000000 0.000000 0.000000 0.000000 -5.882551 -133.062012
201811182025 0.000000 0.000000 0.000000 0.000000 0.000000 0.000000 -5.880202 -133.073076
201808190428 0.000000 0.000000 0.000000 0.000000 0.000000 0.000000 -5.878880 -133.076527
201904121223 0.000000 0.000000 0.000000 0.000000 0.000000 0.000000 -5.879513 -133.087449
201808212232 0.000000 0.000000 0.000000 0.000000 0.000000 0.000000 -5.869028 -133.065114
201903201523 0.000000 0.000000 0.000000 0.000000 0.000000 0.000000 -5.867654 -133.064137
201812221425 0.000000 0.000000 0.000000 0.000000 0.000000 0.000000 -5.862529 -133.064897
201811160326 0.000000 0.000000 0.000000 0.000000 0.000000 0.000000 -5.855475 -133.061622
201905062119 0.000000 0.000000 0.000000 0.000000 0.000000 0.000000 -5.847807 -133.039999
201905030725 0.000000 0.000000 0.000000 0.000000 0.000000 0.000000 -5.847830 -133.058321
201905141258 0.000000 0.000000 0.000000 0.000000 0.000000 0.000000 -5.842818 -133.048763
201808282235 0.000000 0.000000 0.000000 0.000000 0.000000 0.000000 -5.812417 -133.033732
201903282206 0.000000 0.000000 0.000000 0.000000 0.000000 0.000000 -5.767453 -133.004961
201812201701 0.000000 0.000000 0.000000 0.000000 0.000000 0.000000 -5.761894 -132.998419
201904022135 0.000000 0.000000 0.000000 0.000000 0.000000 0.000000 -5.751082 -133.001320
201811301729 0.000000 0.000000 0.000000 0.000000 0.000000 0.000000 -5.735802 -132.967648
CC07
201810220539 0.000000 0.000000 0.000000 0.000000 0.000000 0.000000 -6.037848 -133.040238
201902011614 0.000000 0.000000 0.000000 0.000000 0.000000 0.000000 -6.096736 -132.926864
201808212131 0.000000 0.000000 0.000000 0.000000 0.000000 0.000000 -6.135882 -132.949737
201809070212 0.000000 0.000000 0.000000 0.000000 0.000000 0.000000 -6.155267 -132.923929
201902221017 0.000000 0.000000 0.000000 0.000000 0.000000 0.000000 -6.155628 -132.926495
201808240904 0.000000 0.000000 0.000000 0.000000 0.000000 0.000000 -6.175965 -132.939401
201903010850 0.000000 0.000000 0.000000 0.000000 0.000000 0.000000 -6.184171 -132.938531
201812190137 0.000000 0.000000 0.000000 0.000000 0.000000 0.000000 -6.265273 -132.956458
201904181446 0.000000 0.000000 0.000000 0.000000 0.000000 0.000000 -6.223714 -133.099843
201810300213 0.000000 0.000000 0.000000 0.000000 0.000000 0.000000 -6.238764 -133.132552
201903061546 0.000000 0.000000 0.000000 0.000000 0.000000 0.000000 -6.237578 -133.149484
201809162111 0.000000 0.000000 0.000000 0.000000 0.000000 0.000000 -6.216103 -133.155045
201808290351 0.000000 0.000000 0.000000 0.000000 0.000000 0.000000 -6.203611 -133.156985
201809101931 0.000000 0.000000 0.000000 0.000000 0.000000 0.000000 -6.203563 -133.157110
201812050418 0.000000 0.000000 0.000000 0.000000 0.000000 0.000000 -6.202972 -133.156434
201905191427 0.000000 0.000000 0.000000 0.000000 0.000000 0.000000 -6.202591 -133.156791
201905190123 0.000000 0.000000 0.000000 0.000000 0.000000 0.000000 -6.202569 -133.157050
201905191456 0.000000 0.000000 0.000000 0.000000 0.000000 0.000000 -6.202238 -133.156791
201809301052 0.000000 0.000000 0.000000 0.000000 0.000000 0.000000 -6.202034 -133.168306
201809061549 0.000000 0.000000 0.000000 0.000000 0.000000 0.000000 -6.199675 -133.164095
201807130946 0.000000 0.000000 0.000000 0.000000 0.000000 0.000000 -6.195679 -133.157872
201808190428 0.000000 0.000000 0.000000 0.000000 0.000000 0.000000 -6.198607 -133.171623
201808212232 0.000000 0.000000 0.000000 0.000000 0.000000 0.000000 -6.188987 -133.160103
201905062119 0.000000 0.000000 0.000000 0.000000 0.000000 0.000000 -6.167986 -133.134821
201807191830 0.000000 0.000000 0.000000 0.000000 0.000000 0.000000 -6.166640 -133.138453
201805090757 0.000000 0.000000 0.000000 0.000000 0.000000 0.000000 -6.166142 -133.142502
201903301120 0.000000 0.000000 0.000000 0.000000 0.000000 0.000000 -6.165855 -133.141498
201810102048 0.000000 0.000000 0.000000 0.000000 0.000000 0.000000 -6.165852 -133.141636
201905141258 0.000000 0.000000 0.000000 0.000000 0.000000 0.000000 -6.162915 -133.143558
201902171435 0.000000 0.000000 0.000000 0.000000 0.000000 0.000000 -6.161676 -133.140799
201808161822 0.000000 0.000000 0.000000 0.000000 0.000000 0.000000 -6.126413 -133.119983
201805042232 0.000000 0.000000 0.000000 0.000000 0.000000 0.000000 -6.044561 -133.142870
201812201701 0.000000 0.000000 0.000000 0.000000 0.000000 0.000000 -6.082367 -133.092806
201811301729 0.000000 0.000000 0.000000 0.000000 0.000000 0.000000 -6.056411 -133.062072
CC08
201902011614 0.000000 0.000000 0.000000 0.000000 0.000000 0.000000 -6.419238 -133.004193
201808212131 0.000000 0.000000 0.000000 0.000000 0.000000 0.000000 -6.458624 -133.026750
201902221017 0.000000 0.000000 0.000000 0.000000 0.000000 0.000000 -6.478052 -133.003418
201808240904 0.000000 0.000000 0.000000 0.000000 0.000000 0.000000 -6.498494 -133.016184
201903010850 0.000000 0.000000 0.000000 0.000000 0.000000 0.000000 -6.506711 -133.015262
201901200132 0.000000 0.000000 0.000000 0.000000 0.000000 0.000000 -6.538115 -133.026529
201812190137 0.000000 0.000000 0.000000 0.000000 0.000000 0.000000 -6.587867 -133.032561
201904091753 0.000000 0.000000 0.000000 0.000000 0.000000 0.000000 -6.546556 -133.085627
201809162111 0.000000 0.000000 0.000000 0.000000 0.000000 0.000000 -6.538669 -133.232432
201808290351 0.000000 0.000000 0.000000 0.000000 0.000000 0.000000 -6.526209 -133.234316
201905190123 0.000000 0.000000 0.000000 0.000000 0.000000 0.000000 -6.525147 -133.234330
201808212232 0.000000 0.000000 0.000000 0.000000 0.000000 0.000000 -6.511520 -133.237352
201903201523 0.000000 0.000000 0.000000 0.000000 0.000000 0.000000 -6.510153 -133.236343
201905062119 0.000000 0.000000 0.000000 0.000000 0.000000 0.000000 -6.490751 -133.211902
201905141258 0.000000 0.000000 0.000000 0.000000 0.000000 0.000000 -6.485602 -133.220612
201808282235 0.000000 0.000000 0.000000 0.000000 0.000000 0.000000 -6.455388 -133.205199
201903282206 0.000000 0.000000 0.000000 0.000000 0.000000 0.000000 -6.410902 -133.176027
201812201701 0.000000 0.000000 0.000000 0.000000 0.000000 0.000000 -6.405432 -133.169482
CC11
201810220622 0.000000 0.000000 0.000000 0.000000 0.000000 0.000000 -7.417697 -133.410543
201902011614 0.000000 0.000000 0.000000 0.000000 0.000000 0.000000 -7.473333 -133.298930
201808212131 0.000000 0.000000 0.000000 0.000000 0.000000 0.000000 -7.513474 -133.320655
201903231921 0.000000 0.000000 0.000000 0.000000 0.000000 0.000000 -7.516439 -133.301055
201809070212 0.000000 0.000000 0.000000 0.000000 0.000000 0.000000 -7.531314 -133.294438
201902221017 0.000000 0.000000 0.000000 0.000000 0.000000 0.000000 -7.531839 -133.297000
201811012219 0.000000 0.000000 0.000000 0.000000 0.000000 0.000000 -7.570927 -133.310960
201901200132 0.000000 0.000000 0.000000 0.000000 0.000000 0.000000 -7.592563 -133.318826
201812190137 0.000000 0.000000 0.000000 0.000000 0.000000 0.000000 -7.642028 -133.323324
201810290654 0.000000 0.000000 0.000000 0.000000 0.000000 0.000000 -7.621942 -133.363555
201812110226 0.000000 0.000000 0.000000 0.000000 0.000000 0.000000 -7.601892 -133.378500
201810300213 0.000000 0.000000 0.000000 0.000000 0.000000 0.000000 -7.616966 -133.504922
201809100419 0.000000 0.000000 0.000000 0.000000 0.000000 0.000000 -7.612054 -133.521864
201809162111 0.000000 0.000000 0.000000 0.000000 0.000000 0.000000 -7.592883 -133.527577
201811100833 0.000000 0.000000 0.000000 0.000000 0.000000 0.000000 -7.589977 -133.546774
201808290351 0.000000 0.000000 0.000000 0.000000 0.000000 0.000000 -7.580495 -133.529230
201812050643 0.000000 0.000000 0.000000 0.000000 0.000000 0.000000 -7.580327 -133.528813
201812050418 0.000000 0.000000 0.000000 0.000000 0.000000 0.000000 -7.579871 -133.528600
201810160103 0.000000 0.000000 0.000000 0.000000 0.000000 0.000000 -7.579453 -133.528883
201809301052 0.000000 0.000000 0.000000 0.000000 0.000000 0.000000 -7.577753 -133.540716
201809061549 0.000000 0.000000 0.000000 0.000000 0.000000 0.000000 -7.575650 -133.536327
201811182025 0.000000 0.000000 0.000000 0.000000 0.000000 0.000000 -7.575729 -133.540536
201808190428 0.000000 0.000000 0.000000 0.000000 0.000000 0.000000 -7.574134 -133.543953
201808212232 0.000000 0.000000 0.000000 0.000000 0.000000 0.000000 -7.565595 -133.531988
201905062119 0.000000 0.000000 0.000000 0.000000 0.000000 0.000000 -7.545599 -133.506007
201810102048 0.000000 0.000000 0.000000 0.000000 0.000000 0.000000 -7.543214 -133.512763
201905141258 0.000000 0.000000 0.000000 0.000000 0.000000 0.000000 -7.540186 -133.514618
201902171435 0.000000 0.000000 0.000000 0.000000 0.000000 0.000000 -7.538981 -133.511844
201808282235 0.000000 0.000000 0.000000 0.000000 0.000000 0.000000 -7.510288 -133.498598
201812201701 0.000000 0.000000 0.000000 0.000000 0.000000 0.000000 -7.461284 -133.462196
201808152156 0.000000 0.000000 0.000000 0.000000 0.000000 0.000000 -7.446896 -133.464564
201808230335 0.000000 0.000000 0.000000 0.000000 0.000000 0.000000 -7.446599 -133.464597
201811301729 0.000000 0.000000 0.000000 0.000000 0.000000 0.000000 -7.435983 -133.431624
EE04
201902011614 0.000000 0.000000 0.000000 0.000000 0.000000 0.000000 -8.136034 -131.137610
201811111403 0.000000 0.000000 0.000000 0.000000 0.000000 0.000000 -8.180423 -131.174118
201808212131 0.000000 0.000000 0.000000 0.000000 0.000000 0.000000 -8.179302 -131.156865
201903231921 0.000000 0.000000 0.000000 0.000000 0.000000 0.000000 -8.181590 -131.137140
201809070212 0.000000 0.000000 0.000000 0.000000 0.000000 0.000000 -8.196885 -131.129964
201902221017 0.000000 0.000000 0.000000 0.000000 0.000000 0.000000 -8.197546 -131.132529
201905260741 0.000000 0.000000 0.000000 0.000000 0.000000 0.000000 -8.207337 -131.133937
201808240904 0.000000 0.000000 0.000000 0.000000 0.000000 0.000000 -8.219628 -131.144736
201903010850 0.000000 0.000000 0.000000 0.000000 0.000000 0.000000 -8.228254 -131.143522
201811012219 0.000000 0.000000 0.000000 0.000000 0.000000 0.000000 -8.238864 -131.146312
201901200132 0.000000 0.000000 0.000000 0.000000 0.000000 0.000000 -8.261512 -131.154622
201812190137 0.000000 0.000000 0.000000 0.000000 0.000000 0.000000 -8.313230 -131.162155
201904051614 0.000000 0.000000 0.000000 0.000000 0.000000 0.000000 -8.267768 -131.213141
201812110226 0.000000 0.000000 0.000000 0.000000 0.000000 0.000000 -8.269635 -131.216279
201812121313 0.000000 0.000000 0.000000 0.000000 0.000000 0.000000 -8.335913 -131.250441
201810300213 0.000000 0.000000 0.000000 0.000000 0.000000 0.000000 -8.282054 -131.343801
201809100419 0.000000 0.000000 0.000000 0.000000 0.000000 0.000000 -8.276359 -131.360552
201809162111 0.000000 0.000000 0.000000 0.000000 0.000000 0.000000 -8.257636 -131.365346
201811100833 0.000000 0.000000 0.000000 0.000000 0.000000 0.000000 -8.253870 -131.384464
201808290351 0.000000 0.000000 0.000000 0.000000 0.000000 0.000000 -8.246057 -131.366140
201812050418 0.000000 0.000000 0.000000 0.000000 0.000000 0.000000 -8.245488 -131.365471
201905190123 0.000000 0.000000 0.000000 0.000000 0.000000 0.000000 -8.245043 -131.366100
201809061549 0.000000 0.000000 0.000000 0.000000 0.000000 0.000000 -8.240770 -131.373394
201807130946 0.000000 0.000000 0.000000 0.000000 0.000000 0.000000 -8.238281 -131.366546
201811182025 0.000000 0.000000 0.000000 0.000000 0.000000 0.000000 -8.240667 -131.377548
201808190428 0.000000 0.000000 0.000000 0.000000 0.000000 0.000000 -8.239032 -131.380856
201808212232 0.000000 0.000000 0.000000 0.000000 0.000000 0.000000 -8.231738 -131.368353
201809091931 0.000000 0.000000 0.000000 0.000000 0.000000 0.000000 -8.217935 -131.361634
201905062119 0.000000 0.000000 0.000000 0.000000 0.000000 0.000000 -8.213120 -131.341858
201901260351 0.000000 0.000000 0.000000 0.000000 0.000000 0.000000 -8.212307 -131.353375
201805090757 0.000000 0.000000 0.000000 0.000000 0.000000 0.000000 -8.210992 -131.349539
201905141258 0.000000 0.000000 0.000000 0.000000 0.000000 0.000000 -8.207811 -131.350469
201902171435 0.000000 0.000000 0.000000 0.000000 0.000000 0.000000 -8.206656 -131.347738
201808282235 0.000000 0.000000 0.000000 0.000000 0.000000 0.000000 -8.179194 -131.334441
201807060140 0.000000 0.000000 0.000000 0.000000 0.000000 0.000000 -8.137962 -131.304482
201812201701 0.000000 0.000000 0.000000 0.000000 0.000000 0.000000 -8.131169 -131.300238
201811301729 0.000000 0.000000 0.000000 0.000000 0.000000 0.000000 -8.105111 -131.271690
WC02
201902011614 0.000000 0.000000 0.000000 0.000000 0.000000 0.000000 -4.913489 -133.584665
201811111403 0.000000 0.000000 0.000000 0.000000 0.000000 0.000000 -4.950084 -133.626557
201902221017 0.000000 0.000000 0.000000 0.000000 0.000000 0.000000 -4.971226 -133.586506
201808240904 0.000000 0.000000 0.000000 0.000000 0.000000 0.000000 -4.990750 -133.599798
201903010850 0.000000 0.000000 0.000000 0.000000 0.000000 0.000000 -4.998766 -133.599129
201811012219 0.000000 0.000000 0.000000 0.000000 0.000000 0.000000 -5.008425 -133.602293
201812190137 0.000000 0.000000 0.000000 0.000000 0.000000 0.000000 -5.078285 -133.617351
201904221449 0.000000 0.000000 0.000000 0.000000 0.000000 0.000000 -5.035257 -133.665288
201810290654 0.000000 0.000000 0.000000 0.000000 0.000000 0.000000 -5.055524 -133.654704
201810300213 0.000000 0.000000 0.000000 0.000000 0.000000 0.000000 -5.053405 -133.789931
201903061546 0.000000 0.000000 0.000000 0.000000 0.000000 0.000000 -5.053153 -133.806533
201812050418 0.000000 0.000000 0.000000 0.000000 0.000000 0.000000 -5.018356 -133.814763
201810160028 0.000000 0.000000 0.000000 0.000000 0.000000 0.000000 -5.018342 -133.814842
201810160103 0.000000 0.000000 0.000000 0.000000 0.000000 0.000000 -5.017969 -133.815054
201809301052 0.000000 0.000000 0.000000 0.000000 0.000000 0.000000 -5.018564 -133.826300
201811182025 0.000000 0.000000 0.000000 0.000000 0.000000 0.000000 -5.016437 -133.826274
201901151806 0.000000 0.000000 0.000000 0.000000 0.000000 0.000000 -4.997657 -133.818964
201905062119 0.000000 0.000000 0.000000 0.000000 0.000000 0.000000 -4.982113 -133.794285
201904121451 0.000000 0.000000 0.000000 0.000000 0.000000 0.000000 -4.981456 -133.797901
201810102048 0.000000 0.000000 0.000000 0.000000 0.000000 0.000000 -4.980148 -133.801105
201905141258 0.000000 0.000000 0.000000 0.000000 0.000000 0.000000 -4.977240 -133.803085
201902171435 0.000000 0.000000 0.000000 0.000000 0.000000 0.000000 -4.975956 -133.800376
201808282235 0.000000 0.000000 0.000000 0.000000 0.000000 0.000000 -4.946097 -133.788447
201807060140 0.000000 0.000000 0.000000 0.000000 0.000000 0.000000 -4.901613 -133.757308
201812201701 0.000000 0.000000 0.000000 0.000000 0.000000 0.000000 -4.894605 -133.752540
201808251650 0.000000 0.000000 0.000000 0.000000 0.000000 0.000000 -4.873944 -133.750273
201811301729 0.000000 0.000000 0.000000 0.000000 0.000000 0.000000 -4.868528 -133.720803
WC03
201902011614 0.000000 0.000000 0.000000 0.000000 0.000000 0.000000 -5.648064 -133.971684
201811111403 0.000000 0.000000 0.000000 0.000000 0.000000 0.000000 -5.685391 -134.013144
201903231921 0.000000 0.000000 0.000000 0.000000 0.000000 0.000000 -5.689924 -133.976230
201902221017 0.000000 0.000000 0.000000 0.000000 0.000000 0.000000 -5.705439 -133.972831
201901051925 0.000000 0.000000 0.000000 0.000000 0.000000 0.000000 -5.719275 -133.983556
201903010850 0.000000 0.000000 0.000000 0.000000 0.000000 0.000000 -5.733138 -133.985019
201811012219 0.000000 0.000000 0.000000 0.000000 0.000000 0.000000 -5.742842 -133.988041
201901200132 0.000000 0.000000 0.000000 0.000000 0.000000 0.000000 -5.763697 -133.996263
201810290654 0.000000 0.000000 0.000000 0.000000 0.000000 0.000000 -5.790940 -134.040045
201809162111 0.000000 0.000000 0.000000 0.000000 0.000000 0.000000 -5.766624 -134.199989
201811100833 0.000000 0.000000 0.000000 0.000000 0.000000 0.000000 -5.765578 -134.218788
201812050418 0.000000 0.000000 0.000000 0.000000 0.000000 0.000000 -5.753059 -134.201894
201810160103 0.000000 0.000000 0.000000 0.000000 0.000000 0.000000 -5.752666 -134.202189
201809301052 0.000000 0.000000 0.000000 0.000000 0.000000 0.000000 -5.752707 -134.213573
201905062119 0.000000 0.000000 0.000000 0.000000 0.000000 0.000000 -5.717025 -134.180959
201805090757 0.000000 0.000000 0.000000 0.000000 0.000000 0.000000 -5.715223 -134.188636
201905141258 0.000000 0.000000 0.000000 0.000000 0.000000 0.000000 -5.711948 -134.189708
201901171506 0.000000 0.000000 0.000000 0.000000 0.000000 0.000000 -5.711148 -134.181570
201902171435 0.000000 0.000000 0.000000 0.000000 0.000000 0.000000 -5.710676 -134.186952
201805042232 0.000000 0.000000 0.000000 0.000000 0.000000 0.000000 -5.591214 -134.186496
201812201701 0.000000 0.000000 0.000000 0.000000 0.000000 0.000000 -5.630051 -134.138001
201811301729 0.000000 0.000000 0.000000 0.000000 0.000000 0.000000 -5.604445 -134.106205
WC04
201902011614 0.000000 0.000000 0.000000 0.000000 0.000000 0.000000 -6.474454 -134.011869
201902221017 0.000000 0.000000 0.000000 0.000000 0.000000 0.000000 -6.531901 -134.011902
201903010850 0.000000 0.000000 0.000000 0.000000 0.000000 0.000000 -6.559987 -134.023639
201811012219 0.000000 0.000000 0.000000 0.000000 0.000000 0.000000 -6.569807 -134.026519
201812190137 0.000000 0.000000 0.000000 0.000000 0.000000 0.000000 -6.639659 -134.038846
201810290654 0.000000 0.000000 0.000000 0.000000 0.000000 0.000000 -6.619125 -134.078443
201810300213 0.000000 0.000000 0.000000 0.000000 0.000000 0.000000 -6.616421 -134.217406
201903061546 0.000000 0.000000 0.000000 0.000000 0.000000 0.000000 -6.615308 -134.234537
201811100833 0.000000 0.000000 0.000000 0.000000 0.000000 0.000000 -6.591451 -134.259433
201808290351 0.000000 0.000000 0.000000 0.000000 0.000000 0.000000 -6.580500 -134.242638
201812050418 0.000000 0.000000 0.000000 0.000000 0.000000 0.000000 -6.579829 -134.242040
201811182025 0.000000 0.000000 0.000000 0.000000 0.000000 0.000000 -6.576620 -134.253771
201807130946 0.000000 0.000000 0.000000 0.000000 0.000000 0.000000 -6.572359 -134.243549
201808190428 0.000000 0.000000 0.000000 0.000000 0.000000 0.000000 -6.575180 -134.257282
201904121223 0.000000 0.000000 0.000000 0.000000 0.000000 0.000000 -6.575475 -134.268290
201810102048 0.000000 0.000000 0.000000 0.000000 0.000000 0.000000 -6.542082 -134.227240
201902171435 0.000000 0.000000 0.000000 0.000000 0.000000 0.000000 -6.537817 -134.226342
201809051807 0.000000 0.000000 0.000000 0.000000 0.000000 0.000000 -6.483645 -134.186459
201807060140 0.000000 0.000000 0.000000 0.000000 0.000000 0.000000 -6.465144 -134.181456
201812201701 0.000000 0.000000 0.000000 0.000000 0.000000 0.000000 -6.458297 -134.176636
201811301729 0.000000 0.000000 0.000000 0.000000 0.000000 0.000000 -6.432998 -134.145114
WC05
201902011614 0.000000 0.000000 0.000000 0.000000 0.000000 0.000000 -7.208272 -134.400144
201810282223 0.000000 0.000000 0.000000 0.000000 0.000000 0.000000 -7.215225 -134.398096
201809070212 0.000000 0.000000 0.000000 0.000000 0.000000 0.000000 -7.264794 -134.396951
201901051925 0.000000 0.000000 0.000000 0.000000 0.000000 0.000000 -7.279511 -134.409762
201903010850 0.000000 0.000000 0.000000 0.000000 0.000000 0.000000 -7.293470 -134.410783
201811012219 0.000000 0.000000 0.000000 0.000000 0.000000 0.000000 -7.303327 -134.413516
201901200132 0.000000 0.000000 0.000000 0.000000 0.000000 0.000000 -7.324503 -134.421130
201904221449 0.000000 0.000000 0.000000 0.000000 0.000000 0.000000 -7.332828 -134.477297
201810290654 0.000000 0.000000 0.000000 0.000000 0.000000 0.000000 -7.353611 -134.465016
201811152002 0.000000 0.000000 0.000000 0.000000 0.000000 0.000000 -7.333128 -134.478269
201809100419 0.000000 0.000000 0.000000 0.000000 0.000000 0.000000 -7.346399 -134.622797
201809301052 0.000000 0.000000 0.000000 0.000000 0.000000 0.000000 -7.311838 -134.642496
201903100812 0.000000 0.000000 0.000000 0.000000 0.000000 0.000000 -7.309867 -134.642145
201903201523 0.000000 0.000000 0.000000 0.000000 0.000000 0.000000 -7.297593 -134.633101
201812221425 0.000000 0.000000 0.000000 0.000000 0.000000 0.000000 -7.292279 -134.633789
201905062119 0.000000 0.000000 0.000000 0.000000 0.000000 0.000000 -7.278301 -134.608393
201905141258 0.000000 0.000000 0.000000 0.000000 0.000000 0.000000 -7.272821 -134.617025
201902171435 0.000000 0.000000 0.000000 0.000000 0.000000 0.000000 -7.271590 -134.614213
201812201701 0.000000 0.000000 0.000000 0.000000 0.000000 0.000000 -7.192843 -134.563382
201811301729 0.000000 0.000000 0.000000 0.000000 0.000000 0.000000 -7.168005 -134.531802
WW03
201810220616 0.000000 0.000000 0.000000 0.000000 0.000000 0.000000 -5.894911 -135.102218
201904181446 0.000000 0.000000 0.000000 0.000000 0.000000 0.000000 -6.081655 -135.166507
201810300213 0.000000 0.000000 0.000000 0.000000 0.000000 0.000000 -6.097898 -135.198352
201805180145 0.000000 0.000000 0.000000 0.000000 0.000000 0.000000 -6.101189 -135.209646
201903061546 0.000000 0.000000 0.000000 0.000000 0.000000 0.000000 -6.097383 -135.215308
201809100419 0.000000 0.000000 0.000000 0.000000 0.000000 0.000000 -6.094260 -135.215040
201904231420 0.000000 0.000000 0.000000 0.000000 0.000000 0.000000 -6.078287 -135.226979
201809162111 0.000000 0.000000 0.000000 0.000000 0.000000 0.000000 -6.075224 -135.221840
201812050643 0.000000 0.000000 0.000000 0.000000 0.000000 0.000000 -6.061823 -135.224174
201809101931 0.000000 0.000000 0.000000 0.000000 0.000000 0.000000 -6.061988 -135.224696
201812050418 0.000000 0.000000 0.000000 0.000000 0.000000 0.000000 -6.061343 -135.224020
201810160103 0.000000 0.000000 0.000000 0.000000 0.000000 0.000000 -6.060933 -135.224308
201809301052 0.000000 0.000000 0.000000 0.000000 0.000000 0.000000 -6.060905 -135.235655
201809061549 0.000000 0.000000 0.000000 0.000000 0.000000 0.000000 -6.058291 -135.231478
201811182025 0.000000 0.000000 0.000000 0.000000 0.000000 0.000000 -6.058714 -135.235623
201901181318 0.000000 0.000000 0.000000 0.000000 0.000000 0.000000 -6.054541 -135.225990
201807130946 0.000000 0.000000 0.000000 0.000000 0.000000 0.000000 -6.053775 -135.225658
201808190428 0.000000 0.000000 0.000000 0.000000 0.000000 0.000000 -6.057338 -135.239164
201808212232 0.000000 0.000000 0.000000 0.000000 0.000000 0.000000 -6.046798 -135.228096
201901151806 0.000000 0.000000 0.000000 0.000000 0.000000 0.000000 -6.039869 -135.228122
201807170702 0.000000 0.000000 0.000000 0.000000 0.000000 0.000000 -6.035619 -135.228369
201811160326 0.000000 0.000000 0.000000 0.000000 0.000000 0.000000 -6.032606 -135.224700
201903101248 0.000000 0.000000 0.000000 0.000000 0.000000 0.000000 -6.030464 -135.210636
201809091931 0.000000 0.000000 0.000000 0.000000 0.000000 0.000000 -6.031202 -135.222384
201905062119 0.000000 0.000000 0.000000 0.000000 0.000000 0.000000 -6.024747 -135.203103
201904121451 0.000000 0.000000 0.000000 0.000000 0.000000 0.000000 -6.023983 -135.206728
201901260351 0.000000 0.000000 0.000000 0.000000 0.000000 0.000000 -6.024622 -135.214376
201905030725 0.000000 0.000000 0.000000 0.000000 0.000000 0.000000 -6.024638 -135.221403
201807191830 0.000000 0.000000 0.000000 0.000000 0.000000 0.000000 -6.023351 -135.206733
201805090757 0.000000 0.000000 0.000000 0.000000 0.000000 0.000000 -6.022843 -135.210786
201810102045 0.000000 0.000000 0.000000 0.000000 0.000000 0.000000 -6.022604 -135.210082
201903301120 0.000000 0.000000 0.000000 0.000000 0.000000 0.000000 -6.022540 -135.209766
201810102048 0.000000 0.000000 0.000000 0.000000 0.000000 0.000000 -6.022538 -135.209903
201812160942 0.000000 0.000000 0.000000 0.000000 0.000000 0.000000 -6.020332 -135.195329
201905141258 0.000000 0.000000 0.000000 0.000000 0.000000 0.000000 -6.019491 -135.211828
201901171506 0.000000 0.000000 0.000000 0.000000 0.000000 0.000000 -6.018759 -135.203702
201902171435 0.000000 0.000000 0.000000 0.000000 0.000000 0.000000 -6.018210 -135.209052
201808282235 0.000000 0.000000 0.000000 0.000000 0.000000 0.000000 -5.988081 -135.196350
201808161822 0.000000 0.000000 0.000000 0.000000 0.000000 0.000000 -5.981710 -135.187864
201811021101 0.000000 0.000000 0.000000 0.000000 0.000000 0.000000 -5.956994 -135.163811
201808101812 0.000000 0.000000 0.000000 0.000000 0.000000 0.000000 -5.948121 -135.167338
201807060140 0.000000 0.000000 0.000000 0.000000 0.000000 0.000000 -5.944174 -135.163521
201810131110 0.000000 0.000000 0.000000 0.000000 0.000000 0.000000 -5.949173 -135.159379
201811142121 0.000000 0.000000 0.000000 0.000000 0.000000 0.000000 -5.939451 -135.157638
201812201701 0.000000 0.000000 0.000000 0.000000 0.000000 0.000000 -5.937327 -135.158492
201812241241 0.000000 0.000000 0.000000 0.000000 0.000000 0.000000 -5.937406 -135.158136
201811301729 0.000000 0.000000 0.000000 0.000000 0.000000 0.000000 -5.912330 -135.125954
