  -1.3358502853240489e+02  -1.3248504130786350e+02  -7.9904717954708593e+00  -3.9904735513830585e+00
  -1.3362005542921551e+02  -1.3252008095336208e+02  -7.9809406430944128e+00  -3.9809441554212981e+00
  -1.3365508069197961e+02  -1.3255511893801182e+02  -7.9714065465702415e+00  -3.9714118158136840e+00
  -1.3369010432224698e+02  -1.3259015526333087e+02  -7.9618695095983938e+00  -3.9618765362596435e+00
  -1.3372512632156969e+02  -1.3262518993083970e+02  -7.9523295358793851e+00  -3.9523383204590696e+00
  -1.3376014669150192e+02  -1.3266022294206093e+02  -7.9427866291142095e+00  -3.9427971721123374e+00
  -1.3379516543360000e+02  -1.3269525429851939e+02  -7.9332407930043214e+00  -3.9332530949202820e+00
  -1.3383018254942240e+02  -1.3273028400174204e+02  -7.9236920312516448e+00  -3.9237060925842040e+00
  -1.3386519804052980e+02  -1.3276531205325813e+02  -7.9141403475585683e+00  -3.9141561688058735e+00
  -1.3390021190848495e+02  -1.3280033845459900e+02  -7.9045857456279434e+00  -3.9046033272875253e+00
  -1.3393522415485282e+02  -1.3283536320729829e+02  -7.8950282291630911e+00  -3.8950475717318547e+00
  -1.3397023478120042e+02  -1.3287038631289164e+02  -7.8854678018677902e+00  -3.8854889058420241e+00
  -1.3400524378909705e+02  -1.3290540777291704e+02  -7.8759044674462801e+00  -3.8759273333216537e+00
  -1.3404025118011401e+02  -1.3294042758891459e+02  -7.8663382296032616e+00  -3.8663628578748215e+00
  -1.3407525695582478e+02  -1.3297544576242649e+02  -7.8567690920438897e+00  -3.8567954832060676e+00
  -1.3411026111780504e+02  -1.3301046229499730e+02  -7.8471970584737862e+00  -3.8472252130203932e+00
  -1.3414526366763249e+02  -1.3304547718817352e+02  -7.8376221325990256e+00  -3.8376520510232539e+00
  -1.3418026460688699e+02  -1.3308049044350395e+02  -7.8280443181261274e+00  -3.8280760009205519e+00
  -1.3421526393715058e+02  -1.3311550206253952e+02  -7.8184636187620846e+00  -3.8184970664186553e+00
  -1.3425026166000734e+02  -1.3315051204683331e+02  -7.8088800382143289e+00  -3.8089152512243811e+00
  -1.3428525777704354e+02  -1.3318552039794059e+02  -7.7992935801907448e+00  -3.7993305590449991e+00
  -1.3432025228984753e+02  -1.3322052711741875e+02  -7.7897042483996746e+00  -3.7897429935882303e+00
  -1.3435524520000973e+02  -1.3325553220682730e+02  -7.7801120465499070e+00  -3.7801525585622424e+00
  -1.3439023650912276e+02  -1.3329053566772797e+02  -7.7705169783506740e+00  -3.7705592576756533e+00
  -1.3442522621878129e+02  -1.3332553750168461e+02  -7.7609190475116652e+00  -3.7609630946375345e+00
  -1.3446021433058212e+02  -1.3336053771026317e+02  -7.7513182577430069e+00  -3.7513640731573918e+00
  -1.3449520084612408e+02  -1.3339553629503177e+02  -7.7417146127552749e+00  -3.7417621969451869e+00
  -1.3453018576700822e+02  -1.3343053325756074e+02  -7.7321081162594920e+00  -3.7321574697113200e+00
  -1.3456516909483759e+02  -1.3346552859942236e+02  -7.7224987719671159e+00  -3.7225498951666376e+00
  -1.3460015083121738e+02  -1.3350052232219124e+02  -7.7128865835900546e+00  -3.7129394770224264e+00
  -1.3351496983045536e+02  -1.3241495702825773e+02  -8.0095252529827317e+00  -4.0095234975736478e+00
  -1.3347993802222757e+02  -1.3237991239112512e+02  -8.0190475507204226e+00  -4.0190440404059906e+00
  -1.3344490457377549e+02  -1.3234486608709275e+02  -8.0285668895149183e+00  -4.0285616247994875e+00
  -1.3340986948356004e+02  -1.3230981811465344e+02  -8.0380832656685346e+00  -4.0380762470570843e+00
  -1.3337483275004445e+02  -1.3227476847230216e+02  -8.0475966754840709e+00  -4.0475879034821975e+00
  -1.3333979437169404e+02  -1.3223971715853622e+02  -8.0571071152648042e+00  -4.0570965903787295e+00
  -1.3330475434697635e+02  -1.3220466417185503e+02  -8.0666145813144912e+00  -4.0666023040510542e+00
  -1.3326971267436110e+02  -1.3216960951076030e+02  -8.0761190699373611e+00  -4.0761050408040260e+00
  -1.3323466935232017e+02  -1.3213455317375588e+02  -8.0856205774381422e+00  -4.0856047969429961e+00
  -1.3319962437932770e+02  -1.3209949515934798e+02  -8.0951191001220320e+00  -4.0951015687737797e+00
  -1.3316457775385993e+02  -1.3206443546604490e+02  -8.1046146342947125e+00  -4.1045953526026873e+00
  -1.3312952947439538e+02  -1.3202937409235727e+02  -8.1141071762623636e+00  -4.1140861447365165e+00
  -1.3309447953941475e+02  -1.3199431103679794e+02  -8.1235967223316408e+00  -4.1235739414825492e+00
  -1.3305942794740091e+02  -1.3195924629788200e+02  -8.1330832688096866e+00  -4.1330587391485460e+00
  -1.3302437469683895e+02  -1.3192417987412671e+02  -8.1425668120041443e+00  -4.1425405340427783e+00
  -1.3298931978621616e+02  -1.3188911176405165e+02  -8.1520473482231353e+00  -4.1520193224739863e+00
  -1.3295426321402209e+02  -1.3185404196617867e+02  -8.1615248737752779e+00  -4.1614951007514183e+00
  -1.3291920497874844e+02  -1.3181897047903180e+02  -8.1709993849696829e+00  -4.1709678651847995e+00
  -1.3288414507888916e+02  -1.3178389730113733e+02  -8.1804708781159583e+00  -4.1804376120843676e+00
  -1.3284908351294041e+02  -1.3174882243102385e+02  -8.1899393495242023e+00  -4.1899043377608418e+00
  -1.3281402027940058e+02  -1.3171374586722220e+02  -8.1994047955050124e+00  -4.1993680385254439e+00
  -1.3277895537677026e+02  -1.3167866760826544e+02  -8.2088672123694835e+00  -4.2088287106898967e+00
  -1.3274388880355227e+02  -1.3164358765268892e+02  -8.2183265964292040e+00  -4.2182863505664061e+00
  -1.3270882055825169e+02  -1.3160850599903023e+02  -8.2277829439962744e+00  -4.2277409544677003e+00
  -1.3267375063937581e+02  -1.3157342264582931e+02  -8.2372362513832851e+00  -4.2371925187069923e+00
  -1.3263867904543417e+02  -1.3153833759162828e+02  -8.2466865149033310e+00  -4.2466410395980079e+00
  -1.3260360577493850e+02  -1.3150325083497154e+02  -8.2561337308700207e+00  -4.2560865134549708e+00
  -1.3256853082640285e+02  -1.3146816237440584e+02  -8.2655778955974508e+00  -4.2655289365926059e+00
  -1.3253345419834343e+02  -1.3143307220848016e+02  -8.2750190054002388e+00  -4.2749683053261611e+00
  -1.3249837588927872e+02  -1.3139798033574567e+02  -8.2844570565935030e+00  -4.2844046159713720e+00
  -1.3355000000000001e+02  -1.3244999999999999e+02  -8.0000000000000000e+00  -4.0000000000000000e+00
