 -10.0000000    0.0168201
  -9.9800000    0.0154709
  -9.9600000    0.0138602
  -9.9400000    0.0120123
  -9.9200000    0.0099604
  -9.9000000    0.0077458
  -9.8800000    0.0054189
  -9.8600000    0.0030381
  -9.8400000    0.0006693
  -9.8200000   -0.0016170
  -9.8000000   -0.0037477
  -9.7800000   -0.0056519
  -9.7600000   -0.0072650
  -9.7400000   -0.0085335
  -9.7200000   -0.0094194
  -9.7000000   -0.0099035
  -9.6800000   -0.0099880
  -9.6600000   -0.0096968
  -9.6400000   -0.0090747
  -9.6200000   -0.0081847
  -9.6000000   -0.0071035
  -9.5800000   -0.0059165
  -9.5600000   -0.0047119
  -9.5400000   -0.0035742
  -9.5200000   -0.0025784
  -9.5000000   -0.0017848
  -9.4800000   -0.0012346
  -9.4600000   -0.0009475
  -9.4400000   -0.0009201
  -9.4200000   -0.0011266
  -9.4000000   -0.0015207
  -9.3800000   -0.0020397
  -9.3600000   -0.0026091
  -9.3400000   -0.0031484
  -9.3200000   -0.0035778
  -9.3000000   -0.0038242
  -9.2800000   -0.0038273
  -9.2600000   -0.0035438
  -9.2400000   -0.0029513
  -9.2200000   -0.0020498
  -9.2000000   -0.0008617
  -9.1800000    0.0005699
  -9.1600000    0.0021843
  -9.1400000    0.0039076
  -9.1200000    0.0056581
  -9.1000000    0.0073515
  -9.0800000    0.0089066
  -9.0600000    0.0102503
  -9.0400000    0.0113222
  -9.0200000    0.0120776
  -9.0000000    0.0124901
  -8.9800000    0.0125526
  -8.9600000    0.0122772
  -8.9400000    0.0116939
  -8.9200000    0.0108483
  -8.9000000    0.0097989
  -8.8800000    0.0086126
  -8.8600000    0.0073614
  -8.8400000    0.0061170
  -8.8200000    0.0049471
  -8.8000000    0.0039109
  -8.7800000    0.0030560
  -8.7600000    0.0024150
  -8.7400000    0.0020046
  -8.7200000    0.0018249
  -8.7000000    0.0018602
  -8.6800000    0.0020813
  -8.6600000    0.0024486
  -8.6400000    0.0029162
  -8.6200000    0.0034359
  -8.6000000    0.0039617
  -8.5800000    0.0044534
  -8.5600000    0.0048790
  -8.5400000    0.0052165
  -8.5200000    0.0054545
  -8.5000000    0.0055909
  -8.4800000    0.0056315
  -8.4600000    0.0055881
  -8.4400000    0.0054752
  -8.4200000    0.0053083
  -8.4000000    0.0051016
  -8.3800000    0.0048663
  -8.3600000    0.0046100
  -8.3400000    0.0043364
  -8.3200000    0.0040456
  -8.3000000    0.0037351
  -8.2800000    0.0034010
  -8.2600000    0.0030401
  -8.2400000    0.0026507
  -8.2200000    0.0022346
  -8.2000000    0.0017980
  -8.1800000    0.0013522
  -8.1600000    0.0009131
  -8.1400000    0.0005006
  -8.1200000    0.0001372
  -8.1000000   -0.0001539
  -8.0800000   -0.0003507
  -8.0600000   -0.0004346
  -8.0400000   -0.0003912
  -8.0200000   -0.0002120
  -8.0000000    0.0001059
  -7.9800000    0.0005596
  -7.9600000    0.0011413
  -7.9400000    0.0018393
  -7.9200000    0.0026387
  -7.9000000    0.0035224
  -7.8800000    0.0044719
  -7.8600000    0.0054675
  -7.8400000    0.0064892
  -7.8200000    0.0075168
  -7.8000000    0.0085310
  -7.7800000    0.0095140
  -7.7600000    0.0104509
  -7.7400000    0.0113298
  -7.7200000    0.0121434
  -7.7000000    0.0128889
  -7.6800000    0.0135674
  -7.6600000    0.0141833
  -7.6400000    0.0147426
  -7.6200000    0.0152509
  -7.6000000    0.0157111
  -7.5800000    0.0161223
  -7.5600000    0.0164782
  -7.5400000    0.0167673
  -7.5200000    0.0169738
  -7.5000000    0.0170794
  -7.4800000    0.0170656
  -7.4600000    0.0169166
  -7.4400000    0.0166211
  -7.4200000    0.0161742
  -7.4000000    0.0155775
  -7.3800000    0.0148380
  -7.3600000    0.0139658
  -7.3400000    0.0129709
  -7.3200000    0.0118598
  -7.3000000    0.0106319
  -7.2800000    0.0092773
  -7.2600000    0.0077758
  -7.2400000    0.0060975
  -7.2200000    0.0042050
  -7.2000000    0.0020574
  -7.1800000   -0.0003853
  -7.1600000   -0.0031574
  -7.1400000   -0.0062833
  -7.1200000   -0.0097735
  -7.1000000   -0.0136228
  -7.0800000   -0.0178094
  -7.0600000   -0.0222951
  -7.0400000   -0.0270267
  -7.0200000   -0.0319379
  -7.0000000   -0.0369512
  -6.9800000   -0.0419796
  -6.9600000   -0.0469292
  -6.9400000   -0.0517001
  -6.9200000   -0.0561893
  -6.9000000   -0.0602922
  -6.8800000   -0.0639057
  -6.8600000   -0.0669310
  -6.8400000   -0.0692774
  -6.8200000   -0.0708654
  -6.8000000   -0.0716304
  -6.7800000   -0.0715252
  -6.7600000   -0.0705228
  -6.7400000   -0.0686170
  -6.7200000   -0.0658237
  -6.7000000   -0.0621801
  -6.6800000   -0.0577435
  -6.6600000   -0.0525899
  -6.6400000   -0.0468112
  -6.6200000   -0.0405120
  -6.6000000   -0.0338060
  -6.5800000   -0.0268118
  -6.5600000   -0.0196490
  -6.5400000   -0.0124336
  -6.5200000   -0.0052751
  -6.5000000    0.0017269
  -6.4800000    0.0084841
  -6.4600000    0.0149200
  -6.4400000    0.0209696
  -6.4200000    0.0265782
  -6.4000000    0.0316996
  -6.3800000    0.0362947
  -6.3600000    0.0403301
  -6.3400000    0.0437781
  -6.3200000    0.0466166
  -6.3000000    0.0488299
  -6.2800000    0.0504105
  -6.2600000    0.0513595
  -6.2400000    0.0516879
  -6.2200000    0.0514170
  -6.2000000    0.0505769
  -6.1800000    0.0492060
  -6.1600000    0.0473490
  -6.1400000    0.0450542
  -6.1200000    0.0423723
  -6.1000000    0.0393541
  -6.0800000    0.0360494
  -6.0600000    0.0325066
  -6.0400000    0.0287727
  -6.0200000    0.0248938
  -6.0000000    0.0209158
  -5.9800000    0.0168853
  -5.9600000    0.0128506
  -5.9400000    0.0088618
  -5.9200000    0.0049712
  -5.9000000    0.0012322
  -5.8800000   -0.0023014
  -5.8600000   -0.0055770
  -5.8400000   -0.0085457
  -5.8200000   -0.0111643
  -5.8000000   -0.0133977
  -5.7800000   -0.0152209
  -5.7600000   -0.0166208
  -5.7400000   -0.0175972
  -5.7200000   -0.0181626
  -5.7000000   -0.0183420
  -5.6800000   -0.0181705
  -5.6600000   -0.0176915
  -5.6400000   -0.0169533
  -5.6200000   -0.0160062
  -5.6000000   -0.0148994
  -5.5800000   -0.0136779
  -5.5600000   -0.0123810
  -5.5400000   -0.0110410
  -5.5200000   -0.0096828
  -5.5000000   -0.0083253
  -5.4800000   -0.0069827
  -5.4600000   -0.0056671
  -5.4400000   -0.0043906
  -5.4200000   -0.0031682
  -5.4000000   -0.0020192
  -5.3800000   -0.0009689
  -5.3600000   -0.0000483
  -5.3400000    0.0007070
  -5.3200000    0.0012587
  -5.3000000    0.0015691
  -5.2800000    0.0016051
  -5.2600000    0.0013422
  -5.2400000    0.0007679
  -5.2200000   -0.0001143
  -5.2000000   -0.0012840
  -5.1800000   -0.0027030
  -5.1600000   -0.0043168
  -5.1400000   -0.0060581
  -5.1200000   -0.0078514
  -5.1000000   -0.0096186
  -5.0800000   -0.0112857
  -5.0600000   -0.0127881
  -5.0400000   -0.0140763
  -5.0200000   -0.0151193
  -5.0000000   -0.0159060
  -4.9800000   -0.0164456
  -4.9600000   -0.0167647
  -4.9400000   -0.0169047
  -4.9200000   -0.0169161
  -4.9000000   -0.0168537
  -4.8800000   -0.0167714
  -4.8600000   -0.0167165
  -4.8400000   -0.0167262
  -4.8200000   -0.0168233
  -4.8000000   -0.0170147
  -4.7800000   -0.0172900
  -4.7600000   -0.0176213
  -4.7400000   -0.0179657
  -4.7200000   -0.0182672
  -4.7000000   -0.0184612
  -4.6800000   -0.0184793
  -4.6600000   -0.0182553
  -4.6400000   -0.0177304
  -4.6200000   -0.0168594
  -4.6000000   -0.0156152
  -4.5800000   -0.0139917
  -4.5600000   -0.0120060
  -4.5400000   -0.0096979
  -4.5200000   -0.0071271
  -4.5000000   -0.0043698
  -4.4800000   -0.0015129
  -4.4600000    0.0013518
  -4.4400000    0.0041343
  -4.4200000    0.0067515
  -4.4000000    0.0091324
  -4.3800000    0.0112217
  -4.3600000    0.0129818
  -4.3400000    0.0143932
  -4.3200000    0.0154541
  -4.3000000    0.0161785
  -4.2800000    0.0165938
  -4.2600000    0.0167378
  -4.2400000    0.0166554
  -4.2200000    0.0163960
  -4.2000000    0.0160106
  -4.1800000    0.0155490
  -4.1600000    0.0150582
  -4.1400000    0.0145807
  -4.1200000    0.0141535
  -4.1000000    0.0138071
  -4.0800000    0.0135652
  -4.0600000    0.0134441
  -4.0400000    0.0134526
  -4.0200000    0.0135915
  -4.0000000    0.0138535
  -3.9800000    0.0142225
  -3.9600000    0.0146740
  -3.9400000    0.0151749
  -3.9200000    0.0156842
  -3.9000000    0.0161551
  -3.8800000    0.0165364
  -3.8600000    0.0167757
  -3.8400000    0.0168225
  -3.8200000    0.0166321
  -3.8000000    0.0161678
  -3.7800000    0.0154044
  -3.7600000    0.0143289
  -3.7400000    0.0129419
  -3.7200000    0.0112559
  -3.7000000    0.0092952
  -3.6800000    0.0070930
  -3.6600000    0.0046903
  -3.6400000    0.0021340
  -3.6200000   -0.0005240
  -3.6000000   -0.0032272
  -3.5800000   -0.0059146
  -3.5600000   -0.0085204
  -3.5400000   -0.0109746
  -3.5200000   -0.0132038
  -3.5000000   -0.0151339
  -3.4800000   -0.0166933
  -3.4600000   -0.0178177
  -3.4400000   -0.0184557
  -3.4200000   -0.0185741
  -3.4000000   -0.0181631
  -3.3800000   -0.0172396
  -3.3600000   -0.0158489
  -3.3400000   -0.0140637
  -3.3200000   -0.0119804
  -3.3000000   -0.0097139
  -3.2800000   -0.0073889
  -3.2600000   -0.0051320
  -3.2400000   -0.0030623
  -3.2200000   -0.0012828
  -3.2000000    0.0001256
  -3.1800000    0.0011094
  -3.1600000    0.0016436
  -3.1400000    0.0017309
  -3.1200000    0.0013982
  -3.1000000    0.0006911
  -3.0800000   -0.0003330
  -3.0600000   -0.0016122
  -3.0400000   -0.0030868
  -3.0200000   -0.0047049
  -3.0000000   -0.0064256
  -2.9800000   -0.0082210
  -2.9600000   -0.0100755
  -2.9400000   -0.0119833
  -2.9200000   -0.0139451
  -2.9000000   -0.0159633
  -2.8800000   -0.0180388
  -2.8600000   -0.0201668
  -2.8400000   -0.0223348
  -2.8200000   -0.0245217
  -2.8000000   -0.0266973
  -2.7800000   -0.0288239
  -2.7600000   -0.0308581
  -2.7400000   -0.0327529
  -2.7200000   -0.0344602
  -2.7000000   -0.0359327
  -2.6800000   -0.0371263
  -2.6600000   -0.0380015
  -2.6400000   -0.0385247
  -2.6200000   -0.0386698
  -2.6000000   -0.0384184
  -2.5800000   -0.0377609
  -2.5600000   -0.0366961
  -2.5400000   -0.0352316
  -2.5200000   -0.0333825
  -2.5000000   -0.0311714
  -2.4800000   -0.0286270
  -2.4600000   -0.0257829
  -2.4400000   -0.0226770
  -2.4200000   -0.0193502
  -2.4000000   -0.0158457
  -2.3800000   -0.0122080
  -2.3600000   -0.0084819
  -2.3400000   -0.0047112
  -2.3200000   -0.0009378
  -2.3000000    0.0028002
  -2.2800000    0.0064693
  -2.2600000    0.0100416
  -2.2400000    0.0134950
  -2.2200000    0.0168122
  -2.2000000    0.0199789
  -2.1800000    0.0229818
  -2.1600000    0.0258052
  -2.1400000    0.0284287
  -2.1200000    0.0308247
  -2.1000000    0.0329580
  -2.0800000    0.0347870
  -2.0600000    0.0362660
  -2.0400000    0.0373502
  -2.0200000    0.0380014
  -2.0000000    0.0381938
  -1.9800000    0.0379194
  -1.9600000    0.0371923
  -1.9400000    0.0360502
  -1.9200000    0.0345538
  -1.9000000    0.0327834
  -1.8800000    0.0308330
  -1.8600000    0.0288036
  -1.8400000    0.0267949
  -1.8200000    0.0248977
  -1.8000000    0.0231878
  -1.7800000    0.0217206
  -1.7600000    0.0205282
  -1.7400000    0.0196195
  -1.7200000    0.0189804
  -1.7000000    0.0185780
  -1.6800000    0.0183638
  -1.6600000    0.0182800
  -1.6400000    0.0182642
  -1.6200000    0.0182553
  -1.6000000    0.0181984
  -1.5800000    0.0180492
  -1.5600000    0.0177768
  -1.5400000    0.0173654
  -1.5200000    0.0168142
  -1.5000000    0.0161359
  -1.4800000    0.0153538
  -1.4600000    0.0144979
  -1.4400000    0.0136006
  -1.4200000    0.0126923
  -1.4000000    0.0117980
  -1.3800000    0.0109349
  -1.3600000    0.0101109
  -1.3400000    0.0093250
  -1.3200000    0.0085681
  -1.3000000    0.0078250
  -1.2800000    0.0070766
  -1.2600000    0.0063007
  -1.2400000    0.0054738
  -1.2200000    0.0045712
  -1.2000000    0.0035659
  -1.1800000    0.0024284
  -1.1600000    0.0011247
  -1.1400000   -0.0003841
  -1.1200000   -0.0021428
  -1.1000000   -0.0042015
  -1.0800000   -0.0066140
  -1.0600000   -0.0094360
  -1.0400000   -0.0127212
  -1.0200000   -0.0165180
  -1.0000000   -0.0208652
  -0.9800000   -0.0257876
  -0.9600000   -0.0312922
  -0.9400000   -0.0373643
  -0.9200000   -0.0439653
  -0.9000000   -0.0510297
  -0.8800000   -0.0584642
  -0.8600000   -0.0661479
  -0.8400000   -0.0739328
  -0.8200000   -0.0816467
  -0.8000000   -0.0890977
  -0.7800000   -0.0960794
  -0.7600000   -0.1023793
  -0.7400000   -0.1077870
  -0.7200000   -0.1121046
  -0.7000000   -0.1151563
  -0.6800000   -0.1167987
  -0.6600000   -0.1169290
  -0.6400000   -0.1154912
  -0.6200000   -0.1124804
  -0.6000000   -0.1079435
  -0.5800000   -0.1019772
  -0.5600000   -0.0947227
  -0.5400000   -0.0863584
  -0.5200000   -0.0770901
  -0.5000000   -0.0671402
  -0.4800000   -0.0567365
  -0.4600000   -0.0461006
  -0.4400000   -0.0354380
  -0.4200000   -0.0249280
  -0.4000000   -0.0147169
  -0.3800000   -0.0049116
  -0.3600000    0.0044248
  -0.3400000    0.0132746
  -0.3200000    0.0216670
  -0.3000000    0.0296765
  -0.2800000    0.0374201
  -0.2600000    0.0450528
  -0.2400000    0.0527605
  -0.2200000    0.0607514
  -0.2000000    0.0692435
  -0.1800000    0.0784507
  -0.1600000    0.0885655
  -0.1400000    0.0997395
  -0.1200000    0.1120626
  -0.1000000    0.1255425
  -0.0800000    0.1400858
  -0.0600000    0.1554840
  -0.0400000    0.1714062
  -0.0200000    0.1874017
   0.0000000    0.2029139
   0.0200000    0.2173059
   0.0400000    0.2298987
   0.0600000    0.2400181
   0.0800000    0.2470472
   0.1000000    0.2504794
   0.1200000    0.2499665
   0.1400000    0.2453545
   0.1600000    0.2367051
   0.1800000    0.2242968
   0.2000000    0.2086085
   0.2200000    0.1902829
   0.2400000    0.1700786
   0.2600000    0.1488115
   0.2800000    0.1272961
   0.3000000    0.1062901
   0.3200000    0.0864492
   0.3400000    0.0682944
   0.3600000    0.0521955
   0.3800000    0.0383683
   0.4000000    0.0268857
   0.4200000    0.0176980
   0.4400000    0.0106597
   0.4600000    0.0055578
   0.4800000    0.0021401
   0.5000000    0.0001388
   0.5200000   -0.0007105
   0.5400000   -0.0006565
   0.5600000    0.0000751
   0.5800000    0.0012835
   0.6000000    0.0027916
   0.6200000    0.0044425
   0.6400000    0.0060954
   0.6600000    0.0076224
   0.6800000    0.0089061
   0.7000000    0.0098393
   0.7200000    0.0103261
   0.7400000    0.0102841
   0.7600000    0.0096473
   0.7800000    0.0083682
   0.8000000    0.0064202
   0.8200000    0.0037976
   0.8400000    0.0005150
   0.8600000   -0.0033952
   0.8800000   -0.0078848
   0.9000000   -0.0128936
   0.9200000   -0.0183520
   0.9400000   -0.0241829
   0.9600000   -0.0303029
   0.9800000   -0.0366228
   1.0000000   -0.0430467
   1.0200000   -0.0494722
   1.0400000   -0.0557898
   1.0600000   -0.0618841
   1.0800000   -0.0676356
   1.1000000   -0.0729242
   1.1200000   -0.0776341
   1.1400000   -0.0816583
   1.1600000   -0.0849051
   1.1800000   -0.0873028
   1.2000000   -0.0888039
   1.2200000   -0.0893877
   1.2400000   -0.0890610
   1.2600000   -0.0878570
   1.2800000   -0.0858318
   1.3000000   -0.0830599
   1.3200000   -0.0796285
   1.3400000   -0.0756313
   1.3600000   -0.0711627
   1.3800000   -0.0663122
   1.4000000   -0.0611609
   1.4200000   -0.0557785
   1.4400000   -0.0502217
   1.4600000   -0.0445348
   1.4800000   -0.0387497
   1.5000000   -0.0328874
   1.5200000   -0.0269585
   1.5400000   -0.0209641
   1.5600000   -0.0148960
   1.5800000   -0.0087358
   1.6000000   -0.0024546
   1.6200000    0.0039868
   1.6400000    0.0106381
   1.6600000    0.0175568
   1.6800000    0.0248042
   1.7000000    0.0324400
   1.7200000    0.0405138
   1.7400000    0.0490567
   1.7600000    0.0580711
   1.7800000    0.0675222
   1.8000000    0.0773306
   1.8200000    0.0873686
   1.8400000    0.0974600
   1.8600000    0.1073850
   1.8800000    0.1168893
   1.9000000    0.1256977
   1.9200000    0.1335310
   1.9400000    0.1401245
   1.9600000    0.1452465
   1.9800000    0.1487149
   2.0000000    0.1504103
   2.0200000    0.1502841
   2.0400000    0.1483617
   2.0600000    0.1447390
   2.0800000    0.1395743
   2.1000000    0.1330760
   2.1200000    0.1254871
   2.1400000    0.1170692
   2.1600000    0.1080867
   2.1800000    0.0987926
   2.2000000    0.0894174
   2.2200000    0.0801615
   2.2400000    0.0711906
   2.2600000    0.0626341
   2.2800000    0.0545862
   2.3000000    0.0471081
   2.3200000    0.0402315
   2.3400000    0.0339620
   2.3600000    0.0282819
   2.3800000    0.0231535
   2.4000000    0.0185209
   2.4200000    0.0143127
   2.4400000    0.0104442
   2.4600000    0.0068205
   2.4800000    0.0033401
   2.5000000   -0.0001002
   2.5200000   -0.0036001
   2.5400000   -0.0072499
   2.5600000   -0.0111242
   2.5800000   -0.0152764
   2.6000000   -0.0197340
   2.6200000   -0.0244951
   2.6400000   -0.0295265
   2.6600000   -0.0347642
   2.6800000   -0.0401154
   2.7000000   -0.0454621
   2.7200000   -0.0506669
   2.7400000   -0.0555793
   2.7600000   -0.0600436
   2.7800000   -0.0639068
   2.8000000   -0.0670271
   2.8200000   -0.0692822
   2.8400000   -0.0705769
   2.8600000   -0.0708500
   2.8800000   -0.0700795
   2.9000000   -0.0682855
   2.9200000   -0.0655314
   2.9400000   -0.0619216
   2.9600000   -0.0575962
   2.9800000   -0.0527233
   3.0000000   -0.0474887
   3.0200000   -0.0420840
   3.0400000   -0.0366942
   3.0600000   -0.0314854
   3.0800000   -0.0265949
   3.1000000   -0.0221228
   3.1200000   -0.0181280
   3.1400000   -0.0146268
   3.1600000   -0.0115961
   3.1800000   -0.0089792
   3.2000000   -0.0066942
   3.2200000   -0.0046445
   3.2400000   -0.0027297
   3.2600000   -0.0008552
   3.2800000    0.0010584
   3.3000000    0.0030687
   3.3200000    0.0052074
   3.3400000    0.0074791
   3.3600000    0.0098621
   3.3800000    0.0123121
   3.4000000    0.0147672
   3.4200000    0.0171541
   3.4400000    0.0193953
   3.4600000    0.0214155
   3.4800000    0.0231484
   3.5000000    0.0245418
   3.5200000    0.0255619
   3.5400000    0.0261949
   3.5600000    0.0264479
   3.5800000    0.0263470
   3.6000000    0.0259333
   3.6200000    0.0252577
   3.6400000    0.0243747
   3.6600000    0.0233355
   3.6800000    0.0221821
   3.7000000    0.0209433
   3.7200000    0.0196319
   3.7400000    0.0182459
   3.7600000    0.0167714
   3.7800000    0.0151886
   3.8000000    0.0134785
   3.8200000    0.0116306
   3.8400000    0.0096494
   3.8600000    0.0075589
   3.8800000    0.0054044
   3.9000000    0.0032509
   3.9200000    0.0011787
   3.9400000   -0.0007236
   3.9600000   -0.0023680
   3.9800000   -0.0036762
   4.0000000   -0.0045880
   4.0200000   -0.0050679
   4.0400000   -0.0051096
   4.0600000   -0.0047376
   4.0800000   -0.0040055
   4.1000000   -0.0029926
   4.1200000   -0.0017983
   4.1400000   -0.0005352
   4.1600000    0.0006772
   4.1800000    0.0017200
   4.2000000    0.0024802
   4.2200000    0.0028556
   4.2400000    0.0027588
   4.2600000    0.0021202
   4.2800000    0.0008898
   4.3000000   -0.0009607
   4.3200000   -0.0034362
   4.3400000   -0.0065169
   4.3600000   -0.0101571
   4.3800000   -0.0142851
   4.4000000   -0.0188033
   4.4200000   -0.0235907
   4.4400000   -0.0285071
   4.4600000   -0.0333986
   4.4800000   -0.0381059
   4.5000000   -0.0424735
   4.5200000   -0.0463590
   4.5400000   -0.0496431
   4.5600000   -0.0522375
   4.5800000   -0.0540903
   4.6000000   -0.0551898
   4.6200000   -0.0555631
   4.6400000   -0.0552737
   4.6600000   -0.0544144
   4.6800000   -0.0531003
   4.7000000   -0.0514586
   4.7200000   -0.0496205
   4.7400000   -0.0477123
   4.7600000   -0.0458487
   4.7800000   -0.0441275
   4.8000000   -0.0426261
   4.8200000   -0.0413999
   4.8400000   -0.0404816
   4.8600000   -0.0398817
   4.8800000   -0.0395899
   4.9000000   -0.0395759
   4.9200000   -0.0397917
   4.9400000   -0.0401734
   4.9600000   -0.0406432
   4.9800000   -0.0411120
   5.0000000   -0.0414832
   5.0200000   -0.0416561
   5.0400000   -0.0415311
   5.0600000   -0.0410148
   5.0800000   -0.0400267
   5.1000000   -0.0385043
   5.1200000   -0.0364096
   5.1400000   -0.0337331
   5.1600000   -0.0304972
   5.1800000   -0.0267570
   5.2000000   -0.0225987
   5.2200000   -0.0181350
   5.2400000   -0.0134995
   5.2600000   -0.0088375
   5.2800000   -0.0042970
   5.3000000   -0.0000189
   5.3200000    0.0038711
   5.3400000    0.0072704
   5.3600000    0.0101036
   5.3800000    0.0123253
   5.4000000    0.0139195
   5.4200000    0.0148976
   5.4400000    0.0152941
   5.4600000    0.0151613
   5.4800000    0.0145636
   5.5000000    0.0135718
   5.5200000    0.0122574
   5.5400000    0.0106882
   5.5600000    0.0089238
   5.5800000    0.0070132
   5.6000000    0.0049922
   5.6200000    0.0028831
   5.6400000    0.0006950
   5.6600000   -0.0015753
   5.6800000   -0.0039402
   5.7000000   -0.0064186
   5.7200000   -0.0090321
   5.7400000   -0.0118017
   5.7600000   -0.0147440
   5.7800000   -0.0178686
   5.8000000   -0.0211754
   5.8200000   -0.0246534
   5.8400000   -0.0282796
   5.8600000   -0.0320182
   5.8800000   -0.0358209
   5.9000000   -0.0396264
   5.9200000   -0.0433617
   5.9400000   -0.0469425
   5.9600000   -0.0502750
   5.9800000   -0.0532581
   6.0000000   -0.0557870
   6.0200000   -0.0577569
   6.0400000   -0.0590688
   6.0600000   -0.0596342
   6.0800000   -0.0593813
   6.1000000   -0.0582600
   6.1200000   -0.0562462
   6.1400000   -0.0533447
   6.1600000   -0.0495899
   6.1800000   -0.0450448
   6.2000000   -0.0397983
   6.2200000   -0.0339598
   6.2400000   -0.0276529
   6.2600000   -0.0210092
   6.2800000   -0.0141603
   6.3000000   -0.0072321
   6.3200000   -0.0003392
   6.3400000    0.0064182
   6.3600000    0.0129560
   6.3800000    0.0192062
   6.4000000    0.0251144
   6.4200000    0.0306376
   6.4400000    0.0357407
   6.4600000    0.0403938
   6.4800000    0.0445701
   6.5000000    0.0482453
   6.5200000    0.0513982
   6.5400000    0.0540121
   6.5600000    0.0560776
   6.5800000    0.0575949
   6.6000000    0.0585759
   6.6200000    0.0590451
   6.6400000    0.0590388
   6.6600000    0.0586038
   6.6800000    0.0577935
   6.7000000    0.0566643
   6.7200000    0.0552711
   6.7400000    0.0536635
   6.7600000    0.0518829
   6.7800000    0.0499612
   6.8000000    0.0479209
   6.8200000    0.0457762
   6.8400000    0.0435362
   6.8600000    0.0412077
   6.8800000    0.0387982
   6.9000000    0.0363192
   6.9200000    0.0337870
   6.9400000    0.0312241
   6.9600000    0.0286579
   6.9800000    0.0261195
   7.0000000    0.0236416
   7.0200000    0.0212559
   7.0400000    0.0189915
   7.0600000    0.0168731
   7.0800000    0.0149206
   7.1000000    0.0131489
   7.1200000    0.0115687
   7.1400000    0.0101878
   7.1600000    0.0090123
   7.1800000    0.0080471
   7.2000000    0.0072976
   7.2200000    0.0067688
   7.2400000    0.0064657
   7.2600000    0.0063920
   7.2800000    0.0065497
   7.3000000    0.0069376
   7.3200000    0.0075501
   7.3400000    0.0083768
   7.3600000    0.0094013
   7.3800000    0.0106009
   7.4000000    0.0119460
   7.4200000    0.0134003
   7.4400000    0.0149201
   7.4600000    0.0164549
   7.4800000    0.0179480
   7.5000000    0.0193368
   7.5200000    0.0205551
   7.5400000    0.0215347
   7.5600000    0.0222088
   7.5800000    0.0225158
   7.6000000    0.0224033
   7.6200000    0.0218327
   7.6400000    0.0207835
   7.6600000    0.0192565
   7.6800000    0.0172759
   7.7000000    0.0148902
   7.7200000    0.0121703
   7.7400000    0.0092066
   7.7600000    0.0061039
   7.7800000    0.0029753
   7.8000000   -0.0000652
   7.8200000   -0.0029090
   7.8400000   -0.0054597
   7.8600000   -0.0076384
   7.8800000   -0.0093870
   7.9000000   -0.0106711
   7.9200000   -0.0114803
   7.9400000   -0.0118272
   7.9600000   -0.0117456
   7.9800000   -0.0112871
   8.0000000   -0.0105170
   8.0200000   -0.0095097
   8.0400000   -0.0083433
   8.0600000   -0.0070945
   8.0800000   -0.0058328
   8.1000000   -0.0046158
   8.1200000   -0.0034845
   8.1400000   -0.0024606
   8.1600000   -0.0015449
   8.1800000   -0.0007169
   8.2000000    0.0000625
   8.2200000    0.0008473
   8.2400000    0.0017012
   8.2600000    0.0026909
   8.2800000    0.0038785
   8.3000000    0.0053150
   8.3200000    0.0070332
   8.3400000    0.0090428
   8.3600000    0.0113268
   8.3800000    0.0138403
   8.4000000    0.0165114
   8.4200000    0.0192449
   8.4400000    0.0219274
   8.4600000    0.0244350
   8.4800000    0.0266415
   8.5000000    0.0284269
   8.5200000    0.0296867
   8.5400000    0.0303384
   8.5600000    0.0303281
   8.5800000    0.0296335
   8.6000000    0.0282657
   8.6200000    0.0262677
   8.6400000    0.0237110
   8.6600000    0.0206901
   8.6800000    0.0173164
   8.7000000    0.0137100
   8.7200000    0.0099924
   8.7400000    0.0062796
   8.7600000    0.0026751
   8.7800000   -0.0007343
   8.8000000   -0.0038822
   8.8200000   -0.0067242
   8.8400000   -0.0092374
   8.8600000   -0.0114191
   8.8800000   -0.0132827
   8.9000000   -0.0148541
   8.9200000   -0.0161660
   8.9400000   -0.0172531
   8.9600000   -0.0181464
   8.9800000   -0.0188696
   9.0000000   -0.0194355
   9.0200000   -0.0198450
   9.0400000   -0.0200867
   9.0600000   -0.0201398
   9.0800000   -0.0199770
   9.1000000   -0.0195696
   9.1200000   -0.0188925
   9.1400000   -0.0179294
   9.1600000   -0.0166776
   9.1800000   -0.0151502
   9.2000000   -0.0133781
   9.2200000   -0.0114091
   9.2400000   -0.0093053
   9.2600000   -0.0071390
   9.2800000   -0.0049876
   9.3000000   -0.0029279
   9.3200000   -0.0010296
   9.3400000    0.0006490
   9.3600000    0.0020661
   9.3800000    0.0031985
   9.4000000    0.0040434
   9.4200000    0.0046167
   9.4400000    0.0049517
   9.4600000    0.0050941
   9.4800000    0.0050973
   9.5000000    0.0050165
   9.5200000    0.0049031
   9.5400000    0.0047994
   9.5600000    0.0047349
   9.5800000    0.0047242
   9.6000000    0.0047669
   9.6200000    0.0048491
   9.6400000    0.0049471
   9.6600000    0.0050314
   9.6800000    0.0050716
   9.7000000    0.0050409
   9.7200000    0.0049197
   9.7400000    0.0046977
   9.7600000    0.0043750
   9.7800000    0.0039610
   9.8000000    0.0034732
   9.8200000    0.0029342
   9.8400000    0.0023692
   9.8600000    0.0018034
   9.8800000    0.0012603
   9.9000000    0.0007608
   9.9200000    0.0003228
   9.9400000   -0.0000376
   9.9600000   -0.0003050
   9.9800000   -0.0004639
  10.0000000   -0.0004970
  10.0200000   -0.0003856
  10.0400000   -0.0001098
  10.0600000    0.0003496
  10.0800000    0.0010095
  10.1000000    0.0018810
  10.1200000    0.0029670
  10.1400000    0.0042602
  10.1600000    0.0057409
  10.1800000    0.0073772
  10.2000000    0.0091255
  10.2200000    0.0109329
  10.2400000    0.0127400
  10.2600000    0.0144848
  10.2800000    0.0161065
  10.3000000    0.0175493
  10.3200000    0.0187654
  10.3400000    0.0197170
  10.3600000    0.0203776
  10.3800000    0.0207322
  10.4000000    0.0207761
  10.4200000    0.0205147
  10.4400000    0.0199613
  10.4600000    0.0191361
  10.4800000    0.0180650
  10.5000000    0.0167789
  10.5200000    0.0153130
  10.5400000    0.0137061
  10.5600000    0.0120002
  10.5800000    0.0102398
  10.6000000    0.0084704
  10.6200000    0.0067372
  10.6400000    0.0050833
  10.6600000    0.0035481
  10.6800000    0.0021653
  10.7000000    0.0009615
  10.7200000   -0.0000446
  10.7400000   -0.0008431
  10.7600000   -0.0014326
  10.7800000   -0.0018197
  10.8000000   -0.0020183
  10.8200000   -0.0020481
  10.8400000   -0.0019332
  10.8600000   -0.0017002
  10.8800000   -0.0013764
  10.9000000   -0.0009879
  10.9200000   -0.0005573
  10.9400000   -0.0001024
  10.9600000    0.0003656
  10.9800000    0.0008435
  11.0000000    0.0013361
  11.0200000    0.0018562
  11.0400000    0.0024238
  11.0600000    0.0030640
  11.0800000    0.0038049
  11.1000000    0.0046738
  11.1200000    0.0056946
  11.1400000    0.0068835
  11.1600000    0.0082460
  11.1800000    0.0097742
  11.2000000    0.0114449
  11.2200000    0.0132192
  11.2400000    0.0150431
  11.2600000    0.0168499
  11.2800000    0.0185640
  11.3000000    0.0201060
  11.3200000    0.0213978
  11.3400000    0.0223689
  11.3600000    0.0229614
  11.3800000    0.0231353
  11.4000000    0.0228704
  11.4200000    0.0221685
  11.4400000    0.0210521
  11.4600000    0.0195620
  11.4800000    0.0177532
  11.5000000    0.0156894
  11.5200000    0.0134377
  11.5400000    0.0110627
  11.5600000    0.0086219
  11.5800000    0.0061624
  11.6000000    0.0037188
  11.6200000    0.0013133
  11.6400000   -0.0010427
  11.6600000   -0.0033455
  11.6800000   -0.0055952
  11.7000000   -0.0077913
  11.7200000   -0.0099283
  11.7400000   -0.0119928
  11.7600000   -0.0139611
  11.7800000   -0.0157988
  11.8000000   -0.0174619
  11.8200000   -0.0188999
  11.8400000   -0.0200586
  11.8600000   -0.0208852
  11.8800000   -0.0213316
  11.9000000   -0.0213581
  11.9200000   -0.0209357
  11.9400000   -0.0200470
  11.9600000   -0.0186861
  11.9800000   -0.0168574
  12.0000000   -0.0145733
  12.0200000   -0.0118526
  12.0400000   -0.0087178
  12.0600000   -0.0051942
  12.0800000   -0.0013089
  12.1000000    0.0029094
  12.1200000    0.0074293
  12.1400000    0.0122156
  12.1600000    0.0172276
  12.1800000    0.0224174
  12.2000000    0.0277281
  12.2200000    0.0330926
  12.2400000    0.0384330
  12.2600000    0.0436604
  12.2800000    0.0486767
  12.3000000    0.0533759
  12.3200000    0.0576487
  12.3400000    0.0613863
  12.3600000    0.0644868
  12.3800000    0.0668606
  12.4000000    0.0684373
  12.4200000    0.0691708
  12.4400000    0.0690436
  12.4600000    0.0680694
  12.4800000    0.0662928
  12.5000000    0.0637867
  12.5200000    0.0606474
  12.5400000    0.0569873
  12.5600000    0.0529266
  12.5800000    0.0485842
  12.6000000    0.0440695
  12.6200000    0.0394746
  12.6400000    0.0348695
  12.6600000    0.0302995
  12.6800000    0.0257850
  12.7000000    0.0213244
  12.7200000    0.0168986
  12.7400000    0.0124780
  12.7600000    0.0080287
  12.7800000    0.0035205
  12.8000000   -0.0010672
  12.8200000   -0.0057399
  12.8400000   -0.0104852
  12.8600000   -0.0152707
  12.8800000   -0.0200450
  12.9000000   -0.0247396
  12.9200000   -0.0292723
  12.9400000   -0.0335520
  12.9600000   -0.0374837
  12.9800000   -0.0409739
  13.0000000   -0.0439358
  13.0200000   -0.0462942
  13.0400000   -0.0479896
  13.0600000   -0.0489821
  13.0800000   -0.0492528
  13.1000000   -0.0488060
  13.1200000   -0.0476682
  13.1400000   -0.0458869
  13.1600000   -0.0435281
  13.1800000   -0.0406722
  13.2000000   -0.0374097
  13.2200000   -0.0338364
  13.2400000   -0.0300486
  13.2600000   -0.0261395
  13.2800000   -0.0221950
  13.3000000   -0.0182919
  13.3200000   -0.0144954
  13.3400000   -0.0108586
  13.3600000   -0.0074214
  13.3800000   -0.0042103
  13.4000000   -0.0012384
  13.4200000    0.0014950
  13.4400000    0.0040037
  13.4600000    0.0063135
  13.4800000    0.0084611
  13.5000000    0.0104909
  13.5200000    0.0124517
  13.5400000    0.0143924
  13.5600000    0.0163564
  13.5800000    0.0183772
  13.6000000    0.0204725
  13.6200000    0.0226414
  13.6400000    0.0248610
  13.6600000    0.0270861
  13.6800000    0.0292509
  13.7000000    0.0312727
  13.7200000    0.0330575
  13.7400000    0.0345075
  13.7600000    0.0355296
  13.7800000    0.0360440
  13.8000000    0.0359920
  13.8200000    0.0353424
  13.8400000    0.0340958
  13.8600000    0.0322862
  13.8800000    0.0299796
  13.9000000    0.0272695
  13.9200000    0.0242708
  13.9400000    0.0211110
  13.9600000    0.0179212
  13.9800000    0.0148264
  14.0000000    0.0119376
  14.0200000    0.0093453
  14.0400000    0.0071148
  14.0600000    0.0052851
  14.0800000    0.0038696
  14.1000000    0.0028592
  14.1200000    0.0022276
  14.1400000    0.0019368
  14.1600000    0.0019428
  14.1800000    0.0022013
  14.2000000    0.0026711
  14.2200000    0.0033165
  14.2400000    0.0041080
  14.2600000    0.0050211
  14.2800000    0.0060347
  14.3000000    0.0071280
  14.3200000    0.0082788
  14.3400000    0.0094611
  14.3600000    0.0106445
  14.3800000    0.0117945
  14.4000000    0.0128736
  14.4200000    0.0138432
  14.4400000    0.0146660
  14.4600000    0.0153084
  14.4800000    0.0157431
  14.5000000    0.0159500
  14.5200000    0.0159180
  14.5400000    0.0156449
  14.5600000    0.0151377
  14.5800000    0.0144117
  14.6000000    0.0134893
  14.6200000    0.0123991
  14.6400000    0.0111742
  14.6600000    0.0098505
  14.6800000    0.0084650
  14.7000000    0.0070544
  14.7200000    0.0056535
  14.7400000    0.0042942
  14.7600000    0.0030048
  14.7800000    0.0018096
  14.8000000    0.0007293
  14.8200000   -0.0002188
  14.8400000   -0.0010205
  14.8600000   -0.0016639
  14.8800000   -0.0021395
  14.9000000   -0.0024404
  14.9200000   -0.0025627
  14.9400000   -0.0025063
  14.9600000   -0.0022758
  14.9800000   -0.0018807
  15.0000000   -0.0013358
  15.0200000   -0.0006608
  15.0400000    0.0001208
  15.0600000    0.0009832
  15.0800000    0.0019001
  15.1000000    0.0028473
  15.1200000    0.0038038
  15.1400000    0.0047545
  15.1600000    0.0056907
  15.1800000    0.0066107
  15.2000000    0.0075193
  15.2200000    0.0084270
  15.2400000    0.0093475
  15.2600000    0.0102961
  15.2800000    0.0112863
  15.3000000    0.0123276
  15.3200000    0.0134226
  15.3400000    0.0145654
  15.3600000    0.0157401
  15.3800000    0.0169207
  15.4000000    0.0180718
  15.4200000    0.0191509
  15.4400000    0.0201106
  15.4600000    0.0209024
  15.4800000    0.0214806
  15.5000000    0.0218061
  15.5200000    0.0218499
  15.5400000    0.0215959
  15.5600000    0.0210426
  15.5800000    0.0202035
  15.6000000    0.0191064
  15.6200000    0.0177912
  15.6400000    0.0163072
  15.6600000    0.0147093
  15.6800000    0.0130539
  15.7000000    0.0113960
  15.7200000    0.0097851
  15.7400000    0.0082639
  15.7600000    0.0068664
  15.7800000    0.0056178
  15.8000000    0.0045346
  15.8200000    0.0036259
  15.8400000    0.0028932
  15.8600000    0.0023319
  15.8800000    0.0019310
  15.9000000    0.0016729
  15.9200000    0.0015333
  15.9400000    0.0014808
  15.9600000    0.0014775
  15.9800000    0.0014807
  16.0000000    0.0014450
  16.0200000    0.0013270
  16.0400000    0.0010891
  16.0600000    0.0007049
  16.0800000    0.0001631
  16.1000000   -0.0005298
  16.1200000   -0.0013483
  16.1400000   -0.0022503
  16.1600000   -0.0031812
  16.1800000   -0.0040798
  16.2000000   -0.0048870
  16.2200000   -0.0055526
  16.2400000   -0.0060429
  16.2600000   -0.0063457
  16.2800000   -0.0064723
  16.3000000   -0.0064572
  16.3200000   -0.0063541
  16.3400000   -0.0062301
  16.3600000   -0.0061576
  16.3800000   -0.0062068
  16.4000000   -0.0064376
  16.4200000   -0.0068937
  16.4400000   -0.0075986
  16.4600000   -0.0085544
  16.4800000   -0.0097427
  16.5000000   -0.0111284
  16.5200000   -0.0126637
  16.5400000   -0.0142948
  16.5600000   -0.0159676
  16.5800000   -0.0176326
  16.6000000   -0.0192497
  16.6200000   -0.0207899
  16.6400000   -0.0222361
  16.6600000   -0.0235818
  16.6800000   -0.0248278
  16.7000000   -0.0259779
  16.7200000   -0.0270339
  16.7400000   -0.0279907
  16.7600000   -0.0288324
  16.7800000   -0.0295302
  16.8000000   -0.0300419
  16.8200000   -0.0303147
  16.8400000   -0.0302898
  16.8600000   -0.0299092
  16.8800000   -0.0291238
  16.9000000   -0.0279018
  16.9200000   -0.0262356
  16.9400000   -0.0241473
  16.9600000   -0.0216906
  16.9800000   -0.0189491
  17.0000000   -0.0160320
  17.0200000   -0.0130650
  17.0400000   -0.0101806
  17.0600000   -0.0075055
  17.0800000   -0.0051499
  17.1000000   -0.0031973
  17.1200000   -0.0016972
  17.1400000   -0.0006614
  17.1600000   -0.0000640
  17.1800000    0.0001546
  17.2000000    0.0000813
  17.2200000   -0.0001789
  17.2400000   -0.0005135
  17.2600000   -0.0008119
  17.2800000   -0.0009755
  17.3000000   -0.0009243
  17.3200000   -0.0006022
  17.3400000    0.0000211
  17.3600000    0.0009497
  17.3800000    0.0021642
  17.4000000    0.0036258
  17.4200000    0.0052804
  17.4400000    0.0070640
  17.4600000    0.0089075
  17.4800000    0.0107407
  17.5000000    0.0124953
  17.5200000    0.0141078
  17.5400000    0.0155203
  17.5600000    0.0166821
  17.5800000    0.0175499
  17.6000000    0.0180890
  17.6200000    0.0182737
  17.6400000    0.0180888
  17.6600000    0.0175306
  17.6800000    0.0166085
  17.7000000    0.0153462
  17.7200000    0.0137822
  17.7400000    0.0119703
  17.7600000    0.0099777
  17.7800000    0.0078828
  17.8000000    0.0057715
  17.8200000    0.0037326
  17.8400000    0.0018526
  17.8600000    0.0002099
  17.8800000   -0.0011296
  17.9000000   -0.0021169
  17.9200000   -0.0027220
  17.9400000   -0.0029348
  17.9600000   -0.0027644
  17.9800000   -0.0022362
  18.0000000   -0.0013887
  18.0200000   -0.0002691
  18.0400000    0.0010717
  18.0600000    0.0025828
  18.0800000    0.0042175
  18.1000000    0.0059356
  18.1200000    0.0077049
  18.1400000    0.0095018
  18.1600000    0.0113103
  18.1800000    0.0131201
  18.2000000    0.0149247
  18.2200000    0.0167181
  18.2400000    0.0184928
  18.2600000    0.0202368
  18.2800000    0.0219327
  18.3000000    0.0235560
  18.3200000    0.0250761
  18.3400000    0.0264564
  18.3600000    0.0276566
  18.3800000    0.0286343
  18.4000000    0.0293472
  18.4200000    0.0297556
  18.4400000    0.0298239
  18.4600000    0.0295224
  18.4800000    0.0288288
  18.5000000    0.0277296
  18.5200000    0.0262210
  18.5400000    0.0243109
  18.5600000    0.0220194
  18.5800000    0.0193808
  18.6000000    0.0164439
  18.6200000    0.0132722
  18.6400000    0.0099429
  18.6600000    0.0065447
  18.6800000    0.0031739
  18.7000000   -0.0000701
  18.7200000   -0.0030914
  18.7400000   -0.0058036
  18.7600000   -0.0081361
  18.7800000   -0.0100398
  18.8000000   -0.0114899
  18.8200000   -0.0124883
  18.8400000   -0.0130619
  18.8600000   -0.0132594
  18.8800000   -0.0131458
  18.9000000   -0.0127953
  18.9200000   -0.0122833
  18.9400000   -0.0116791
  18.9600000   -0.0110396
  18.9800000   -0.0104040
  19.0000000   -0.0097918
  19.0200000   -0.0092023
  19.0400000   -0.0086171
  19.0600000   -0.0080037
  19.0800000   -0.0073218
  19.1000000   -0.0065289
  19.1200000   -0.0055872
  19.1400000   -0.0044693
  19.1600000   -0.0031628
  19.1800000   -0.0016729
  19.2000000   -0.0000236
  19.2200000    0.0017441
  19.2400000    0.0035755
  19.2600000    0.0054078
  19.2800000    0.0071758
  19.3000000    0.0088191
  19.3200000    0.0102879
  19.3400000    0.0115481
  19.3600000    0.0125841
  19.3800000    0.0133991
  19.4000000    0.0140131
  19.4200000    0.0144592
  19.4400000    0.0147774
  19.4600000    0.0150085
  19.4800000    0.0151882
  19.5000000    0.0153414
  19.5200000    0.0154797
  19.5400000    0.0155993
  19.5600000    0.0156817
  19.5800000    0.0156970
  19.6000000    0.0156067
  19.6200000    0.0153693
  19.6400000    0.0149441
  19.6600000    0.0142965
  19.6800000    0.0134008
  19.7000000    0.0122428
  19.7200000    0.0108213
  19.7400000    0.0091478
  19.7600000    0.0072459
  19.7800000    0.0051490
  19.8000000    0.0028984
  19.8200000    0.0005397
  19.8400000   -0.0018791
  19.8600000   -0.0043115
  19.8800000   -0.0067142
  19.9000000   -0.0090493
  19.9200000   -0.0112850
  19.9400000   -0.0133963
  19.9600000   -0.0153643
  19.9800000   -0.0171747
  20.0000000   -0.0188167
  20.0200000   -0.0202811
  20.0400000   -0.0215585
  20.0600000   -0.0226388
  20.0800000   -0.0235104
  20.1000000   -0.0241611
  20.1200000   -0.0245792
  20.1400000   -0.0247559
  20.1600000   -0.0246868
  20.1800000   -0.0243752
  20.2000000   -0.0238330
  20.2200000   -0.0230823
  20.2400000   -0.0221556
  20.2600000   -0.0210940
  20.2800000   -0.0199454
  20.3000000   -0.0187611
  20.3200000   -0.0175916
  20.3400000   -0.0164830
  20.3600000   -0.0154728
  20.3800000   -0.0145870
  20.4000000   -0.0138381
  20.4200000   -0.0132249
  20.4400000   -0.0127334
  20.4600000   -0.0123390
  20.4800000   -0.0120098
  20.5000000   -0.0117108
  20.5200000   -0.0114080
  20.5400000   -0.0110713
  20.5600000   -0.0106785
  20.5800000   -0.0102161
  20.6000000   -0.0096803
  20.6200000   -0.0090763
  20.6400000   -0.0084167
  20.6600000   -0.0077189
  20.6800000   -0.0070021
  20.7000000   -0.0062844
  20.7200000   -0.0055797
  20.7400000   -0.0048952
  20.7600000   -0.0042303
  20.7800000   -0.0035751
  20.8000000   -0.0029118
  20.8200000   -0.0022158
  20.8400000   -0.0014591
  20.8600000   -0.0006133
  20.8800000    0.0003456
  20.9000000    0.0014335
  20.9200000    0.0026539
  20.9400000    0.0039961
  20.9600000    0.0054335
  20.9800000    0.0069244
  21.0000000    0.0084151
  21.0200000    0.0098437
  21.0400000    0.0111458
  21.0600000    0.0122603
  21.0800000    0.0131356
  21.1000000    0.0137343
  21.1200000    0.0140369
  21.1400000    0.0140428
  21.1600000    0.0137702
  21.1800000    0.0132533
  21.2000000    0.0125381
  21.2200000    0.0116775
  21.2400000    0.0107253
  21.2600000    0.0097315
  21.2800000    0.0087372
  21.3000000    0.0077719
  21.3200000    0.0068517
  21.3400000    0.0059791
  21.3600000    0.0051443
  21.3800000    0.0043283
  21.4000000    0.0035062
  21.4200000    0.0026516
  21.4400000    0.0017405
  21.4600000    0.0007562
  21.4800000   -0.0003077
  21.5000000   -0.0014451
  21.5200000   -0.0026354
  21.5400000   -0.0038445
  21.5600000   -0.0050265
  21.5800000   -0.0061268
  21.6000000   -0.0070867
  21.6200000   -0.0078491
  21.6400000   -0.0083638
  21.6600000   -0.0085929
  21.6800000   -0.0085151
  21.7000000   -0.0081286
  21.7200000   -0.0074522
  21.7400000   -0.0065238
  21.7600000   -0.0053982
  21.7800000   -0.0041418
  21.8000000   -0.0028277
  21.8200000   -0.0015294
  21.8400000   -0.0003155
  21.8600000    0.0007549
  21.8800000    0.0016354
  21.9000000    0.0022940
  21.9200000    0.0027126
  21.9400000    0.0028863
  21.9600000    0.0028204
  21.9800000    0.0025282
  22.0000000    0.0020280
  22.0200000    0.0013409
  22.0400000    0.0004896
  22.0600000   -0.0005023
  22.0800000   -0.0016107
  22.1000000   -0.0028105
  22.1200000   -0.0040755
  22.1400000   -0.0053785
  22.1600000   -0.0066918
  22.1800000   -0.0079890
  22.2000000   -0.0092467
  22.2200000   -0.0104460
  22.2400000   -0.0115752
  22.2600000   -0.0126297
  22.2800000   -0.0136131
  22.3000000   -0.0145350
  22.3200000   -0.0154093
  22.3400000   -0.0162505
  22.3600000   -0.0170704
  22.3800000   -0.0178743
  22.4000000   -0.0186591
  22.4200000   -0.0194113
  22.4400000   -0.0201078
  22.4600000   -0.0207179
  22.4800000   -0.0212057
  22.5000000   -0.0215345
  22.5200000   -0.0216704
  22.5400000   -0.0215857
  22.5600000   -0.0212610
  22.5800000   -0.0206869
  22.6000000   -0.0198628
  22.6200000   -0.0187965
  22.6400000   -0.0175011
  22.6600000   -0.0159935
  22.6800000   -0.0142911
  22.7000000   -0.0124113
  22.7200000   -0.0103701
  22.7400000   -0.0081824
  22.7600000   -0.0058634
  22.7800000   -0.0034299
  22.8000000   -0.0009028
  22.8200000    0.0016916
  22.8400000    0.0043198
  22.8600000    0.0069405
  22.8800000    0.0095050
  22.9000000    0.0119588
  22.9200000    0.0142435
  22.9400000    0.0163010
  22.9600000    0.0180771
  22.9800000    0.0195262
  23.0000000    0.0206154
  23.0200000    0.0213289
  23.0400000    0.0216699
  23.0600000    0.0216624
  23.0800000    0.0213506
  23.1000000    0.0207958
  23.1200000    0.0200727
  23.1400000    0.0192628
  23.1600000    0.0184483
  23.1800000    0.0177041
  23.2000000    0.0170920
  23.2200000    0.0166545
  23.2400000    0.0164122
  23.2600000    0.0163616
  23.2800000    0.0164771
  23.3000000    0.0167140
  23.3200000    0.0170136
  23.3400000    0.0173101
  23.3600000    0.0175371
  23.3800000    0.0176340
  23.4000000    0.0175520
  23.4200000    0.0172577
  23.4400000    0.0167352
  23.4600000    0.0159869
  23.4800000    0.0150315
  23.5000000    0.0139017
  23.5200000    0.0126404
  23.5400000    0.0112963
  23.5600000    0.0099195
  23.5800000    0.0085580
  23.6000000    0.0072542
  23.6200000    0.0060417
  23.6400000    0.0049440
  23.6600000    0.0039733
  23.6800000    0.0031299
  23.7000000    0.0024027
  23.7200000    0.0017707
  23.7400000    0.0012045
  23.7600000    0.0006686
  23.7800000    0.0001245
  23.8000000   -0.0004659
  23.8200000   -0.0011374
  23.8400000   -0.0019179
  23.8600000   -0.0028257
  23.8800000   -0.0038675
  23.9000000   -0.0050374
  23.9200000   -0.0063170
  23.9400000   -0.0076766
  23.9600000   -0.0090778
  23.9800000   -0.0104769
  24.0000000   -0.0118287
  24.0200000   -0.0130909
  24.0400000   -0.0142274
  24.0600000   -0.0152122
  24.0800000   -0.0160305
  24.1000000   -0.0166803
  24.1200000   -0.0171710
  24.1400000   -0.0175224
  24.1600000   -0.0177614
  24.1800000   -0.0179196
  24.2000000   -0.0180290
  24.2200000   -0.0181200
  24.2400000   -0.0182184
  24.2600000   -0.0183440
  24.2800000   -0.0185099
  24.3000000   -0.0187227
  24.3200000   -0.0189827
  24.3400000   -0.0192859
  24.3600000   -0.0196244
  24.3800000   -0.0199879
  24.4000000   -0.0203649
  24.4200000   -0.0207424
  24.4400000   -0.0211062
  24.4600000   -0.0214405
  24.4800000   -0.0217269
  24.5000000   -0.0219435
  24.5200000   -0.0220646
  24.5400000   -0.0220600
  24.5600000   -0.0218954
  24.5800000   -0.0215336
  24.6000000   -0.0209359
  24.6200000   -0.0200649
  24.6400000   -0.0188871
  24.6600000   -0.0173763
  24.6800000   -0.0155166
  24.7000000   -0.0133052
  24.7200000   -0.0107545
  24.7400000   -0.0078929
  24.7600000   -0.0047650
  24.7800000   -0.0014297
  24.8000000    0.0020424
  24.8200000    0.0055729
  24.8400000    0.0090800
  24.8600000    0.0124835
  24.8800000    0.0157096
  24.9000000    0.0186947
  24.9200000    0.0213885
  24.9400000    0.0237554
  24.9600000    0.0257745
  24.9800000    0.0274383
  25.0000000    0.0287501
  25.0200000    0.0297206
  25.0400000    0.0303651
  25.0600000    0.0306991
  25.0800000    0.0307367
  25.1000000    0.0304886
  25.1200000    0.0299612
  25.1400000    0.0291570
  25.1600000    0.0280759
  25.1800000    0.0267171
  25.2000000    0.0250807
  25.2200000    0.0231700
  25.2400000    0.0209932
  25.2600000    0.0185644
  25.2800000    0.0159051
  25.3000000    0.0130431
  25.3200000    0.0100130
  25.3400000    0.0068547
  25.3600000    0.0036120
  25.3800000    0.0003307
  25.4000000   -0.0029430
  25.4200000   -0.0061651
  25.4400000   -0.0092953
  25.4600000   -0.0122994
  25.4800000   -0.0151506
  25.5000000   -0.0178303
  25.5200000   -0.0203290
  25.5400000   -0.0226458
  25.5600000   -0.0247868
  25.5800000   -0.0267638
  25.6000000   -0.0285910
  25.6200000   -0.0302824
  25.6400000   -0.0318490
  25.6600000   -0.0332955
  25.6800000   -0.0346194
  25.7000000   -0.0358093
  25.7200000   -0.0368456
  25.7400000   -0.0377015
  25.7600000   -0.0383456
  25.7800000   -0.0387439
  25.8000000   -0.0388636
  25.8200000   -0.0386748
  25.8400000   -0.0381541
  25.8600000   -0.0372855
  25.8800000   -0.0360624
  25.9000000   -0.0344877
  25.9200000   -0.0325746
  25.9400000   -0.0303460
  25.9600000   -0.0278339
  25.9800000   -0.0250787
  26.0000000   -0.0221275
  26.0200000   -0.0190327
  26.0400000   -0.0158496
  26.0600000   -0.0126339
  26.0800000   -0.0094396
  26.1000000   -0.0063156
  26.1200000   -0.0033041
  26.1400000   -0.0004378
  26.1600000    0.0022608
  26.1800000    0.0047800
  26.2000000    0.0071188
  26.2200000    0.0092858
  26.2400000    0.0112969
  26.2600000    0.0131734
  26.2800000    0.0149393
  26.3000000    0.0166185
  26.3200000    0.0182324
  26.3400000    0.0197977
  26.3600000    0.0213248
  26.3800000    0.0228162
  26.4000000    0.0242656
  26.4200000    0.0256579
  26.4400000    0.0269689
  26.4600000    0.0281664
  26.4800000    0.0292114
  26.5000000    0.0300599
  26.5200000    0.0306656
  26.5400000    0.0309831
  26.5600000    0.0309715
  26.5800000    0.0305976
  26.6000000    0.0298401
  26.6200000    0.0286915
  26.6400000    0.0271607
  26.6600000    0.0252731
  26.6800000    0.0230705
  26.7000000    0.0206086
  26.7200000    0.0179543
  26.7400000    0.0151817
  26.7600000    0.0123673
  26.7800000    0.0095858
  26.8000000    0.0069054
  26.8200000    0.0043846
  26.8400000    0.0020686
  26.8600000   -0.0000121
  26.8800000   -0.0018422
  26.9000000   -0.0034213
  26.9200000   -0.0047616
  26.9400000   -0.0058855
  26.9600000   -0.0068212
  26.9800000   -0.0075987
  27.0000000   -0.0082454
  27.0200000   -0.0087820
  27.0400000   -0.0092197
  27.0600000   -0.0095581
  27.0800000   -0.0097850
  27.1000000   -0.0098776
  27.1200000   -0.0098057
  27.1400000   -0.0095349
  27.1600000   -0.0090320
  27.1800000   -0.0082692
  27.2000000   -0.0072294
  27.2200000   -0.0059091
  27.2400000   -0.0043216
  27.2600000   -0.0024979
  27.2800000   -0.0004861
  27.3000000    0.0016506
  27.3200000    0.0038374
  27.3400000    0.0059925
  27.3600000    0.0080328
  27.3800000    0.0098799
  27.4000000    0.0114653
  27.4200000    0.0127359
  27.4400000    0.0136578
  27.4600000    0.0142184
  27.4800000    0.0144265
  27.5000000    0.0143117
  27.5200000    0.0139204
  27.5400000    0.0133113
  27.5600000    0.0125504
  27.5800000    0.0117046
  27.6000000    0.0108365
  27.6200000    0.0099991
  27.6400000    0.0092329
  27.6600000    0.0085633
  27.6800000    0.0080007
  27.7000000    0.0075409
  27.7200000    0.0071685
  27.7400000    0.0068597
  27.7600000    0.0065867
  27.7800000    0.0063219
  27.8000000    0.0060414
  27.8200000    0.0057275
  27.8400000    0.0053710
  27.8600000    0.0049705
  27.8800000    0.0045324
  27.9000000    0.0040679
  27.9200000    0.0035912
  27.9400000    0.0031162
  27.9600000    0.0026544
  27.9800000    0.0022132
  28.0000000    0.0017951
  28.0200000    0.0013984
  28.0400000    0.0010180
  28.0600000    0.0006474
  28.0800000    0.0002807
  28.1000000   -0.0000863
  28.1200000   -0.0004547
  28.1400000   -0.0008230
  28.1600000   -0.0011872
  28.1800000   -0.0015425
  28.2000000   -0.0018853
  28.2200000   -0.0022142
  28.2400000   -0.0025319
  28.2600000   -0.0028451
  28.2800000   -0.0031644
  28.3000000   -0.0035025
  28.3200000   -0.0038722
  28.3400000   -0.0042833
  28.3600000   -0.0047401
  28.3800000   -0.0052382
  28.4000000   -0.0057631
  28.4200000   -0.0062893
  28.4400000   -0.0067809
  28.4600000   -0.0071938
  28.4800000   -0.0074795
  28.5000000   -0.0075896
  28.5200000   -0.0074815
  28.5400000   -0.0071241
  28.5600000   -0.0065032
  28.5800000   -0.0056249
  28.6000000   -0.0045179
  28.6200000   -0.0032334
  28.6400000   -0.0018420
  28.6600000   -0.0004283
  28.6800000    0.0009155
  28.7000000    0.0020990
  28.7200000    0.0030410
  28.7400000    0.0036777
  28.7600000    0.0039683
  28.7800000    0.0038981
  28.8000000    0.0034789
  28.8200000    0.0027460
  28.8400000    0.0017533
  28.8600000    0.0005658
  28.8800000   -0.0007476
  28.9000000   -0.0021223
  28.9200000   -0.0035034
  28.9400000   -0.0048509
  28.9600000   -0.0061409
  28.9800000   -0.0073653
  29.0000000   -0.0085292
  29.0200000   -0.0096466
  29.0400000   -0.0107351
  29.0600000   -0.0118109
  29.0800000   -0.0128842
  29.1000000   -0.0139562
  29.1200000   -0.0150177
  29.1400000   -0.0160492
  29.1600000   -0.0170229
  29.1800000   -0.0179060
  29.2000000   -0.0186641
  29.2200000   -0.0192654
  29.2400000   -0.0196836
  29.2600000   -0.0199004
  29.2800000   -0.0199064
  29.3000000   -0.0197004
  29.3200000   -0.0192888
  29.3400000   -0.0186828
  29.3600000   -0.0178966
  29.3800000   -0.0169452
  29.4000000   -0.0158427
  29.4200000   -0.0146024
  29.4400000   -0.0132365
  29.4600000   -0.0117568
  29.4800000   -0.0101767
  29.5000000   -0.0085112
  29.5200000   -0.0067784
  29.5400000   -0.0049992
  29.5600000   -0.0031963
  29.5800000   -0.0013932
  29.6000000    0.0003878
  29.6200000    0.0021276
  29.6400000    0.0038113
  29.6600000    0.0054297
  29.6800000    0.0069789
  29.7000000    0.0084595
  29.7200000    0.0098749
  29.7400000    0.0112291
  29.7600000    0.0125243
  29.7800000    0.0137590
  29.8000000    0.0149255
  29.8200000    0.0160101
  29.8400000    0.0169925
  29.8600000    0.0178468
  29.8800000    0.0185439
  29.9000000    0.0190529
  29.9200000    0.0193442
  29.9400000    0.0193915
  29.9600000    0.0191736
  29.9800000    0.0186759
  30.0000000    0.0178912
