 -10.0000000    0.0052439
  -9.9800000    0.0059372
  -9.9600000    0.0064028
  -9.9400000    0.0066653
  -9.9200000    0.0067607
  -9.9000000    0.0067321
  -9.8800000    0.0066254
  -9.8600000    0.0064841
  -9.8400000    0.0063454
  -9.8200000    0.0062368
  -9.8000000    0.0061742
  -9.7800000    0.0061607
  -9.7600000    0.0061878
  -9.7400000    0.0062369
  -9.7200000    0.0062822
  -9.7000000    0.0062944
  -9.6800000    0.0062442
  -9.6600000    0.0061061
  -9.6400000    0.0058617
  -9.6200000    0.0055020
  -9.6000000    0.0050292
  -9.5800000    0.0044568
  -9.5600000    0.0038098
  -9.5400000    0.0031223
  -9.5200000    0.0024358
  -9.5000000    0.0017955
  -9.4800000    0.0012468
  -9.4600000    0.0008313
  -9.4400000    0.0005829
  -9.4200000    0.0005241
  -9.4000000    0.0006637
  -9.3800000    0.0009952
  -9.3600000    0.0014969
  -9.3400000    0.0021334
  -9.3200000    0.0028590
  -9.3000000    0.0036218
  -9.2800000    0.0043694
  -9.2600000    0.0050535
  -9.2400000    0.0056355
  -9.2200000    0.0060897
  -9.2000000    0.0064056
  -9.1800000    0.0065878
  -9.1600000    0.0066545
  -9.1400000    0.0066336
  -9.1200000    0.0065584
  -9.1000000    0.0064618
  -9.0800000    0.0063723
  -9.0600000    0.0063088
  -9.0400000    0.0062795
  -9.0200000    0.0062801
  -9.0000000    0.0062965
  -8.9800000    0.0063069
  -8.9600000    0.0062872
  -8.9400000    0.0062156
  -8.9200000    0.0060775
  -8.9000000    0.0058695
  -8.8800000    0.0056014
  -8.8600000    0.0052965
  -8.8400000    0.0049898
  -8.8200000    0.0047239
  -8.8000000    0.0045435
  -8.7800000    0.0044899
  -8.7600000    0.0045944
  -8.7400000    0.0048740
  -8.7200000    0.0053275
  -8.7000000    0.0059347
  -8.6800000    0.0066576
  -8.6600000    0.0074434
  -8.6400000    0.0082299
  -8.6200000    0.0089516
  -8.6000000    0.0095466
  -8.5800000    0.0099620
  -8.5600000    0.0101596
  -8.5400000    0.0101188
  -8.5200000    0.0098381
  -8.5000000    0.0093348
  -8.4800000    0.0086421
  -8.4600000    0.0078064
  -8.4400000    0.0068819
  -8.4200000    0.0059265
  -8.4000000    0.0049972
  -8.3800000    0.0041452
  -8.3600000    0.0034134
  -8.3400000    0.0028336
  -8.3200000    0.0024247
  -8.3000000    0.0021923
  -8.2800000    0.0021287
  -8.2600000    0.0022136
  -8.2400000    0.0024158
  -8.2200000    0.0026950
  -8.2000000    0.0030042
  -8.1800000    0.0032933
  -8.1600000    0.0035117
  -8.1400000    0.0036127
  -8.1200000    0.0035571
  -8.1000000    0.0033172
  -8.0800000    0.0028795
  -8.0600000    0.0022483
  -8.0400000    0.0014459
  -8.0200000    0.0005134
  -8.0000000   -0.0004915
  -7.9800000   -0.0014980
  -7.9600000   -0.0024274
  -7.9400000   -0.0031991
  -7.9200000   -0.0037380
  -7.9000000   -0.0039816
  -7.8800000   -0.0038863
  -7.8600000   -0.0034327
  -7.8400000   -0.0026284
  -7.8200000   -0.0015095
  -7.8000000   -0.0001385
  -7.7800000    0.0013999
  -7.7600000    0.0030046
  -7.7400000    0.0045663
  -7.7200000    0.0059764
  -7.7000000    0.0071363
  -7.6800000    0.0079654
  -7.6600000    0.0084085
  -7.6400000    0.0084413
  -7.6200000    0.0080721
  -7.6000000    0.0073425
  -7.5800000    0.0063237
  -7.5600000    0.0051114
  -7.5400000    0.0038179
  -7.5200000    0.0025632
  -7.5000000    0.0014653
  -7.4800000    0.0006309
  -7.4600000    0.0001467
  -7.4400000    0.0000731
  -7.4200000    0.0004394
  -7.4000000    0.0012425
  -7.3800000    0.0024478
  -7.3600000    0.0039928
  -7.3400000    0.0057933
  -7.3200000    0.0077512
  -7.3000000    0.0097629
  -7.2800000    0.0117281
  -7.2600000    0.0135577
  -7.2400000    0.0151796
  -7.2200000    0.0165431
  -7.2000000    0.0176201
  -7.1800000    0.0184040
  -7.1600000    0.0189068
  -7.1400000    0.0191538
  -7.1200000    0.0191783
  -7.1000000    0.0190155
  -7.0800000    0.0186970
  -7.0600000    0.0182468
  -7.0400000    0.0176781
  -7.0200000    0.0169918
  -7.0000000    0.0161761
  -6.9800000    0.0152081
  -6.9600000    0.0140549
  -6.9400000    0.0126776
  -6.9200000    0.0110337
  -6.9000000    0.0090818
  -6.8800000    0.0067854
  -6.8600000    0.0041177
  -6.8400000    0.0010656
  -6.8200000   -0.0023666
  -6.8000000   -0.0061536
  -6.7800000   -0.0102477
  -6.7600000   -0.0145784
  -6.7400000   -0.0190537
  -6.7200000   -0.0235635
  -6.7000000   -0.0279842
  -6.6800000   -0.0321856
  -6.6600000   -0.0360373
  -6.6400000   -0.0394168
  -6.6200000   -0.0422162
  -6.6000000   -0.0443484
  -6.5800000   -0.0457517
  -6.5600000   -0.0463921
  -6.5400000   -0.0462642
  -6.5200000   -0.0453894
  -6.5000000   -0.0438123
  -6.4800000   -0.0415956
  -6.4600000   -0.0388142
  -6.4400000   -0.0355483
  -6.4200000   -0.0318778
  -6.4000000   -0.0278764
  -6.3800000   -0.0236082
  -6.3600000   -0.0191255
  -6.3400000   -0.0144691
  -6.3200000   -0.0096696
  -6.3000000   -0.0047510
  -6.2800000    0.0002655
  -6.2600000    0.0053569
  -6.2400000    0.0104950
  -6.2200000    0.0156431
  -6.2000000    0.0207553
  -6.1800000    0.0257764
  -6.1600000    0.0306435
  -6.1400000    0.0352887
  -6.1200000    0.0396423
  -6.1000000    0.0436362
  -6.0800000    0.0472067
  -6.0600000    0.0502969
  -6.0400000    0.0528581
  -6.0200000    0.0548509
  -6.0000000    0.0562457
  -5.9800000    0.0570225
  -5.9600000    0.0571712
  -5.9400000    0.0566913
  -5.9200000    0.0555920
  -5.9000000    0.0538918
  -5.8800000    0.0516179
  -5.8600000    0.0488051
  -5.8400000    0.0454939
  -5.8200000    0.0417291
  -5.8000000    0.0375574
  -5.7800000    0.0330248
  -5.7600000    0.0281758
  -5.7400000    0.0230516
  -5.7200000    0.0176906
  -5.7000000    0.0121286
  -5.6800000    0.0064007
  -5.6600000    0.0005436
  -5.6400000   -0.0054029
  -5.6200000   -0.0113928
  -5.6000000   -0.0173733
  -5.5800000   -0.0232835
  -5.5600000   -0.0290553
  -5.5400000   -0.0346151
  -5.5200000   -0.0398861
  -5.5000000   -0.0447919
  -5.4800000   -0.0492610
  -5.4600000   -0.0532302
  -5.4400000   -0.0566486
  -5.4200000   -0.0594804
  -5.4000000   -0.0617068
  -5.3800000   -0.0633261
  -5.3600000   -0.0643525
  -5.3400000   -0.0648137
  -5.3200000   -0.0647474
  -5.3000000   -0.0641968
  -5.2800000   -0.0632066
  -5.2600000   -0.0618191
  -5.2400000   -0.0600713
  -5.2200000   -0.0579933
  -5.2000000   -0.0556082
  -5.1800000   -0.0529333
  -5.1600000   -0.0499817
  -5.1400000   -0.0467659
  -5.1200000   -0.0433000
  -5.1000000   -0.0396030
  -5.0800000   -0.0357008
  -5.0600000   -0.0316275
  -5.0400000   -0.0274261
  -5.0200000   -0.0231485
  -5.0000000   -0.0188545
  -4.9800000   -0.0146104
  -4.9600000   -0.0104877
  -4.9400000   -0.0065604
  -4.9200000   -0.0029026
  -4.9000000    0.0004137
  -4.8800000    0.0033228
  -4.8600000    0.0057678
  -4.8400000    0.0077045
  -4.8200000    0.0091042
  -4.8000000    0.0099565
  -4.7800000    0.0102704
  -4.7600000    0.0100745
  -4.7400000    0.0094155
  -4.7200000    0.0083550
  -4.7000000    0.0069651
  -4.6800000    0.0053228
  -4.6600000    0.0035035
  -4.6400000    0.0015751
  -4.6200000   -0.0004069
  -4.6000000   -0.0024037
  -4.5800000   -0.0043946
  -4.5600000   -0.0063764
  -4.5400000   -0.0083606
  -4.5200000   -0.0103682
  -4.5000000   -0.0124234
  -4.4800000   -0.0145461
  -4.4600000   -0.0167453
  -4.4400000   -0.0190131
  -4.4200000   -0.0213210
  -4.4000000   -0.0236187
  -4.3800000   -0.0258360
  -4.3600000   -0.0278867
  -4.3400000   -0.0296759
  -4.3200000   -0.0311075
  -4.3000000   -0.0320932
  -4.2800000   -0.0325599
  -4.2600000   -0.0324570
  -4.2400000   -0.0317599
  -4.2200000   -0.0304720
  -4.2000000   -0.0286233
  -4.1800000   -0.0262671
  -4.1600000   -0.0234740
  -4.1400000   -0.0203253
  -4.1200000   -0.0169063
  -4.1000000   -0.0132991
  -4.0800000   -0.0095777
  -4.0600000   -0.0058044
  -4.0400000   -0.0020278
  -4.0200000    0.0017163
  -4.0000000    0.0054038
  -3.9800000    0.0090183
  -3.9600000    0.0125484
  -3.9400000    0.0159835
  -3.9200000    0.0193116
  -3.9000000    0.0225165
  -3.8800000    0.0255779
  -3.8600000    0.0284710
  -3.8400000    0.0311680
  -3.8200000    0.0336396
  -3.8000000    0.0358563
  -3.7800000    0.0377903
  -3.7600000    0.0394153
  -3.7400000    0.0407073
  -3.7200000    0.0416434
  -3.7000000    0.0422014
  -3.6800000    0.0423589
  -3.6600000    0.0420928
  -3.6400000    0.0413801
  -3.6200000    0.0401991
  -3.6000000    0.0385318
  -3.5800000    0.0363667
  -3.5600000    0.0337017
  -3.5400000    0.0305469
  -3.5200000    0.0269260
  -3.5000000    0.0228773
  -3.4800000    0.0184528
  -3.4600000    0.0137163
  -3.4400000    0.0087409
  -3.4200000    0.0036052
  -3.4000000   -0.0016093
  -3.3800000   -0.0068214
  -3.3600000   -0.0119524
  -3.3400000   -0.0169275
  -3.3200000   -0.0216767
  -3.3000000   -0.0261359
  -3.2800000   -0.0302469
  -3.2600000   -0.0339589
  -3.2400000   -0.0372294
  -3.2200000   -0.0400256
  -3.2000000   -0.0423262
  -3.1800000   -0.0441221
  -3.1600000   -0.0454169
  -3.1400000   -0.0462263
  -3.1200000   -0.0465763
  -3.1000000   -0.0464999
  -3.0800000   -0.0460336
  -3.0600000   -0.0452132
  -3.0400000   -0.0440698
  -3.0200000   -0.0426274
  -3.0000000   -0.0409015
  -2.9800000   -0.0388996
  -2.9600000   -0.0366232
  -2.9400000   -0.0340719
  -2.9200000   -0.0312478
  -2.9000000   -0.0281598
  -2.8800000   -0.0248272
  -2.8600000   -0.0212824
  -2.8400000   -0.0175707
  -2.8200000   -0.0137492
  -2.8000000   -0.0098829
  -2.7800000   -0.0060404
  -2.7600000   -0.0022891
  -2.7400000    0.0013097
  -2.7200000    0.0047040
  -2.7000000    0.0078530
  -2.6800000    0.0107273
  -2.6600000    0.0133070
  -2.6400000    0.0155791
  -2.6200000    0.0175344
  -2.6000000    0.0191642
  -2.5800000    0.0204579
  -2.5600000    0.0214024
  -2.5400000    0.0219822
  -2.5200000    0.0221817
  -2.5000000    0.0219883
  -2.4800000    0.0213959
  -2.4600000    0.0204087
  -2.4400000    0.0190437
  -2.4200000    0.0173323
  -2.4000000    0.0153204
  -2.3800000    0.0130661
  -2.3600000    0.0106365
  -2.3400000    0.0081032
  -2.3200000    0.0055373
  -2.3000000    0.0030042
  -2.2800000    0.0005596
  -2.2600000   -0.0017531
  -2.2400000   -0.0039044
  -2.2200000   -0.0058779
  -2.2000000   -0.0076684
  -2.1800000   -0.0092785
  -2.1600000   -0.0107148
  -2.1400000   -0.0119841
  -2.1200000   -0.0130896
  -2.1000000   -0.0140284
  -2.0800000   -0.0147904
  -2.0600000   -0.0153574
  -2.0400000   -0.0157044
  -2.0200000   -0.0158009
  -2.0000000   -0.0156128
  -1.9800000   -0.0151041
  -1.9600000   -0.0142396
  -1.9400000   -0.0129856
  -1.9200000   -0.0113113
  -1.9000000   -0.0091904
  -1.8800000   -0.0066014
  -1.8600000   -0.0035295
  -1.8400000    0.0000320
  -1.8200000    0.0040795
  -1.8000000    0.0085971
  -1.7800000    0.0135540
  -1.7600000    0.0189027
  -1.7400000    0.0245778
  -1.7200000    0.0304960
  -1.7000000    0.0365571
  -1.6800000    0.0426470
  -1.6600000    0.0486413
  -1.6400000    0.0544105
  -1.6200000    0.0598251
  -1.6000000    0.0647610
  -1.5800000    0.0691043
  -1.5600000    0.0727554
  -1.5400000    0.0756318
  -1.5200000    0.0776702
  -1.5000000    0.0788269
  -1.4800000    0.0790787
  -1.4600000    0.0784218
  -1.4400000    0.0768720
  -1.4200000    0.0744635
  -1.4000000    0.0712484
  -1.3800000    0.0672953
  -1.3600000    0.0626884
  -1.3400000    0.0575249
  -1.3200000    0.0519125
  -1.3000000    0.0459660
  -1.2800000    0.0398029
  -1.2600000    0.0335389
  -1.2400000    0.0272835
  -1.2200000    0.0211359
  -1.2000000    0.0151814
  -1.1800000    0.0094900
  -1.1600000    0.0041151
  -1.1400000   -0.0009054
  -1.1200000   -0.0055476
  -1.1000000   -0.0097989
  -1.0800000   -0.0136553
  -1.0600000   -0.0171191
  -1.0400000   -0.0201975
  -1.0200000   -0.0229013
  -1.0000000   -0.0252459
  -0.9800000   -0.0272512
  -0.9600000   -0.0289432
  -0.9400000   -0.0303546
  -0.9200000   -0.0315244
  -0.9000000   -0.0324969
  -0.8800000   -0.0333188
  -0.8600000   -0.0340359
  -0.8400000   -0.0346893
  -0.8200000   -0.0353104
  -0.8000000   -0.0359184
  -0.7800000   -0.0365175
  -0.7600000   -0.0370970
  -0.7400000   -0.0376328
  -0.7200000   -0.0380910
  -0.7000000   -0.0384327
  -0.6800000   -0.0386205
  -0.6600000   -0.0386245
  -0.6400000   -0.0384277
  -0.6200000   -0.0380308
  -0.6000000   -0.0374545
  -0.5800000   -0.0367397
  -0.5600000   -0.0359458
  -0.5400000   -0.0351462
  -0.5200000   -0.0344222
  -0.5000000   -0.0338560
  -0.4800000   -0.0335223
  -0.4600000   -0.0334801
  -0.4400000   -0.0337658
  -0.4200000   -0.0343864
  -0.4000000   -0.0353155
  -0.3800000   -0.0364906
  -0.3600000   -0.0378134
  -0.3400000   -0.0391514
  -0.3200000   -0.0403431
  -0.3000000   -0.0412043
  -0.2800000   -0.0415369
  -0.2600000   -0.0411400
  -0.2400000   -0.0398212
  -0.2200000   -0.0374106
  -0.2000000   -0.0337737
  -0.1800000   -0.0288248
  -0.1600000   -0.0225388
  -0.1400000   -0.0149596
  -0.1200000   -0.0062054
  -0.1000000    0.0035324
  -0.0800000    0.0139955
  -0.0600000    0.0248724
  -0.0400000    0.0358166
  -0.0200000    0.0464704
   0.0000000    0.0564902
   0.0200000    0.0655717
   0.0400000    0.0734716
   0.0600000    0.0800235
   0.0800000    0.0851471
   0.1000000    0.0888477
   0.1200000    0.0912092
   0.1400000    0.0923794
   0.1600000    0.0925512
   0.1800000    0.0919419
   0.2000000    0.0907727
   0.2200000    0.0892515
   0.2400000    0.0875591
   0.2600000    0.0858406
   0.2800000    0.0842018
   0.3000000    0.0827094
   0.3200000    0.0813944
   0.3400000    0.0802571
   0.3600000    0.0792732
   0.3800000    0.0783987
   0.4000000    0.0775748
   0.4200000    0.0767314
   0.4400000    0.0757891
   0.4600000    0.0746622
   0.4800000    0.0732605
   0.5000000    0.0714924
   0.5200000    0.0692694
   0.5400000    0.0665116
   0.5600000    0.0631546
   0.5800000    0.0591567
   0.6000000    0.0545062
   0.6200000    0.0492274
   0.6400000    0.0433841
   0.6600000    0.0370803
   0.6800000    0.0304565
   0.7000000    0.0236833
   0.7200000    0.0169501
   0.7400000    0.0104529
   0.7600000    0.0043796
   0.7800000   -0.0011039
   0.8000000   -0.0058655
   0.8200000   -0.0098168
   0.8400000   -0.0129175
   0.8600000   -0.0151772
   0.8800000   -0.0166515
   0.9000000   -0.0174356
   0.9200000   -0.0176540
   0.9400000   -0.0174490
   0.9600000   -0.0169690
   0.9800000   -0.0163563
   1.0000000   -0.0157366
   1.0200000   -0.0152116
   1.0400000   -0.0148523
   1.0600000   -0.0146968
   1.0800000   -0.0147501
   1.1000000   -0.0149866
   1.1200000   -0.0153557
   1.1400000   -0.0157883
   1.1600000   -0.0162050
   1.1800000   -0.0165253
   1.2000000   -0.0166752
   1.2200000   -0.0165956
   1.2400000   -0.0162474
   1.2600000   -0.0156157
   1.2800000   -0.0147107
   1.3000000   -0.0135673
   1.3200000   -0.0122414
   1.3400000   -0.0108055
   1.3600000   -0.0093421
   1.3800000   -0.0079373
   1.4000000   -0.0066733
   1.4200000   -0.0056226
   1.4400000   -0.0048422
   1.4600000   -0.0043694
   1.4800000   -0.0042198
   1.5000000   -0.0043865
   1.5200000   -0.0048418
   1.5400000   -0.0055403
   1.5600000   -0.0064240
   1.5800000   -0.0074277
   1.6000000   -0.0084858
   1.6200000   -0.0095380
   1.6400000   -0.0105341
   1.6600000   -0.0114380
   1.6800000   -0.0122284
   1.7000000   -0.0128983
   1.7200000   -0.0134520
   1.7400000   -0.0139009
   1.7600000   -0.0142579
   1.7800000   -0.0145322
   1.8000000   -0.0147247
   1.8200000   -0.0148246
   1.8400000   -0.0148085
   1.8600000   -0.0146402
   1.8800000   -0.0142740
   1.9000000   -0.0136575
   1.9200000   -0.0127369
   1.9400000   -0.0114612
   1.9600000   -0.0097866
   1.9800000   -0.0076803
   2.0000000   -0.0051230
   2.0200000   -0.0021106
   2.0400000    0.0013443
   2.0600000    0.0052119
   2.0800000    0.0094459
   2.1000000    0.0139833
   2.1200000    0.0187462
   2.1400000    0.0236435
   2.1600000    0.0285747
   2.1800000    0.0334341
   2.2000000    0.0381167
   2.2200000    0.0425245
   2.2400000    0.0465739
   2.2600000    0.0502018
   2.2800000    0.0533710
   2.3000000    0.0560730
   2.3200000    0.0583283
   2.3400000    0.0601831
   2.3600000    0.0617035
   2.3800000    0.0629667
   2.4000000    0.0640510
   2.4200000    0.0650250
   2.4400000    0.0659387
   2.4600000    0.0668161
   2.4800000    0.0676513
   2.5000000    0.0684083
   2.5200000    0.0690252
   2.5400000    0.0694202
   2.5600000    0.0695015
   2.5800000    0.0691773
   2.6000000    0.0683655
   2.6200000    0.0670021
   2.6400000    0.0650468
   2.6600000    0.0624858
   2.6800000    0.0593312
   2.7000000    0.0556177
   2.7200000    0.0513980
   2.7400000    0.0467358
   2.7600000    0.0417006
   2.7800000    0.0363619
   2.8000000    0.0307861
   2.8200000    0.0250342
   2.8400000    0.0191625
   2.8600000    0.0132236
   2.8800000    0.0072689
   2.9000000    0.0013506
   2.9200000   -0.0044758
   2.9400000   -0.0101512
   2.9600000   -0.0156132
   2.9800000   -0.0207978
   3.0000000   -0.0256430
   3.0200000   -0.0300920
   3.0400000   -0.0340977
   3.0600000   -0.0376259
   3.0800000   -0.0406582
   3.1000000   -0.0431929
   3.1200000   -0.0452454
   3.1400000   -0.0468455
   3.1600000   -0.0480346
   3.1800000   -0.0488616
   3.2000000   -0.0493779
   3.2200000   -0.0496332
   3.2400000   -0.0496712
   3.2600000   -0.0495274
   3.2800000   -0.0492271
   3.3000000   -0.0487855
   3.3200000   -0.0482095
   3.3400000   -0.0474993
   3.3600000   -0.0466523
   3.3800000   -0.0456663
   3.4000000   -0.0445425
   3.4200000   -0.0432884
   3.4400000   -0.0419195
   3.4600000   -0.0404592
   3.4800000   -0.0389387
   3.5000000   -0.0373946
   3.5200000   -0.0358654
   3.5400000   -0.0343885
   3.5600000   -0.0329952
   3.5800000   -0.0317071
   3.6000000   -0.0305327
   3.6200000   -0.0294656
   3.6400000   -0.0284835
   3.6600000   -0.0275494
   3.6800000   -0.0266152
   3.7000000   -0.0256256
   3.7200000   -0.0245241
   3.7400000   -0.0232592
   3.7600000   -0.0217903
   3.7800000   -0.0200922
   3.8000000   -0.0181584
   3.8200000   -0.0160017
   3.8400000   -0.0136527
   3.8600000   -0.0111557
   3.8800000   -0.0085636
   3.9000000   -0.0059311
   3.9200000   -0.0033084
   3.9400000   -0.0007361
   3.9600000    0.0017588
   3.9800000    0.0041641
   4.0000000    0.0064816
   4.0200000    0.0087246
   4.0400000    0.0109131
   4.0600000    0.0130691
   4.0800000    0.0152119
   4.1000000    0.0173540
   4.1200000    0.0194985
   4.1400000    0.0216383
   4.1600000    0.0237565
   4.1800000    0.0258282
   4.2000000    0.0278232
   4.2200000    0.0297090
   4.2400000    0.0314533
   4.2600000    0.0330270
   4.2800000    0.0344057
   4.3000000    0.0355709
   4.3200000    0.0365107
   4.3400000    0.0372195
   4.3600000    0.0376972
   4.3800000    0.0379486
   4.4000000    0.0379815
   4.4200000    0.0378054
   4.4400000    0.0374294
   4.4600000    0.0368607
   4.4800000    0.0361034
   4.5000000    0.0351570
   4.5200000    0.0340168
   4.5400000    0.0326741
   4.5600000    0.0311178
   4.5800000    0.0293362
   4.6000000    0.0273195
   4.6200000    0.0250625
   4.6400000    0.0225664
   4.6600000    0.0198405
   4.6800000    0.0169028
   4.7000000    0.0137795
   4.7200000    0.0105041
   4.7400000    0.0071149
   4.7600000    0.0036534
   4.7800000    0.0001615
   4.8000000   -0.0033203
   4.8200000   -0.0067538
   4.8400000   -0.0101041
   4.8600000   -0.0133386
   4.8800000   -0.0164263
   4.9000000   -0.0193361
   4.9200000   -0.0220352
   4.9400000   -0.0244871
   4.9600000   -0.0266508
   4.9800000   -0.0284801
   5.0000000   -0.0299243
   5.0200000   -0.0309294
   5.0400000   -0.0314411
   5.0600000   -0.0314078
   5.0800000   -0.0307847
   5.1000000   -0.0295386
   5.1200000   -0.0276517
   5.1400000   -0.0251260
   5.1600000   -0.0219864
   5.1800000   -0.0182825
   5.2000000   -0.0140898
   5.2200000   -0.0095082
   5.2400000   -0.0046600
   5.2600000    0.0003149
   5.2800000    0.0052645
   5.3000000    0.0100323
   5.3200000    0.0144647
   5.3400000    0.0184202
   5.3600000    0.0217774
   5.3800000    0.0244417
   5.4000000    0.0263516
   5.4200000    0.0274817
   5.4400000    0.0278428
   5.4600000    0.0274806
   5.4800000    0.0264702
   5.5000000    0.0249097
   5.5200000    0.0229118
   5.5400000    0.0205961
   5.5600000    0.0180806
   5.5800000    0.0154759
   5.6000000    0.0128802
   5.6200000    0.0103772
   5.6400000    0.0080350
   5.6600000    0.0059068
   5.6800000    0.0040319
   5.7000000    0.0024374
   5.7200000    0.0011386
   5.7400000    0.0001389
   5.7600000   -0.0005704
   5.7800000   -0.0010119
   5.8000000   -0.0012221
   5.8200000   -0.0012526
   5.8400000   -0.0011684
   5.8600000   -0.0010457
   5.8800000   -0.0009678
   5.9000000   -0.0010192
   5.9200000   -0.0012795
   5.9400000   -0.0018165
   5.9600000   -0.0026799
   5.9800000   -0.0038961
   6.0000000   -0.0054644
   6.0200000   -0.0073556
   6.0400000   -0.0095124
   6.0600000   -0.0118520
   6.0800000   -0.0142708
   6.1000000   -0.0166507
   6.1200000   -0.0188668
   6.1400000   -0.0207957
   6.1600000   -0.0223239
   6.1800000   -0.0233570
   6.2000000   -0.0238264
   6.2200000   -0.0236957
   6.2400000   -0.0229649
   6.2600000   -0.0216715
   6.2800000   -0.0198891
   6.3000000   -0.0177240
   6.3200000   -0.0153073
   6.3400000   -0.0127869
   6.3600000   -0.0103162
   6.3800000   -0.0080434
   6.4000000   -0.0061002
   6.4200000   -0.0045921
   6.4400000   -0.0035909
   6.4600000   -0.0031291
   6.4800000   -0.0031979
   6.5000000   -0.0037484
   6.5200000   -0.0046953
   6.5400000   -0.0059243
   6.5600000   -0.0073008
   6.5800000   -0.0086801
   6.6000000   -0.0099190
   6.6200000   -0.0108859
   6.6400000   -0.0114707
   6.6600000   -0.0115921
   6.6800000   -0.0112024
   6.7000000   -0.0102898
   6.7200000   -0.0088777
   6.7400000   -0.0070206
   6.7600000   -0.0047984
   6.7800000   -0.0023092
   6.8000000    0.0003387
   6.8200000    0.0030354
   6.8400000    0.0056761
   6.8600000    0.0081671
   6.8800000    0.0104302
   6.9000000    0.0124050
   6.9200000    0.0140498
   6.9400000    0.0153408
   6.9600000    0.0162711
   6.9800000    0.0168478
   7.0000000    0.0170902
   7.0200000    0.0170272
   7.0400000    0.0166946
   7.0600000    0.0161332
   7.0800000    0.0153863
   7.1000000    0.0144979
   7.1200000    0.0135101
   7.1400000    0.0124614
   7.1600000    0.0113846
   7.1800000    0.0103051
   7.2000000    0.0092394
   7.2200000    0.0081943
   7.2400000    0.0071671
   7.2600000    0.0061460
   7.2800000    0.0051117
   7.3000000    0.0040394
   7.3200000    0.0029020
   7.3400000    0.0016727
   7.3600000    0.0003283
   7.3800000   -0.0011477
   7.4000000   -0.0027631
   7.4200000   -0.0045151
   7.4400000   -0.0063902
   7.4600000   -0.0083639
   7.4800000   -0.0104027
   7.5000000   -0.0124661
   7.5200000   -0.0145093
   7.5400000   -0.0164863
   7.5600000   -0.0183523
   7.5800000   -0.0200664
   7.6000000   -0.0215932
   7.6200000   -0.0229036
   7.6400000   -0.0239756
   7.6600000   -0.0247941
   7.6800000   -0.0253510
   7.7000000   -0.0256447
   7.7200000   -0.0256811
   7.7400000   -0.0254734
   7.7600000   -0.0250427
   7.7800000   -0.0244186
   7.8000000   -0.0236389
   7.8200000   -0.0227485
   7.8400000   -0.0217970
   7.8600000   -0.0208360
   7.8800000   -0.0199149
   7.9000000   -0.0190762
   7.9200000   -0.0183516
   7.9400000   -0.0177583
   7.9600000   -0.0172974
   7.9800000   -0.0169534
   8.0000000   -0.0166965
   8.0200000   -0.0164858
   8.0400000   -0.0162748
   8.0600000   -0.0160169
   8.0800000   -0.0156716
   8.1000000   -0.0152092
   8.1200000   -0.0146140
   8.1400000   -0.0138864
   8.1600000   -0.0130415
   8.1800000   -0.0121069
   8.2000000   -0.0111183
   8.2200000   -0.0101140
   8.2400000   -0.0091304
   8.2600000   -0.0081963
   8.2800000   -0.0073304
   8.3000000   -0.0065389
   8.3200000   -0.0058160
   8.3400000   -0.0051452
   8.3600000   -0.0045024
   8.3800000   -0.0038594
   8.4000000   -0.0031875
   8.4200000   -0.0024603
   8.4400000   -0.0016564
   8.4600000   -0.0007599
   8.4800000    0.0002384
   8.5000000    0.0013418
   8.5200000    0.0025479
   8.5400000    0.0038495
   8.5600000    0.0052347
   8.5800000    0.0066874
   8.6000000    0.0081874
   8.6200000    0.0097109
   8.6400000    0.0112313
   8.6600000    0.0127205
   8.6800000    0.0141510
   8.7000000    0.0154982
   8.7200000    0.0167423
   8.7400000    0.0178706
   8.7600000    0.0188781
   8.7800000    0.0197679
   8.8000000    0.0205494
   8.8200000    0.0212361
   8.8400000    0.0218424
   8.8600000    0.0223803
   8.8800000    0.0228557
   8.9000000    0.0232665
   8.9200000    0.0236009
   8.9400000    0.0238378
   8.9600000    0.0239483
   8.9800000    0.0238977
   9.0000000    0.0236493
   9.0200000    0.0231674
   9.0400000    0.0224212
   9.0600000    0.0213869
   9.0800000    0.0200499
   9.1000000    0.0184060
   9.1200000    0.0164610
   9.1400000    0.0142305
   9.1600000    0.0117385
   9.1800000    0.0090165
   9.2000000    0.0061016
   9.2200000    0.0030357
   9.2400000   -0.0001357
   9.2600000   -0.0033641
   9.2800000   -0.0065992
   9.3000000   -0.0097892
   9.3200000   -0.0128825
   9.3400000   -0.0158282
   9.3600000   -0.0185785
   9.3800000   -0.0210898
   9.4000000   -0.0233247
   9.4200000   -0.0252537
   9.4400000   -0.0268561
   9.4600000   -0.0281214
   9.4800000   -0.0290493
   9.5000000   -0.0296494
   9.5200000   -0.0299412
   9.5400000   -0.0299523
   9.5600000   -0.0297174
   9.5800000   -0.0292763
   9.6000000   -0.0286721
   9.6200000   -0.0279490
   9.6400000   -0.0271494
   9.6600000   -0.0263114
   9.6800000   -0.0254660
   9.7000000   -0.0246343
   9.7200000   -0.0238254
   9.7400000   -0.0230348
   9.7600000   -0.0222438
   9.7800000   -0.0214205
   9.8000000   -0.0205218
   9.8200000   -0.0194972
   9.8400000   -0.0182931
   9.8600000   -0.0168585
   9.8800000   -0.0151506
   9.9000000   -0.0131396
   9.9200000   -0.0108131
   9.9400000   -0.0081789
   9.9600000   -0.0052657
   9.9800000   -0.0021226
  10.0000000    0.0011840
  10.0200000    0.0045740
  10.0400000    0.0079591
  10.0600000    0.0112482
  10.0800000    0.0143531
  10.1000000    0.0171938
  10.1200000    0.0197023
  10.1400000    0.0218262
  10.1600000    0.0235302
  10.1800000    0.0247962
  10.2000000    0.0256223
  10.2200000    0.0260212
  10.2400000    0.0260170
  10.2600000    0.0256426
  10.2800000    0.0249359
  10.3000000    0.0239375
  10.3200000    0.0226881
  10.3400000    0.0212270
  10.3600000    0.0195906
  10.3800000    0.0178128
  10.4000000    0.0159242
  10.4200000    0.0139537
  10.4400000    0.0119283
  10.4600000    0.0098742
  10.4800000    0.0078175
  10.5000000    0.0057837
  10.5200000    0.0037981
  10.5400000    0.0018851
  10.5600000    0.0000668
  10.5800000   -0.0016372
  10.6000000   -0.0032113
  10.6200000   -0.0046444
  10.6400000   -0.0059299
  10.6600000   -0.0070653
  10.6800000   -0.0080514
  10.7000000   -0.0088907
  10.7200000   -0.0095854
  10.7400000   -0.0101362
  10.7600000   -0.0105399
  10.7800000   -0.0107897
  10.8000000   -0.0108743
  10.8200000   -0.0107795
  10.8400000   -0.0104902
  10.8600000   -0.0099931
  10.8800000   -0.0092808
  10.9000000   -0.0083545
  10.9200000   -0.0072282
  10.9400000   -0.0059305
  10.9600000   -0.0045056
  10.9800000   -0.0030128
  11.0000000   -0.0015234
  11.0200000   -0.0001161
  11.0400000    0.0011292
  11.0600000    0.0021387
  11.0800000    0.0028523
  11.1000000    0.0032301
  11.1200000    0.0032572
  11.1400000    0.0029459
  11.1600000    0.0023345
  11.1800000    0.0014828
  11.2000000    0.0004653
  11.2200000   -0.0006385
  11.2400000   -0.0017544
  11.2600000   -0.0028223
  11.2800000   -0.0038042
  11.3000000   -0.0046885
  11.3200000   -0.0054904
  11.3400000   -0.0062485
  11.3600000   -0.0070184
  11.3800000   -0.0078633
  11.4000000   -0.0088436
  11.4200000   -0.0100068
  11.4400000   -0.0113791
  11.4600000   -0.0129591
  11.4800000   -0.0147149
  11.5000000   -0.0165847
  11.5200000   -0.0184806
  11.5400000   -0.0202938
  11.5600000   -0.0219030
  11.5800000   -0.0231826
  11.6000000   -0.0240108
  11.6200000   -0.0242777
  11.6400000   -0.0238920
  11.6600000   -0.0227863
  11.6800000   -0.0209213
  11.7000000   -0.0182890
  11.7200000   -0.0149134
  11.7400000   -0.0108516
  11.7600000   -0.0061915
  11.7800000   -0.0010496
  11.8000000    0.0044346
  11.8200000    0.0101045
  11.8400000    0.0157944
  11.8600000    0.0213385
  11.8800000    0.0265797
  11.9000000    0.0313786
  11.9200000    0.0356201
  11.9400000    0.0392187
  11.9600000    0.0421209
  11.9800000    0.0443050
  12.0000000    0.0457782
  12.0200000    0.0465719
  12.0400000    0.0467356
  12.0600000    0.0463307
  12.0800000    0.0454237
  12.1000000    0.0440816
  12.1200000    0.0423679
  12.1400000    0.0403402
  12.1600000    0.0380499
  12.1800000    0.0355422
  12.2000000    0.0328577
  12.2200000    0.0300343
  12.2400000    0.0271083
  12.2600000    0.0241159
  12.2800000    0.0210930
  12.3000000    0.0180754
  12.3200000    0.0150973
  12.3400000    0.0121899
  12.3600000    0.0093796
  12.3800000    0.0066868
  12.4000000    0.0041251
  12.4200000    0.0017015
  12.4400000   -0.0005827
  12.4600000   -0.0027297
  12.4800000   -0.0047429
  12.5000000   -0.0066243
  12.5200000   -0.0083722
  12.5400000   -0.0099793
  12.5600000   -0.0114325
  12.5800000   -0.0127132
  12.6000000   -0.0137990
  12.6200000   -0.0146667
  12.6400000   -0.0152950
  12.6600000   -0.0156678
  12.6800000   -0.0157771
  12.7000000   -0.0156248
  12.7200000   -0.0152234
  12.7400000   -0.0145957
  12.7600000   -0.0137736
  12.7800000   -0.0127953
  12.8000000   -0.0117031
  12.8200000   -0.0105399
  12.8400000   -0.0093465
  12.8600000   -0.0081596
  12.8800000   -0.0070099
  12.9000000   -0.0059212
  12.9200000   -0.0049104
  12.9400000   -0.0039876
  12.9600000   -0.0031570
  12.9800000   -0.0024181
  13.0000000   -0.0017668
  13.0200000   -0.0011972
  13.0400000   -0.0007027
  13.0600000   -0.0002776
  13.0800000    0.0000815
  13.1000000    0.0003745
  13.1200000    0.0005969
  13.1400000    0.0007395
  13.1600000    0.0007890
  13.1800000    0.0007289
  13.2000000    0.0005418
  13.2200000    0.0002125
  13.2400000   -0.0002688
  13.2600000   -0.0009032
  13.2800000   -0.0016798
  13.3000000   -0.0025740
  13.3200000   -0.0035474
  13.3400000   -0.0045492
  13.3600000   -0.0055193
  13.3800000   -0.0063940
  13.4000000   -0.0071112
  13.4200000   -0.0076171
  13.4400000   -0.0078718
  13.4600000   -0.0078528
  13.4800000   -0.0075581
  13.5000000   -0.0070050
  13.5200000   -0.0062288
  13.5400000   -0.0052778
  13.5600000   -0.0042090
  13.5800000   -0.0030819
  13.6000000   -0.0019532
  13.6200000   -0.0008729
  13.6400000    0.0001190
  13.6600000    0.0009937
  13.6800000    0.0017342
  13.7000000    0.0023339
  13.7200000    0.0027949
  13.7400000    0.0031258
  13.7600000    0.0033399
  13.7800000    0.0034525
  13.8000000    0.0034802
  13.8200000    0.0034395
  13.8400000    0.0033465
  13.8600000    0.0032168
  13.8800000    0.0030661
  13.9000000    0.0029101
  13.9200000    0.0027654
  13.9400000    0.0026492
  13.9600000    0.0025796
  13.9800000    0.0025751
  14.0000000    0.0026538
  14.0200000    0.0028326
  14.0400000    0.0031260
  14.0600000    0.0035449
  14.0800000    0.0040960
  14.1000000    0.0047810
  14.1200000    0.0055960
  14.1400000    0.0065319
  14.1600000    0.0075744
  14.1800000    0.0087048
  14.2000000    0.0099005
  14.2200000    0.0111357
  14.2400000    0.0123822
  14.2600000    0.0136103
  14.2800000    0.0147889
  14.3000000    0.0158860
  14.3200000    0.0168698
  14.3400000    0.0177087
  14.3600000    0.0183722
  14.3800000    0.0188325
  14.4000000    0.0190653
  14.4200000    0.0190515
  14.4400000    0.0187792
  14.4600000    0.0182448
  14.4800000    0.0174544
  14.5000000    0.0164244
  14.5200000    0.0151816
  14.5400000    0.0137617
  14.5600000    0.0122078
  14.5800000    0.0105673
  14.6000000    0.0088890
  14.6200000    0.0072194
  14.6400000    0.0055992
  14.6600000    0.0040607
  14.6800000    0.0026254
  14.7000000    0.0013028
  14.7200000    0.0000900
  14.7400000   -0.0010276
  14.7600000   -0.0020748
  14.7800000   -0.0030847
  14.8000000   -0.0040961
  14.8200000   -0.0051500
  14.8400000   -0.0062866
  14.8600000   -0.0075411
  14.8800000   -0.0089404
  14.9000000   -0.0104988
  14.9200000   -0.0122149
  14.9400000   -0.0140691
  14.9600000   -0.0160222
  14.9800000   -0.0180154
  15.0000000   -0.0199728
  15.0200000   -0.0218057
  15.0400000   -0.0234179
  15.0600000   -0.0247135
  15.0800000   -0.0256048
  15.1000000   -0.0260192
  15.1200000   -0.0259061
  15.1400000   -0.0252412
  15.1600000   -0.0240282
  15.1800000   -0.0222979
  15.2000000   -0.0201048
  15.2200000   -0.0175209
  15.2400000   -0.0146292
  15.2600000   -0.0115161
  15.2800000   -0.0082642
  15.3000000   -0.0049470
  15.3200000   -0.0016252
  15.3400000    0.0016549
  15.3600000    0.0048606
  15.3800000    0.0079707
  15.4000000    0.0109718
  15.4200000    0.0138543
  15.4400000    0.0166086
  15.4600000    0.0192221
  15.4800000    0.0216767
  15.5000000    0.0239487
  15.5200000    0.0260084
  15.5400000    0.0278223
  15.5600000    0.0293551
  15.5800000    0.0305720
  15.6000000    0.0314419
  15.6200000    0.0319398
  15.6400000    0.0320490
  15.6600000    0.0317630
  15.6800000    0.0310867
  15.7000000    0.0300372
  15.7200000    0.0286442
  15.7400000    0.0269498
  15.7600000    0.0250074
  15.7800000    0.0228798
  15.8000000    0.0206374
  15.8200000    0.0183544
  15.8400000    0.0161054
  15.8600000    0.0139608
  15.8800000    0.0119827
  15.9000000    0.0102213
  15.9200000    0.0087106
  15.9400000    0.0074673
  15.9600000    0.0064890
  15.9800000    0.0057553
  16.0000000    0.0052297
  16.0200000    0.0048629
  16.0400000    0.0045974
  16.0600000    0.0043723
  16.0800000    0.0041292
  16.1000000    0.0038172
  16.1200000    0.0033970
  16.1400000    0.0028451
  16.1600000    0.0021549
  16.1800000    0.0013378
  16.2000000    0.0004212
  16.2200000   -0.0005542
  16.2400000   -0.0015386
  16.2600000   -0.0024786
  16.2800000   -0.0033219
  16.3000000   -0.0040229
  16.3200000   -0.0045465
  16.3400000   -0.0048711
  16.3600000   -0.0049894
  16.3800000   -0.0049083
  16.4000000   -0.0046465
  16.4200000   -0.0042315
  16.4400000   -0.0036953
  16.4600000   -0.0030708
  16.4800000   -0.0023874
  16.5000000   -0.0016687
  16.5200000   -0.0009309
  16.5400000   -0.0001820
  16.5600000    0.0005765
  16.5800000    0.0013476
  16.6000000    0.0021359
  16.6200000    0.0029442
  16.6400000    0.0037699
  16.6600000    0.0046034
  16.6800000    0.0054254
  16.7000000    0.0062073
  16.7200000    0.0069116
  16.7400000    0.0074939
  16.7600000    0.0079060
  16.7800000    0.0080989
  16.8000000    0.0080272
  16.8200000    0.0076522
  16.8400000    0.0069457
  16.8600000    0.0058923
  16.8800000    0.0044917
  16.9000000    0.0027597
  16.9200000    0.0007285
  16.9400000   -0.0015542
  16.9600000   -0.0040271
  16.9800000   -0.0066176
  17.0000000   -0.0092461
  17.0200000   -0.0118303
  17.0400000   -0.0142904
  17.0600000   -0.0165543
  17.0800000   -0.0185628
  17.1000000   -0.0202737
  17.1200000   -0.0216648
  17.1400000   -0.0227346
  17.1600000   -0.0235016
  17.1800000   -0.0240013
  17.2000000   -0.0242805
  17.2200000   -0.0243921
  17.2400000   -0.0243874
  17.2600000   -0.0243100
  17.2800000   -0.0241906
  17.3000000   -0.0240429
  17.3200000   -0.0238628
  17.3400000   -0.0236291
  17.3600000   -0.0233070
  17.3800000   -0.0228530
  17.4000000   -0.0222204
  17.4200000   -0.0213655
  17.4400000   -0.0202533
  17.4600000   -0.0188613
  17.4800000   -0.0171825
  17.5000000   -0.0152260
  17.5200000   -0.0130165
  17.5400000   -0.0105916
  17.5600000   -0.0079989
  17.5800000   -0.0052921
  17.6000000   -0.0025267
  17.6200000    0.0002433
  17.6400000    0.0029684
  17.6600000    0.0056059
  17.6800000    0.0081207
  17.7000000    0.0104851
  17.7200000    0.0126777
  17.7400000    0.0146817
  17.7600000    0.0164819
  17.7800000    0.0180626
  17.8000000    0.0194049
  17.8200000    0.0204857
  17.8400000    0.0212765
  17.8600000    0.0217447
  17.8800000    0.0218562
  17.9000000    0.0215781
  17.9200000    0.0208838
  17.9400000    0.0197569
  17.9600000    0.0181961
  17.9800000    0.0162177
  18.0000000    0.0138574
  18.0200000    0.0111694
  18.0400000    0.0082240
  18.0600000    0.0051024
  18.0800000    0.0018910
  18.1000000   -0.0013257
  18.1200000   -0.0044724
  18.1400000   -0.0074882
  18.1600000   -0.0103310
  18.1800000   -0.0129794
  18.2000000   -0.0154317
  18.2200000   -0.0177025
  18.2400000   -0.0198173
  18.2600000   -0.0218062
  18.2800000   -0.0236964
  18.3000000   -0.0255059
  18.3200000   -0.0272385
  18.3400000   -0.0288807
  18.3600000   -0.0304016
  18.3800000   -0.0317547
  18.4000000   -0.0328823
  18.4200000   -0.0337215
  18.4400000   -0.0342105
  18.4600000   -0.0342956
  18.4800000   -0.0339367
  18.5000000   -0.0331119
  18.5200000   -0.0318201
  18.5400000   -0.0300809
  18.5600000   -0.0279338
  18.5800000   -0.0254343
  18.6000000   -0.0226497
  18.6200000   -0.0196537
  18.6400000   -0.0165216
  18.6600000   -0.0133253
  18.6800000   -0.0101299
  18.7000000   -0.0069919
  18.7200000   -0.0039581
  18.7400000   -0.0010665
  18.7600000    0.0016513
  18.7800000    0.0041684
  18.8000000    0.0064591
  18.8200000    0.0084976
  18.8400000    0.0102565
  18.8600000    0.0117067
  18.8800000    0.0128192
  18.9000000    0.0135679
  18.9200000    0.0139326
  18.9400000    0.0139033
  18.9600000    0.0134841
  18.9800000    0.0126958
  19.0000000    0.0115780
  19.0200000    0.0101888
  19.0400000    0.0086029
  19.0600000    0.0069078
  19.0800000    0.0051975
  19.1000000    0.0035655
  19.1200000    0.0020970
  19.1400000    0.0008607
  19.1600000   -0.0000985
  19.1800000   -0.0007641
  19.2000000   -0.0011514
  19.2200000   -0.0013066
  19.2400000   -0.0013026
  19.2600000   -0.0012325
  19.2800000   -0.0011991
  19.3000000   -0.0013036
  19.3200000   -0.0016331
  19.3400000   -0.0022499
  19.3600000   -0.0031813
  19.3800000   -0.0044145
  19.4000000   -0.0058943
  19.4200000   -0.0075256
  19.4400000   -0.0091807
  19.4600000   -0.0107091
  19.4800000   -0.0119512
  19.5000000   -0.0127527
  19.5200000   -0.0129785
  19.5400000   -0.0125265
  19.5600000   -0.0113365
  19.5800000   -0.0093977
  19.6000000   -0.0067498
  19.6200000   -0.0034806
  19.6400000    0.0002805
  19.6600000    0.0043734
  19.6800000    0.0086202
  19.7000000    0.0128388
  19.7200000    0.0168577
  19.7400000    0.0205281
  19.7600000    0.0237336
  19.7800000    0.0263969
  19.8000000    0.0284818
  19.8200000    0.0299924
  19.8400000    0.0309679
  19.8600000    0.0314757
  19.8800000    0.0316024
  19.9000000    0.0314445
  19.9200000    0.0310994
  19.9400000    0.0306580
  19.9600000    0.0301977
  19.9800000    0.0297790
  20.0000000    0.0294420
  20.0200000    0.0292056
  20.0400000    0.0290686
  20.0600000    0.0290106
  20.0800000    0.0289954
  20.1000000    0.0289746
  20.1200000    0.0288923
  20.1400000    0.0286906
  20.1600000    0.0283150
  20.1800000    0.0277201
  20.2000000    0.0268747
  20.2200000    0.0257658
  20.2400000    0.0244011
  20.2600000    0.0228096
  20.2800000    0.0210402
  20.3000000    0.0191574
  20.3200000    0.0172363
  20.3400000    0.0153553
  20.3600000    0.0135886
  20.3800000    0.0119992
  20.4000000    0.0106321
  20.4200000    0.0095107
  20.4400000    0.0086343
  20.4600000    0.0079789
  20.4800000    0.0075007
  20.5000000    0.0071417
  20.5200000    0.0068359
  20.5400000    0.0065176
  20.5600000    0.0061284
  20.5800000    0.0056227
  20.6000000    0.0049729
  20.6200000    0.0041707
  20.6400000    0.0032274
  20.6600000    0.0021715
  20.6800000    0.0010454
  20.7000000   -0.0001002
  20.7200000   -0.0012107
  20.7400000   -0.0022335
  20.7600000   -0.0031223
  20.7800000   -0.0038412
  20.8000000   -0.0043671
  20.8200000   -0.0046915
  20.8400000   -0.0048207
  20.8600000   -0.0047745
  20.8800000   -0.0045847
  20.9000000   -0.0042912
  20.9200000   -0.0039390
  20.9400000   -0.0035728
  20.9600000   -0.0032335
  20.9800000   -0.0029535
  21.0000000   -0.0027540
  21.0200000   -0.0026425
  21.0400000   -0.0026125
  21.0600000   -0.0026443
  21.0800000   -0.0027070
  21.1000000   -0.0027624
  21.1200000   -0.0027684
  21.1400000   -0.0026833
  21.1600000   -0.0024694
  21.1800000   -0.0020964
  21.2000000   -0.0015430
  21.2200000   -0.0007983
  21.2400000    0.0001381
  21.2600000    0.0012568
  21.2800000    0.0025393
  21.3000000    0.0039594
  21.3200000    0.0054847
  21.3400000    0.0070778
  21.3600000    0.0086979
  21.3800000    0.0103020
  21.4000000    0.0118467
  21.4200000    0.0132898
  21.4400000    0.0145922
  21.4600000    0.0157198
  21.4800000    0.0166455
  21.5000000    0.0173505
  21.5200000    0.0178257
  21.5400000    0.0180721
  21.5600000    0.0181006
  21.5800000    0.0179314
  21.6000000    0.0175922
  21.6200000    0.0171160
  21.6400000    0.0165385
  21.6600000    0.0158955
  21.6800000    0.0152197
  21.7000000    0.0145382
  21.7200000    0.0138705
  21.7400000    0.0132267
  21.7600000    0.0126070
  21.7800000    0.0120016
  21.8000000    0.0113919
  21.8200000    0.0107522
  21.8400000    0.0100522
  21.8600000    0.0092603
  21.8800000    0.0083466
  21.9000000    0.0072864
  21.9200000    0.0060629
  21.9400000    0.0046698
  21.9600000    0.0031120
  21.9800000    0.0014065
  22.0000000   -0.0004187
  22.0200000   -0.0023266
  22.0400000   -0.0042738
  22.0600000   -0.0062136
  22.0800000   -0.0080992
  22.1000000   -0.0098869
  22.1200000   -0.0115381
  22.1400000   -0.0130213
  22.1600000   -0.0143127
  22.1800000   -0.0153958
  22.2000000   -0.0162616
  22.2200000   -0.0169072
  22.2400000   -0.0173353
  22.2600000   -0.0175537
  22.2800000   -0.0175751
  22.3000000   -0.0174169
  22.3200000   -0.0171019
  22.3400000   -0.0166578
  22.3600000   -0.0161171
  22.3800000   -0.0155158
  22.4000000   -0.0148913
  22.4200000   -0.0142797
  22.4400000   -0.0137127
  22.4600000   -0.0132136
  22.4800000   -0.0127948
  22.5000000   -0.0124549
  22.5200000   -0.0121786
  22.5400000   -0.0119369
  22.5600000   -0.0116894
  22.5800000   -0.0113886
  22.6000000   -0.0109844
  22.6200000   -0.0104297
  22.6400000   -0.0096855
  22.6600000   -0.0087261
  22.6800000   -0.0075422
  22.7000000   -0.0061431
  22.7200000   -0.0045573
  22.7400000   -0.0028312
  22.7600000   -0.0010267
  22.7800000    0.0007830
  22.8000000    0.0025183
  22.8200000    0.0040986
  22.8400000    0.0054481
  22.8600000    0.0065017
  22.8800000    0.0072100
  22.9000000    0.0075432
  22.9200000    0.0074942
  22.9400000    0.0070787
  22.9600000    0.0063350
  22.9800000    0.0053204
  23.0000000    0.0041070
  23.0200000    0.0027754
  23.0400000    0.0014087
  23.0600000    0.0000854
  23.0800000   -0.0011262
  23.1000000   -0.0021722
  23.1200000   -0.0030168
  23.1400000   -0.0036426
  23.1600000   -0.0040503
  23.1800000   -0.0042558
  23.2000000   -0.0042870
  23.2200000   -0.0041792
  23.2400000   -0.0039711
  23.2600000   -0.0037001
  23.2800000   -0.0033991
  23.3000000   -0.0030948
  23.3200000   -0.0028056
  23.3400000   -0.0025426
  23.3600000   -0.0023099
  23.3800000   -0.0021063
  23.4000000   -0.0019277
  23.4200000   -0.0017685
  23.4400000   -0.0016232
  23.4600000   -0.0014873
  23.4800000   -0.0013576
  23.5000000   -0.0012315
  23.5200000   -0.0011061
  23.5400000   -0.0009766
  23.5600000   -0.0008358
  23.5800000   -0.0006725
  23.6000000   -0.0004721
  23.6200000   -0.0002168
  23.6400000    0.0001130
  23.6600000    0.0005356
  23.6800000    0.0010661
  23.7000000    0.0017125
  23.7200000    0.0024735
  23.7400000    0.0033353
  23.7600000    0.0042708
  23.7800000    0.0052396
  23.8000000    0.0061885
  23.8200000    0.0070555
  23.8400000    0.0077731
  23.8600000    0.0082742
  23.8800000    0.0084976
  23.9000000    0.0083940
  23.9200000    0.0079311
  23.9400000    0.0070970
  23.9600000    0.0059026
  23.9800000    0.0043810
  24.0000000    0.0025850
  24.0200000    0.0005829
  24.0400000   -0.0015477
  24.0600000   -0.0037265
  24.0800000   -0.0058775
  24.1000000   -0.0079357
  24.1200000   -0.0098513
  24.1400000   -0.0115931
  24.1600000   -0.0131497
  24.1800000   -0.0145279
  24.2000000   -0.0157496
  24.2200000   -0.0168473
  24.2400000   -0.0178583
  24.2600000   -0.0188187
  24.2800000   -0.0197579
  24.3000000   -0.0206937
  24.3200000   -0.0216289
  24.3400000   -0.0225506
  24.3600000   -0.0234298
  24.3800000   -0.0242248
  24.4000000   -0.0248846
  24.4200000   -0.0253553
  24.4400000   -0.0255851
  24.4600000   -0.0255308
  24.4800000   -0.0251628
  24.5000000   -0.0244684
  24.5200000   -0.0234540
  24.5400000   -0.0221439
  24.5600000   -0.0205786
  24.5800000   -0.0188103
  24.6000000   -0.0168977
  24.6200000   -0.0149002
  24.6400000   -0.0128724
  24.6600000   -0.0108598
  24.6800000   -0.0088955
  24.7000000   -0.0069998
  24.7200000   -0.0051804
  24.7400000   -0.0034348
  24.7600000   -0.0017548
  24.7800000   -0.0001300
  24.8000000    0.0014471
  24.8200000    0.0029781
  24.8400000    0.0044555
  24.8600000    0.0058620
  24.8800000    0.0071711
  24.9000000    0.0083495
  24.9200000    0.0093604
  24.9400000    0.0101680
  24.9600000    0.0107423
  24.9800000    0.0110628
  25.0000000    0.0111225
  25.0200000    0.0109296
  25.0400000    0.0105077
  25.0600000    0.0098946
  25.0800000    0.0091395
  25.1000000    0.0082988
  25.1200000    0.0074316
  25.1400000    0.0065951
  25.1600000    0.0058400
  25.1800000    0.0052080
  25.2000000    0.0047294
  25.2200000    0.0044227
  25.2400000    0.0042955
  25.2600000    0.0043454
  25.2800000    0.0045629
  25.3000000    0.0049327
  25.3200000    0.0054361
  25.3400000    0.0060518
  25.3600000    0.0067573
  25.3800000    0.0075285
  25.4000000    0.0083398
  25.4200000    0.0091637
  25.4400000    0.0099704
  25.4600000    0.0107278
  25.4800000    0.0114018
  25.5000000    0.0119571
  25.5200000    0.0123583
  25.5400000    0.0125717
  25.5600000    0.0125665
  25.5800000    0.0123172
  25.6000000    0.0118044
  25.6200000    0.0110169
  25.6400000    0.0099515
  25.6600000    0.0086137
  25.6800000    0.0070171
  25.7000000    0.0051823
  25.7200000    0.0031351
  25.7400000    0.0009051
  25.7600000   -0.0014762
  25.7800000   -0.0039770
  25.8000000   -0.0065663
  25.8200000   -0.0092144
  25.8400000   -0.0118926
  25.8600000   -0.0145726
  25.8800000   -0.0172250
  25.9000000   -0.0198182
  25.9200000   -0.0223174
  25.9400000   -0.0246831
  25.9600000   -0.0268718
  25.9800000   -0.0288360
  26.0000000   -0.0305259
  26.0200000   -0.0318912
  26.0400000   -0.0328838
  26.0600000   -0.0334602
  26.0800000   -0.0335844
  26.1000000   -0.0332300
  26.1200000   -0.0323822
  26.1400000   -0.0310390
  26.1600000   -0.0292113
  26.1800000   -0.0269231
  26.2000000   -0.0242100
  26.2200000   -0.0211177
  26.2400000   -0.0176996
  26.2600000   -0.0140148
  26.2800000   -0.0101252
  26.3000000   -0.0060939
  26.3200000   -0.0019826
  26.3400000    0.0021492
  26.3600000    0.0062451
  26.3800000    0.0102526
  26.4000000    0.0141232
  26.4200000    0.0178129
  26.4400000    0.0212824
  26.4600000    0.0244982
  26.4800000    0.0274335
  26.5000000    0.0300692
  26.5200000    0.0323948
  26.5400000    0.0344089
  26.5600000    0.0361190
  26.5800000    0.0375398
  26.6000000    0.0386921
  26.6200000    0.0395990
  26.6400000    0.0402829
  26.6600000    0.0407622
  26.6800000    0.0410481
  26.7000000    0.0411417
  26.7200000    0.0410337
  26.7400000    0.0407036
  26.7600000    0.0401217
  26.7800000    0.0392513
  26.8000000    0.0380531
  26.8200000    0.0364894
  26.8400000    0.0345286
  26.8600000    0.0321504
  26.8800000    0.0293492
  26.9000000    0.0261376
  26.9200000    0.0225476
  26.9400000    0.0186309
  26.9600000    0.0144577
  26.9800000    0.0101127
  27.0000000    0.0056913
  27.0200000    0.0012934
  27.0400000   -0.0029827
  27.0600000   -0.0070467
  27.0800000   -0.0108219
  27.1000000   -0.0142498
  27.1200000   -0.0172932
  27.1400000   -0.0199368
  27.1600000   -0.0221865
  27.1800000   -0.0240657
  27.2000000   -0.0256111
  27.2200000   -0.0268667
  27.2400000   -0.0278778
  27.2600000   -0.0286853
  27.2800000   -0.0293208
  27.3000000   -0.0298036
  27.3200000   -0.0301392
  27.3400000   -0.0303195
  27.3600000   -0.0303254
  27.3800000   -0.0301299
  27.4000000   -0.0297018
  27.4200000   -0.0290108
  27.4400000   -0.0280306
  27.4600000   -0.0267426
  27.4800000   -0.0251382
  27.5000000   -0.0232197
  27.5200000   -0.0210007
  27.5400000   -0.0185056
  27.5600000   -0.0157680
  27.5800000   -0.0128295
  27.6000000   -0.0097371
  27.6200000   -0.0065416
  27.6400000   -0.0032946
  27.6600000   -0.0000472
  27.6800000    0.0031529
  27.7000000    0.0062628
  27.7200000    0.0092460
  27.7400000    0.0120731
  27.7600000    0.0147219
  27.7800000    0.0171771
  27.8000000    0.0194286
  27.8200000    0.0214703
  27.8400000    0.0232970
  27.8600000    0.0249030
  27.8800000    0.0262797
  27.9000000    0.0274146
  27.9200000    0.0282902
  27.9400000    0.0288849
  27.9600000    0.0291740
  27.9800000    0.0291319
  28.0000000    0.0287350
  28.0200000    0.0279644
  28.0400000    0.0268095
  28.0600000    0.0252708
  28.0800000    0.0233620
  28.1000000    0.0211112
  28.1200000    0.0185620
  28.1400000    0.0157720
  28.1600000    0.0128112
  28.1800000    0.0097588
  28.2000000    0.0066998
  28.2200000    0.0037196
  28.2400000    0.0009001
  28.2600000   -0.0016862
  28.2800000   -0.0039796
  28.3000000   -0.0059375
  28.3200000   -0.0075367
  28.3400000   -0.0087745
  28.3600000   -0.0096681
  28.3800000   -0.0102530
  28.4000000   -0.0105793
  28.4200000   -0.0107074
  28.4400000   -0.0107027
  28.4600000   -0.0106297
  28.4800000   -0.0105477
  28.5000000   -0.0105056
  28.5200000   -0.0105392
  28.5400000   -0.0106698
  28.5600000   -0.0109039
  28.5800000   -0.0112350
  28.6000000   -0.0116459
  28.6200000   -0.0121129
  28.6400000   -0.0126089
  28.6600000   -0.0131074
  28.6800000   -0.0135856
  28.7000000   -0.0140258
  28.7200000   -0.0144173
  28.7400000   -0.0147554
  28.7600000   -0.0150401
  28.7800000   -0.0152747
  28.8000000   -0.0154621
  28.8200000   -0.0156026
  28.8400000   -0.0156908
  28.8600000   -0.0157133
  28.8800000   -0.0156478
  28.9000000   -0.0154627
  28.9200000   -0.0151183
  28.9400000   -0.0145695
  28.9600000   -0.0137696
  28.9800000   -0.0126753
  29.0000000   -0.0112520
  29.0200000   -0.0094795
  29.0400000   -0.0073563
  29.0600000   -0.0049041
  29.0800000   -0.0021690
  29.1000000    0.0007783
  29.1200000    0.0038457
  29.1400000    0.0069241
  29.1600000    0.0098944
  29.1800000    0.0126361
  29.2000000    0.0150358
  29.2200000    0.0169954
  29.2400000    0.0184401
  29.2600000    0.0193228
  29.2800000    0.0196269
  29.3000000    0.0193668
  29.3200000    0.0185843
  29.3400000    0.0173442
  29.3600000    0.0157275
  29.3800000    0.0138239
  29.4000000    0.0117248
  29.4200000    0.0095166
  29.4400000    0.0072758
  29.4600000    0.0050656
  29.4800000    0.0029342
  29.5000000    0.0009152
  29.5200000   -0.0009706
  29.5400000   -0.0027129
  29.5600000   -0.0043088
  29.5800000   -0.0057587
  29.6000000   -0.0070641
  29.6200000   -0.0082240
  29.6400000   -0.0092338
  29.6600000   -0.0100837
  29.6800000   -0.0107586
  29.7000000   -0.0112395
  29.7200000   -0.0115049
  29.7400000   -0.0115335
  29.7600000   -0.0113073
  29.7800000   -0.0108149
  29.8000000   -0.0100547
  29.8200000   -0.0090373
  29.8400000   -0.0077870
  29.8600000   -0.0063418
  29.8800000   -0.0047523
  29.9000000   -0.0030788
  29.9200000   -0.0013871
  29.9400000    0.0002556
  29.9600000    0.0017869
  29.9800000    0.0031529
  30.0000000    0.0043134
