 -10.0000000    0.0046327
  -9.9800000    0.0133425
  -9.9600000    0.0240645
  -9.9400000    0.0366721
  -9.9200000    0.0509473
  -9.9000000    0.0665718
  -9.8800000    0.0831224
  -9.8600000    0.1000768
  -9.8400000    0.1168293
  -9.8200000    0.1327206
  -9.8000000    0.1470780
  -9.7800000    0.1592639
  -9.7600000    0.1687279
  -9.7400000    0.1750554
  -9.7200000    0.1780061
  -9.7000000    0.1775372
  -9.6800000    0.1738065
  -9.6600000    0.1671546
  -9.6400000    0.1580686
  -9.6200000    0.1471308
  -9.6000000    0.1349611
  -9.5800000    0.1221585
  -9.5600000    0.1092518
  -9.5400000    0.0966631
  -9.5200000    0.0846892
  -9.5000000    0.0735002
  -9.4800000    0.0631544
  -9.4600000    0.0536234
  -9.4400000    0.0448234
  -9.4200000    0.0366458
  -9.4000000    0.0289832
  -9.3800000    0.0217461
  -9.3600000    0.0148712
  -9.3400000    0.0083194
  -9.3200000    0.0020678
  -9.3000000   -0.0039026
  -9.2800000   -0.0096192
  -9.2600000   -0.0151273
  -9.2400000   -0.0204951
  -9.2200000   -0.0258120
  -9.2000000   -0.0311818
  -9.1800000   -0.0367105
  -9.1600000   -0.0424914
  -9.1400000   -0.0485901
  -9.1200000   -0.0550305
  -9.1000000   -0.0617851
  -9.0800000   -0.0687701
  -9.0600000   -0.0758465
  -9.0400000   -0.0828266
  -9.0200000   -0.0894857
  -9.0000000   -0.0955777
  -8.9800000   -0.1008528
  -8.9600000   -0.1050760
  -8.9400000   -0.1080442
  -8.9200000   -0.1096012
  -8.9000000   -0.1096493
  -8.8800000   -0.1081565
  -8.8600000   -0.1051589
  -8.8400000   -0.1007587
  -8.8200000   -0.0951175
  -8.8000000   -0.0884457
  -8.7800000   -0.0809886
  -8.7600000   -0.0730102
  -8.7400000   -0.0647757
  -8.7200000   -0.0565344
  -8.7000000   -0.0485038
  -8.6800000   -0.0408572
  -8.6600000   -0.0337144
  -8.6400000   -0.0271382
  -8.6200000   -0.0211351
  -8.6000000   -0.0156615
  -8.5800000   -0.0106340
  -8.5600000   -0.0059420
  -8.5400000   -0.0014627
  -8.5200000    0.0029253
  -8.5000000    0.0073290
  -8.4800000    0.0118316
  -8.4600000    0.0164865
  -8.4400000    0.0213148
  -8.4200000    0.0263065
  -8.4000000    0.0314236
  -8.3800000    0.0366055
  -8.3600000    0.0417741
  -8.3400000    0.0468390
  -8.3200000    0.0517016
  -8.3000000    0.0562579
  -8.2800000    0.0603999
  -8.2600000    0.0640176
  -8.2400000    0.0670004
  -8.2200000    0.0692393
  -8.2000000    0.0706312
  -8.1800000    0.0710841
  -8.1600000    0.0705243
  -8.1400000    0.0689032
  -8.1200000    0.0662042
  -8.1000000    0.0624488
  -8.0800000    0.0576991
  -8.0600000    0.0520580
  -8.0400000    0.0456657
  -8.0200000    0.0386937
  -8.0000000    0.0313355
  -7.9800000    0.0237968
  -7.9600000    0.0162854
  -7.9400000    0.0090011
  -7.9200000    0.0021285
  -7.9000000   -0.0041694
  -7.8800000   -0.0097544
  -7.8600000   -0.0145147
  -7.8400000   -0.0183651
  -7.8200000   -0.0212451
  -7.8000000   -0.0231169
  -7.7800000   -0.0239626
  -7.7600000   -0.0237814
  -7.7400000   -0.0225870
  -7.7200000   -0.0204050
  -7.7000000   -0.0172711
  -7.6800000   -0.0132292
  -7.6600000   -0.0083306
  -7.6400000   -0.0026326
  -7.6200000    0.0038022
  -7.6000000    0.0109062
  -7.5800000    0.0186075
  -7.5600000    0.0268295
  -7.5400000    0.0354891
  -7.5200000    0.0444945
  -7.5000000    0.0537396
  -7.4800000    0.0630980
  -7.4600000    0.0724156
  -7.4400000    0.0815037
  -7.4200000    0.0901342
  -7.4000000    0.0980400
  -7.3800000    0.1049206
  -7.3600000    0.1104562
  -7.3400000    0.1143277
  -7.3200000    0.1162429
  -7.3000000    0.1159646
  -7.2800000    0.1133375
  -7.2600000    0.1083090
  -7.2400000    0.1009421
  -7.2200000    0.0914154
  -7.2000000    0.0800134
  -7.1800000    0.0671051
  -7.1600000    0.0531167
  -7.1400000    0.0385003
  -7.1200000    0.0237039
  -7.1000000    0.0091455
  -7.0800000   -0.0048058
  -7.0600000   -0.0178418
  -7.0400000   -0.0297193
  -7.0200000   -0.0402583
  -7.0000000   -0.0493368
  -6.9800000   -0.0568824
  -6.9600000   -0.0628640
  -6.9400000   -0.0672825
  -6.9200000   -0.0701634
  -6.9000000   -0.0715495
  -6.8800000   -0.0714945
  -6.8600000   -0.0700575
  -6.8400000   -0.0672989
  -6.8200000   -0.0632770
  -6.8000000   -0.0580469
  -6.7800000   -0.0516614
  -6.7600000   -0.0441736
  -6.7400000   -0.0356423
  -6.7200000   -0.0261377
  -6.7000000   -0.0157487
  -6.6800000   -0.0045885
  -6.6600000    0.0072003
  -6.6400000    0.0194441
  -6.6200000    0.0319393
  -6.6000000    0.0444581
  -6.5800000    0.0567570
  -6.5600000    0.0685895
  -6.5400000    0.0797211
  -6.5200000    0.0899448
  -6.5000000    0.0990973
  -6.4800000    0.1070720
  -6.4600000    0.1138290
  -6.4400000    0.1193988
  -6.4200000    0.1238800
  -6.4000000    0.1274299
  -6.3800000    0.1302481
  -6.3600000    0.1325548
  -6.3400000    0.1345653
  -6.3200000    0.1364643
  -6.3000000    0.1383814
  -6.2800000    0.1403734
  -6.2600000    0.1424134
  -6.2400000    0.1443906
  -6.2200000    0.1461198
  -6.2000000    0.1473602
  -6.1800000    0.1478417
  -6.1600000    0.1472944
  -6.1400000    0.1454782
  -6.1200000    0.1422079
  -6.1000000    0.1373720
  -6.0800000    0.1309409
  -6.0600000    0.1229665
  -6.0400000    0.1135721
  -6.0200000    0.1029359
  -6.0000000    0.0912714
  -5.9800000    0.0788075
  -5.9600000    0.0657718
  -5.9400000    0.0523793
  -5.9200000    0.0388270
  -5.9000000    0.0252942
  -5.8800000    0.0119473
  -5.8600000   -0.0010537
  -5.8400000   -0.0135497
  -5.8200000   -0.0253791
  -5.8000000   -0.0363792
  -5.7800000   -0.0463922
  -5.7600000   -0.0552752
  -5.7400000   -0.0629119
  -5.7200000   -0.0692262
  -5.7000000   -0.0741918
  -5.6800000   -0.0778391
  -5.6600000   -0.0802556
  -5.6400000   -0.0815809
  -5.6200000   -0.0819940
  -5.6000000   -0.0816968
  -5.5800000   -0.0808932
  -5.5600000   -0.0797670
  -5.5400000   -0.0784614
  -5.5200000   -0.0770610
  -5.5000000   -0.0755803
  -5.4800000   -0.0739586
  -5.4600000   -0.0720638
  -5.4400000   -0.0697036
  -5.4200000   -0.0666441
  -5.4000000   -0.0626349
  -5.3800000   -0.0574364
  -5.3600000   -0.0508488
  -5.3400000   -0.0427378
  -5.3200000   -0.0330561
  -5.3000000   -0.0218562
  -5.2800000   -0.0092950
  -5.2600000    0.0043720
  -5.2400000    0.0188064
  -5.2200000    0.0336103
  -5.2000000    0.0483560
  -5.1800000    0.0626189
  -5.1600000    0.0760103
  -5.1400000    0.0882066
  -5.1200000    0.0989725
  -5.1000000    0.1081755
  -5.0800000    0.1157897
  -5.0600000    0.1218901
  -5.0400000    0.1266359
  -5.0200000    0.1302469
  -5.0000000    0.1329733
  -4.9800000    0.1350641
  -4.9600000    0.1367375
  -4.9400000    0.1381556
  -4.9200000    0.1394087
  -4.9000000    0.1405098
  -4.8800000    0.1414001
  -4.8600000    0.1419668
  -4.8400000    0.1420682
  -4.8200000    0.1415646
  -4.8000000    0.1403508
  -4.7800000    0.1383841
  -4.7600000    0.1357053
  -4.7400000    0.1324488
  -4.7200000    0.1288404
  -4.7000000    0.1251821
  -4.6800000    0.1218254
  -4.6600000    0.1191371
  -4.6400000    0.1174587
  -4.6200000    0.1170661
  -4.6000000    0.1181332
  -4.5800000    0.1207031
  -4.5600000    0.1246706
  -4.5400000    0.1297796
  -4.5200000    0.1356352
  -4.5000000    0.1417305
  -4.4800000    0.1474874
  -4.4600000    0.1523060
  -4.4400000    0.1556183
  -4.4200000    0.1569404
  -4.4000000    0.1559177
  -4.3800000    0.1523566
  -4.3600000    0.1462397
  -4.3400000    0.1377237
  -4.3200000    0.1271190
  -4.3000000    0.1148560
  -4.2800000    0.1014414
  -4.2600000    0.0874107
  -4.2400000    0.0732831
  -4.2200000    0.0595232
  -4.2000000    0.0465126
  -4.1800000    0.0345347
  -4.1600000    0.0237698
  -4.1400000    0.0143025
  -4.1200000    0.0061346
  -4.1000000   -0.0007956
  -4.0800000   -0.0065939
  -4.0600000   -0.0113915
  -4.0400000   -0.0153294
  -4.0200000   -0.0185472
  -4.0000000   -0.0211751
  -3.9800000   -0.0233307
  -3.9600000   -0.0251169
  -3.9400000   -0.0266213
  -3.9200000   -0.0279154
  -3.9000000   -0.0290523
  -3.8800000   -0.0300625
  -3.8600000   -0.0309490
  -3.8400000   -0.0316815
  -3.8200000   -0.0321923
  -3.8000000   -0.0323742
  -3.7800000   -0.0320851
  -3.7600000   -0.0311558
  -3.7400000   -0.0294061
  -3.7200000   -0.0266648
  -3.7000000   -0.0227924
  -3.6800000   -0.0177040
  -3.6600000   -0.0113889
  -3.6400000   -0.0039218
  -3.6200000    0.0045340
  -3.6000000    0.0137356
  -3.5800000    0.0233787
  -3.5600000    0.0331245
  -3.5400000    0.0426307
  -3.5200000    0.0515827
  -3.5000000    0.0597214
  -3.4800000    0.0668623
  -3.4600000    0.0729063
  -3.4400000    0.0778384
  -3.4200000    0.0817183
  -3.4000000    0.0846629
  -3.3800000    0.0868249
  -3.3600000    0.0883696
  -3.3400000    0.0894540
  -3.3200000    0.0902088
  -3.3000000    0.0907266
  -3.2800000    0.0910546
  -3.2600000    0.0911941
  -3.2400000    0.0911044
  -3.2200000    0.0907109
  -3.2000000    0.0899164
  -3.1800000    0.0886140
  -3.1600000    0.0867002
  -3.1400000    0.0840870
  -3.1200000    0.0807103
  -3.1000000    0.0765355
  -3.0800000    0.0715571
  -3.0600000    0.0657934
  -3.0400000    0.0592777
  -3.0200000    0.0520454
  -3.0000000    0.0441215
  -2.9800000    0.0355100
  -2.9600000    0.0261870
  -2.9400000    0.0161006
  -2.9200000    0.0051785
  -2.9000000   -0.0066584
  -2.8800000   -0.0194762
  -2.8600000   -0.0333046
  -2.8400000   -0.0481138
  -2.8200000   -0.0637942
  -2.8000000   -0.0801420
  -2.7800000   -0.0968533
  -2.7600000   -0.1135287
  -2.7400000   -0.1296870
  -2.7200000   -0.1447900
  -2.7000000   -0.1582747
  -2.6800000   -0.1695900
  -2.6600000   -0.1782366
  -2.6400000   -0.1838043
  -2.6200000   -0.1860039
  -2.6000000   -0.1846912
  -2.5800000   -0.1798792
  -2.5600000   -0.1717388
  -2.5400000   -0.1605871
  -2.5200000   -0.1468654
  -2.5000000   -0.1311082
  -2.4800000   -0.1139083
  -2.4600000   -0.0958796
  -2.4400000   -0.0776219
  -2.4200000   -0.0596914
  -2.4000000   -0.0425776
  -2.3800000   -0.0266880
  -2.3600000   -0.0123424
  -2.3400000    0.0002267
  -2.3200000    0.0108650
  -2.3000000    0.0194833
  -2.2800000    0.0260403
  -2.2600000    0.0305234
  -2.2400000    0.0329301
  -2.2200000    0.0332518
  -2.2000000    0.0314619
  -2.1800000    0.0275107
  -2.1600000    0.0213289
  -2.1400000    0.0128396
  -2.1200000    0.0019799
  -2.1000000   -0.0112707
  -2.0800000   -0.0268573
  -2.0600000   -0.0446173
  -2.0400000   -0.0642528
  -2.0200000   -0.0853143
  -2.0000000   -0.1071987
  -1.9800000   -0.1291660
  -1.9600000   -0.1503738
  -1.9400000   -0.1699285
  -1.9200000   -0.1869475
  -1.9000000   -0.2006272
  -1.8800000   -0.2103078
  -1.8600000   -0.2155286
  -1.8400000   -0.2160667
  -1.8200000   -0.2119559
  -1.8000000   -0.2034834
  -1.7800000   -0.1911660
  -1.7600000   -0.1757085
  -1.7400000   -0.1579497
  -1.7200000   -0.1388005
  -1.7000000   -0.1191817
  -1.6800000   -0.0999638
  -1.6600000   -0.0819160
  -1.6400000   -0.0656649
  -1.6200000   -0.0516664
  -1.6000000   -0.0401920
  -1.5800000   -0.0313276
  -1.5600000   -0.0249866
  -1.5400000   -0.0209334
  -1.5200000   -0.0188157
  -1.5000000   -0.0182026
  -1.4800000   -0.0186248
  -1.4600000   -0.0196122
  -1.4400000   -0.0207277
  -1.4200000   -0.0215923
  -1.4000000   -0.0219012
  -1.3800000   -0.0214297
  -1.3600000   -0.0200302
  -1.3400000   -0.0176223
  -1.3200000   -0.0141774
  -1.3000000   -0.0097027
  -1.2800000   -0.0042260
  -1.2600000    0.0022158
  -1.2400000    0.0095817
  -1.2200000    0.0178269
  -1.2000000    0.0268960
  -1.1800000    0.0367122
  -1.1600000    0.0471641
  -1.1400000    0.0580924
  -1.1200000    0.0692794
  -1.1000000    0.0804444
  -1.0800000    0.0912459
  -1.0600000    0.1012922
  -1.0400000    0.1101606
  -1.0200000    0.1174234
  -1.0000000    0.1226776
  -0.9800000    0.1255778
  -0.9600000    0.1258653
  -0.9400000    0.1233929
  -0.9200000    0.1181406
  -0.9000000    0.1102222
  -0.8800000    0.0998798
  -0.8600000    0.0874689
  -0.8400000    0.0734345
  -0.8200000    0.0582799
  -0.8000000    0.0425334
  -0.7800000    0.0267126
  -0.7600000    0.0112913
  -0.7400000   -0.0033290
  -0.7200000   -0.0168414
  -0.7000000   -0.0290485
  -0.6800000   -0.0398673
  -0.6600000   -0.0493252
  -0.6400000   -0.0575452
  -0.6200000   -0.0647225
  -0.6000000   -0.0710922
  -0.5800000   -0.0768908
  -0.5600000   -0.0823155
  -0.5400000   -0.0874825
  -0.5200000   -0.0923913
  -0.5000000   -0.0968971
  -0.4800000   -0.1006962
  -0.4600000   -0.1033261
  -0.4400000   -0.1041834
  -0.4200000   -0.1025569
  -0.4000000   -0.0976772
  -0.3800000   -0.0887767
  -0.3600000   -0.0751579
  -0.3400000   -0.0562641
  -0.3200000   -0.0317474
  -0.3000000   -0.0015272
  -0.2800000    0.0341653
  -0.2600000    0.0747629
  -0.2400000    0.1193629
  -0.2200000    0.1667563
  -0.2000000    0.2154858
  -0.1800000    0.2639323
  -0.1600000    0.3104226
  -0.1400000    0.3533514
  -0.1200000    0.3913045
  -0.1000000    0.4231685
  -0.0800000    0.4482153
  -0.0600000    0.4661484
  -0.0400000    0.4771049
  -0.0200000    0.4816137
   0.0000000    0.4805129
   0.0200000    0.4748416
   0.0400000    0.4657177
   0.0600000    0.4542211
   0.0800000    0.4412959
   0.1000000    0.4276835
   0.1200000    0.4138907
   0.1400000    0.4001951
   0.1600000    0.3866790
   0.1800000    0.3732847
   0.2000000    0.3598777
   0.2200000    0.3463089
   0.2400000    0.3324634
   0.2600000    0.3182926
   0.2800000    0.3038248
   0.3000000    0.2891573
   0.3200000    0.2744311
   0.3400000    0.2597962
   0.3600000    0.2453738
   0.3800000    0.2312208
   0.4000000    0.2173031
   0.4200000    0.2034829
   0.4400000    0.1895193
   0.4600000    0.1750857
   0.4800000    0.1597995
   0.5000000    0.1432616
   0.5200000    0.1251010
   0.5400000    0.1050195
   0.5600000    0.0828300
   0.5800000    0.0584861
   0.6000000    0.0320983
   0.6200000    0.0039355
   0.6400000   -0.0255873
   0.6600000   -0.0559345
   0.6800000   -0.0864850
   0.7000000   -0.1165729
   0.7200000   -0.1455302
   0.7400000   -0.1727268
   0.7600000   -0.1976046
   0.7800000   -0.2197028
   0.8000000   -0.2386741
   0.8200000   -0.2542896
   0.8400000   -0.2664353
   0.8600000   -0.2750997
   0.8800000   -0.2803577
   0.9000000   -0.2823496
   0.9200000   -0.2812614
   0.9400000   -0.2773059
   0.9600000   -0.2707069
   0.9800000   -0.2616882
   1.0000000   -0.2504660
   1.0200000   -0.2372450
   1.0400000   -0.2222174
   1.0600000   -0.2055637
   1.0800000   -0.1874536
   1.1000000   -0.1680482
   1.1200000   -0.1475014
   1.1400000   -0.1259626
   1.1600000   -0.1035800
   1.1800000   -0.0805058
   1.2000000   -0.0569044
   1.2200000   -0.0329617
   1.2400000   -0.0088972
   1.2600000    0.0150241
   1.2800000    0.0384813
   1.3000000    0.0610895
   1.3200000    0.0823984
   1.3400000    0.1018965
   1.3600000    0.1190231
   1.3800000    0.1331884
   1.4000000    0.1437996
   1.4200000    0.1502927
   1.4400000    0.1521678
   1.4600000    0.1490254
   1.4800000    0.1406017
   1.5000000    0.1268003
   1.5200000    0.1077181
   1.5400000    0.0836631
   1.5600000    0.0551605
   1.5800000    0.0229458
   1.6000000   -0.0120582
   1.6200000   -0.0487800
   1.6400000   -0.0860556
   1.6600000   -0.1226958
   1.6800000   -0.1575620
   1.7000000   -0.1896427
   1.7200000   -0.2181210
   1.7400000   -0.2424258
   1.7600000   -0.2622596
   1.7800000   -0.2775973
   1.8000000   -0.2886589
   1.8200000   -0.2958564
   1.8400000   -0.2997255
   1.8600000   -0.3008506
   1.8800000   -0.2997932
   1.9000000   -0.2970348
   1.9200000   -0.2929392
   1.9400000   -0.2877386
   1.9600000   -0.2815421
   1.9800000   -0.2743619
   2.0000000   -0.2661518
   2.0200000   -0.2568490
   2.0400000   -0.2464138
   2.0600000   -0.2348593
   2.0800000   -0.2222691
   2.1000000   -0.2088017
   2.1200000   -0.1946816
   2.1400000   -0.1801801
   2.1600000   -0.1655899
   2.1800000   -0.1511965
   2.2000000   -0.1372514
   2.2200000   -0.1239487
   2.2400000   -0.1114091
   2.2600000   -0.0996712
   2.2800000   -0.0886924
   2.3000000   -0.0783571
   2.3200000   -0.0684920
   2.3400000   -0.0588875
   2.3600000   -0.0493209
   2.3800000   -0.0395815
   2.4000000   -0.0294930
   2.4200000   -0.0189326
   2.4400000   -0.0078438
   2.4600000    0.0037574
   2.4800000    0.0157833
   2.5000000    0.0280829
   2.5200000    0.0404550
   2.5400000    0.0526658
   2.5600000    0.0644674
   2.5800000    0.0756168
   2.6000000    0.0858909
   2.6200000    0.0950985
   2.6400000    0.1030868
   2.6600000    0.1097426
   2.6800000    0.1149894
   2.7000000    0.1187818
   2.7200000    0.1210981
   2.7400000    0.1219333
   2.7600000    0.1212940
   2.7800000    0.1191968
   2.8000000    0.1156685
   2.8200000    0.1107504
   2.8400000    0.1045040
   2.8600000    0.0970168
   2.8800000    0.0884083
   2.9000000    0.0788335
   2.9200000    0.0684827
   2.9400000    0.0575789
   2.9600000    0.0463705
   2.9800000    0.0351220
   3.0000000    0.0241011
   3.0200000    0.0135656
   3.0400000    0.0037498
   3.0600000   -0.0051476
   3.0800000   -0.0129732
   3.1000000   -0.0196256
   3.1200000   -0.0250574
   3.1400000   -0.0292730
   3.1600000   -0.0323233
   3.1800000   -0.0342949
   3.2000000   -0.0352982
   3.2200000   -0.0354536
   3.2400000   -0.0348779
   3.2600000   -0.0336733
   3.2800000   -0.0319184
   3.3000000   -0.0296644
   3.3200000   -0.0269360
   3.3400000   -0.0237357
   3.3600000   -0.0200526
   3.3800000   -0.0158734
   3.4000000   -0.0111929
   3.4200000   -0.0060249
   3.4400000   -0.0004097
   3.4600000    0.0055818
   3.4800000    0.0118469
   3.5000000    0.0182541
   3.5200000    0.0246487
   3.5400000    0.0308597
   3.5600000    0.0367077
   3.5800000    0.0420136
   3.6000000    0.0466047
   3.6200000    0.0503226
   3.6400000    0.0530284
   3.6600000    0.0546088
   3.6800000    0.0549813
   3.7000000    0.0541003
   3.7200000    0.0519612
   3.7400000    0.0486055
   3.7600000    0.0441229
   3.7800000    0.0386514
   3.8000000    0.0323746
   3.8200000    0.0255152
   3.8400000    0.0183253
   3.8600000    0.0110730
   3.8800000    0.0040274
   3.9000000   -0.0025583
   3.9200000   -0.0084636
   3.9400000   -0.0135156
   3.9600000   -0.0176011
   3.9800000   -0.0206748
   4.0000000   -0.0227618
   4.0200000   -0.0239536
   4.0400000   -0.0243991
   4.0600000   -0.0242894
   4.0800000   -0.0238381
   4.1000000   -0.0232594
   4.1200000   -0.0227453
   4.1400000   -0.0224460
   4.1600000   -0.0224527
   4.1800000   -0.0227879
   4.2000000   -0.0234023
   4.2200000   -0.0241787
   4.2400000   -0.0249431
   4.2600000   -0.0254814
   4.2800000   -0.0255591
   4.3000000   -0.0249436
   4.3200000   -0.0234262
   4.3400000   -0.0208411
   4.3600000   -0.0170829
   4.3800000   -0.0121173
   4.4000000   -0.0059884
   4.4200000    0.0011813
   4.4400000    0.0091962
   4.4600000    0.0178001
   4.4800000    0.0266933
   4.5000000    0.0355550
   4.5200000    0.0440687
   4.5400000    0.0519482
   4.5600000    0.0589623
   4.5800000    0.0649547
   4.6000000    0.0698563
   4.6200000    0.0736890
   4.6400000    0.0765585
   4.6600000    0.0786375
   4.6800000    0.0801406
   4.7000000    0.0812938
   4.7200000    0.0823034
   4.7400000    0.0833275
   4.7600000    0.0844551
   4.7800000    0.0856956
   4.8000000    0.0869790
   4.8200000    0.0881677
   4.8400000    0.0890777
   4.8600000    0.0895036
   4.8800000    0.0892468
   4.9000000    0.0881393
   4.9200000    0.0860628
   4.9400000    0.0829592
   4.9600000    0.0788332
   4.9800000    0.0737474
   5.0000000    0.0678125
   5.0200000    0.0611741
   5.0400000    0.0539995
   5.0600000    0.0464657
   5.0800000    0.0387499
   5.1000000    0.0310229
   5.1200000    0.0234443
   5.1400000    0.0161602
   5.1600000    0.0093003
   5.1800000    0.0029763
   5.2000000   -0.0027206
   5.2200000   -0.0077229
   5.2400000   -0.0119881
   5.2600000   -0.0155008
   5.2800000   -0.0182721
   5.3000000   -0.0203376
   5.3200000   -0.0217539
   5.3400000   -0.0225935
   5.3600000   -0.0229390
   5.3800000   -0.0228781
   5.4000000   -0.0224993
   5.4200000   -0.0218888
   5.4400000   -0.0211297
   5.4600000   -0.0203017
   5.4800000   -0.0194817
   5.5000000   -0.0187439
   5.5200000   -0.0181584
   5.5400000   -0.0177881
   5.5600000   -0.0176828
   5.5800000   -0.0178721
   5.6000000   -0.0183567
   5.6200000   -0.0191006
   5.6400000   -0.0200252
   5.6600000   -0.0210070
   5.6800000   -0.0218814
   5.7000000   -0.0224512
   5.7200000   -0.0225016
   5.7400000   -0.0218209
   5.7600000   -0.0202227
   5.7800000   -0.0175701
   5.8000000   -0.0137971
   5.8200000   -0.0089250
   5.8400000   -0.0030712
   5.8600000    0.0035511
   5.8800000    0.0106434
   5.9000000    0.0178403
   5.9200000    0.0247369
   5.9400000    0.0309194
   5.9600000    0.0359979
   5.9800000    0.0396369
   6.0000000    0.0415807
   6.0200000    0.0416715
   6.0400000    0.0398581
   6.0600000    0.0361965
   6.0800000    0.0308402
   6.1000000    0.0240252
   6.1200000    0.0160487
   6.1400000    0.0072456
   6.1600000   -0.0020352
   6.1800000   -0.0114527
   6.2000000   -0.0206929
   6.2200000   -0.0294829
   6.2400000   -0.0376003
   6.2600000   -0.0448785
   6.2800000   -0.0512063
   6.3000000   -0.0565248
   6.3200000   -0.0608218
   6.3400000   -0.0641232
   6.3600000   -0.0664844
   6.3800000   -0.0679815
   6.4000000   -0.0687017
   6.4200000   -0.0687357
   6.4400000   -0.0681699
   6.4600000   -0.0670801
   6.4800000   -0.0655266
   6.5000000   -0.0635502
   6.5200000   -0.0611711
   6.5400000   -0.0583888
   6.5600000   -0.0551848
   6.5800000   -0.0515276
   6.6000000   -0.0473798
   6.6200000   -0.0427065
   6.6400000   -0.0374844
   6.6600000   -0.0317102
   6.6800000   -0.0254073
   6.7000000   -0.0186305
   6.7200000   -0.0114659
   6.7400000   -0.0040290
   6.7600000    0.0035419
   6.7800000    0.0110938
   6.8000000    0.0184694
   6.8200000    0.0255172
   6.8400000    0.0321008
   6.8600000    0.0381066
   6.8800000    0.0434487
   6.9000000    0.0480718
   6.9200000    0.0519507
   6.9400000    0.0550879
   6.9600000    0.0575098
   6.9800000    0.0592605
   7.0000000    0.0603954
   7.0200000    0.0609744
   7.0400000    0.0610553
   7.0600000    0.0606874
   7.0800000    0.0599080
   7.1000000    0.0587389
   7.1200000    0.0571873
   7.1400000    0.0552480
   7.1600000    0.0529087
   7.1800000    0.0501566
   7.2000000    0.0469864
   7.2200000    0.0434080
   7.2400000    0.0394518
   7.2600000    0.0351725
   7.2800000    0.0306488
   7.3000000    0.0259802
   7.3200000    0.0212810
   7.3400000    0.0166717
   7.3600000    0.0122709
   7.3800000    0.0081874
   7.4000000    0.0045148
   7.4200000    0.0013286
   7.4400000   -0.0013125
   7.4600000   -0.0033635
   7.4800000   -0.0047875
   7.5000000   -0.0055502
   7.5200000   -0.0056153
   7.5400000   -0.0049423
   7.5600000   -0.0034886
   7.5800000   -0.0012153
   7.6000000    0.0019026
   7.6200000    0.0058645
   7.6400000    0.0106304
   7.6600000    0.0161098
   7.6800000    0.0221543
   7.7000000    0.0285561
   7.7200000    0.0350541
   7.7400000    0.0413476
   7.7600000    0.0471174
   7.7800000    0.0520508
   7.8000000    0.0558695
   7.8200000    0.0583556
   7.8400000    0.0593733
   7.8600000    0.0588832
   7.8800000    0.0569470
   7.9000000    0.0537229
   7.9200000    0.0494516
   7.9400000    0.0444339
   7.9600000    0.0390046
   7.9800000    0.0335032
   8.0000000    0.0282464
   8.0200000    0.0235035
   8.0400000    0.0194779
   8.0600000    0.0162956
   8.0800000    0.0140002
   8.1000000    0.0125556
   8.1200000    0.0118529
   8.1400000    0.0117233
   8.1600000    0.0119514
   8.1800000    0.0122915
   8.2000000    0.0124825
   8.2200000    0.0122632
   8.2400000    0.0113860
   8.2600000    0.0096305
   8.2800000    0.0068156
   8.3000000    0.0028127
   8.3200000   -0.0024434
   8.3400000   -0.0089440
   8.3600000   -0.0165990
   8.3800000   -0.0252338
   8.4000000   -0.0345918
   8.4200000   -0.0443437
   8.4400000   -0.0541043
   8.4600000   -0.0634561
   8.4800000   -0.0719779
   8.5000000   -0.0792754
   8.5200000   -0.0850110
   8.5400000   -0.0889290
   8.5600000   -0.0908722
   8.5800000   -0.0907890
   8.6000000   -0.0887291
   8.6200000   -0.0848282
   8.6400000   -0.0792845
   8.6600000   -0.0723283
   8.6800000   -0.0641905
   8.7000000   -0.0550717
   8.7200000   -0.0451184
   8.7400000   -0.0344066
   8.7600000   -0.0229368
   8.7800000   -0.0106417
   8.8000000    0.0025956
   8.8200000    0.0169114
   8.8400000    0.0324252
   8.8600000    0.0491996
   8.8800000    0.0672012
   8.9000000    0.0862685
   8.9200000    0.1060917
   8.9400000    0.1262078
   8.9600000    0.1460148
   8.9800000    0.1648041
   9.0000000    0.1818102
   9.0200000    0.1962725
   9.0400000    0.2075025
   9.0600000    0.2149483
   9.0800000    0.2182493
   9.1000000    0.2172720
   9.1200000    0.2121245
   9.1400000    0.2031451
   9.1600000    0.1908685
   9.1800000    0.1759727
   9.2000000    0.1592143
   9.2200000    0.1413592
   9.2400000    0.1231189
   9.2600000    0.1050975
   9.2800000    0.0877557
   9.3000000    0.0713946
   9.3200000    0.0561574
   9.3400000    0.0420495
   9.3600000    0.0289686
   9.3800000    0.0167439
   9.4000000    0.0051761
   9.4200000   -0.0059264
   9.4400000   -0.0167164
   9.4600000   -0.0272866
   9.4800000   -0.0376579
   9.5000000   -0.0477766
   9.5200000   -0.0575197
   9.5400000   -0.0667064
   9.5600000   -0.0751138
   9.5800000   -0.0824951
   9.6000000   -0.0885986
   9.6200000   -0.0931868
   9.6400000   -0.0960538
   9.6600000   -0.0970417
   9.6800000   -0.0960531
   9.7000000   -0.0930612
   9.7200000   -0.0881148
   9.7400000   -0.0813388
   9.7600000   -0.0729289
   9.7800000   -0.0631406
   9.8000000   -0.0522736
   9.8200000   -0.0406528
   9.8400000   -0.0286062
   9.8600000   -0.0164453
   9.8800000   -0.0044463
   9.9000000    0.0071627
   9.9200000    0.0182084
   9.9400000    0.0285726
   9.9600000    0.0381858
   9.9800000    0.0470163
  10.0000000    0.0550556
  10.0200000    0.0623044
  10.0400000    0.0687594
  10.0600000    0.0744047
  10.0800000    0.0792070
  10.1000000    0.0831167
  10.1200000    0.0860730
  10.1400000    0.0880128
  10.1600000    0.0888805
  10.1800000    0.0886379
  10.2000000    0.0872730
  10.2200000    0.0848050
  10.2400000    0.0812863
  10.2600000    0.0768012
  10.2800000    0.0714605
  10.3000000    0.0653950
  10.3200000    0.0587476
  10.3400000    0.0516646
  10.3600000    0.0442892
  10.3800000    0.0367556
  10.4000000    0.0291857
  10.4200000    0.0216865
  10.4400000    0.0143499
  10.4600000    0.0072520
  10.4800000    0.0004527
  10.5000000   -0.0060055
  10.5200000   -0.0120993
  10.5400000   -0.0178269
  10.5600000   -0.0232097
  10.5800000   -0.0282923
  10.6000000   -0.0331406
  10.6200000   -0.0378354
  10.6400000   -0.0424632
  10.6600000   -0.0471042
  10.6800000   -0.0518172
  10.7000000   -0.0566262
  10.7200000   -0.0615088
  10.7400000   -0.0663888
  10.7600000   -0.0711366
  10.7800000   -0.0755750
  10.8000000   -0.0794938
  10.8200000   -0.0826682
  10.8400000   -0.0848819
  10.8600000   -0.0859488
  10.8800000   -0.0857333
  10.9000000   -0.0841634
  10.9200000   -0.0812373
  10.9400000   -0.0770214
  10.9600000   -0.0716402
  10.9800000   -0.0652608
  11.0000000   -0.0580733
  11.0200000   -0.0502708
  11.0400000   -0.0420319
  11.0600000   -0.0335081
  11.0800000   -0.0248173
  11.1000000   -0.0160447
  11.1200000   -0.0072496
  11.1400000    0.0015229
  11.1600000    0.0102281
  11.1800000    0.0188084
  11.2000000    0.0271825
  11.2200000    0.0352403
  11.2400000    0.0428433
  11.2600000    0.0498310
  11.2800000    0.0560334
  11.3000000    0.0612854
  11.3200000    0.0654431
  11.3400000    0.0683986
  11.3600000    0.0700904
  11.3800000    0.0705099
  11.4000000    0.0697017
  11.4200000    0.0677590
  11.4400000    0.0648149
  11.4600000    0.0610308
  11.4800000    0.0565845
  11.5000000    0.0516577
  11.5200000    0.0464259
  11.5400000    0.0410502
  11.5600000    0.0356711
  11.5800000    0.0304048
  11.6000000    0.0253413
  11.6200000    0.0205432
  11.6400000    0.0160469
  11.6600000    0.0118634
  11.6800000    0.0079801
  11.7000000    0.0043641
  11.7200000    0.0009652
  11.7400000   -0.0022804
  11.7600000   -0.0054461
  11.7800000   -0.0086105
  11.8000000   -0.0118535
  11.8200000   -0.0152532
  11.8400000   -0.0188825
  11.8600000   -0.0228066
  11.8800000   -0.0270808
  11.9000000   -0.0317473
  11.9200000   -0.0368327
  11.9400000   -0.0423439
  11.9600000   -0.0482628
  11.9800000   -0.0545412
  12.0000000   -0.0610945
  12.0200000   -0.0677970
  12.0400000   -0.0744788
  12.0600000   -0.0809257
  12.0800000   -0.0868838
  12.1000000   -0.0920687
  12.1200000   -0.0961803
  12.1400000   -0.0989214
  12.1600000   -0.1000191
  12.1800000   -0.0992475
  12.2000000   -0.0964481
  12.2200000   -0.0915469
  12.2400000   -0.0845651
  12.2600000   -0.0756229
  12.2800000   -0.0649364
  12.3000000   -0.0528064
  12.3200000   -0.0396029
  12.3400000   -0.0257444
  12.3600000   -0.0116753
  12.3800000    0.0021579
  12.4000000    0.0153297
  12.4200000    0.0274572
  12.4400000    0.0382189
  12.4600000    0.0473708
  12.4800000    0.0547581
  12.5000000    0.0603218
  12.5200000    0.0641000
  12.5400000    0.0662229
  12.5600000    0.0669013
  12.5800000    0.0664082
  12.6000000    0.0650561
  12.6200000    0.0631700
  12.6400000    0.0610590
  12.6600000    0.0589893
  12.6800000    0.0571617
  12.7000000    0.0556945
  12.7200000    0.0546160
  12.7400000    0.0538657
  12.7600000    0.0533055
  12.7800000    0.0527389
  12.8000000    0.0519362
  12.8200000    0.0506630
  12.8400000    0.0487086
  12.8600000    0.0459116
  12.8800000    0.0421778
  12.9000000    0.0374916
  12.9200000    0.0319168
  12.9400000    0.0255890
  12.9600000    0.0187002
  12.9800000    0.0114767
  13.0000000    0.0041556
  13.0200000   -0.0030404
  13.0400000   -0.0099239
  13.0600000   -0.0163596
  13.0800000   -0.0222728
  13.1000000   -0.0276504
  13.1200000   -0.0325341
  13.1400000   -0.0370061
  13.1600000   -0.0411694
  13.1800000   -0.0451262
  13.2000000   -0.0489557
  13.2200000   -0.0526947
  13.2400000   -0.0563241
  13.2600000   -0.0597622
  13.2800000   -0.0628661
  13.3000000   -0.0654416
  13.3200000   -0.0672591
  13.3400000   -0.0680755
  13.3600000   -0.0676572
  13.3800000   -0.0658043
  13.4000000   -0.0623698
  13.4200000   -0.0572751
  13.4400000   -0.0505182
  13.4600000   -0.0421749
  13.4800000   -0.0323937
  13.5000000   -0.0213847
  13.5200000   -0.0094052
  13.5400000    0.0032571
  13.5600000    0.0163004
  13.5800000    0.0294245
  13.6000000    0.0423439
  13.6200000    0.0547987
  13.6400000    0.0665624
  13.6600000    0.0774477
  13.6800000    0.0873105
  13.7000000    0.0960515
  13.7200000    0.1036169
  13.7400000    0.1099967
  13.7600000    0.1152220
  13.7800000    0.1193586
  13.8000000    0.1225001
  13.8200000    0.1247572
  13.8400000    0.1262467
  13.8600000    0.1270789
  13.8800000    0.1273449
  13.9000000    0.1271055
  13.9200000    0.1263824
  13.9400000    0.1251517
  13.9600000    0.1233416
  13.9800000    0.1208342
  14.0000000    0.1174711
  14.0200000    0.1130633
  14.0400000    0.1074047
  14.0600000    0.1002888
  14.0800000    0.0915284
  14.1000000    0.0809768
  14.1200000    0.0685496
  14.1400000    0.0542458
  14.1600000    0.0381646
  14.1800000    0.0205185
  14.2000000    0.0016365
  14.2200000   -0.0180410
  14.2400000   -0.0379789
  14.2600000   -0.0575749
  14.2800000   -0.0761965
  14.3000000   -0.0932246
  14.3200000   -0.1080991
  14.3400000   -0.1203615
  14.3600000   -0.1296906
  14.3800000   -0.1359249
  14.4000000   -0.1390709
  14.4200000   -0.1392949
  14.4400000   -0.1369000
  14.4600000   -0.1322905
  14.4800000   -0.1259300
  14.5000000   -0.1182958
  14.5200000   -0.1098373
  14.5400000   -0.1009407
  14.5600000   -0.0919055
  14.5800000   -0.0829309
  14.6000000   -0.0741163
  14.6200000   -0.0654698
  14.6400000   -0.0569265
  14.6600000   -0.0483706
  14.6800000   -0.0396599
  14.7000000   -0.0306503
  14.7200000   -0.0212184
  14.7400000   -0.0112797
  14.7600000   -0.0008040
  14.7800000    0.0101747
  14.8000000    0.0215530
  14.8200000    0.0331576
  14.8400000    0.0447507
  14.8600000    0.0560406
  14.8800000    0.0666971
  14.9000000    0.0763723
  14.9200000    0.0847242
  14.9400000    0.0914424
  14.9600000    0.0962729
  14.9800000    0.0990400
  15.0000000    0.0996628
  15.0200000    0.0981638
  15.0400000    0.0946691
  15.0600000    0.0893988
  15.0800000    0.0826489
  15.1000000    0.0747672
  15.1200000    0.0661238
  15.1400000    0.0570813
  15.1600000    0.0479655
  15.1800000    0.0390425
  15.2000000    0.0305008
  15.2200000    0.0224427
  15.2400000    0.0148843
  15.2600000    0.0077639
  15.2800000    0.0009577
  15.3000000   -0.0056988
  15.3200000   -0.0123864
  15.3400000   -0.0192765
  15.3600000   -0.0265067
  15.3800000   -0.0341613
  15.4000000   -0.0422558
  15.4200000   -0.0507306
  15.4400000   -0.0594507
  15.4600000   -0.0682153
  15.4800000   -0.0767734
  15.5000000   -0.0848460
  15.5200000   -0.0921525
  15.5400000   -0.0984373
  15.5600000   -0.1034953
  15.5800000   -0.1071931
  15.6000000   -0.1094827
  15.6200000   -0.1104063
  15.6400000   -0.1100922
  15.6600000   -0.1087411
  15.6800000   -0.1066047
  15.7000000   -0.1039588
  15.7200000   -0.1010746
  15.7400000   -0.0981906
  15.7600000   -0.0954900
  15.7800000   -0.0930838
  15.8000000   -0.0910040
  15.8200000   -0.0892057
  15.8400000   -0.0875783
  15.8600000   -0.0859630
  15.8800000   -0.0841756
  15.9000000   -0.0820302
  15.9200000   -0.0793605
  15.9400000   -0.0760369
  15.9600000   -0.0719768
  15.9800000   -0.0671469
  16.0000000   -0.0615583
  16.0200000   -0.0552544
  16.0400000   -0.0482956
  16.0600000   -0.0407424
  16.0800000   -0.0326390
  16.1000000   -0.0240031
  16.1200000   -0.0148208
  16.1400000   -0.0050501
  16.1600000    0.0053676
  16.1800000    0.0164901
  16.2000000    0.0283515
  16.2200000    0.0409391
  16.2400000    0.0541721
  16.2600000    0.0678872
  16.2800000    0.0818334
  16.3000000    0.0956771
  16.3200000    0.1090203
  16.3400000    0.1214271
  16.3600000    0.1324591
  16.3800000    0.1417126
  16.4000000    0.1488544
  16.4200000    0.1536511
  16.4400000    0.1559875
  16.4600000    0.1558730
  16.4800000    0.1534342
  16.5000000    0.1488962
  16.5200000    0.1425554
  16.5400000    0.1347486
  16.5600000    0.1258209
  16.5800000    0.1160997
  16.6000000    0.1058743
  16.6200000    0.0953841
  16.6400000    0.0848158
  16.6600000    0.0743052
  16.6800000    0.0639449
  16.7000000    0.0537917
  16.7200000    0.0438741
  16.7400000    0.0341970
  16.7600000    0.0247436
  16.7800000    0.0154765
  16.8000000    0.0063370
  16.8200000   -0.0027525
  16.8400000   -0.0118836
  16.8600000   -0.0211517
  16.8800000   -0.0306412
  16.9000000   -0.0404069
  16.9200000   -0.0504537
  16.9400000   -0.0607169
  16.9600000   -0.0710484
  16.9800000   -0.0812094
  17.0000000   -0.0908747
  17.0200000   -0.0996488
  17.0400000   -0.1070933
  17.0600000   -0.1127648
  17.0800000   -0.1162583
  17.1000000   -0.1172521
  17.1200000   -0.1155487
  17.1400000   -0.1111056
  17.1600000   -0.1040520
  17.1800000   -0.0946884
  17.2000000   -0.0834688
  17.2200000   -0.0709662
  17.2400000   -0.0578253
  17.2600000   -0.0447088
  17.2800000   -0.0322413
  17.3000000   -0.0209586
  17.3200000   -0.0112677
  17.3400000   -0.0034199
  17.3600000    0.0024979
  17.3800000    0.0065571
  17.4000000    0.0089651
  17.4200000    0.0100316
  17.4400000    0.0101285
  17.4600000    0.0096463
  17.4800000    0.0089536
  17.5000000    0.0083623
  17.5200000    0.0081032
  17.5400000    0.0083119
  17.5600000    0.0090265
  17.5800000    0.0101959
  17.6000000    0.0116958
  17.6200000    0.0133517
  17.6400000    0.0149635
  17.6600000    0.0163307
  17.6800000    0.0172740
  17.7000000    0.0176545
  17.7200000    0.0173853
  17.7400000    0.0164398
  17.7600000    0.0148531
  17.7800000    0.0127198
  17.8000000    0.0101875
  17.8200000    0.0074474
  17.8400000    0.0047222
  17.8600000    0.0022522
  17.8800000    0.0002793
  17.9000000   -0.0009700
  17.9200000   -0.0013014
  17.9400000   -0.0005702
  17.9600000    0.0013047
  17.9800000    0.0043296
  18.0000000    0.0084302
  18.0200000    0.0134527
  18.0400000    0.0191708
  18.0600000    0.0253006
  18.0800000    0.0315208
  18.1000000    0.0374967
  18.1200000    0.0429061
  18.1400000    0.0474641
  18.1600000    0.0509445
  18.1800000    0.0531964
  18.2000000    0.0541534
  18.2200000    0.0538370
  18.2400000    0.0523530
  18.2600000    0.0498822
  18.2800000    0.0466667
  18.3000000    0.0429928
  18.3200000    0.0391715
  18.3400000    0.0355172
  18.3600000    0.0323259
  18.3800000    0.0298521
  18.4000000    0.0282878
  18.4200000    0.0277424
  18.4400000    0.0282271
  18.4600000    0.0296450
  18.4800000    0.0317895
  18.5000000    0.0343522
  18.5200000    0.0369419
  18.5400000    0.0391126
  18.5600000    0.0404011
  18.5800000    0.0403681
  18.6000000    0.0386411
  18.6200000    0.0349523
  18.6400000    0.0291693
  18.6600000    0.0213125
  18.6800000    0.0115594
  18.7000000    0.0002345
  18.7200000   -0.0122148
  18.7400000   -0.0252513
  18.7600000   -0.0382896
  18.7800000   -0.0507387
  18.8000000   -0.0620450
  18.8200000   -0.0717297
  18.8400000   -0.0794193
  18.8600000   -0.0848675
  18.8800000   -0.0879658
  18.9000000   -0.0887447
  18.9200000   -0.0873639
  18.9400000   -0.0840936
  18.9600000   -0.0792883
  18.9800000   -0.0733552
  19.0000000   -0.0667198
  19.0200000   -0.0597921
  19.0400000   -0.0529365
  19.0600000   -0.0464478
  19.0800000   -0.0405354
  19.1000000   -0.0353176
  19.1200000   -0.0308255
  19.1400000   -0.0270160
  19.1600000   -0.0237913
  19.1800000   -0.0210240
  19.2000000   -0.0185831
  19.2200000   -0.0163582
  19.2400000   -0.0142799
  19.2600000   -0.0123332
  19.2800000   -0.0105624
  19.3000000   -0.0090668
  19.3200000   -0.0079884
  19.3400000   -0.0074914
  19.3600000   -0.0077372
  19.3800000   -0.0088583
  19.4000000   -0.0109328
  19.4200000   -0.0139658
  19.4400000   -0.0178776
  19.4600000   -0.0225031
  19.4800000   -0.0276017
  19.5000000   -0.0328766
  19.5200000   -0.0380018
  19.5400000   -0.0426531
  19.5600000   -0.0465394
  19.5800000   -0.0494305
  19.6000000   -0.0511778
  19.6200000   -0.0517273
  19.6400000   -0.0511224
  19.6600000   -0.0494982
  19.6800000   -0.0470677
  19.7000000   -0.0441034
  19.7200000   -0.0409138
  19.7400000   -0.0378192
  19.7600000   -0.0351278
  19.7800000   -0.0331118
  19.8000000   -0.0319870
  19.8200000   -0.0318954
  19.8400000   -0.0328916
  19.8600000   -0.0349352
  19.8800000   -0.0378894
  19.9000000   -0.0415274
  19.9200000   -0.0455459
  19.9400000   -0.0495866
  19.9600000   -0.0532638
  19.9800000   -0.0561956
  20.0000000   -0.0580367
  20.0200000   -0.0585072
  20.0400000   -0.0574175
  20.0600000   -0.0546829
  20.0800000   -0.0503289
  20.1000000   -0.0444859
  20.1200000   -0.0373740
  20.1400000   -0.0292810
  20.1600000   -0.0205363
  20.1800000   -0.0114841
  20.2000000   -0.0024592
  20.2200000    0.0062320
  20.2400000    0.0143239
  20.2600000    0.0215977
  20.2800000    0.0278807
  20.3000000    0.0330419
  20.3200000    0.0369846
  20.3400000    0.0396400
  20.3600000    0.0409619
  20.3800000    0.0409251
  20.4000000    0.0395277
  20.4200000    0.0367958
  20.4400000    0.0327914
  20.4600000    0.0276200
  20.4800000    0.0214359
  20.5000000    0.0144441
  20.5200000    0.0068967
  20.5400000   -0.0009170
  20.5600000   -0.0086866
  20.5800000   -0.0161010
  20.6000000   -0.0228717
  20.6200000   -0.0287557
  20.6400000   -0.0335753
  20.6600000   -0.0372320
  20.6800000   -0.0397125
  20.7000000   -0.0410862
  20.7200000   -0.0414936
  20.7400000   -0.0411280
  20.7600000   -0.0402111
  20.7800000   -0.0389679
  20.8000000   -0.0376009
  20.8200000   -0.0362680
  20.8400000   -0.0350658
  20.8600000   -0.0340194
  20.8800000   -0.0330804
  20.9000000   -0.0321306
  20.9200000   -0.0309942
  20.9400000   -0.0294552
  20.9600000   -0.0272787
  20.9800000   -0.0242357
  21.0000000   -0.0201285
  21.0200000   -0.0148144
  21.0400000   -0.0082256
  21.0600000   -0.0003827
  21.0800000    0.0085993
  21.1000000    0.0185152
  21.1200000    0.0290823
  21.1400000    0.0399619
  21.1600000    0.0507866
  21.1800000    0.0611903
  21.2000000    0.0708371
  21.2200000    0.0794461
  21.2400000    0.0868080
  21.2600000    0.0927923
  21.2800000    0.0973461
  21.3000000    0.1004823
  21.3200000    0.1022632
  21.3400000    0.1027795
  21.3600000    0.1021295
  21.3800000    0.1004008
  21.4000000    0.0976564
  21.4200000    0.0939267
  21.4400000    0.0892074
  21.4600000    0.0834637
  21.4800000    0.0766379
  21.5000000    0.0686614
  21.5200000    0.0594687
  21.5400000    0.0490114
  21.5600000    0.0372730
  21.5800000    0.0242820
  21.6000000    0.0101233
  21.6200000   -0.0050546
  21.6400000   -0.0210351
  21.6600000   -0.0375348
  21.6800000   -0.0542104
  21.7000000   -0.0706701
  21.7200000   -0.0864922
  21.7400000   -0.1012458
  21.7600000   -0.1145159
  21.7800000   -0.1259279
  21.8000000   -0.1351713
  21.8200000   -0.1420185
  21.8400000   -0.1463387
  21.8600000   -0.1481042
  21.8800000   -0.1473889
  21.9000000   -0.1443595
  21.9200000   -0.1392605
  21.9400000   -0.1323937
  21.9600000   -0.1240956
  21.9800000   -0.1147131
  22.0000000   -0.1045813
  22.0200000   -0.0940040
  22.0400000   -0.0832381
  22.0600000   -0.0724844
  22.0800000   -0.0618837
  22.1000000   -0.0515188
  22.1200000   -0.0414221
  22.1400000   -0.0315885
  22.1600000   -0.0219909
  22.1800000   -0.0125984
  22.2000000   -0.0033944
  22.2200000    0.0056073
  22.2400000    0.0143494
  22.2600000    0.0227239
  22.2800000    0.0305715
  22.3000000    0.0376874
  22.3200000    0.0438353
  22.3400000    0.0487659
  22.3600000    0.0522408
  22.3800000    0.0540572
  22.4000000    0.0540715
  22.4200000    0.0522189
  22.4400000    0.0485261
  22.4600000    0.0431154
  22.4800000    0.0361992
  22.5000000    0.0280650
  22.5200000    0.0190533
  22.5400000    0.0095290
  22.5600000   -0.0001490
  22.5800000   -0.0096566
  22.6000000   -0.0187296
  22.6200000   -0.0271809
  22.6400000   -0.0349087
  22.6600000   -0.0418959
  22.6800000   -0.0481992
  22.7000000   -0.0539320
  22.7200000   -0.0592427
  22.7400000   -0.0642908
  22.7600000   -0.0692251
  22.7800000   -0.0741658
  22.8000000   -0.0791922
  22.8200000   -0.0843371
  22.8400000   -0.0895877
  22.8600000   -0.0948915
  22.8800000   -0.1001655
  22.9000000   -0.1053072
  22.9200000   -0.1102045
  22.9400000   -0.1147438
  22.9600000   -0.1188150
  22.9800000   -0.1223128
  23.0000000   -0.1251358
  23.0200000   -0.1271830
  23.0400000   -0.1283504
  23.0600000   -0.1285279
  23.0800000   -0.1275977
  23.1000000   -0.1254361
  23.1200000   -0.1219172
  23.1400000   -0.1169191
  23.1600000   -0.1103332
  23.1800000   -0.1020739
  23.2000000   -0.0920889
  23.2200000   -0.0803692
  23.2400000   -0.0669573
  23.2600000   -0.0519524
  23.2800000   -0.0355135
  23.3000000   -0.0178571
  23.3200000    0.0007478
  23.3400000    0.0199888
  23.3600000    0.0395226
  23.3800000    0.0589892
  23.4000000    0.0780258
  23.4200000    0.0962812
  23.4400000    0.1134264
  23.4600000    0.1291625
  23.4800000    0.1432250
  23.5000000    0.1553843
  23.5200000    0.1654431
  23.5400000    0.1732330
  23.5600000    0.1786101
  23.5800000    0.1814527
  23.6000000    0.1816599
  23.6200000    0.1791543
  23.6400000    0.1738862
  23.6600000    0.1658411
  23.6800000    0.1550486
  23.7000000    0.1415911
  23.7200000    0.1256132
  23.7400000    0.1073284
  23.7600000    0.0870242
  23.7800000    0.0650633
  23.8000000    0.0418814
  23.8200000    0.0179811
  23.8400000   -0.0060790
  23.8600000   -0.0296991
  23.8800000   -0.0522571
  23.9000000   -0.0731315
  23.9200000   -0.0917264
  23.9400000   -0.1074985
  23.9600000   -0.1199848
  23.9800000   -0.1288279
  24.0000000   -0.1337977
  24.0200000   -0.1348081
  24.0400000   -0.1319257
  24.0600000   -0.1253697
  24.0800000   -0.1155027
  24.1000000   -0.1028123
  24.1200000   -0.0878847
  24.1400000   -0.0713723
  24.1600000   -0.0539573
  24.1800000   -0.0363146
  24.2000000   -0.0190756
  24.2200000   -0.0027962
  24.2400000    0.0120705
  24.2600000    0.0251942
  24.2800000    0.0363799
  24.3000000    0.0455731
  24.3200000    0.0528551
  24.3400000    0.0584317
  24.3600000    0.0626118
  24.3800000    0.0657791
  24.4000000    0.0683580
  24.4200000    0.0707734
  24.4400000    0.0734102
  24.4600000    0.0765741
  24.4800000    0.0804582
  24.5000000    0.0851192
  24.5200000    0.0904670
  24.5400000    0.0962687
  24.5600000    0.1021683
  24.5800000    0.1077202
  24.6000000    0.1124333
  24.6200000    0.1158206
  24.6400000    0.1174487
  24.6600000    0.1169821
  24.6800000    0.1142159
  24.7000000    0.1090951
  24.7200000    0.1017179
  24.7400000    0.0923232
  24.7600000    0.0812655
  24.7800000    0.0689805
  24.8000000    0.0559447
  24.8200000    0.0426354
  24.8400000    0.0294932
  24.8600000    0.0168915
  24.8800000    0.0051133
  24.9000000   -0.0056621
  24.9200000   -0.0153637
  24.9400000   -0.0240252
  24.9600000   -0.0317737
  24.9800000   -0.0388125
  25.0000000   -0.0453996
  25.0200000   -0.0518219
  25.0400000   -0.0583677
  25.0600000   -0.0652986
  25.0800000   -0.0728225
  25.1000000   -0.0810701
  25.1200000   -0.0900757
  25.1400000   -0.0997660
  25.1600000   -0.1099575
  25.1800000   -0.1203635
  25.2000000   -0.1306103
  25.2200000   -0.1402633
  25.2400000   -0.1488587
  25.2600000   -0.1559391
  25.2800000   -0.1610895
  25.3000000   -0.1639697
  25.3200000   -0.1643399
  25.3400000   -0.1620769
  25.3600000   -0.1571801
  25.3800000   -0.1497672
  25.4000000   -0.1400599
  25.4200000   -0.1283641
  25.4400000   -0.1150444
  25.4600000   -0.1004996
  25.4800000   -0.0851377
  25.5000000   -0.0693562
  25.5200000   -0.0535263
  25.5400000   -0.0379818
  25.5600000   -0.0230130
  25.5800000   -0.0088631
  25.6000000    0.0042730
  25.6200000    0.0162483
  25.6400000    0.0269623
  25.6600000    0.0363600
  25.6800000    0.0444280
  25.7000000    0.0511899
  25.7200000    0.0567000
  25.7400000    0.0610340
  25.7600000    0.0642792
  25.7800000    0.0665241
  25.8000000    0.0678490
  25.8200000    0.0683197
  25.8400000    0.0679848
  25.8600000    0.0668780
  25.8800000    0.0650243
  25.9000000    0.0624495
  25.9200000    0.0591906
  25.9400000    0.0553063
  25.9600000    0.0508830
  25.9800000    0.0460375
  26.0000000    0.0409128
  26.0200000    0.0356705
  26.0400000    0.0304775
  26.0600000    0.0254917
  26.0800000    0.0208474
  26.1000000    0.0166431
  26.1200000    0.0129329
  26.1400000    0.0097234
  26.1600000    0.0069756
  26.1800000    0.0046108
  26.2000000    0.0025215
  26.2200000    0.0005837
  26.2400000   -0.0013293
  26.2600000   -0.0033337
  26.2800000   -0.0055236
  26.3000000   -0.0079611
  26.3200000   -0.0106711
  26.3400000   -0.0136378
  26.3600000   -0.0168068
  26.3800000   -0.0200893
  26.4000000   -0.0233710
  26.4200000   -0.0265229
  26.4400000   -0.0294131
  26.4600000   -0.0319201
  26.4800000   -0.0339438
  26.5000000   -0.0354145
  26.5200000   -0.0362976
  26.5400000   -0.0365948
  26.5600000   -0.0363399
  26.5800000   -0.0355906
  26.6000000   -0.0344184
  26.6200000   -0.0328955
  26.6400000   -0.0310836
  26.6600000   -0.0290236
  26.6800000   -0.0267298
  26.7000000   -0.0241883
  26.7200000   -0.0213601
  26.7400000   -0.0181892
  26.7600000   -0.0146135
  26.7800000   -0.0105779
  26.8000000   -0.0060474
  26.8200000   -0.0010180
  26.8400000    0.0044756
  26.8600000    0.0103571
  26.8800000    0.0165106
  26.9000000    0.0227873
  26.9200000    0.0290166
  26.9400000    0.0350185
  26.9600000    0.0406172
  26.9800000    0.0456543
  27.0000000    0.0499977
  27.0200000    0.0535489
  27.0400000    0.0562446
  27.0600000    0.0580552
  27.0800000    0.0589801
  27.1000000    0.0590406
  27.1200000    0.0582720
  27.1400000    0.0567161
  27.1600000    0.0544154
  27.1800000    0.0514094
  27.2000000    0.0477339
  27.2200000    0.0434232
  27.2400000    0.0385137
  27.2600000    0.0330506
  27.2800000    0.0270935
  27.3000000    0.0207228
  27.3200000    0.0140444
  27.3400000    0.0071913
  27.3600000    0.0003233
  27.3800000   -0.0063772
  27.4000000   -0.0127125
  27.4200000   -0.0184796
  27.4400000   -0.0234822
  27.4600000   -0.0275442
  27.4800000   -0.0305225
  27.5000000   -0.0323191
  27.5200000   -0.0328904
  27.5400000   -0.0322532
  27.5600000   -0.0304871
  27.5800000   -0.0277315
  27.6000000   -0.0241797
  27.6200000   -0.0200678
  27.6400000   -0.0156614
  27.6600000   -0.0112401
  27.6800000   -0.0070800
  27.7000000   -0.0034380
  27.7200000   -0.0005357
  27.7400000    0.0014540
  27.7600000    0.0024169
  27.7800000    0.0023051
  27.8000000    0.0011398
  27.8200000   -0.0009899
  27.8400000   -0.0039327
  27.8600000   -0.0074852
  27.8800000   -0.0114063
  27.9000000   -0.0154350
  27.9200000   -0.0193104
  27.9400000   -0.0227922
  27.9600000   -0.0256803
  27.9800000   -0.0278302
  28.0000000   -0.0291637
  28.0200000   -0.0296709
  28.0400000   -0.0294063
  28.0600000   -0.0284748
  28.0800000   -0.0270135
  28.1000000   -0.0251676
  28.1200000   -0.0230672
  28.1400000   -0.0208051
  28.1600000   -0.0184212
  28.1800000   -0.0158946
  28.2000000   -0.0131456
  28.2200000   -0.0100459
  28.2400000   -0.0064381
  28.2600000   -0.0021601
  28.2800000    0.0029279
  28.3000000    0.0089167
  28.3200000    0.0158259
  28.3400000    0.0235879
  28.3600000    0.0320407
  28.3800000    0.0409302
  28.4000000    0.0499222
  28.4200000    0.0586235
  28.4400000    0.0666100
  28.4600000    0.0734598
  28.4800000    0.0787873
  28.5000000    0.0822769
  28.5200000    0.0837105
  28.5400000    0.0829877
  28.5600000    0.0801346
  28.5800000    0.0753017
  28.6000000    0.0687492
  28.6200000    0.0608221
  28.6400000    0.0519169
  28.6600000    0.0424446
  28.6800000    0.0327924
  28.7000000    0.0232905
  28.7200000    0.0141861
  28.7400000    0.0056268
  28.7600000   -0.0023427
  28.7800000   -0.0097726
  28.8000000   -0.0167904
  28.8200000   -0.0235735
  28.8400000   -0.0303177
  28.8600000   -0.0372048
  28.8800000   -0.0443713
  28.9000000   -0.0518834
  28.9200000   -0.0597195
  28.9400000   -0.0677624
  28.9600000   -0.0758016
  28.9800000   -0.0835455
  29.0000000   -0.0906420
  29.0200000   -0.0967061
  29.0400000   -0.1013510
  29.0600000   -0.1042212
  29.0800000   -0.1050226
  29.1000000   -0.1035494
  29.1200000   -0.0997035
  29.1400000   -0.0935057
  29.1600000   -0.0850974
  29.1800000   -0.0747334
  29.2000000   -0.0627664
  29.2200000   -0.0496239
  29.2400000   -0.0357821
  29.2600000   -0.0217353
  29.2800000   -0.0079676
  29.3000000    0.0050747
  29.3200000    0.0170061
  29.3400000    0.0275198
  29.3600000    0.0364003
  29.3800000    0.0435288
  29.4000000    0.0488835
  29.4200000    0.0525336
  29.4400000    0.0546279
  29.4600000    0.0553791
  29.4800000    0.0550438
  29.5000000    0.0539004
  29.5200000    0.0522249
  29.5400000    0.0502680
  29.5600000    0.0482343
  29.5800000    0.0462666
  29.6000000    0.0444362
  29.6200000    0.0427414
  29.6400000    0.0411145
  29.6600000    0.0394361
  29.6800000    0.0375565
  29.7000000    0.0353209
  29.7200000    0.0325949
  29.7400000    0.0292885
  29.7600000    0.0253741
  29.7800000    0.0208970
  29.8000000    0.0159781
  29.8200000    0.0108072
  29.8400000    0.0056305
  29.8600000    0.0007323
  29.8800000   -0.0035838
  29.9000000   -0.0070148
  29.9200000   -0.0092738
  29.9400000   -0.0101026
  29.9600000   -0.0092804
  29.9800000   -0.0066290
  30.0000000   -0.0020177
