 -10.0000000    0.1418553
  -9.9800000    0.1378531
  -9.9600000    0.1322870
  -9.9400000    0.1256005
  -9.9200000    0.1182631
  -9.9000000    0.1107315
  -9.8800000    0.1034167
  -9.8600000    0.0966602
  -9.8400000    0.0907199
  -9.8200000    0.0857662
  -9.8000000    0.0818854
  -9.7800000    0.0790901
  -9.7600000    0.0773320
  -9.7400000    0.0765167
  -9.7200000    0.0765178
  -9.7000000    0.0771893
  -9.6800000    0.0783756
  -9.6600000    0.0799201
  -9.6400000    0.0816712
  -9.6200000    0.0834869
  -9.6000000    0.0852387
  -9.5800000    0.0868143
  -9.5600000    0.0881184
  -9.5400000    0.0890744
  -9.5200000    0.0896238
  -9.5000000    0.0897252
  -9.4800000    0.0893535
  -9.4600000    0.0884977
  -9.4400000    0.0871590
  -9.4200000    0.0853483
  -9.4000000    0.0830831
  -9.3800000    0.0803839
  -9.3600000    0.0772695
  -9.3400000    0.0737519
  -9.3200000    0.0698312
  -9.3000000    0.0654912
  -9.2800000    0.0606973
  -9.2600000    0.0553980
  -9.2400000    0.0495298
  -9.2200000    0.0430279
  -9.2000000    0.0358396
  -9.1800000    0.0279407
  -9.1600000    0.0193511
  -9.1400000    0.0101474
  -9.1200000    0.0004695
  -9.1000000   -0.0094805
  -9.0800000   -0.0194495
  -9.0600000   -0.0291517
  -9.0400000   -0.0382951
  -9.0200000   -0.0466094
  -9.0000000   -0.0538752
  -8.9800000   -0.0599476
  -8.9600000   -0.0647718
  -8.9400000   -0.0683896
  -8.9200000   -0.0709343
  -8.9000000   -0.0726156
  -8.8800000   -0.0736966
  -8.8600000   -0.0744656
  -8.8400000   -0.0752049
  -8.8200000   -0.0761622
  -8.8000000   -0.0775241
  -8.7800000   -0.0793967
  -8.7600000   -0.0817933
  -8.7400000   -0.0846305
  -8.7200000   -0.0877329
  -8.7000000   -0.0908466
  -8.6800000   -0.0936607
  -8.6600000   -0.0958357
  -8.6400000   -0.0970361
  -8.6200000   -0.0969657
  -8.6000000   -0.0954006
  -8.5800000   -0.0922170
  -8.5600000   -0.0874091
  -8.5400000   -0.0810939
  -8.5200000   -0.0735017
  -8.5000000   -0.0649510
  -8.4800000   -0.0558108
  -8.4600000   -0.0464547
  -8.4400000   -0.0372126
  -8.4200000   -0.0283272
  -8.4000000   -0.0199213
  -8.3800000   -0.0119826
  -8.3600000   -0.0043666
  -8.3400000    0.0031798
  -8.3200000    0.0109787
  -8.3000000    0.0193706
  -8.2800000    0.0286600
  -8.2600000    0.0390643
  -8.2400000    0.0506749
  -8.2200000    0.0634336
  -8.2000000    0.0771285
  -8.1800000    0.0914100
  -8.1600000    0.1058223
  -8.1400000    0.1198484
  -8.1200000    0.1329593
  -8.1000000    0.1446639
  -8.0800000    0.1545514
  -8.0600000    0.1623226
  -8.0400000    0.1678066
  -8.0200000    0.1709623
  -8.0000000    0.1718670
  -7.9800000    0.1706922
  -7.9600000    0.1676747
  -7.9400000    0.1630835
  -7.9200000    0.1571906
  -7.9000000    0.1502470
  -7.8800000    0.1424673
  -7.8600000    0.1340244
  -7.8400000    0.1250524
  -7.8200000    0.1156565
  -7.8000000    0.1059264
  -7.7800000    0.0959496
  -7.7600000    0.0858214
  -7.7400000    0.0756480
  -7.7200000    0.0655434
  -7.7000000    0.0556185
  -7.6800000    0.0459654
  -7.6600000    0.0366402
  -7.6400000    0.0276467
  -7.6200000    0.0189258
  -7.6000000    0.0103528
  -7.5800000    0.0017434
  -7.5600000   -0.0071309
  -7.5400000   -0.0165207
  -7.5200000   -0.0266714
  -7.5000000   -0.0377954
  -7.4800000   -0.0500468
  -7.4600000   -0.0635003
  -7.4400000   -0.0781376
  -7.4200000   -0.0938409
  -7.4000000   -0.1103936
  -7.3800000   -0.1274878
  -7.3600000   -0.1447369
  -7.3400000   -0.1616926
  -7.3200000   -0.1778654
  -7.3000000   -0.1927472
  -7.2800000   -0.2058370
  -7.2600000   -0.2166673
  -7.2400000   -0.2248312
  -7.2200000   -0.2300087
  -7.2000000   -0.2319900
  -7.1800000   -0.2306940
  -7.1600000   -0.2261791
  -7.1400000   -0.2186458
  -7.1200000   -0.2084283
  -7.1000000   -0.1959772
  -7.0800000   -0.1818325
  -7.0600000   -0.1665898
  -7.0400000   -0.1508621
  -7.0200000   -0.1352408
  -7.0000000   -0.1202585
  -6.9800000   -0.1063561
  -6.9600000   -0.0938573
  -6.9400000   -0.0829517
  -6.9200000   -0.0736871
  -6.9000000   -0.0659719
  -6.8800000   -0.0595870
  -6.8600000   -0.0542052
  -6.8400000   -0.0494184
  -6.8200000   -0.0447682
  -6.8000000   -0.0397788
  -6.7800000   -0.0339891
  -6.7600000   -0.0269814
  -6.7400000   -0.0184045
  -6.7200000   -0.0079906
  -6.7000000    0.0044342
  -6.6800000    0.0189465
  -6.6600000    0.0355256
  -6.6400000    0.0540578
  -6.6200000    0.0743411
  -6.6000000    0.0960914
  -6.5800000    0.1189485
  -6.5600000    0.1424831
  -6.5400000    0.1662065
  -6.5200000    0.1895829
  -6.5000000    0.2120474
  -6.4800000    0.2330282
  -6.4600000    0.2519742
  -6.4400000    0.2683837
  -6.4200000    0.2818348
  -6.4000000    0.2920107
  -6.3800000    0.2987197
  -6.3600000    0.3019050
  -6.3400000    0.3016444
  -6.3200000    0.2981381
  -6.3000000    0.2916869
  -6.2800000    0.2826632
  -6.2600000    0.2714769
  -6.2400000    0.2585417
  -6.2200000    0.2442441
  -6.2000000    0.2289193
  -6.1800000    0.2128361
  -6.1600000    0.1961924
  -6.1400000    0.1791210
  -6.1200000    0.1617054
  -6.1000000    0.1440025
  -6.0800000    0.1260693
  -6.0600000    0.1079912
  -6.0400000    0.0899057
  -6.0200000    0.0720197
  -6.0000000    0.0546171
  -5.9800000    0.0380543
  -5.9600000    0.0227435
  -5.9400000    0.0091257
  -5.9200000   -0.0023649
  -5.9000000   -0.0113407
  -5.8800000   -0.0175005
  -5.8600000   -0.0206639
  -5.8400000   -0.0207964
  -5.8200000   -0.0180227
  -5.8000000   -0.0126258
  -5.7800000   -0.0050317
  -5.7600000    0.0042175
  -5.7400000    0.0145012
  -5.7200000    0.0251634
  -5.7000000    0.0355584
  -5.6800000    0.0450950
  -5.6600000    0.0532756
  -5.6400000    0.0597277
  -5.6200000    0.0642254
  -5.6000000    0.0667000
  -5.5800000    0.0672380
  -5.5600000    0.0660684
  -5.5400000    0.0635392
  -5.5200000    0.0600853
  -5.5000000    0.0561909
  -5.4800000    0.0523489
  -5.4600000    0.0490222
  -5.4400000    0.0466090
  -5.4200000    0.0454168
  -5.4000000    0.0456455
  -5.3800000    0.0473825
  -5.3600000    0.0506088
  -5.3400000    0.0552127
  -5.3200000    0.0610118
  -5.3000000    0.0677761
  -5.2800000    0.0752515
  -5.2600000    0.0831789
  -5.2400000    0.0913086
  -5.2200000    0.0994081
  -5.2000000    0.1072643
  -5.1800000    0.1146833
  -5.1600000    0.1214880
  -5.1400000    0.1275185
  -5.1200000    0.1326342
  -5.1000000    0.1367197
  -5.0800000    0.1396939
  -5.0600000    0.1415188
  -5.0400000    0.1422069
  -5.0200000    0.1418239
  -5.0000000    0.1404854
  -4.9800000    0.1383467
  -4.9600000    0.1355866
  -4.9400000    0.1323884
  -4.9200000    0.1289197
  -4.9000000    0.1253155
  -4.8800000    0.1216676
  -4.8600000    0.1180203
  -4.8400000    0.1143753
  -4.8200000    0.1107019
  -4.8000000    0.1069526
  -4.7800000    0.1030786
  -4.7600000    0.0990453
  -4.7400000    0.0948412
  -4.7200000    0.0904825
  -4.7000000    0.0860106
  -4.6800000    0.0814845
  -4.6600000    0.0769684
  -4.6400000    0.0725194
  -4.6200000    0.0681744
  -4.6000000    0.0639410
  -4.5800000    0.0597927
  -4.5600000    0.0556689
  -4.5400000    0.0514803
  -4.5200000    0.0471187
  -4.5000000    0.0424694
  -4.4800000    0.0374263
  -4.4600000    0.0319068
  -4.4400000    0.0258662
  -4.4200000    0.0193098
  -4.4000000    0.0123033
  -4.3800000    0.0049777
  -4.3600000   -0.0024681
  -4.3400000   -0.0097721
  -4.3200000   -0.0166181
  -4.3000000   -0.0226521
  -4.2800000   -0.0275043
  -4.2600000   -0.0308162
  -4.2400000   -0.0322716
  -4.2200000   -0.0316284
  -4.2000000   -0.0287471
  -4.1800000   -0.0236143
  -4.1600000   -0.0163551
  -4.1400000   -0.0072342
  -4.1200000    0.0033582
  -4.1000000    0.0149334
  -4.0800000    0.0269428
  -4.0600000    0.0388244
  -4.0400000    0.0500509
  -4.0200000    0.0601743
  -4.0000000    0.0688605
  -3.9800000    0.0759096
  -3.9600000    0.0812601
  -3.9400000    0.0849751
  -3.9200000    0.0872143
  -3.9000000    0.0881960
  -3.8800000    0.0881550
  -3.8600000    0.0873029
  -3.8400000    0.0857986
  -3.8200000    0.0837309
  -3.8000000    0.0811183
  -3.7800000    0.0779233
  -3.7600000    0.0740794
  -3.7400000    0.0695257
  -3.7200000    0.0642410
  -3.7000000    0.0582727
  -3.6800000    0.0517542
  -3.6600000    0.0449064
  -3.6400000    0.0380236
  -3.6200000    0.0314439
  -3.6000000    0.0255100
  -3.5800000    0.0205248
  -3.5600000    0.0167098
  -3.5400000    0.0141733
  -3.5200000    0.0128922
  -3.5000000    0.0127130
  -3.4800000    0.0133698
  -3.4600000    0.0145189
  -3.4400000    0.0157836
  -3.4200000    0.0168026
  -3.4000000    0.0172748
  -3.3800000    0.0169932
  -3.3600000    0.0158621
  -3.3400000    0.0138966
  -3.3200000    0.0112023
  -3.3000000    0.0079415
  -3.2800000    0.0042903
  -3.2600000    0.0003944
  -3.2400000   -0.0036684
  -3.2200000   -0.0079123
  -3.2000000   -0.0124495
  -3.1800000   -0.0174770
  -3.1600000   -0.0232452
  -3.1400000   -0.0300142
  -3.1200000   -0.0380024
  -3.1000000   -0.0473382
  -3.0800000   -0.0580208
  -3.0600000   -0.0698974
  -3.0400000   -0.0826608
  -3.0200000   -0.0958688
  -3.0000000   -0.1089830
  -2.9800000   -0.1214212
  -2.9600000   -0.1326171
  -2.9400000   -0.1420779
  -2.9200000   -0.1494329
  -2.9000000   -0.1544648
  -2.8800000   -0.1571222
  -2.8600000   -0.1575103
  -2.8400000   -0.1558647
  -2.8200000   -0.1525121
  -2.8000000   -0.1478245
  -2.7800000   -0.1421753
  -2.7600000   -0.1359028
  -2.7400000   -0.1292849
  -2.7200000   -0.1225269
  -2.7000000   -0.1157624
  -2.6800000   -0.1090633
  -2.6600000   -0.1024550
  -2.6400000   -0.0959340
  -2.6200000   -0.0894825
  -2.6000000   -0.0830796
  -2.5800000   -0.0767075
  -2.5600000   -0.0703545
  -2.5400000   -0.0640160
  -2.5200000   -0.0576957
  -2.5000000   -0.0514095
  -2.4800000   -0.0451922
  -2.4600000   -0.0391070
  -2.4400000   -0.0332555
  -2.4200000   -0.0277867
  -2.4000000   -0.0229011
  -2.3800000   -0.0188465
  -2.3600000   -0.0159043
  -2.3400000   -0.0143655
  -2.3200000   -0.0144968
  -2.3000000   -0.0165013
  -2.2800000   -0.0204783
  -2.2600000   -0.0263876
  -2.2400000   -0.0340265
  -2.2200000   -0.0430227
  -2.2000000   -0.0528482
  -2.1800000   -0.0628537
  -2.1600000   -0.0723217
  -2.1400000   -0.0805320
  -2.1200000   -0.0868320
  -2.1000000   -0.0907022
  -2.0800000   -0.0918099
  -2.0600000   -0.0900414
  -2.0400000   -0.0855121
  -2.0200000   -0.0785510
  -2.0000000   -0.0696649
  -1.9800000   -0.0594859
  -1.9600000   -0.0487115
  -1.9400000   -0.0380429
  -1.9200000   -0.0281297
  -1.9000000   -0.0195255
  -1.8800000   -0.0126571
  -1.8600000   -0.0078070
  -1.8400000   -0.0051092
  -1.8200000   -0.0045551
  -1.8000000   -0.0060058
  -1.7800000   -0.0092095
  -1.7600000   -0.0138211
  -1.7400000   -0.0194233
  -1.7200000   -0.0255490
  -1.7000000   -0.0317048
  -1.6800000   -0.0373969
  -1.6600000   -0.0421586
  -1.6400000   -0.0455785
  -1.6200000   -0.0473285
  -1.6000000   -0.0471881
  -1.5800000   -0.0450622
  -1.5600000   -0.0409893
  -1.5400000   -0.0351379
  -1.5200000   -0.0277896
  -1.5000000   -0.0193103
  -1.4800000   -0.0101117
  -1.4600000   -0.0006085
  -1.4400000    0.0088237
  -1.4200000    0.0178842
  -1.4000000    0.0263705
  -1.3800000    0.0341873
  -1.3600000    0.0413404
  -1.3400000    0.0479165
  -1.3200000    0.0540528
  -1.3000000    0.0599033
  -1.2800000    0.0656058
  -1.2600000    0.0712554
  -1.2400000    0.0768886
  -1.2200000    0.0824790
  -1.2000000    0.0879451
  -1.1800000    0.0931683
  -1.1600000    0.0980175
  -1.1400000    0.1023782
  -1.1200000    0.1061809
  -1.1000000    0.1094269
  -1.0800000    0.1122088
  -1.0600000    0.1147224
  -1.0400000    0.1172682
  -1.0200000    0.1202418
  -1.0000000    0.1241107
  -0.9800000    0.1293763
  -0.9600000    0.1365244
  -0.9400000    0.1459642
  -0.9200000    0.1579610
  -0.9000000    0.1725706
  -0.8800000    0.1895819
  -0.8600000    0.2084781
  -0.8400000    0.2284247
  -0.8200000    0.2482902
  -0.8000000    0.2667034
  -0.7800000    0.2821453
  -0.7600000    0.2930685
  -0.7400000    0.2980335
  -0.7200000    0.2958466
  -0.7000000    0.2856845
  -0.6800000    0.2671872
  -0.6600000    0.2405105
  -0.6400000    0.2063278
  -0.6200000    0.1657809
  -0.6000000    0.1203862
  -0.5800000    0.0719055
  -0.5600000    0.0221967
  -0.5400000   -0.0269377
  -0.5200000   -0.0738900
  -0.5000000   -0.1173601
  -0.4800000   -0.1564325
  -0.4600000   -0.1906143
  -0.4400000   -0.2198325
  -0.4200000   -0.2443988
  -0.4000000   -0.2649458
  -0.3800000   -0.2823464
  -0.3600000   -0.2976246
  -0.3400000   -0.3118646
  -0.3200000   -0.3261258
  -0.3000000   -0.3413649
  -0.2800000   -0.3583701
  -0.2600000   -0.3777034
  -0.2400000   -0.3996557
  -0.2200000   -0.4242108
  -0.2000000   -0.4510236
  -0.1800000   -0.4794133
  -0.1600000   -0.5083769
  -0.1400000   -0.5366272
  -0.1200000   -0.5626577
  -0.1000000   -0.5848346
  -0.0800000   -0.6015126
  -0.0600000   -0.6111648
  -0.0400000   -0.6125146
  -0.0200000   -0.6046548
   0.0000000   -0.5871374
   0.0200000   -0.5600228
   0.0400000   -0.5238788
   0.0600000   -0.4797292
   0.0800000   -0.4289578
   0.1000000   -0.3731805
   0.1200000   -0.3141013
   0.1400000   -0.2533707
   0.1600000   -0.1924640
   0.1800000   -0.1325900
   0.2000000   -0.0746385
   0.2200000   -0.0191670
   0.2400000    0.0335781
   0.2600000    0.0836124
   0.2800000    0.1311486
   0.3000000    0.1765222
   0.3200000    0.2201186
   0.3400000    0.2623053
   0.3600000    0.3033747
   0.3800000    0.3434969
   0.4000000    0.3826863
   0.4200000    0.4207799
   0.4400000    0.4574296
   0.4600000    0.4921076
   0.4800000    0.5241271
   0.5000000    0.5526771
   0.5200000    0.5768711
   0.5400000    0.5958063
   0.5600000    0.6086304
   0.5800000    0.6146104
   0.6000000    0.6131962
   0.6200000    0.6040755
   0.6400000    0.5872125
   0.6600000    0.5628666
   0.6800000    0.5315909
   0.7000000    0.4942088
   0.7200000    0.4517711
   0.7400000    0.4054987
   0.7600000    0.3567135
   0.7800000    0.3067657
   0.8000000    0.2569606
   0.8200000    0.2084928
   0.8400000    0.1623890
   0.8600000    0.1194667
   0.8800000    0.0803077
   0.9000000    0.0452505
   0.9200000    0.0143990
   0.9400000   -0.0123525
   0.9600000   -0.0352809
   0.9800000   -0.0547871
   1.0000000   -0.0713436
   1.0200000   -0.0854429
   1.0400000   -0.0975504
   1.0600000   -0.1080668
   1.0800000   -0.1173029
   1.1000000   -0.1254676
   1.1200000   -0.1326699
   1.1400000   -0.1389328
   1.1600000   -0.1442158
   1.1800000   -0.1484426
   1.2000000   -0.1515300
   1.2200000   -0.1534133
   1.2400000   -0.1540656
   1.2600000   -0.1535092
   1.2800000   -0.1518168
   1.3000000   -0.1491050
   1.3200000   -0.1455206
   1.3400000   -0.1412218
   1.3600000   -0.1363592
   1.3800000   -0.1310573
   1.4000000   -0.1254015
   1.4200000   -0.1194302
   1.4400000   -0.1131343
   1.4600000   -0.1064631
   1.4800000   -0.0993358
   1.5000000   -0.0916558
   1.5200000   -0.0833268
   1.5400000   -0.0742678
   1.5600000   -0.0644253
   1.5800000   -0.0537817
   1.6000000   -0.0423597
   1.6200000   -0.0302223
   1.6400000   -0.0174697
   1.6600000   -0.0042338
   1.6800000    0.0093288
   1.7000000    0.0230443
   1.7200000    0.0367292
   1.7400000    0.0501973
   1.7600000    0.0632659
   1.7800000    0.0757618
   1.8000000    0.0875258
   1.8200000    0.0984174
   1.8400000    0.1083184
   1.8600000    0.1171361
   1.8800000    0.1248058
   1.9000000    0.1312934
   1.9200000    0.1365975
   1.9400000    0.1407515
   1.9600000    0.1438255
   1.9800000    0.1459287
   2.0000000    0.1472107
   2.0200000    0.1478611
   2.0400000    0.1481071
   2.0600000    0.1482067
   2.0800000    0.1484376
   2.1000000    0.1490803
   2.1200000    0.1503961
   2.1400000    0.1526024
   2.1600000    0.1558454
   2.1800000    0.1601766
   2.2000000    0.1655347
   2.2200000    0.1717372
   2.2400000    0.1784843
   2.2600000    0.1853768
   2.2800000    0.1919453
   2.3000000    0.1976896
   2.3200000    0.2021221
   2.3400000    0.2048113
   2.3600000    0.2054178
   2.3800000    0.2037192
   2.4000000    0.1996198
   2.4200000    0.1931456
   2.4400000    0.1844230
   2.4600000    0.1736477
   2.4800000    0.1610455
   2.5000000    0.1468331
   2.5200000    0.1311822
   2.5400000    0.1141929
   2.5600000    0.0958785
   2.5800000    0.0761650
   2.6000000    0.0549029
   2.6200000    0.0318922
   2.6400000    0.0069157
   2.6600000   -0.0202213
   2.6800000   -0.0496500
   2.7000000   -0.0813998
   2.7200000   -0.1153648
   2.7400000   -0.1512810
   2.7600000   -0.1887139
   2.7800000   -0.2270600
   2.8000000   -0.2655615
   2.8200000   -0.3033348
   2.8400000   -0.3394100
   2.8600000   -0.3727806
   2.8800000   -0.4024577
   2.9000000   -0.4275268
   2.9200000   -0.4472022
   2.9400000   -0.4608737
   2.9600000   -0.4681436
   2.9800000   -0.4688500
   3.0000000   -0.4630749
   3.0200000   -0.4511373
   3.0400000   -0.4335720
   3.0600000   -0.4110967
   3.0800000   -0.3845700
   3.1000000   -0.3549448
   3.1200000   -0.3232193
   3.1400000   -0.2903908
   3.1600000   -0.2574125
   3.1800000   -0.2251562
   3.2000000   -0.1943814
   3.2200000   -0.1657110
   3.2400000   -0.1396138
   3.2600000   -0.1163929
   3.2800000   -0.0961812
   3.3000000   -0.0789437
   3.3200000   -0.0644870
   3.3400000   -0.0524767
   3.3600000   -0.0424620
   3.3800000   -0.0339080
   3.4000000   -0.0262327
   3.4200000   -0.0188468
   3.4400000   -0.0111950
   3.4600000   -0.0027919
   3.4800000    0.0067463
   3.5000000    0.0176804
   3.5200000    0.0301357
   3.5400000    0.0441015
   3.5600000    0.0594391
   3.5800000    0.0758985
   3.6000000    0.0931407
   3.6200000    0.1107633
   3.6400000    0.1283268
   3.6600000    0.1453806
   3.6800000    0.1614862
   3.7000000    0.1762387
   3.7200000    0.1892839
   3.7400000    0.2003334
   3.7600000    0.2091756
   3.7800000    0.2156842
   3.8000000    0.2198224
   3.8200000    0.2216438
   3.8400000    0.2212888
   3.8600000    0.2189775
   3.8800000    0.2149981
   3.9000000    0.2096914
   3.9200000    0.2034320
   3.9400000    0.1966069
   3.9600000    0.1895921
   3.9800000    0.1827279
   4.0000000    0.1762962
   4.0200000    0.1704999
   4.0400000    0.1654475
   4.0600000    0.1611446
   4.0800000    0.1574953
   4.1000000    0.1543121
   4.1200000    0.1513368
   4.1400000    0.1482694
   4.1600000    0.1448024
   4.1800000    0.1406563
   4.2000000    0.1356133
   4.2200000    0.1295426
   4.2400000    0.1224156
   4.2600000    0.1143090
   4.2800000    0.1053941
   4.3000000    0.0959163
   4.3200000    0.0861652
   4.3400000    0.0764428
   4.3600000    0.0670307
   4.3800000    0.0581632
   4.4000000    0.0500071
   4.4200000    0.0426518
   4.4400000    0.0361084
   4.4600000    0.0303175
   4.4800000    0.0251640
   4.5000000    0.0204965
   4.5200000    0.0161475
   4.5400000    0.0119542
   4.5600000    0.0077754
   4.5800000    0.0035045
   4.6000000   -0.0009230
   4.6200000   -0.0055287
   4.6400000   -0.0102965
   4.6600000   -0.0151828
   4.6800000   -0.0201323
   4.7000000   -0.0250947
   4.7200000   -0.0300426
   4.7400000   -0.0349853
   4.7600000   -0.0399783
   4.7800000   -0.0451234
   4.8000000   -0.0505615
   4.8200000   -0.0564550
   4.8400000   -0.0629630
   4.8600000   -0.0702122
   4.8800000   -0.0782666
   4.9000000   -0.0871012
   4.9200000   -0.0965840
   4.9400000   -0.1064702
   4.9600000   -0.1164100
   4.9800000   -0.1259708
   5.0000000   -0.1346724
   5.0200000   -0.1420305
   5.0400000   -0.1476039
   5.0600000   -0.1510399
   5.0800000   -0.1521115
   5.1000000   -0.1507426
   5.1200000   -0.1470176
   5.1400000   -0.1411746
   5.1600000   -0.1335842
   5.1800000   -0.1247158
   5.2000000   -0.1150975
   5.2200000   -0.1052731
   5.2400000   -0.0957612
   5.2600000   -0.0870213
   5.2800000   -0.0794282
   5.3000000   -0.0732561
   5.3200000   -0.0686722
   5.3400000   -0.0657393
   5.3600000   -0.0644245
   5.3800000   -0.0646127
   5.4000000   -0.0661232
   5.4200000   -0.0687276
   5.4400000   -0.0721663
   5.4600000   -0.0761642
   5.4800000   -0.0804439
   5.5000000   -0.0847343
   5.5200000   -0.0887772
   5.5400000   -0.0923297
   5.5600000   -0.0951647
   5.5800000   -0.0970712
   5.6000000   -0.0978556
   5.6200000   -0.0973457
   5.6400000   -0.0953980
   5.6600000   -0.0919094
   5.6800000   -0.0868299
   5.7000000   -0.0801758
   5.7200000   -0.0720390
   5.7400000   -0.0625906
   5.7600000   -0.0520752
   5.7800000   -0.0407967
   5.8000000   -0.0290945
   5.8200000   -0.0173131
   5.8400000   -0.0057703
   5.8600000    0.0052745
   5.8800000    0.0156455
   5.9000000    0.0252655
   5.9200000    0.0341604
   5.9400000    0.0424504
   5.9600000    0.0503300
   5.9800000    0.0580394
   6.0000000    0.0658294
   6.0200000    0.0739260
   6.0400000    0.0824965
   6.0600000    0.0916229
   6.0800000    0.1012841
   6.1000000    0.1113511
   6.1200000    0.1215935
   6.1400000    0.1316982
   6.1600000    0.1412986
   6.1800000    0.1500095
   6.2000000    0.1574642
   6.2200000    0.1633505
   6.2400000    0.1674390
   6.2600000    0.1696033
   6.2800000    0.1698274
   6.3000000    0.1682025
   6.3200000    0.1649131
   6.3400000    0.1602151
   6.3600000    0.1544099
   6.3800000    0.1478173
   6.4000000    0.1407510
   6.4200000    0.1334990
   6.4400000    0.1263098
   6.4600000    0.1193862
   6.4800000    0.1128843
   6.5000000    0.1069180
   6.5200000    0.1015660
   6.5400000    0.0968797
   6.5600000    0.0928904
   6.5800000    0.0896132
   6.6000000    0.0870476
   6.6200000    0.0851743
   6.6400000    0.0839480
   6.6600000    0.0832884
   6.6800000    0.0830708
   6.7000000    0.0831190
   6.7200000    0.0832024
   6.7400000    0.0830386
   6.7600000    0.0823043
   6.7800000    0.0806530
   6.8000000    0.0777385
   6.8200000    0.0732437
   6.8400000    0.0669094
   6.8600000    0.0585618
   6.8800000    0.0481343
   6.9000000    0.0356806
   6.9200000    0.0213779
   6.9400000    0.0055193
   6.9600000   -0.0115052
   6.9800000   -0.0292345
   7.0000000   -0.0471697
   7.0200000   -0.0648071
   7.0400000   -0.0816713
   7.0600000   -0.0973414
   7.0800000   -0.1114704
   7.1000000   -0.1237946
   7.1200000   -0.1341341
   7.1400000   -0.1423844
   7.1600000   -0.1485027
   7.1800000   -0.1524912
   7.2000000   -0.1543805
   7.2200000   -0.1542159
   7.2400000   -0.1520486
   7.2600000   -0.1479332
   7.2800000   -0.1419301
   7.3000000   -0.1341133
   7.3200000   -0.1245792
   7.3400000   -0.1134562
   7.3600000   -0.1009112
   7.3800000   -0.0871527
   7.4000000   -0.0724276
   7.4200000   -0.0570138
   7.4400000   -0.0412083
   7.4600000   -0.0253127
   7.4800000   -0.0096185
   7.5000000    0.0056065
   7.5200000    0.0201283
   7.5400000    0.0337534
   7.5600000    0.0463308
   7.5800000    0.0577508
   7.6000000    0.0679416
   7.6200000    0.0768649
   7.6400000    0.0845121
   7.6600000    0.0909029
   7.6800000    0.0960850
   7.7000000    0.1001368
   7.7200000    0.1031708
   7.7400000    0.1053362
   7.7600000    0.1068192
   7.7800000    0.1078393
   7.8000000    0.1086400
   7.8200000    0.1094734
   7.8400000    0.1105800
   7.8600000    0.1121647
   7.8800000    0.1143710
   7.9000000    0.1172587
   7.9200000    0.1207857
   7.9400000    0.1247991
   7.9600000    0.1290359
   7.9800000    0.1331357
   8.0000000    0.1366630
   8.0200000    0.1391393
   8.0400000    0.1400803
   8.0600000    0.1390351
   8.0800000    0.1356241
   8.1000000    0.1295710
   8.1200000    0.1207271
   8.1400000    0.1090853
   8.1600000    0.0947825
   8.1800000    0.0780930
   8.2000000    0.0594106
   8.2200000    0.0392242
   8.2400000    0.0180883
   8.2600000   -0.0034101
   8.2800000   -0.0246843
   8.3000000   -0.0451792
   8.3200000   -0.0643986
   8.3400000   -0.0819281
   8.3600000   -0.0974513
   8.3800000   -0.1107599
   8.4000000   -0.1217577
   8.4200000   -0.1304575
   8.4400000   -0.1369741
   8.4600000   -0.1415116
   8.4800000   -0.1443486
   8.5000000   -0.1458198
   8.5200000   -0.1462969
   8.5400000   -0.1461676
   8.5600000   -0.1458148
   8.5800000   -0.1455952
   8.6000000   -0.1458179
   8.6200000   -0.1467255
   8.6400000   -0.1484771
   8.6600000   -0.1511369
   8.6800000   -0.1546690
   8.7000000   -0.1589409
   8.7200000   -0.1637373
   8.7400000   -0.1687822
   8.7600000   -0.1737704
   8.7800000   -0.1784028
   8.8000000   -0.1824227
   8.8200000   -0.1856473
   8.8400000   -0.1879896
   8.8600000   -0.1894673
   8.8800000   -0.1901959
   8.9000000   -0.1903673
   8.9200000   -0.1902150
   8.9400000   -0.1899727
   8.9600000   -0.1898302
   8.9800000   -0.1898938
   9.0000000   -0.1901574
   9.0200000   -0.1904864
   9.0400000   -0.1906180
   9.0600000   -0.1901768
   9.0800000   -0.1887031
   9.1000000   -0.1856908
   9.1200000   -0.1806295
   9.1400000   -0.1730479
   9.1600000   -0.1625529
   9.1800000   -0.1488645
   9.2000000   -0.1318418
   9.2200000   -0.1115027
   9.2400000   -0.0880345
   9.2600000   -0.0617974
   9.2800000   -0.0333191
   9.3000000   -0.0032805
   9.3200000    0.0275085
   9.3400000    0.0581432
   9.3600000    0.0876691
   9.3800000    0.1151360
   9.4000000    0.1396577
   9.4200000    0.1604732
   9.4400000    0.1770035
   9.4600000    0.1888978
   9.4800000    0.1960619
   9.5000000    0.1986664
   9.5200000    0.1971297
   9.5400000    0.1920791
   9.5600000    0.1842924
   9.5800000    0.1746264
   9.6000000    0.1639407
   9.6200000    0.1530252
   9.6400000    0.1425396
   9.6600000    0.1329701
   9.6800000    0.1246079
   9.7000000    0.1175487
   9.7200000    0.1117131
   9.7400000    0.1068815
   9.7600000    0.1027391
   9.7800000    0.0989245
   9.8000000    0.0950762
   9.8200000    0.0908723
   9.8400000    0.0860596
   9.8600000    0.0804715
   9.8800000    0.0740334
   9.9000000    0.0667582
   9.9200000    0.0587320
   9.9400000    0.0500954
   9.9600000    0.0410206
   9.9800000    0.0316891
  10.0000000    0.0222717
  10.0200000    0.0129124
  10.0400000    0.0037176
  10.0600000   -0.0052483
  10.0800000   -0.0139622
  10.1000000   -0.0224362
  10.1200000   -0.0307074
  10.1400000   -0.0388257
  10.1600000   -0.0468396
  10.1800000   -0.0547832
  10.2000000   -0.0626638
  10.2200000   -0.0704527
  10.2400000   -0.0780791
  10.2600000   -0.0854280
  10.2800000   -0.0923425
  10.3000000   -0.0986301
  10.3200000   -0.1040741
  10.3400000   -0.1084468
  10.3600000   -0.1115270
  10.3800000   -0.1131167
  10.4000000   -0.1130580
  10.4200000   -0.1112476
  10.4400000   -0.1076458
  10.4600000   -0.1022819
  10.4800000   -0.0952528
  10.5000000   -0.0867170
  10.5200000   -0.0768842
  10.5400000   -0.0660028
  10.5600000   -0.0543475
  10.5800000   -0.0422076
  10.6000000   -0.0298784
  10.6200000   -0.0176552
  10.6400000   -0.0058292
  10.6600000    0.0053148
  10.6800000    0.0155023
  10.7000000    0.0244749
  10.7200000    0.0319985
  10.7400000    0.0378759
  10.7600000    0.0419601
  10.7800000    0.0441689
  10.8000000    0.0444974
  10.8200000    0.0430262
  10.8400000    0.0399234
  10.8600000    0.0354399
  10.8800000    0.0298966
  10.9000000    0.0236663
  10.9200000    0.0171502
  10.9400000    0.0107528
  10.9600000    0.0048562
  10.9800000   -0.0002034
  11.0000000   -0.0041550
  11.0200000   -0.0068084
  11.0400000   -0.0080637
  11.0600000   -0.0079172
  11.0800000   -0.0064607
  11.1000000   -0.0038779
  11.1200000   -0.0004356
  11.1400000    0.0035291
  11.1600000    0.0076255
  11.1800000    0.0114307
  11.2000000    0.0145141
  11.2200000    0.0164644
  11.2400000    0.0169182
  11.2600000    0.0155875
  11.2800000    0.0122843
  11.3000000    0.0069388
  11.3200000   -0.0003902
  11.3400000   -0.0095148
  11.3600000   -0.0201284
  11.3800000   -0.0318264
  11.4000000   -0.0441354
  11.4200000   -0.0565482
  11.4400000   -0.0685611
  11.4600000   -0.0797099
  11.4800000   -0.0896000
  11.5000000   -0.0979285
  11.5200000   -0.1044962
  11.5400000   -0.1092093
  11.5600000   -0.1120707
  11.5800000   -0.1131640
  11.6000000   -0.1126328
  11.6200000   -0.1106578
  11.6400000   -0.1074345
  11.6600000   -0.1031547
  11.6800000   -0.0979927
  11.7000000   -0.0920966
  11.7200000   -0.0855862
  11.7400000   -0.0785547
  11.7600000   -0.0710762
  11.7800000   -0.0632147
  11.8000000   -0.0550357
  11.8200000   -0.0466182
  11.8400000   -0.0380655
  11.8600000   -0.0295127
  11.8800000   -0.0211304
  11.9000000   -0.0131232
  11.9200000   -0.0057209
  11.9400000    0.0008361
  11.9600000    0.0063168
  11.9800000    0.0105228
  12.0000000    0.0133126
  12.0200000    0.0146215
  12.0400000    0.0144762
  12.0600000    0.0129992
  12.0800000    0.0104035
  12.1000000    0.0069750
  12.1200000    0.0030475
  12.1400000   -0.0010296
  12.1600000   -0.0049247
  12.1800000   -0.0083549
  12.2000000   -0.0111105
  12.2200000   -0.0130704
  12.2400000   -0.0142066
  12.2600000   -0.0145774
  12.2800000   -0.0143129
  12.3000000   -0.0135925
  12.3200000   -0.0126203
  12.3400000   -0.0115995
  12.3600000   -0.0107102
  12.3800000   -0.0100918
  12.4000000   -0.0098316
  12.4200000   -0.0099605
  12.4400000   -0.0104540
  12.4600000   -0.0112401
  12.4800000   -0.0122100
  12.5000000   -0.0132321
  12.5200000   -0.0141672
  12.5400000   -0.0148826
  12.5600000   -0.0152660
  12.5800000   -0.0152363
  12.6000000   -0.0147515
  12.6200000   -0.0138149
  12.6400000   -0.0124767
  12.6600000   -0.0108342
  12.6800000   -0.0090288
  12.7000000   -0.0072411
  12.7200000   -0.0056831
  12.7400000   -0.0045881
  12.7600000   -0.0041989
  12.7800000   -0.0047520
  12.8000000   -0.0064605
  12.8200000   -0.0094951
  12.8400000   -0.0139641
  12.8600000   -0.0198948
  12.8800000   -0.0272179
  12.9000000   -0.0357571
  12.9200000   -0.0452264
  12.9400000   -0.0552362
  12.9600000   -0.0653099
  12.9800000   -0.0749095
  13.0000000   -0.0834707
  13.0200000   -0.0904428
  13.0400000   -0.0953309
  13.0600000   -0.0977362
  13.0800000   -0.0973898
  13.1000000   -0.0941765
  13.1200000   -0.0881453
  13.1400000   -0.0795064
  13.1600000   -0.0686139
  13.1800000   -0.0559365
  13.2000000   -0.0420201
  13.2200000   -0.0274454
  13.2400000   -0.0127853
  13.2600000    0.0014337
  13.2800000    0.0147627
  13.3000000    0.0268536
  13.3200000    0.0374706
  13.3400000    0.0464933
  13.3600000    0.0539117
  13.3800000    0.0598141
  13.4000000    0.0643714
  13.4200000    0.0678197
  13.4400000    0.0704412
  13.4600000    0.0725473
  13.4800000    0.0744613
  13.5000000    0.0765032
  13.5200000    0.0789751
  13.5400000    0.0821478
  13.5600000    0.0862470
  13.5800000    0.0914410
  13.6000000    0.0978283
  13.6200000    0.1054274
  13.6400000    0.1141679
  13.6600000    0.1238859
  13.6800000    0.1343229
  13.7000000    0.1451310
  13.7200000    0.1558842
  13.7400000    0.1660965
  13.7600000    0.1752465
  13.7800000    0.1828075
  13.8000000    0.1882814
  13.8200000    0.1912340
  13.8400000    0.1913282
  13.8600000    0.1883524
  13.8800000    0.1822406
  13.9000000    0.1730822
  13.9200000    0.1611195
  13.9400000    0.1467327
  13.9600000    0.1304131
  13.9800000    0.1127275
  14.0000000    0.0942763
  14.0200000    0.0756498
  14.0400000    0.0573869
  14.0600000    0.0399404
  14.0800000    0.0236521
  14.1000000    0.0087396
  14.1200000   -0.0047035
  14.1400000   -0.0166955
  14.1600000   -0.0273442
  14.1800000   -0.0368183
  14.2000000   -0.0453154
  14.2200000   -0.0530321
  14.2400000   -0.0601390
  14.2600000   -0.0667643
  14.2800000   -0.0729865
  14.3000000   -0.0788372
  14.3200000   -0.0843120
  14.3400000   -0.0893860
  14.3600000   -0.0940321
  14.3800000   -0.0982372
  14.4000000   -0.1020141
  14.4200000   -0.1054075
  14.4400000   -0.1084922
  14.4600000   -0.1113662
  14.4800000   -0.1141385
  14.5000000   -0.1169158
  14.5200000   -0.1197895
  14.5400000   -0.1228253
  14.5600000   -0.1260580
  14.5800000   -0.1294894
  14.6000000   -0.1330917
  14.6200000   -0.1368122
  14.6400000   -0.1405796
  14.6600000   -0.1443095
  14.6800000   -0.1479077
  14.7000000   -0.1512714
  14.7200000   -0.1542884
  14.7400000   -0.1568354
  14.7600000   -0.1587761
  14.7800000   -0.1599627
  14.8000000   -0.1602389
  14.8200000   -0.1594473
  14.8400000   -0.1574404
  14.8600000   -0.1540937
  14.8800000   -0.1493198
  14.9000000   -0.1430817
  14.9200000   -0.1354034
  14.9400000   -0.1263764
  14.9600000   -0.1161599
  14.9800000   -0.1049765
  15.0000000   -0.0931008
  15.0200000   -0.0808436
  15.0400000   -0.0685319
  15.0600000   -0.0564869
  15.0800000   -0.0450012
  15.1000000   -0.0343168
  15.1200000   -0.0246071
  15.1400000   -0.0159629
  15.1600000   -0.0083848
  15.1800000   -0.0017831
  15.2000000    0.0040143
  15.2200000    0.0092470
  15.2400000    0.0141993
  15.2600000    0.0191728
  15.2800000    0.0244560
  15.3000000    0.0302937
  15.3200000    0.0368596
  15.3400000    0.0442349
  15.3600000    0.0523951
  15.3800000    0.0612067
  15.4000000    0.0704342
  15.4200000    0.0797560
  15.4400000    0.0887890
  15.4600000    0.0971166
  15.4800000    0.1043201
  15.5000000    0.1100081
  15.5200000    0.1138435
  15.5400000    0.1155649
  15.5600000    0.1150019
  15.5800000    0.1120836
  15.6000000    0.1068416
  15.6200000    0.0994057
  15.6400000    0.0899950
  15.6600000    0.0789040
  15.6800000    0.0664835
  15.7000000    0.0531187
  15.7200000    0.0392044
  15.7400000    0.0251182
  15.7600000    0.0111955
  15.7800000   -0.0022940
  15.8000000   -0.0151644
  15.8200000   -0.0273239
  15.8400000   -0.0387777
  15.8600000   -0.0496208
  15.8800000   -0.0600218
  15.9000000   -0.0701985
  15.9200000   -0.0803886
  15.9400000   -0.0908169
  15.9600000   -0.1016626
  15.9800000   -0.1130309
  16.0000000   -0.1249303
  16.0200000   -0.1372587
  16.0400000   -0.1498000
  16.0600000   -0.1622314
  16.0800000   -0.1741408
  16.1000000   -0.1850539
  16.1200000   -0.1944674
  16.1400000   -0.2018869
  16.1600000   -0.2068643
  16.1800000   -0.2090318
  16.2000000   -0.2081302
  16.2200000   -0.2040268
  16.2400000   -0.1967241
  16.2600000   -0.1863565
  16.2800000   -0.1731792
  16.3000000   -0.1575481
  16.3200000   -0.1398971
  16.3400000   -0.1207129
  16.3600000   -0.1005112
  16.3800000   -0.0798158
  16.4000000   -0.0591409
  16.4200000   -0.0389769
  16.4400000   -0.0197772
  16.4600000   -0.0019478
  16.4800000    0.0141653
  16.5000000    0.0282869
  16.5200000    0.0402248
  16.5400000    0.0498807
  16.5600000    0.0572573
  16.5800000    0.0624625
  16.6000000    0.0657072
  16.6200000    0.0672964
  16.6400000    0.0676143
  16.6600000    0.0671031
  16.6800000    0.0662372
  16.7000000    0.0654947
  16.7200000    0.0653267
  16.7400000    0.0661281
  16.7600000    0.0682095
  16.7800000    0.0717734
  16.8000000    0.0768952
  16.8200000    0.0835113
  16.8400000    0.0914152
  16.8600000    0.1002632
  16.8800000    0.1095894
  16.9000000    0.1188319
  16.9200000    0.1273673
  16.9400000    0.1345518
  16.9600000    0.1397669
  16.9800000    0.1424648
  17.0000000    0.1422099
  17.0200000    0.1387134
  17.0400000    0.1318560
  17.0600000    0.1216990
  17.0800000    0.1084811
  17.1000000    0.0926037
  17.1200000    0.0746042
  17.1400000    0.0551216
  17.1600000    0.0348579
  17.1800000    0.0145366
  17.2000000   -0.0051368
  17.2200000   -0.0235110
  17.2400000   -0.0400194
  17.2600000   -0.0542043
  17.2800000   -0.0657338
  17.3000000   -0.0744111
  17.3200000   -0.0801763
  17.3400000   -0.0831012
  17.3600000   -0.0833761
  17.3800000   -0.0812919
  17.4000000   -0.0772161
  17.4200000   -0.0715654
  17.4400000   -0.0647766
  17.4600000   -0.0572781
  17.4800000   -0.0494637
  17.5000000   -0.0416716
  17.5200000   -0.0341704
  17.5400000   -0.0271516
  17.5600000   -0.0207314
  17.5800000   -0.0149580
  17.6000000   -0.0098255
  17.6200000   -0.0052902
  17.6400000   -0.0012880
  17.6600000    0.0022504
  17.6800000    0.0053877
  17.7000000    0.0081735
  17.7200000    0.0106432
  17.7400000    0.0128219
  17.7600000    0.0147313
  17.7800000    0.0163979
  17.8000000    0.0178612
  17.8200000    0.0191787
  17.8400000    0.0204263
  17.8600000    0.0216958
  17.8800000    0.0230863
  17.9000000    0.0246943
  17.9200000    0.0266011
  17.9400000    0.0288623
  17.9600000    0.0314979
  17.9800000    0.0344875
  18.0000000    0.0377692
  18.0200000    0.0412425
  18.0400000    0.0447748
  18.0600000    0.0482115
  18.0800000    0.0513868
  18.1000000    0.0541359
  18.1200000    0.0563075
  18.1400000    0.0577748
  18.1600000    0.0584465
  18.1800000    0.0582749
  18.2000000    0.0572625
  18.2200000    0.0554640
  18.2400000    0.0529847
  18.2600000    0.0499737
  18.2800000    0.0466118
  18.3000000    0.0430948
  18.3200000    0.0396128
  18.3400000    0.0363291
  18.3600000    0.0333582
  18.3800000    0.0307495
  18.4000000    0.0284751
  18.4200000    0.0264270
  18.4400000    0.0244228
  18.4600000    0.0222211
  18.4800000    0.0195440
  18.5000000    0.0161072
  18.5200000    0.0116519
  18.5400000    0.0059778
  18.5600000   -0.0010281
  18.5800000   -0.0093688
  18.6000000   -0.0189233
  18.6200000   -0.0294444
  18.6400000   -0.0405677
  18.6600000   -0.0518313
  18.6800000   -0.0627060
  18.7000000   -0.0726325
  18.7200000   -0.0810630
  18.7400000   -0.0875020
  18.7600000   -0.0915449
  18.7800000   -0.0929084
  18.8000000   -0.0914512
  18.8200000   -0.0871830
  18.8400000   -0.0802607
  18.8600000   -0.0709740
  18.8800000   -0.0597208
  18.9000000   -0.0469766
  18.9200000   -0.0332617
  18.9400000   -0.0191072
  18.9600000   -0.0050267
  18.9800000    0.0085086
  19.0000000    0.0210875
  19.0200000    0.0323698
  19.0400000    0.0420923
  19.0600000    0.0500699
  19.0800000    0.0561937
  19.1000000    0.0604266
  19.1200000    0.0627974
  19.1400000    0.0633923
  19.1600000    0.0623459
  19.1800000    0.0598290
  19.2000000    0.0560351
  19.2200000    0.0511655
  19.2400000    0.0454144
  19.2600000    0.0389558
  19.2800000    0.0319328
  19.3000000    0.0244524
  19.3200000    0.0165862
  19.3400000    0.0083765
  19.3600000   -0.0001518
  19.3800000   -0.0089766
  19.4000000   -0.0180624
  19.4200000   -0.0273462
  19.4400000   -0.0367279
  19.4600000   -0.0460671
  19.4800000   -0.0551870
  19.5000000   -0.0638859
  19.5200000   -0.0719537
  19.5400000   -0.0791915
  19.5600000   -0.0854313
  19.5800000   -0.0905516
  19.6000000   -0.0944883
  19.6200000   -0.0972369
  19.6400000   -0.0988482
  19.6600000   -0.0994168
  19.6800000   -0.0990658
  19.7000000   -0.0979304
  19.7200000   -0.0961443
  19.7400000   -0.0938291
  19.7600000   -0.0910919
  19.7800000   -0.0880268
  19.8000000   -0.0847237
  19.8200000   -0.0812777
  19.8400000   -0.0777996
  19.8600000   -0.0744226
  19.8800000   -0.0713035
  19.9000000   -0.0686178
  19.9200000   -0.0665480
  19.9400000   -0.0652669
  19.9600000   -0.0649189
  19.9800000   -0.0656024
  20.0000000   -0.0673552
  20.0200000   -0.0701471
  20.0400000   -0.0738801
  20.0600000   -0.0783951
  20.0800000   -0.0834868
  20.1000000   -0.0889206
  20.1200000   -0.0944519
  20.1400000   -0.0998424
  20.1600000   -0.1048719
  20.1800000   -0.1093445
  20.2000000   -0.1130879
  20.2200000   -0.1159480
  20.2400000   -0.1177804
  20.2600000   -0.1184419
  20.2800000   -0.1177851
  20.3000000   -0.1156574
  20.3200000   -0.1119085
  20.3400000   -0.1064027
  20.3600000   -0.0990387
  20.3800000   -0.0897715
  20.4000000   -0.0786343
  20.4200000   -0.0657562
  20.4400000   -0.0513733
  20.4600000   -0.0358284
  20.4800000   -0.0195600
  20.5000000   -0.0030793
  20.5200000    0.0130628
  20.5400000    0.0283150
  20.5600000    0.0421691
  20.5800000    0.0542006
  20.6000000    0.0641038
  20.6200000    0.0717157
  20.6400000    0.0770275
  20.6600000    0.0801798
  20.6800000    0.0814433
  20.7000000    0.0811867
  20.7200000    0.0798343
  20.7400000    0.0778187
  20.7600000    0.0755336
  20.7800000    0.0732932
  20.8000000    0.0713002
  20.8200000    0.0696298
  20.8400000    0.0682274
  20.8600000    0.0669225
  20.8800000    0.0654561
  20.9000000    0.0635173
  20.9200000    0.0607857
  20.9400000    0.0569734
  20.9600000    0.0518634
  20.9800000    0.0453394
  21.0000000    0.0374043
  21.0200000    0.0281870
  21.0400000    0.0179359
  21.0600000    0.0070018
  21.0800000   -0.0041893
  21.1000000   -0.0151693
  21.1200000   -0.0254647
  21.1400000   -0.0346332
  21.1600000   -0.0422982
  21.1800000   -0.0481760
  21.2000000   -0.0520969
  21.2200000   -0.0540163
  21.2400000   -0.0540160
  21.2600000   -0.0522958
  21.2800000   -0.0491569
  21.3000000   -0.0449771
  21.3200000   -0.0401811
  21.3400000   -0.0352069
  21.3600000   -0.0304725
  21.3800000   -0.0263428
  21.4000000   -0.0231015
  21.4200000   -0.0209290
  21.4400000   -0.0198892
  21.4600000   -0.0199256
  21.4800000   -0.0208689
  21.5000000   -0.0224551
  21.5200000   -0.0243539
  21.5400000   -0.0262029
  21.5600000   -0.0276476
  21.5800000   -0.0283788
  21.6000000   -0.0281672
  21.6200000   -0.0268867
  21.6400000   -0.0245274
  21.6600000   -0.0211937
  21.6800000   -0.0170887
  21.7000000   -0.0124881
  21.7200000   -0.0077058
  21.7400000   -0.0030567
  21.7600000    0.0011778
  21.7800000    0.0047777
  21.8000000    0.0076032
  21.8200000    0.0096003
  21.8400000    0.0107960
  21.8600000    0.0112838
  21.8800000    0.0112016
  21.9000000    0.0107072
  21.9200000    0.0099533
  21.9400000    0.0090670
  21.9600000    0.0081335
  21.9800000    0.0071885
  22.0000000    0.0062174
  22.0200000    0.0051606
  22.0400000    0.0039267
  22.0600000    0.0024078
  22.0800000    0.0004983
  22.1000000   -0.0018858
  22.1200000   -0.0047907
  22.1400000   -0.0082100
  22.1600000   -0.0120771
  22.1800000   -0.0162617
  22.2000000   -0.0205738
  22.2200000   -0.0247735
  22.2400000   -0.0285863
  22.2600000   -0.0317223
  22.2800000   -0.0338976
  22.3000000   -0.0348565
  22.3200000   -0.0343911
  22.3400000   -0.0323592
  22.3600000   -0.0286961
  22.3800000   -0.0234226
  22.4000000   -0.0166467
  22.4200000   -0.0085602
  22.4400000    0.0005697
  22.4600000    0.0104135
  22.4800000    0.0205961
  22.5000000    0.0307162
  22.5200000    0.0403693
  22.5400000    0.0491700
  22.5600000    0.0567760
  22.5800000    0.0629097
  22.6000000    0.0673771
  22.6200000    0.0700819
  22.6400000    0.0710329
  22.6600000    0.0703441
  22.6800000    0.0682263
  22.7000000    0.0649704
  22.7200000    0.0609243
  22.7400000    0.0564639
  22.7600000    0.0519621
  22.7800000    0.0477584
  22.8000000    0.0441308
  22.8200000    0.0412750
  22.8400000    0.0392904
  22.8600000    0.0381757
  22.8800000    0.0378326
  22.9000000    0.0380782
  22.9200000    0.0386640
  22.9400000    0.0392992
  22.9600000    0.0396766
  22.9800000    0.0394990
  23.0000000    0.0385037
  23.0200000    0.0364844
  23.0400000    0.0333069
  23.0600000    0.0289206
  23.0800000    0.0233624
  23.1000000    0.0167539
  23.1200000    0.0092919
  23.1400000    0.0012327
  23.1600000   -0.0071283
  23.1800000   -0.0154804
  23.2000000   -0.0235219
  23.2200000   -0.0309830
  23.2400000   -0.0376459
  23.2600000   -0.0433581
  23.2800000   -0.0480402
  23.3000000   -0.0516863
  23.3200000   -0.0543574
  23.3400000   -0.0561693
  23.3600000   -0.0572759
  23.3800000   -0.0578503
  23.4000000   -0.0580654
  23.4200000   -0.0580755
  23.4400000   -0.0580011
  23.4600000   -0.0579181
  23.4800000   -0.0578523
  23.5000000   -0.0577792
  23.5200000   -0.0576296
  23.5400000   -0.0573003
  23.5600000   -0.0566684
  23.5800000   -0.0556075
  23.6000000   -0.0540040
  23.6200000   -0.0517717
  23.6400000   -0.0488626
  23.6600000   -0.0452721
  23.6800000   -0.0410390
  23.7000000   -0.0362395
  23.7200000   -0.0309773
  23.7400000   -0.0253696
  23.7600000   -0.0195342
  23.7800000   -0.0135773
  23.8000000   -0.0075853
  23.8200000   -0.0016220
  23.8400000    0.0042685
  23.8600000    0.0100540
  23.8800000    0.0157028
  23.9000000    0.0211710
  23.9200000    0.0263915
  23.9400000    0.0312668
  23.9600000    0.0356686
  23.9800000    0.0394437
  24.0000000    0.0424283
  24.0200000    0.0444672
  24.0400000    0.0454359
  24.0600000    0.0452623
  24.0800000    0.0439450
  24.1000000    0.0415631
  24.1200000    0.0382769
  24.1400000    0.0343175
  24.1600000    0.0299663
  24.1800000    0.0255263
  24.2000000    0.0212894
  24.2200000    0.0175031
  24.2400000    0.0143423
  24.2600000    0.0118886
  24.2800000    0.0101211
  24.3000000    0.0089202
  24.3200000    0.0080825
  24.3400000    0.0073462
  24.3600000    0.0064230
  24.3800000    0.0050323
  24.4000000    0.0029338
  24.4200000   -0.0000452
  24.4400000   -0.0039918
  24.4600000   -0.0088980
  24.4800000   -0.0146630
  24.5000000   -0.0211031
  24.5200000   -0.0279691
  24.5400000   -0.0349685
  24.5600000   -0.0417888
  24.5800000   -0.0481209
  24.6000000   -0.0536795
  24.6200000   -0.0582208
  24.6400000   -0.0615565
  24.6600000   -0.0635633
  24.6800000   -0.0641906
  24.7000000   -0.0634641
  24.7200000   -0.0614866
  24.7400000   -0.0584358
  24.7600000   -0.0545586
  24.7800000   -0.0501599
  24.8000000   -0.0455879
  24.8200000   -0.0412130
  24.8400000   -0.0374034
  24.8600000   -0.0344970
  24.8800000   -0.0327725
  24.9000000   -0.0324226
  24.9200000   -0.0335317
  24.9400000   -0.0360618
  24.9600000   -0.0398479
  24.9800000   -0.0446052
  25.0000000   -0.0499478
  25.0200000   -0.0554177
  25.0400000   -0.0605217
  25.0600000   -0.0647725
  25.0800000   -0.0677298
  25.1000000   -0.0690381
  25.1200000   -0.0684551
  25.1400000   -0.0658706
  25.1600000   -0.0613118
  25.1800000   -0.0549363
  25.2000000   -0.0470125
  25.2200000   -0.0378922
  25.2400000   -0.0279761
  25.2600000   -0.0176789
  25.2800000   -0.0073957
  25.3000000    0.0025252
  25.3200000    0.0118022
  25.3400000    0.0202298
  25.3600000    0.0276806
  25.3800000    0.0340985
  25.4000000    0.0394871
  25.4200000    0.0438953
  25.4400000    0.0474025
  25.4600000    0.0501064
  25.4800000    0.0521120
  25.5000000    0.0535253
  25.5200000    0.0544467
  25.5400000    0.0549666
  25.5600000    0.0551594
  25.5800000    0.0550749
  25.6000000    0.0547295
  25.6200000    0.0540945
  25.6400000    0.0530875
  25.6600000    0.0515661
  25.6800000    0.0493292
  25.7000000    0.0461266
  25.7200000    0.0416786
  25.7400000    0.0357053
  25.7600000    0.0279615
  25.7800000    0.0182763
  25.8000000    0.0065892
  25.8200000   -0.0070206
  25.8400000   -0.0223166
  25.8600000   -0.0389047
  25.8800000   -0.0562481
  25.9000000   -0.0737010
  25.9200000   -0.0905549
  25.9400000   -0.1060938
  25.9600000   -0.1196531
  25.9800000   -0.1306747
  26.0000000   -0.1387520
  26.0200000   -0.1436614
  26.0400000   -0.1453753
  26.0600000   -0.1440570
  26.0800000   -0.1400374
  26.1000000   -0.1337766
  26.1200000   -0.1258162
  26.1400000   -0.1167257
  26.1600000   -0.1070500
  26.1800000   -0.0972642
  26.2000000   -0.0877387
  26.2200000   -0.0787192
  26.2400000   -0.0703223
  26.2600000   -0.0625462
  26.2800000   -0.0552941
  26.3000000   -0.0484060
  26.3200000   -0.0416936
  26.3400000   -0.0349746
  26.3600000   -0.0281000
  26.3800000   -0.0209726
  26.4000000   -0.0135552
  26.4200000   -0.0058683
  26.4400000    0.0020198
  26.4600000    0.0100081
  26.4800000    0.0179785
  26.5000000    0.0258099
  26.5200000    0.0333881
  26.5400000    0.0406098
  26.5600000    0.0473815
  26.5800000    0.0536153
  26.6000000    0.0592224
  26.6200000    0.0641075
  26.6400000    0.0681663
  26.6600000    0.0712865
  26.6800000    0.0733538
  26.7000000    0.0742608
  26.7200000    0.0739195
  26.7400000    0.0722727
  26.7600000    0.0693045
  26.7800000    0.0650468
  26.8000000    0.0595808
  26.8200000    0.0530327
  26.8400000    0.0455650
  26.8600000    0.0373634
  26.8800000    0.0286219
  26.9000000    0.0195276
  26.9200000    0.0102486
  26.9400000    0.0009243
  26.9600000   -0.0083383
  26.9800000   -0.0174632
  27.0000000   -0.0263999
  27.0200000   -0.0351135
  27.0400000   -0.0435724
  27.0600000   -0.0517359
  27.0800000   -0.0595429
  27.1000000   -0.0669027
  27.1200000   -0.0736906
  27.1400000   -0.0797471
  27.1600000   -0.0848831
  27.1800000   -0.0888887
  27.2000000   -0.0915471
  27.2200000   -0.0926501
  27.2400000   -0.0920163
  27.2600000   -0.0895083
  27.2800000   -0.0850479
  27.3000000   -0.0786284
  27.3200000   -0.0703211
  27.3400000   -0.0602766
  27.3600000   -0.0487192
  27.3800000   -0.0359360
  27.4000000   -0.0222600
  27.4200000   -0.0080506
  27.4400000    0.0063294
  27.4600000    0.0205358
  27.4800000    0.0342631
  27.5000000    0.0472619
  27.5200000    0.0593501
  27.5400000    0.0704186
  27.5600000    0.0804309
  27.5800000    0.0894154
  27.6000000    0.0974528
  27.6200000    0.1046590
  27.6400000    0.1111647
  27.6600000    0.1170953
  27.6800000    0.1225512
  27.7000000    0.1275927
  27.7200000    0.1322293
  27.7400000    0.1364158
  27.7600000    0.1400551
  27.7800000    0.1430074
  27.8000000    0.1451040
  27.8200000    0.1461651
  27.8400000    0.1460176
  27.8600000    0.1445123
  27.8800000    0.1415389
  27.9000000    0.1370350
  27.9200000    0.1309929
  27.9400000    0.1234600
  27.9600000    0.1145372
  27.9800000    0.1043743
  28.0000000    0.0931640
  28.0200000    0.0811359
  28.0400000    0.0685502
  28.0600000    0.0556912
  28.0800000    0.0428597
  28.1000000    0.0303639
  28.1200000    0.0185079
  28.1400000    0.0075775
  28.1600000   -0.0021767
  28.1800000   -0.0105565
  28.2000000   -0.0174331
  28.2200000   -0.0227612
  28.2400000   -0.0265865
  28.2600000   -0.0290465
  28.2800000   -0.0303628
  28.3000000   -0.0308234
  28.3200000   -0.0307600
  28.3400000   -0.0305181
  28.3600000   -0.0304283
  28.3800000   -0.0307783
  28.4000000   -0.0317907
  28.4200000   -0.0336099
  28.4400000   -0.0362960
  28.4600000   -0.0398294
  28.4800000   -0.0441213
  28.5000000   -0.0490292
  28.5200000   -0.0543748
  28.5400000   -0.0599615
  28.5600000   -0.0655890
  28.5800000   -0.0710660
  28.6000000   -0.0762178
  28.6200000   -0.0808924
  28.6400000   -0.0849635
  28.6600000   -0.0883328
  28.6800000   -0.0909318
  28.7000000   -0.0927226
  28.7200000   -0.0936985
  28.7400000   -0.0938840
  28.7600000   -0.0933324
  28.7800000   -0.0921221
  28.8000000   -0.0903507
  28.8200000   -0.0881273
  28.8400000   -0.0855631
  28.8600000   -0.0827627
  28.8800000   -0.0798149
  28.9000000   -0.0767863
  28.9200000   -0.0737174
  28.9400000   -0.0706214
  28.9600000   -0.0674881
  28.9800000   -0.0642904
  29.0000000   -0.0609942
  29.0200000   -0.0575697
  29.0400000   -0.0540031
  29.0600000   -0.0503066
  29.0800000   -0.0465250
  29.1000000   -0.0427366
  29.1200000   -0.0390497
  29.1400000   -0.0355919
  29.1600000   -0.0324960
  29.1800000   -0.0298820
  29.2000000   -0.0278395
  29.2200000   -0.0264115
  29.2400000   -0.0255832
  29.2600000   -0.0252779
  29.2800000   -0.0253594
  29.3000000   -0.0256433
  29.3200000   -0.0259138
  29.3400000   -0.0259455
  29.3600000   -0.0255275
  29.3800000   -0.0244863
  29.4000000   -0.0227051
  29.4200000   -0.0201372
  29.4400000   -0.0168118
  29.4600000   -0.0128307
  29.4800000   -0.0083570
  29.5000000   -0.0035961
  29.5200000    0.0012290
  29.5400000    0.0059050
  29.5600000    0.0102563
  29.5800000    0.0141691
  29.6000000    0.0176104
  29.6200000    0.0206375
  29.6400000    0.0233981
  29.6600000    0.0261191
  29.6800000    0.0290850
  29.7000000    0.0326076
  29.7200000    0.0369891
  29.7400000    0.0424838
  29.7600000    0.0492610
  29.7800000    0.0573751
  29.8000000    0.0667452
  29.8200000    0.0771504
  29.8400000    0.0882382
  29.8600000    0.0995498
  29.8800000    0.1105576
  29.9000000    0.1207123
  29.9200000    0.1294928
  29.9400000    0.1364552
  29.9600000    0.1412736
  29.9800000    0.1437679
  30.0000000    0.1439171
