 -10.0000000   -0.0088527
  -9.9800000   -0.0013077
  -9.9600000    0.0053887
  -9.9400000    0.0108131
  -9.9200000    0.0146248
  -9.9000000    0.0165851
  -9.8800000    0.0165676
  -9.8600000    0.0145597
  -9.8400000    0.0106557
  -9.8200000    0.0050442
  -9.8000000   -0.0020100
  -9.7800000   -0.0101854
  -9.7600000   -0.0191244
  -9.7400000   -0.0284525
  -9.7200000   -0.0377969
  -9.7000000   -0.0468014
  -9.6800000   -0.0551406
  -9.6600000   -0.0625309
  -9.6400000   -0.0687396
  -9.6200000   -0.0735921
  -9.6000000   -0.0769754
  -9.5800000   -0.0788396
  -9.5600000   -0.0791952
  -9.5400000   -0.0781065
  -9.5200000   -0.0756825
  -9.5000000   -0.0720638
  -9.4800000   -0.0674086
  -9.4600000   -0.0618784
  -9.4400000   -0.0556250
  -9.4200000   -0.0487813
  -9.4000000   -0.0414554
  -9.3800000   -0.0337312
  -9.3600000   -0.0256723
  -9.3400000   -0.0173312
  -9.3200000   -0.0087603
  -9.3000000   -0.0000239
  -9.2800000    0.0087918
  -9.2600000    0.0175709
  -9.2400000    0.0261661
  -9.2200000    0.0344015
  -9.2000000    0.0420813
  -9.1800000    0.0490035
  -9.1600000    0.0549757
  -9.1400000    0.0598334
  -9.1200000    0.0634560
  -9.1000000    0.0657810
  -9.0800000    0.0668123
  -9.0600000    0.0666228
  -9.0400000    0.0653506
  -9.0200000    0.0631885
  -9.0000000    0.0603677
  -8.9800000    0.0571385
  -8.9600000    0.0537469
  -8.9400000    0.0504134
  -8.9200000    0.0473121
  -8.9000000    0.0445547
  -8.8800000    0.0421808
  -8.8600000    0.0401541
  -8.8400000    0.0383670
  -8.8200000    0.0366521
  -8.8000000    0.0348002
  -8.7800000    0.0325836
  -8.7600000    0.0297814
  -8.7400000    0.0262058
  -8.7200000    0.0217257
  -8.7000000    0.0162851
  -8.6800000    0.0099150
  -8.6600000    0.0027358
  -8.6400000   -0.0050484
  -8.6200000   -0.0131654
  -8.6000000   -0.0212965
  -8.5800000   -0.0291038
  -8.5600000   -0.0362586
  -8.5400000   -0.0424690
  -8.5200000   -0.0475024
  -8.5000000   -0.0512020
  -8.4800000   -0.0534946
  -8.4600000   -0.0543900
  -8.4400000   -0.0539729
  -8.4200000   -0.0523881
  -8.4000000   -0.0498219
  -8.3800000   -0.0464824
  -8.3600000   -0.0425798
  -8.3400000   -0.0383096
  -8.3200000   -0.0338400
  -8.3000000   -0.0293038
  -8.2800000   -0.0247944
  -8.2600000   -0.0203666
  -8.2400000   -0.0160406
  -8.2200000   -0.0118088
  -8.2000000   -0.0076436
  -8.1800000   -0.0035070
  -8.1600000    0.0006403
  -8.1400000    0.0048303
  -8.1200000    0.0090805
  -8.1000000    0.0133884
  -8.0800000    0.0177285
  -8.0600000    0.0220525
  -8.0400000    0.0262919
  -8.0200000    0.0303644
  -8.0000000    0.0341822
  -7.9800000    0.0376611
  -7.9600000    0.0407309
  -7.9400000    0.0433441
  -7.9200000    0.0454819
  -7.9000000    0.0471565
  -7.8800000    0.0484094
  -7.8600000    0.0493046
  -7.8400000    0.0499171
  -7.8200000    0.0503196
  -7.8000000    0.0505666
  -7.7800000    0.0506802
  -7.7600000    0.0506391
  -7.7400000    0.0503732
  -7.7200000    0.0497658
  -7.7000000    0.0486646
  -7.6800000    0.0468994
  -7.6600000    0.0443075
  -7.6400000    0.0407616
  -7.6200000    0.0361970
  -7.6000000    0.0306350
  -7.5800000    0.0241968
  -7.5600000    0.0171070
  -7.5400000    0.0096842
  -7.5200000    0.0023196
  -7.5000000   -0.0045536
  -7.4800000   -0.0104977
  -7.4600000   -0.0151087
  -7.4400000   -0.0180524
  -7.4200000   -0.0190929
  -7.4000000   -0.0181128
  -7.3800000   -0.0151212
  -7.3600000   -0.0102527
  -7.3400000   -0.0037561
  -7.3200000    0.0040238
  -7.3000000    0.0126684
  -7.2800000    0.0217105
  -7.2600000    0.0306594
  -7.2400000    0.0390255
  -7.2200000    0.0463432
  -7.2000000    0.0521913
  -7.1800000    0.0562120
  -7.1600000    0.0581265
  -7.1400000    0.0577481
  -7.1200000    0.0549916
  -7.1000000    0.0498778
  -7.0800000    0.0425327
  -7.0600000    0.0331803
  -7.0400000    0.0221290
  -7.0200000    0.0097517
  -7.0000000   -0.0035380
  -6.9800000   -0.0173137
  -6.9600000   -0.0311632
  -6.9400000   -0.0447137
  -6.9200000   -0.0576518
  -6.9000000   -0.0697362
  -6.8800000   -0.0808020
  -6.8600000   -0.0907574
  -6.8400000   -0.0995724
  -6.8200000   -0.1072638
  -6.8000000   -0.1138769
  -6.7800000   -0.1194685
  -6.7600000   -0.1240932
  -6.7400000   -0.1277940
  -6.7200000   -0.1305984
  -6.7000000   -0.1325195
  -6.6800000   -0.1335606
  -6.6600000   -0.1337216
  -6.6400000   -0.1330051
  -6.6200000   -0.1314211
  -6.6000000   -0.1289886
  -6.5800000   -0.1257346
  -6.5600000   -0.1216901
  -6.5400000   -0.1168848
  -6.5200000   -0.1113409
  -6.5000000   -0.1050684
  -6.4800000   -0.0980610
  -6.4600000   -0.0902952
  -6.4400000   -0.0817310
  -6.4200000   -0.0723153
  -6.4000000   -0.0619874
  -6.3800000   -0.0506851
  -6.3600000   -0.0383525
  -6.3400000   -0.0249481
  -6.3200000   -0.0104525
  -6.3000000    0.0051227
  -6.2800000    0.0217276
  -6.2600000    0.0392664
  -6.2400000    0.0575915
  -6.2200000    0.0764994
  -6.2000000    0.0957287
  -6.1800000    0.1149618
  -6.1600000    0.1338307
  -6.1400000    0.1519257
  -6.1200000    0.1688094
  -6.1000000    0.1840333
  -6.0800000    0.1971561
  -6.0600000    0.2077637
  -6.0400000    0.2154881
  -6.0200000    0.2200248
  -6.0000000    0.2211460
  -5.9800000    0.2187113
  -5.9600000    0.2126732
  -5.9400000    0.2030790
  -5.9200000    0.1900684
  -5.9000000    0.1738692
  -5.8800000    0.1547884
  -5.8600000    0.1332033
  -5.8400000    0.1095495
  -5.8200000    0.0843084
  -5.8000000    0.0579935
  -5.7800000    0.0311357
  -5.7600000    0.0042685
  -5.7400000   -0.0220873
  -5.7200000   -0.0474375
  -5.7000000   -0.0713282
  -5.6800000   -0.0933561
  -5.6600000   -0.1131770
  -5.6400000   -0.1305108
  -5.6200000   -0.1451427
  -5.6000000   -0.1569218
  -5.5800000   -0.1657570
  -5.5600000   -0.1716111
  -5.5400000   -0.1744955
  -5.5200000   -0.1744650
  -5.5000000   -0.1716138
  -5.4800000   -0.1660738
  -5.4600000   -0.1580140
  -5.4400000   -0.1476398
  -5.4200000   -0.1351931
  -5.4000000   -0.1209485
  -5.3800000   -0.1052095
  -5.3600000   -0.0882998
  -5.3400000   -0.0705535
  -5.3200000   -0.0523039
  -5.3000000   -0.0338716
  -5.2800000   -0.0155554
  -5.2600000    0.0023745
  -5.2400000    0.0196796
  -5.2200000    0.0361518
  -5.2000000    0.0516101
  -5.1800000    0.0658940
  -5.1600000    0.0788584
  -5.1400000    0.0903684
  -5.1200000    0.1002980
  -5.1000000    0.1085314
  -5.0800000    0.1149683
  -5.0600000    0.1195317
  -5.0400000    0.1221773
  -5.0200000    0.1229029
  -5.0000000    0.1217555
  -4.9800000    0.1188365
  -4.9600000    0.1143014
  -4.9400000    0.1083550
  -4.9200000    0.1012427
  -4.9000000    0.0932371
  -4.8800000    0.0846225
  -4.8600000    0.0756785
  -4.8400000    0.0666649
  -4.8200000    0.0578091
  -4.8000000    0.0492981
  -4.7800000    0.0412752
  -4.7600000    0.0338421
  -4.7400000    0.0270648
  -4.7200000    0.0209826
  -4.7000000    0.0156178
  -4.6800000    0.0109842
  -4.6600000    0.0070930
  -4.6400000    0.0039546
  -4.6200000    0.0015769
  -4.6000000   -0.0000405
  -4.5800000   -0.0009131
  -4.5600000   -0.0010804
  -4.5400000   -0.0006113
  -4.5200000    0.0003913
  -4.5000000    0.0017908
  -4.4800000    0.0034208
  -4.4600000    0.0050930
  -4.4400000    0.0066077
  -4.4200000    0.0077670
  -4.4000000    0.0083889
  -4.3800000    0.0083216
  -4.3600000    0.0074573
  -4.3400000    0.0057441
  -4.3200000    0.0031968
  -4.3000000   -0.0000959
  -4.2800000   -0.0039667
  -4.2600000   -0.0081696
  -4.2400000   -0.0123830
  -4.2200000   -0.0162187
  -4.2000000   -0.0192346
  -4.1800000   -0.0209537
  -4.1600000   -0.0208875
  -4.1400000   -0.0185641
  -4.1200000   -0.0135608
  -4.1000000   -0.0055385
  -4.0800000    0.0057224
  -4.0600000    0.0202893
  -4.0400000    0.0380500
  -4.0200000    0.0586949
  -4.0000000    0.0817120
  -3.9800000    0.1063981
  -3.9600000    0.1318864
  -3.9400000    0.1571907
  -3.9200000    0.1812630
  -3.9000000    0.2030594
  -3.8800000    0.2216083
  -3.8600000    0.2360739
  -3.8400000    0.2458078
  -3.8200000    0.2503831
  -3.8000000    0.2496092
  -3.7800000    0.2435243
  -3.7600000    0.2323694
  -3.7400000    0.2165469
  -3.7200000    0.1965699
  -3.7000000    0.1730085
  -3.6800000    0.1464398
  -3.6600000    0.1174062
  -3.6400000    0.0863868
  -3.6200000    0.0537832
  -3.6000000    0.0199208
  -3.5800000   -0.0149368
  -3.5600000   -0.0505627
  -3.5400000   -0.0867339
  -3.5200000   -0.1231977
  -3.5000000   -0.1596389
  -3.4800000   -0.1956552
  -3.4600000   -0.2307434
  -3.4400000   -0.2642991
  -3.4200000   -0.2956324
  -3.4000000   -0.3239978
  -3.3800000   -0.3486388
  -3.3600000   -0.3688396
  -3.3400000   -0.3839824
  -3.3200000   -0.3936007
  -3.3000000   -0.3974249
  -3.2800000   -0.3954122
  -3.2600000   -0.3877582
  -3.2400000   -0.3748879
  -3.2200000   -0.3574266
  -3.2000000   -0.3361531
  -3.1800000   -0.3119428
  -3.1600000   -0.2857041
  -3.1400000   -0.2583175
  -3.1200000   -0.2305830
  -3.1000000   -0.2031805
  -3.0800000   -0.1766462
  -3.0600000   -0.1513647
  -3.0400000   -0.1275771
  -3.0200000   -0.1053986
  -3.0000000   -0.0848433
  -2.9800000   -0.0658511
  -2.9600000   -0.0483112
  -2.9400000   -0.0320811
  -2.9200000   -0.0169984
  -2.9000000   -0.0028860
  -2.8800000    0.0104474
  -2.8600000    0.0232092
  -2.8400000    0.0356235
  -2.8200000    0.0479285
  -2.8000000    0.0603674
  -2.7800000    0.0731727
  -2.7600000    0.0865443
  -2.7400000    0.1006233
  -2.7200000    0.1154653
  -2.7000000    0.1310171
  -2.6800000    0.1471007
  -2.6600000    0.1634095
  -2.6400000    0.1795176
  -2.6200000    0.1949035
  -2.6000000    0.2089869
  -2.5800000    0.2211726
  -2.5600000    0.2308994
  -2.5400000    0.2376838
  -2.5200000    0.2411557
  -2.5000000    0.2410791
  -2.4800000    0.2373558
  -2.4600000    0.2300128
  -2.4400000    0.2191746
  -2.4200000    0.2050274
  -2.4000000    0.1877802
  -2.3800000    0.1676320
  -2.3600000    0.1447496
  -2.3400000    0.1192628
  -2.3200000    0.0912777
  -2.3000000    0.0609076
  -2.2800000    0.0283175
  -2.2600000   -0.0062253
  -2.2400000   -0.0423033
  -2.2200000   -0.0793130
  -2.2000000   -0.1164501
  -2.1800000   -0.1527231
  -2.1600000   -0.1869970
  -2.1400000   -0.2180662
  -2.1200000   -0.2447511
  -2.1000000   -0.2660055
  -2.0800000   -0.2810234
  -2.0600000   -0.2893286
  -2.0400000   -0.2908339
  -2.0200000   -0.2858588
  -2.0000000   -0.2751007
  -1.9800000   -0.2595596
  -1.9600000   -0.2404248
  -1.9400000   -0.2189347
  -1.9200000   -0.1962281
  -1.9000000   -0.1732037
  -1.8800000   -0.1504062
  -1.8600000   -0.1279531
  -1.8400000   -0.1055124
  -1.8200000   -0.0823342
  -1.8000000   -0.0573348
  -1.7800000   -0.0292255
  -1.7600000    0.0033264
  -1.7400000    0.0415214
  -1.7200000    0.0862524
  -1.7000000    0.1379504
  -1.6800000    0.1964663
  -1.6600000    0.2610048
  -1.6400000    0.3301176
  -1.6200000    0.4017613
  -1.6000000    0.4734172
  -1.5800000    0.5422636
  -1.5600000    0.6053850
  -1.5400000    0.6599996
  -1.5200000    0.7036808
  -1.5000000    0.7345508
  -1.4800000    0.7514258
  -1.4600000    0.7538976
  -1.4400000    0.7423444
  -1.4200000    0.7178704
  -1.4000000    0.6821824
  -1.3800000    0.6374194
  -1.3600000    0.5859529
  -1.3400000    0.5301794
  -1.3200000    0.4723246
  -1.3000000    0.4142745
  -1.2800000    0.3574461
  -1.2600000    0.3027008
  -1.2400000    0.2503043
  -1.2200000    0.1999287
  -1.2000000    0.1506939
  -1.1800000    0.1012424
  -1.1600000    0.0498459
  -1.1400000   -0.0054609
  -1.1200000   -0.0667211
  -1.1000000   -0.1358733
  -1.0800000   -0.2145531
  -1.0600000   -0.3038874
  -1.0400000   -0.4042963
  -1.0200000   -0.5153216
  -1.0000000   -0.6355037
  -0.9800000   -0.7623304
  -0.9600000   -0.8922757
  -0.9400000   -1.0209412
  -0.9200000   -1.1432994
  -0.9000000   -1.2540271
  -0.8800000   -1.3479011
  -0.8600000   -1.4202198
  -0.8400000   -1.4672050
  -0.8200000   -1.4863381
  -0.8000000   -1.4765929
  -0.7800000   -1.4385352
  -0.7600000   -1.3742806
  -0.7400000   -1.2873147
  -0.7200000   -1.1822015
  -0.7000000   -1.0642139
  -0.6800000   -0.9389304
  -0.6600000   -0.8118396
  -0.6400000   -0.6879911
  -0.6200000   -0.5717181
  -0.6000000   -0.4664480
  -0.5800000   -0.3746017
  -0.5600000   -0.2975752
  -0.5400000   -0.2357883
  -0.5200000   -0.1887835
  -0.5000000   -0.1553582
  -0.4800000   -0.1337156
  -0.4600000   -0.1216254
  -0.4400000   -0.1165867
  -0.4200000   -0.1159899
  -0.4000000   -0.1172747
  -0.3800000   -0.1180805
  -0.3600000   -0.1163842
  -0.3400000   -0.1106187
  -0.3200000   -0.0997637
  -0.3000000   -0.0834001
  -0.2800000   -0.0617210
  -0.2600000   -0.0354959
  -0.2400000   -0.0059877
  -0.2200000    0.0251718
  -0.2000000    0.0561376
  -0.1800000    0.0850241
  -0.1600000    0.1100771
  -0.1400000    0.1298292
  -0.1200000    0.1432231
  -0.1000000    0.1496905
  -0.0800000    0.1491833
  -0.0600000    0.1421534
  -0.0400000    0.1294906
  -0.0200000    0.1124246
   0.0000000    0.0924067
   0.0200000    0.0709819
   0.0400000    0.0496653
   0.0600000    0.0298320
   0.0800000    0.0126278
   0.1000000   -0.0010945
   0.1200000   -0.0108127
   0.1400000   -0.0163447
   0.1600000   -0.0178333
   0.1800000   -0.0157062
   0.2000000   -0.0106166
   0.2200000   -0.0033655
   0.2400000    0.0051862
   0.2600000    0.0142108
   0.2800000    0.0230029
   0.3000000    0.0310544
   0.3200000    0.0381076
   0.3400000    0.0441772
   0.3600000    0.0495380
   0.3800000    0.0546783
   0.4000000    0.0602227
   0.4200000    0.0668368
   0.4400000    0.0751242
   0.4600000    0.0855344
   0.4800000    0.0982910
   0.5000000    0.1133558
   0.5200000    0.1304289
   0.5400000    0.1489874
   0.5600000    0.1683528
   0.5800000    0.1877757
   0.6000000    0.2065236
   0.6200000    0.2239568
   0.6400000    0.2395805
   0.6600000    0.2530677
   0.6800000    0.2642500
   0.7000000    0.2730822
   0.7200000    0.2795900
   0.7400000    0.2838109
   0.7600000    0.2857422
   0.7800000    0.2853048
   0.8000000    0.2823308
   0.8200000    0.2765764
   0.8400000    0.2677578
   0.8600000    0.2556051
   0.8800000    0.2399239
   0.9000000    0.2206568
   0.9200000    0.1979320
   0.9400000    0.1720951
   0.9600000    0.1437156
   0.9800000    0.1135684
   1.0000000    0.0825918
   1.0200000    0.0518262
   1.0400000    0.0223408
   1.0600000   -0.0048435
   1.0800000   -0.0288264
   1.1000000   -0.0488889
   1.1200000   -0.0645352
   1.1400000   -0.0755148
   1.1600000   -0.0818219
   1.1800000   -0.0836761
   1.2000000   -0.0814858
   1.2200000   -0.0758028
   1.2400000   -0.0672707
   1.2600000   -0.0565748
   1.2800000   -0.0443969
   1.3000000   -0.0313785
   1.3200000   -0.0180939
   1.3400000   -0.0050339
   1.3600000    0.0074023
   1.3800000    0.0189060
   1.4000000    0.0292534
   1.4200000    0.0382953
   1.4400000    0.0459447
   1.4600000    0.0521640
   1.4800000    0.0569525
   1.5000000    0.0603348
   1.5200000    0.0623516
   1.5400000    0.0630536
   1.5600000    0.0624966
   1.5800000    0.0607407
   1.6000000    0.0578511
   1.6200000    0.0538996
   1.6400000    0.0489680
   1.6600000    0.0431500
   1.6800000    0.0365512
   1.7000000    0.0292883
   1.7200000    0.0214839
   1.7400000    0.0132610
   1.7600000    0.0047342
   1.7800000   -0.0039985
   1.8000000   -0.0128637
   1.8200000   -0.0218177
   1.8400000   -0.0308496
   1.8600000   -0.0399796
   1.8800000   -0.0492537
   1.9000000   -0.0587358
   1.9200000   -0.0684962
   1.9400000   -0.0786004
   1.9600000   -0.0890973
   1.9800000   -0.1000101
   2.0000000   -0.1113282
   2.0200000   -0.1230031
   2.0400000   -0.1349457
   2.0600000   -0.1470258
   2.0800000   -0.1590722
   2.1000000   -0.1708737
   2.1200000   -0.1821799
   2.1400000   -0.1927023
   2.1600000   -0.2021183
   2.1800000   -0.2100763
   2.2000000   -0.2162060
   2.2200000   -0.2201333
   2.2400000   -0.2214996
   2.2600000   -0.2199861
   2.2800000   -0.2153388
   2.3000000   -0.2073940
   2.3200000   -0.1960988
   2.3400000   -0.1815260
   2.3600000   -0.1638782
   2.3800000   -0.1434833
   2.4000000   -0.1207782
   2.4200000   -0.0962844
   2.4400000   -0.0705780
   2.4600000   -0.0442557
   2.4800000   -0.0179038
   2.5000000    0.0079297
   2.5200000    0.0327545
   2.5400000    0.0561503
   2.5600000    0.0777693
   2.5800000    0.0973316
   2.6000000    0.1146170
   2.6200000    0.1294531
   2.6400000    0.1417061
   2.6600000    0.1512735
   2.6800000    0.1580817
   2.7000000    0.1620883
   2.7200000    0.1632867
   2.7400000    0.1617119
   2.7600000    0.1574447
   2.7800000    0.1506114
   2.8000000    0.1413794
   2.8200000    0.1299457
   2.8400000    0.1165236
   2.8600000    0.1013259
   2.8800000    0.0845510
   2.9000000    0.0663725
   2.9200000    0.0469366
   2.9400000    0.0263674
   2.9600000    0.0047799
   2.9800000   -0.0177000
   3.0000000   -0.0409132
   3.0200000   -0.0646443
   3.0400000   -0.0886043
   3.0600000   -0.1124202
   3.0800000   -0.1356354
   3.1000000   -0.1577227
   3.1200000   -0.1781079
   3.1400000   -0.1962038
   3.1600000   -0.2114503
   3.1800000   -0.2233569
   3.2000000   -0.2315417
   3.2200000   -0.2357629
   3.2400000   -0.2359387
   3.2600000   -0.2321520
   3.2800000   -0.2246404
   3.3000000   -0.2137712
   3.3200000   -0.2000062
   3.3400000   -0.1838588
   3.3600000   -0.1658513
   3.3800000   -0.1464749
   3.4000000   -0.1261596
   3.4200000   -0.1052551
   3.4400000   -0.0840246
   3.4600000   -0.0626508
   3.4800000   -0.0412519
   3.5000000   -0.0199035
   3.5200000    0.0013376
   3.5400000    0.0224102
   3.5600000    0.0432311
   3.5800000    0.0636843
   3.6000000    0.0836169
   3.6200000    0.1028437
   3.6400000    0.1211558
   3.6600000    0.1383348
   3.6800000    0.1541668
   3.7000000    0.1684568
   3.7200000    0.1810395
   3.7400000    0.1917862
   3.7600000    0.2006072
   3.7800000    0.2074501
   3.8000000    0.2122947
   3.8200000    0.2151461
   3.8400000    0.2160289
   3.8600000    0.2149819
   3.8800000    0.2120569
   3.9000000    0.2073201
   3.9200000    0.2008571
   3.9400000    0.1927792
   3.9600000    0.1832304
   3.9800000    0.1723919
   4.0000000    0.1604837
   4.0200000    0.1477612
   4.0400000    0.1345066
   4.0600000    0.1210154
   4.0800000    0.1075797
   4.1000000    0.0944694
   4.1200000    0.0819138
   4.1400000    0.0700856
   4.1600000    0.0590888
   4.1800000    0.0489525
   4.2000000    0.0396294
   4.2200000    0.0310021
   4.2400000    0.0228935
   4.2600000    0.0150826
   4.2800000    0.0073231
   4.3000000   -0.0006357
   4.3200000   -0.0090281
   4.3400000   -0.0180533
   4.3600000   -0.0278590
   4.3800000   -0.0385304
   4.4000000   -0.0500837
   4.4200000   -0.0624669
   4.4400000   -0.0755648
   4.4600000   -0.0892094
   4.4800000   -0.1031943
   4.5000000   -0.1172895
   4.5200000   -0.1312567
   4.5400000   -0.1448615
   4.5600000   -0.1578823
   4.5800000   -0.1701150
   4.6000000   -0.1813726
   4.6200000   -0.1914823
   4.6400000   -0.2002810
   4.6600000   -0.2076111
   4.6800000   -0.2133184
   4.7000000   -0.2172543
   4.7200000   -0.2192822
   4.7400000   -0.2192876
   4.7600000   -0.2171904
   4.7800000   -0.2129579
   4.8000000   -0.2066146
   4.8200000   -0.1982485
   4.8400000   -0.1880101
   4.8600000   -0.1761061
   4.8800000   -0.1627868
   4.9000000   -0.1483293
   4.9200000   -0.1330203
   4.9400000   -0.1171393
   4.9600000   -0.1009458
   4.9800000   -0.0846723
   5.0000000   -0.0685215
   5.0200000   -0.0526699
   5.0400000   -0.0372723
   5.0600000   -0.0224676
   5.0800000   -0.0083817
   5.1000000    0.0048735
   5.1200000    0.0172069
   5.1400000    0.0285586
   5.1600000    0.0389131
   5.1800000    0.0483110
   5.2000000    0.0568568
   5.2200000    0.0647177
   5.2400000    0.0721122
   5.2600000    0.0792880
   5.2800000    0.0864902
   5.3000000    0.0939247
   5.3200000    0.1017203
   5.3400000    0.1098978
   5.3600000    0.1183506
   5.3800000    0.1268404
   5.4000000    0.1350122
   5.4200000    0.1424257
   5.4400000    0.1486004
   5.4600000    0.1530677
   5.4800000    0.1554244
   5.5000000    0.1553781
   5.5200000    0.1527797
   5.5400000    0.1476380
   5.5600000    0.1401159
   5.5800000    0.1305082
   5.6000000    0.1192067
   5.6200000    0.1066559
   5.6400000    0.0933086
   5.6600000    0.0795843
   5.6800000    0.0658381
   5.7000000    0.0523411
   5.7200000    0.0392747
   5.7400000    0.0267379
   5.7600000    0.0147642
   5.7800000    0.0033460
   5.8000000   -0.0075386
   5.8200000   -0.0178996
   5.8400000   -0.0277130
   5.8600000   -0.0369067
   5.8800000   -0.0453528
   5.9000000   -0.0528706
   5.9200000   -0.0592368
   5.9400000   -0.0642031
   5.9600000   -0.0675194
   5.9800000   -0.0689594
   6.0000000   -0.0683465
   6.0200000   -0.0655779
   6.0400000   -0.0606436
   6.0600000   -0.0536388
   6.0800000   -0.0447682
   6.1000000   -0.0343400
   6.1200000   -0.0227518
   6.1400000   -0.0104666
   6.1600000    0.0020176
   6.1800000    0.0142036
   6.2000000    0.0256319
   6.2200000    0.0359158
   6.2400000    0.0447711
   6.2600000    0.0520373
   6.2800000    0.0576867
   6.3000000    0.0618227
   6.3200000    0.0646639
   6.3400000    0.0665189
   6.3600000    0.0677517
   6.3800000    0.0687436
   6.4000000    0.0698539
   6.4200000    0.0713850
   6.4400000    0.0735548
   6.4600000    0.0764790
   6.4800000    0.0801646
   6.5000000    0.0845148
   6.5200000    0.0893434
   6.5400000    0.0943962
   6.5600000    0.0993770
   6.5800000    0.1039743
   6.6000000    0.1078859
   6.6200000    0.1108402
   6.6400000    0.1126109
   6.6600000    0.1130266
   6.6800000    0.1119754
   6.7000000    0.1094042
   6.7200000    0.1053155
   6.7400000    0.0997620
   6.7600000    0.0928403
   6.7800000    0.0846845
   6.8000000    0.0754598
   6.8200000    0.0653565
   6.8400000    0.0545833
   6.8600000    0.0433614
   6.8800000    0.0319165
   6.9000000    0.0204720
   6.9200000    0.0092406
   6.9400000   -0.0015839
   6.9600000   -0.0118337
   6.9800000   -0.0213739
   7.0000000   -0.0301059
   7.0200000   -0.0379698
   7.0400000   -0.0449430
   7.0600000   -0.0510348
   7.0800000   -0.0562797
   7.1000000   -0.0607263
   7.1200000   -0.0644264
   7.1400000   -0.0674221
   7.1600000   -0.0697354
   7.1800000   -0.0713590
   7.2000000   -0.0722514
   7.2200000   -0.0723354
   7.2400000   -0.0715021
   7.2600000   -0.0696183
   7.2800000   -0.0665387
   7.3000000   -0.0621205
   7.3200000   -0.0562394
   7.3400000   -0.0488064
   7.3600000   -0.0397830
   7.3800000   -0.0291949
   7.4000000   -0.0171414
   7.4200000   -0.0038013
   7.4400000    0.0105663
   7.4600000    0.0256274
   7.4800000    0.0409832
   7.5000000    0.0561877
   7.5200000    0.0707690
   7.5400000    0.0842571
   7.5600000    0.0962129
   7.5800000    0.1062594
   7.6000000    0.1141106
   7.6200000    0.1195951
   7.6400000    0.1226732
   7.6600000    0.1234436
   7.6800000    0.1221389
   7.7000000    0.1191095
   7.7200000    0.1147977
   7.7400000    0.1097023
   7.7600000    0.1043387
   7.7800000    0.0991975
   7.8000000    0.0947048
   7.8200000    0.0911887
   7.8400000    0.0888552
   7.8600000    0.0877746
   7.8800000    0.0878802
   7.9000000    0.0889794
   7.9200000    0.0907750
   7.9400000    0.0928960
   7.9600000    0.0949338
   7.9800000    0.0964808
   8.0000000    0.0971677
   8.0200000    0.0966954
   8.0400000    0.0948596
   8.0600000    0.0915642
   8.0800000    0.0868250
   8.1000000    0.0807613
   8.1200000    0.0735795
   8.1400000    0.0655490
   8.1600000    0.0569756
   8.1800000    0.0481740
   8.2000000    0.0394435
   8.2200000    0.0310477
   8.2400000    0.0232014
   8.2600000    0.0160634
   8.2800000    0.0097352
   8.3000000    0.0042651
   8.3200000   -0.0003444
   8.3400000   -0.0041260
   8.3600000   -0.0071368
   8.3800000   -0.0094463
   8.4000000   -0.0111246
   8.4200000   -0.0122314
   8.4400000   -0.0128072
   8.4600000   -0.0128654
   8.4800000   -0.0123878
   8.5000000   -0.0113242
   8.5200000   -0.0095956
   8.5400000   -0.0071030
   8.5600000   -0.0037402
   8.5800000    0.0005893
   8.6000000    0.0059531
   8.6200000    0.0123710
   8.6400000    0.0197976
   8.6600000    0.0281102
   8.6800000    0.0371041
   8.7000000    0.0464958
   8.7200000    0.0559351
   8.7400000    0.0650268
   8.7600000    0.0733572
   8.7800000    0.0805270
   8.8000000    0.0861825
   8.8200000    0.0900463
   8.8400000    0.0919402
   8.8600000    0.0918012
   8.8800000    0.0896856
   8.9000000    0.0857644
   8.9200000    0.0803072
   8.9400000    0.0736590
   8.9600000    0.0662114
   8.9800000    0.0583716
   9.0000000    0.0505318
   9.0200000    0.0430429
   9.0400000    0.0361938
   9.0600000    0.0301982
   9.0800000    0.0251897
   9.1000000    0.0212242
   9.1200000    0.0182894
   9.1400000    0.0163194
   9.1600000    0.0152113
   9.1800000    0.0148439
   9.2000000    0.0150938
   9.2200000    0.0158492
   9.2400000    0.0170186
   9.2600000    0.0185352
   9.2800000    0.0203555
   9.3000000    0.0224538
   9.3200000    0.0248137
   9.3400000    0.0274171
   9.3600000    0.0302349
   9.3800000    0.0332182
   9.4000000    0.0362942
   9.4200000    0.0393661
   9.4400000    0.0423179
   9.4600000    0.0450241
   9.4800000    0.0473626
   9.5000000    0.0492285
   9.5200000    0.0505485
   9.5400000    0.0512912
   9.5600000    0.0514736
   9.5800000    0.0511616
   9.6000000    0.0504639
   9.6200000    0.0495210
   9.6400000    0.0484898
   9.6600000    0.0475265
   9.6800000    0.0467697
   9.7000000    0.0463271
   9.7200000    0.0462660
   9.7400000    0.0466095
   9.7600000    0.0473388
   9.7800000    0.0483998
   9.8000000    0.0497142
   9.8200000    0.0511915
   9.8400000    0.0527425
   9.8600000    0.0542909
   9.8800000    0.0557826
   9.9000000    0.0571920
   9.9200000    0.0585245
   9.9400000    0.0598153
   9.9600000    0.0611246
   9.9800000    0.0625291
  10.0000000    0.0641122
  10.0200000    0.0659513
  10.0400000    0.0681052
  10.0600000    0.0706023
  10.0800000    0.0734312
  10.1000000    0.0765338
  10.1200000    0.0798038
  10.1400000    0.0830901
  10.1600000    0.0862046
  10.1800000    0.0889353
  10.2000000    0.0910630
  10.2200000    0.0923798
  10.2400000    0.0927087
  10.2600000    0.0919217
  10.2800000    0.0899550
  10.3000000    0.0868202
  10.3200000    0.0826085
  10.3400000    0.0774902
  10.3600000    0.0717051
  10.3800000    0.0655473
  10.4000000    0.0593440
  10.4200000    0.0534289
  10.4400000    0.0481140
  10.4600000    0.0436619
  10.4800000    0.0402602
  10.5000000    0.0380032
  10.5200000    0.0368806
  10.5400000    0.0367770
  10.5600000    0.0374813
  10.5800000    0.0387059
  10.6000000    0.0401137
  10.6200000    0.0413509
  10.6400000    0.0420805
  10.6600000    0.0420144
  10.6800000    0.0409402
  10.7000000    0.0387386
  10.7200000    0.0353911
  10.7400000    0.0309763
  10.7600000    0.0256552
  10.7800000    0.0196482
  10.8000000    0.0132067
  10.8200000    0.0065820
  10.8400000   -0.0000029
  10.8600000   -0.0063768
  10.8800000   -0.0124346
  10.9000000   -0.0181425
  10.9200000   -0.0235322
  10.9400000   -0.0286875
  10.9600000   -0.0337235
  10.9800000   -0.0387638
  11.0000000   -0.0439174
  11.0200000   -0.0492603
  11.0400000   -0.0548221
  11.0600000   -0.0605799
  11.0800000   -0.0664596
  11.1000000   -0.0723427
  11.1200000   -0.0780765
  11.1400000   -0.0834869
  11.1600000   -0.0883903
  11.1800000   -0.0926047
  11.2000000   -0.0959580
  11.2200000   -0.0982950
  11.2400000   -0.0994825
  11.2600000   -0.0994137
  11.2800000   -0.0980130
  11.3000000   -0.0952402
  11.3200000   -0.0910949
  11.3400000   -0.0856198
  11.3600000   -0.0789025
  11.3800000   -0.0710746
  11.4000000   -0.0623077
  11.4200000   -0.0528065
  11.4400000   -0.0427991
  11.4600000   -0.0325253
  11.4800000   -0.0222236
  11.5000000   -0.0121185
  11.5200000   -0.0024086
  11.5400000    0.0067437
  11.5600000    0.0152205
  11.5800000    0.0229534
  11.6000000    0.0299258
  11.6200000    0.0361715
  11.6400000    0.0417700
  11.6600000    0.0468377
  11.6800000    0.0515165
  11.7000000    0.0559599
  11.7200000    0.0603173
  11.7400000    0.0647195
  11.7600000    0.0692660
  11.7800000    0.0740153
  11.8000000    0.0789801
  11.8200000    0.0841272
  11.8400000    0.0893817
  11.8600000    0.0946348
  11.8800000    0.0997527
  11.9000000    0.1045866
  11.9200000    0.1089805
  11.9400000    0.1127776
  11.9600000    0.1158241
  11.9800000    0.1179719
  12.0000000    0.1190803
  12.0200000    0.1190193
  12.0400000    0.1176747
  12.0600000    0.1149560
  12.0800000    0.1108068
  12.1000000    0.1052166
  12.1200000    0.0982315
  12.1400000    0.0899625
  12.1600000    0.0805889
  12.1800000    0.0703543
  12.2000000    0.0595556
  12.2200000    0.0485240
  12.2400000    0.0376012
  12.2600000    0.0271115
  12.2800000    0.0173348
  12.3000000    0.0084826
  12.3200000    0.0006803
  12.3400000   -0.0060402
  12.3600000   -0.0117396
  12.3800000   -0.0165584
  12.4000000   -0.0206973
  12.4200000   -0.0243897
  12.4400000   -0.0278737
  12.4600000   -0.0313629
  12.4800000   -0.0350237
  12.5000000   -0.0389585
  12.5200000   -0.0431990
  12.5400000   -0.0477087
  12.5600000   -0.0523941
  12.5800000   -0.0571232
  12.6000000   -0.0617476
  12.6200000   -0.0661250
  12.6400000   -0.0701388
  12.6600000   -0.0737120
  12.6800000   -0.0768128
  12.7000000   -0.0794524
  12.7200000   -0.0816737
  12.7400000   -0.0835352
  12.7600000   -0.0850911
  12.7800000   -0.0863719
  12.8000000   -0.0873692
  12.8200000   -0.0880270
  12.8400000   -0.0882411
  12.8600000   -0.0878677
  12.8800000   -0.0867388
  12.9000000   -0.0846829
  12.9200000   -0.0815475
  12.9400000   -0.0772203
  12.9600000   -0.0716458
  12.9800000   -0.0648359
  13.0000000   -0.0568731
  13.0200000   -0.0479067
  13.0400000   -0.0381438
  13.0600000   -0.0278366
  13.0800000   -0.0172671
  13.1000000   -0.0067331
  13.1200000    0.0034657
  13.1400000    0.0130393
  13.1600000    0.0217173
  13.1800000    0.0292565
  13.2000000    0.0354483
  13.2200000    0.0401250
  13.2400000    0.0431644
  13.2600000    0.0444952
  13.2800000    0.0441004
  13.3000000    0.0420186
  13.3200000    0.0383441
  13.3400000    0.0332236
  13.3600000    0.0268503
  13.3800000    0.0194557
  13.4000000    0.0112983
  13.4200000    0.0026515
  13.4400000   -0.0062100
  13.4600000   -0.0150225
  13.4800000   -0.0235456
  13.5000000   -0.0315715
  13.5200000   -0.0389317
  13.5400000   -0.0455013
  13.5600000   -0.0511993
  13.5800000   -0.0559867
  13.6000000   -0.0598624
  13.6200000   -0.0628564
  13.6400000   -0.0650231
  13.6600000   -0.0664334
  13.6800000   -0.0671679
  13.7000000   -0.0673094
  13.7200000   -0.0669378
  13.7400000   -0.0661255
  13.7600000   -0.0649339
  13.7800000   -0.0634127
  13.8000000   -0.0615989
  13.8200000   -0.0595183
  13.8400000   -0.0571880
  13.8600000   -0.0546198
  13.8800000   -0.0518235
  13.9000000   -0.0488110
  13.9200000   -0.0455991
  13.9400000   -0.0422122
  13.9600000   -0.0386826
  13.9800000   -0.0350496
  14.0000000   -0.0313573
  14.0200000   -0.0276502
  14.0400000   -0.0239682
  14.0600000   -0.0203416
  14.0800000   -0.0167861
  14.1000000   -0.0132996
  14.1200000   -0.0098607
  14.1400000   -0.0064308
  14.1600000   -0.0029581
  14.1800000    0.0006138
  14.2000000    0.0043372
  14.2200000    0.0082485
  14.2400000    0.0123587
  14.2600000    0.0166447
  14.2800000    0.0210451
  14.3000000    0.0254608
  14.3200000    0.0297605
  14.3400000    0.0337908
  14.3600000    0.0373907
  14.3800000    0.0404065
  14.4000000    0.0427072
  14.4200000    0.0441965
  14.4400000    0.0448210
  14.4600000    0.0445734
  14.4800000    0.0434905
  14.5000000    0.0416471
  14.5200000    0.0391474
  14.5400000    0.0361146
  14.5600000    0.0326811
  14.5800000    0.0289797
  14.6000000    0.0251353
  14.6200000    0.0212593
  14.6400000    0.0174443
  14.6600000    0.0137594
  14.6800000    0.0102463
  14.7000000    0.0069165
  14.7200000    0.0037491
  14.7400000    0.0006915
  14.7600000   -0.0023375
  14.7800000   -0.0054401
  14.8000000   -0.0087296
  14.8200000   -0.0123162
  14.8400000   -0.0162926
  14.8600000   -0.0207181
  14.8800000   -0.0256065
  14.9000000   -0.0309168
  14.9200000   -0.0365504
  14.9400000   -0.0423539
  14.9600000   -0.0481285
  14.9800000   -0.0536444
  15.0000000   -0.0586587
  15.0200000   -0.0629349
  15.0400000   -0.0662606
  15.0600000   -0.0684631
  15.0800000   -0.0694203
  15.1000000   -0.0690657
  15.1200000   -0.0673893
  15.1400000   -0.0644329
  15.1600000   -0.0602828
  15.1800000   -0.0550602
  15.2000000   -0.0489105
  15.2200000   -0.0419938
  15.2400000   -0.0344757
  15.2600000   -0.0265193
  15.2800000   -0.0182796
  15.3000000   -0.0098976
  15.3200000   -0.0014977
  15.3400000    0.0068151
  15.3600000    0.0149554
  15.3800000    0.0228553
  15.4000000    0.0304602
  15.4200000    0.0377231
  15.4400000    0.0445958
  15.4600000    0.0510209
  15.4800000    0.0569234
  15.5000000    0.0622051
  15.5200000    0.0667429
  15.5400000    0.0703910
  15.5600000    0.0729887
  15.5800000    0.0743732
  15.6000000    0.0743946
  15.6200000    0.0729338
  15.6400000    0.0699187
  15.6600000    0.0653379
  15.6800000    0.0592495
  15.7000000    0.0517836
  15.7200000    0.0431386
  15.7400000    0.0335705
  15.7600000    0.0233778
  15.7800000    0.0128834
  15.8000000    0.0024141
  15.8200000   -0.0077173
  15.8400000   -0.0172292
  15.8600000   -0.0258831
  15.8800000   -0.0334912
  15.9000000   -0.0399204
  15.9200000   -0.0450907
  15.9400000   -0.0489714
  15.9600000   -0.0515753
  15.9800000   -0.0529517
  16.0000000   -0.0531795
  16.0200000   -0.0523615
  16.0400000   -0.0506201
  16.0600000   -0.0480934
  16.0800000   -0.0449332
  16.1000000   -0.0413029
  16.1200000   -0.0373749
  16.1400000   -0.0333279
  16.1600000   -0.0293426
  16.1800000   -0.0255966
  16.2000000   -0.0222581
  16.2200000   -0.0194792
  16.2400000   -0.0173901
  16.2600000   -0.0160931
  16.2800000   -0.0156589
  16.3000000   -0.0161246
  16.3200000   -0.0174936
  16.3400000   -0.0197374
  16.3600000   -0.0227988
  16.3800000   -0.0265961
  16.4000000   -0.0310277
  16.4200000   -0.0359763
  16.4400000   -0.0413122
  16.4600000   -0.0468962
  16.4800000   -0.0525810
  16.5000000   -0.0582121
  16.5200000   -0.0636283
  16.5400000   -0.0686626
  16.5600000   -0.0731436
  16.5800000   -0.0768985
  16.6000000   -0.0797583
  16.6200000   -0.0815642
  16.6400000   -0.0821767
  16.6600000   -0.0814850
  16.6800000   -0.0794176
  16.7000000   -0.0759517
  16.7200000   -0.0711211
  16.7400000   -0.0650203
  16.7600000   -0.0578049
  16.7800000   -0.0496872
  16.8000000   -0.0409272
  16.8200000   -0.0318182
  16.8400000   -0.0226702
  16.8600000   -0.0137902
  16.8800000   -0.0054629
  16.9000000    0.0020678
  16.9200000    0.0086128
  16.9400000    0.0140482
  16.9600000    0.0183189
  16.9800000    0.0214360
  17.0000000    0.0234691
  17.0200000    0.0245334
  17.0400000    0.0247742
  17.0600000    0.0243505
  17.0800000    0.0234197
  17.1000000    0.0221261
  17.1200000    0.0205928
  17.1400000    0.0189187
  17.1600000    0.0171800
  17.1800000    0.0154342
  17.2000000    0.0137269
  17.2200000    0.0120977
  17.2400000    0.0105849
  17.2600000    0.0092285
  17.2800000    0.0080690
  17.3000000    0.0071451
  17.3200000    0.0064890
  17.3400000    0.0061219
  17.3600000    0.0060504
  17.3800000    0.0062648
  17.4000000    0.0067405
  17.4200000    0.0074416
  17.4400000    0.0083262
  17.4600000    0.0093523
  17.4800000    0.0104823
  17.5000000    0.0116856
  17.5200000    0.0129381
  17.5400000    0.0142182
  17.5600000    0.0155006
  17.5800000    0.0167498
  17.6000000    0.0179145
  17.6200000    0.0189242
  17.6400000    0.0196916
  17.6600000    0.0201187
  17.6800000    0.0201081
  17.7000000    0.0195766
  17.7200000    0.0184696
  17.7400000    0.0167728
  17.7600000    0.0145201
  17.7800000    0.0117941
  17.8000000    0.0087200
  17.8200000    0.0054540
  17.8400000    0.0021659
  17.8600000   -0.0009784
  17.8800000   -0.0038344
  17.9000000   -0.0062919
  17.9200000   -0.0082826
  17.9400000   -0.0097814
  17.9600000   -0.0108014
  17.9800000   -0.0113852
  18.0000000   -0.0115933
  18.0200000   -0.0114932
  18.0400000   -0.0111497
  18.0600000   -0.0106198
  18.0800000   -0.0099510
  18.1000000   -0.0091839
  18.1200000   -0.0083575
  18.1400000   -0.0075174
  18.1600000   -0.0067226
  18.1800000   -0.0060518
  18.2000000   -0.0056066
  18.2200000   -0.0055103
  18.2400000   -0.0059022
  18.2600000   -0.0069273
  18.2800000   -0.0087216
  18.3000000   -0.0113935
  18.3200000   -0.0150058
  18.3400000   -0.0195565
  18.3600000   -0.0249653
  18.3800000   -0.0310658
  18.4000000   -0.0376062
  18.4200000   -0.0442605
  18.4400000   -0.0506493
  18.4600000   -0.0563690
  18.4800000   -0.0610268
  18.5000000   -0.0642762
  18.5200000   -0.0658501
  18.5400000   -0.0655853
  18.5600000   -0.0634368
  18.5800000   -0.0594785
  18.6000000   -0.0538924
  18.6200000   -0.0469462
  18.6400000   -0.0389646
  18.6600000   -0.0302974
  18.6800000   -0.0212898
  18.7000000   -0.0122569
  18.7200000   -0.0034664
  18.7400000    0.0048705
  18.7600000    0.0126008
  18.7800000    0.0196250
  18.8000000    0.0258889
  18.8200000    0.0313731
  18.8400000    0.0360844
  18.8600000    0.0400477
  18.8800000    0.0433011
  18.9000000    0.0458934
  18.9200000    0.0478826
  18.9400000    0.0493361
  18.9600000    0.0503298
  18.9800000    0.0509467
  19.0000000    0.0512730
  19.0200000    0.0513930
  19.0400000    0.0513827
  19.0600000    0.0513008
  19.0800000    0.0511815
  19.1000000    0.0510266
  19.1200000    0.0508009
  19.1400000    0.0504300
  19.1600000    0.0498026
  19.1800000    0.0487774
  19.2000000    0.0471943
  19.2200000    0.0448895
  19.2400000    0.0417128
  19.2600000    0.0375462
  19.2800000    0.0323204
  19.3000000    0.0260279
  19.3200000    0.0187307
  19.3400000    0.0105608
  19.3600000    0.0017138
  19.3800000   -0.0075649
  19.4000000   -0.0169987
  19.4200000   -0.0263033
  19.4400000   -0.0352097
  19.4600000   -0.0434874
  19.4800000   -0.0509631
  19.5000000   -0.0575351
  19.5200000   -0.0631811
  19.5400000   -0.0679601
  19.5600000   -0.0720083
  19.5800000   -0.0755286
  19.6000000   -0.0787761
  19.6200000   -0.0820382
  19.6400000   -0.0856117
  19.6600000   -0.0897764
  19.6800000   -0.0947672
  19.7000000   -0.1007456
  19.7200000   -0.1077735
  19.7400000   -0.1157918
  19.7600000   -0.1246066
  19.7800000   -0.1338873
  19.8000000   -0.1431775
  19.8200000   -0.1519200
  19.8400000   -0.1594965
  19.8600000   -0.1652776
  19.8800000   -0.1686794
  19.9000000   -0.1692199
  19.9200000   -0.1665696
  19.9400000   -0.1605886
  19.9600000   -0.1513457
  19.9800000   -0.1391176
  20.0000000   -0.1243660
  20.0200000   -0.1076983
  20.0400000   -0.0898144
  20.0600000   -0.0714480
  20.0800000   -0.0533084
  20.1000000   -0.0360302
  20.1200000   -0.0201342
  20.1400000   -0.0060049
  20.1600000    0.0061182
  20.1800000    0.0161343
  20.2000000    0.0240650
  20.2200000    0.0300306
  20.2400000    0.0342237
  20.2600000    0.0368829
  20.2800000    0.0382700
  20.3000000    0.0386503
  20.3200000    0.0382786
  20.3400000    0.0373893
  20.3600000    0.0361896
  20.3800000    0.0348562
  20.4000000    0.0335336
  20.4200000    0.0323337
  20.4400000    0.0313362
  20.4600000    0.0305902
  20.4800000    0.0301161
  20.5000000    0.0299090
  20.5200000    0.0299428
  20.5400000    0.0301748
  20.5600000    0.0305522
  20.5800000    0.0310186
  20.6000000    0.0315199
  20.6200000    0.0320111
  20.6400000    0.0324607
  20.6600000    0.0328542
  20.6800000    0.0331945
  20.7000000    0.0335003
  20.7200000    0.0338017
  20.7400000    0.0341338
  20.7600000    0.0345283
  20.7800000    0.0350060
  20.8000000    0.0355696
  20.8200000    0.0361987
  20.8400000    0.0368486
  20.8600000    0.0374525
  20.8800000    0.0379281
  20.9000000    0.0381864
  20.9200000    0.0381437
  20.9400000    0.0377328
  20.9600000    0.0369136
  20.9800000    0.0356800
  21.0000000    0.0340630
  21.0200000    0.0321285
  21.0400000    0.0299709
  21.0600000    0.0277025
  21.0800000    0.0254405
  21.1000000    0.0232940
  21.1200000    0.0213521
  21.1400000    0.0196757
  21.1600000    0.0182941
  21.1800000    0.0172061
  21.2000000    0.0163877
  21.2200000    0.0158017
  21.2400000    0.0154119
  21.2600000    0.0151954
  21.2800000    0.0151545
  21.3000000    0.0153232
  21.3200000    0.0157697
  21.3400000    0.0165915
  21.3600000    0.0179061
  21.3800000    0.0198362
  21.4000000    0.0224926
  21.4200000    0.0259577
  21.4400000    0.0302700
  21.4600000    0.0354146
  21.4800000    0.0413185
  21.5000000    0.0478536
  21.5200000    0.0548459
  21.5400000    0.0620894
  21.5600000    0.0693642
  21.5800000    0.0764530
  21.6000000    0.0831574
  21.6200000    0.0893087
  21.6400000    0.0947735
  21.6600000    0.0994531
  21.6800000    0.1032787
  21.7000000    0.1062026
  21.7200000    0.1081889
  21.7400000    0.1092062
  21.7600000    0.1092229
  21.7800000    0.1082080
  21.8000000    0.1061362
  21.8200000    0.1029964
  21.8400000    0.0988025
  21.8600000    0.0936037
  21.8800000    0.0874909
  21.9000000    0.0805999
  21.9200000    0.0731079
  21.9400000    0.0652252
  21.9600000    0.0571814
  21.9800000    0.0492097
  22.0000000    0.0415296
  22.0200000    0.0343319
  22.0400000    0.0277665
  22.0600000    0.0219350
  22.0800000    0.0168884
  22.1000000    0.0126302
  22.1200000    0.0091225
  22.1400000    0.0062960
  22.1600000    0.0040606
  22.1800000    0.0023148
  22.2000000    0.0009550
  22.2200000   -0.0001197
  22.2400000   -0.0010047
  22.2600000   -0.0017901
  22.2800000   -0.0025638
  22.3000000   -0.0034148
  22.3200000   -0.0044372
  22.3400000   -0.0057319
  22.3600000   -0.0074065
  22.3800000   -0.0095712
  22.4000000   -0.0123316
  22.4200000   -0.0157790
  22.4400000   -0.0199779
  22.4600000   -0.0249540
  22.4800000   -0.0306830
  22.5000000   -0.0370829
  22.5200000   -0.0440101
  22.5400000   -0.0512625
  22.5600000   -0.0585872
  22.5800000   -0.0656948
  22.6000000   -0.0722787
  22.6200000   -0.0780367
  22.6400000   -0.0826951
  22.6600000   -0.0860309
  22.6800000   -0.0878913
  22.7000000   -0.0882075
  22.7200000   -0.0870024
  22.7400000   -0.0843901
  22.7600000   -0.0805680
  22.7800000   -0.0758019
  22.8000000   -0.0704048
  22.8200000   -0.0647131
  22.8400000   -0.0590593
  22.8600000   -0.0537471
  22.8800000   -0.0490282
  22.9000000   -0.0450841
  22.9200000   -0.0420139
  22.9400000   -0.0398294
  22.9600000   -0.0384566
  22.9800000   -0.0377454
  23.0000000   -0.0374849
  23.0200000   -0.0374234
  23.0400000   -0.0372929
  23.0600000   -0.0368334
  23.0800000   -0.0358179
  23.1000000   -0.0340738
  23.1200000   -0.0314994
  23.1400000   -0.0280752
  23.1600000   -0.0238669
  23.1800000   -0.0190224
  23.2000000   -0.0137613
  23.2200000   -0.0083588
  23.2400000   -0.0031256
  23.2600000    0.0016150
  23.2800000    0.0055507
  23.3000000    0.0084022
  23.3200000    0.0099432
  23.3400000    0.0100159
  23.3600000    0.0085414
  23.3800000    0.0055249
  23.4000000    0.0010544
  23.4200000   -0.0047057
  23.4400000   -0.0115266
  23.4600000   -0.0191308
  23.4800000   -0.0272105
  23.5000000   -0.0354472
  23.5200000   -0.0435307
  23.5400000   -0.0511767
  23.5600000   -0.0581400
  23.5800000   -0.0642254
  23.6000000   -0.0692929
  23.6200000   -0.0732600
  23.6400000   -0.0760987
  23.6600000   -0.0778306
  23.6800000   -0.0785186
  23.7000000   -0.0782561
  23.7200000   -0.0771559
  23.7400000   -0.0753366
  23.7600000   -0.0729101
  23.7800000   -0.0699691
  23.8000000   -0.0665759
  23.8200000   -0.0627554
  23.8400000   -0.0584913
  23.8600000   -0.0537284
  23.8800000   -0.0483817
  23.9000000   -0.0423506
  23.9200000   -0.0355394
  23.9400000   -0.0278803
  23.9600000   -0.0193574
  23.9800000   -0.0100272
  24.0000000   -0.0000332
  24.0200000    0.0103891
  24.0400000    0.0209178
  24.0600000    0.0311626
  24.0800000    0.0406918
  24.1000000    0.0490684
  24.1200000    0.0558894
  24.1400000    0.0608236
  24.1600000    0.0636453
  24.1800000    0.0642568
  24.2000000    0.0626994
  24.2200000    0.0591496
  24.2400000    0.0539018
  24.2600000    0.0473397
  24.2800000    0.0398990
  24.3000000    0.0320273
  24.3200000    0.0241442
  24.3400000    0.0166084
  24.3600000    0.0096924
  24.3800000    0.0035703
  24.4000000   -0.0016839
  24.4200000   -0.0060862
  24.4400000   -0.0097239
  24.4600000   -0.0127323
  24.4800000   -0.0152686
  24.5000000   -0.0174887
  24.5200000   -0.0195278
  24.5400000   -0.0214869
  24.5600000   -0.0234268
  24.5800000   -0.0253677
  24.6000000   -0.0272941
  24.6200000   -0.0291623
  24.6400000   -0.0309101
  24.6600000   -0.0324658
  24.6800000   -0.0337567
  24.7000000   -0.0347150
  24.7200000   -0.0352832
  24.7400000   -0.0354179
  24.7600000   -0.0350923
  24.7800000   -0.0342991
  24.8000000   -0.0330526
  24.8200000   -0.0313906
  24.8400000   -0.0293753
  24.8600000   -0.0270932
  24.8800000   -0.0246525
  24.9000000   -0.0221791
  24.9200000   -0.0198092
  24.9400000   -0.0176804
  24.9600000   -0.0159197
  24.9800000   -0.0146321
  25.0000000   -0.0138883
  25.0200000   -0.0137133
  25.0400000   -0.0140791
  25.0600000   -0.0148998
  25.0800000   -0.0160323
  25.1000000   -0.0172824
  25.1200000   -0.0184161
  25.1400000   -0.0191760
  25.1600000   -0.0193017
  25.1800000   -0.0185522
  25.2000000   -0.0167292
  25.2200000   -0.0136974
  25.2400000   -0.0094015
  25.2600000   -0.0038770
  25.2800000    0.0027471
  25.3000000    0.0102528
  25.3200000    0.0183464
  25.3400000    0.0266780
  25.3600000    0.0348673
  25.3800000    0.0425315
  25.4000000    0.0493138
  25.4200000    0.0549103
  25.4400000    0.0590905
  25.4600000    0.0617132
  25.4800000    0.0627325
  25.5000000    0.0621965
  25.5200000    0.0602376
  25.5400000    0.0570556
  25.5600000    0.0528956
  25.5800000    0.0480235
  25.6000000    0.0427005
  25.6200000    0.0371600
  25.6400000    0.0315893
  25.6600000    0.0261175
  25.6800000    0.0208109
  25.7000000    0.0156762
  25.7200000    0.0106717
  25.7400000    0.0057235
  25.7600000    0.0007447
  25.7800000   -0.0043434
  25.8000000   -0.0095939
  25.8200000   -0.0150204
  25.8400000   -0.0205907
  25.8600000   -0.0262265
  25.8800000   -0.0318106
  25.9000000   -0.0371994
  25.9200000   -0.0422379
  25.9400000   -0.0467764
  25.9600000   -0.0506840
  25.9800000   -0.0538597
  26.0000000   -0.0562381
  26.0200000   -0.0577898
  26.0400000   -0.0585183
  26.0600000   -0.0584529
  26.0800000   -0.0576409
  26.1000000   -0.0561391
  26.1200000   -0.0540067
  26.1400000   -0.0513003
  26.1600000   -0.0480713
  26.1800000   -0.0443649
  26.2000000   -0.0402211
  26.2200000   -0.0356772
  26.2400000   -0.0307696
  26.2600000   -0.0255371
  26.2800000   -0.0200232
  26.3000000   -0.0142772
  26.3200000   -0.0083562
  26.3400000   -0.0023248
  26.3600000    0.0037453
  26.3800000    0.0097763
  26.4000000    0.0156866
  26.4200000    0.0213933
  26.4400000    0.0268145
  26.4600000    0.0318721
  26.4800000    0.0364929
  26.5000000    0.0406098
  26.5200000    0.0441605
  26.5400000    0.0470861
  26.5600000    0.0493284
  26.5800000    0.0508267
  26.6000000    0.0515151
  26.6200000    0.0513214
  26.6400000    0.0501671
  26.6600000    0.0479697
  26.6800000    0.0446475
  26.7000000    0.0401259
  26.7200000    0.0343456
  26.7400000    0.0272711
  26.7600000    0.0188987
  26.7800000    0.0092635
  26.8000000   -0.0015566
  26.8200000   -0.0134398
  26.8400000   -0.0262225
  26.8600000   -0.0397048
  26.8800000   -0.0536600
  26.9000000   -0.0678441
  26.9200000   -0.0820080
  26.9400000   -0.0959078
  26.9600000   -0.1093140
  26.9800000   -0.1220174
  27.0000000   -0.1338319
  27.0200000   -0.1445943
  27.0400000   -0.1541607
  27.0600000   -0.1624029
  27.0800000   -0.1692038
  27.1000000   -0.1744549
  27.1200000   -0.1780569
  27.1400000   -0.1799240
  27.1600000   -0.1799912
  27.1800000   -0.1782247
  27.2000000   -0.1746337
  27.2200000   -0.1692808
  27.2400000   -0.1622891
  27.2600000   -0.1538444
  27.2800000   -0.1441903
  27.3000000   -0.1336161
  27.3200000   -0.1224379
  27.3400000   -0.1109749
  27.3600000   -0.0995232
  27.3800000   -0.0883306
  27.4000000   -0.0775761
  27.4200000   -0.0673566
  27.4400000   -0.0576829
  27.4600000   -0.0484869
  27.4800000   -0.0396377
  27.5000000   -0.0309664
  27.5200000   -0.0222952
  27.5400000   -0.0134669
  27.5600000   -0.0043726
  27.5800000    0.0050289
  27.6000000    0.0146992
  27.6200000    0.0245202
  27.6400000    0.0343030
  27.6600000    0.0438055
  27.6800000    0.0527558
  27.7000000    0.0608776
  27.7200000    0.0679144
  27.7400000    0.0736492
  27.7600000    0.0779182
  27.7800000    0.0806169
  27.8000000    0.0816994
  27.8200000    0.0811718
  27.8400000    0.0790821
  27.8600000    0.0755092
  27.8800000    0.0705532
  27.9000000    0.0643285
  27.9200000    0.0569609
  27.9400000    0.0485883
  27.9600000    0.0393651
  27.9800000    0.0294666
  28.0000000    0.0190937
  28.0200000    0.0084748
  28.0400000   -0.0021366
  28.0600000   -0.0124685
  28.0800000   -0.0222414
  28.1000000   -0.0311833
  28.1200000   -0.0390459
  28.1400000   -0.0456214
  28.1600000   -0.0507567
  28.1800000   -0.0543638
  28.2000000   -0.0564250
  28.2200000   -0.0569921
  28.2400000   -0.0561807
  28.2600000   -0.0541588
  28.2800000   -0.0511324
  28.3000000   -0.0473299
  28.3200000   -0.0429863
  28.3400000   -0.0383296
  28.3600000   -0.0335705
  28.3800000   -0.0288958
  28.4000000   -0.0244655
  28.4200000   -0.0204131
  28.4400000   -0.0168471
  28.4600000   -0.0138535
  28.4800000   -0.0114967
  28.5000000   -0.0098194
  28.5200000   -0.0088404
  28.5400000   -0.0085510
  28.5600000   -0.0089125
  28.5800000   -0.0098547
  28.6000000   -0.0112776
  28.6200000   -0.0130575
  28.6400000   -0.0150570
  28.6600000   -0.0171382
  28.6800000   -0.0191766
  28.7000000   -0.0210746
  28.7200000   -0.0227701
  28.7400000   -0.0242404
  28.7600000   -0.0254986
  28.7800000   -0.0265837
  28.8000000   -0.0275455
  28.8200000   -0.0284274
  28.8400000   -0.0292499
  28.8600000   -0.0299978
  28.8800000   -0.0306139
  28.9000000   -0.0310005
  28.9200000   -0.0310286
  28.9400000   -0.0305530
  28.9600000   -0.0294320
  28.9800000   -0.0275483
  29.0000000   -0.0248276
  29.0200000   -0.0212535
  29.0400000   -0.0168768
  29.0600000   -0.0118170
  29.0800000   -0.0062581
  29.1000000   -0.0004384
  29.1200000    0.0053650
  29.1400000    0.0108543
  29.1600000    0.0157312
  29.1800000    0.0197169
  29.2000000    0.0225712
  29.2200000    0.0241095
  29.2400000    0.0242162
  29.2600000    0.0228544
  29.2800000    0.0200702
  29.3000000    0.0159926
  29.3200000    0.0108269
  29.3400000    0.0048444
  29.3600000   -0.0016342
  29.3800000   -0.0082583
  29.4000000   -0.0146700
  29.4200000   -0.0205285
  29.4400000   -0.0255337
  29.4600000   -0.0294488
  29.4800000   -0.0321193
  29.5000000   -0.0334856
  29.5200000   -0.0335909
  29.5400000   -0.0325794
  29.5600000   -0.0306865
  29.5800000   -0.0282213
  29.6000000   -0.0255401
  29.6200000   -0.0230157
  29.6400000   -0.0210028
  29.6600000   -0.0198033
  29.6800000   -0.0196362
  29.7000000   -0.0206134
  29.7200000   -0.0227256
  29.7400000   -0.0258394
  29.7600000   -0.0297063
  29.7800000   -0.0339838
  29.8000000   -0.0382648
  29.8200000   -0.0421146
  29.8400000   -0.0451109
  29.8600000   -0.0468833
  29.8800000   -0.0471479
  29.9000000   -0.0457349
  29.9200000   -0.0426062
  29.9400000   -0.0378610
  29.9600000   -0.0317293
  29.9800000   -0.0245549
  30.0000000   -0.0167682
