 -10.0000000    0.0130338
  -9.9800000    0.0130708
  -9.9600000    0.0132733
  -9.9400000    0.0136878
  -9.9200000    0.0143414
  -9.9000000    0.0152406
  -9.8800000    0.0163728
  -9.8600000    0.0177086
  -9.8400000    0.0192068
  -9.8200000    0.0208183
  -9.8000000    0.0224914
  -9.7800000    0.0241763
  -9.7600000    0.0258277
  -9.7400000    0.0274077
  -9.7200000    0.0288852
  -9.7000000    0.0302357
  -9.6800000    0.0314391
  -9.6600000    0.0324770
  -9.6400000    0.0333302
  -9.6200000    0.0339770
  -9.6000000    0.0343918
  -9.5800000    0.0345455
  -9.5600000    0.0344073
  -9.5400000    0.0339474
  -9.5200000    0.0331402
  -9.5000000    0.0319687
  -9.4800000    0.0304273
  -9.4600000    0.0285247
  -9.4400000    0.0262852
  -9.4200000    0.0237483
  -9.4000000    0.0209675
  -9.3800000    0.0180074
  -9.3600000    0.0149402
  -9.3400000    0.0118415
  -9.3200000    0.0087866
  -9.3000000    0.0058469
  -9.2800000    0.0030869
  -9.2600000    0.0005620
  -9.2400000   -0.0016829
  -9.2200000   -0.0036141
  -9.2000000   -0.0052098
  -9.1800000   -0.0064596
  -9.1600000   -0.0073647
  -9.1400000   -0.0079372
  -9.1200000   -0.0081994
  -9.1000000   -0.0081831
  -9.0800000   -0.0079281
  -9.0600000   -0.0074804
  -9.0400000   -0.0068902
  -9.0200000   -0.0062092
  -9.0000000   -0.0054879
  -8.9800000   -0.0047731
  -8.9600000   -0.0041049
  -8.9400000   -0.0035154
  -8.9200000   -0.0030273
  -8.9000000   -0.0026538
  -8.8800000   -0.0023988
  -8.8600000   -0.0022585
  -8.8400000   -0.0022231
  -8.8200000   -0.0022784
  -8.8000000   -0.0024082
  -8.7800000   -0.0025956
  -8.7600000   -0.0028237
  -8.7400000   -0.0030764
  -8.7200000   -0.0033382
  -8.7000000   -0.0035933
  -8.6800000   -0.0038254
  -8.6600000   -0.0040168
  -8.6400000   -0.0041483
  -8.6200000   -0.0041996
  -8.6000000   -0.0041505
  -8.5800000   -0.0039824
  -8.5600000   -0.0036810
  -8.5400000   -0.0032386
  -8.5200000   -0.0026566
  -8.5000000   -0.0019476
  -8.4800000   -0.0011362
  -8.4600000   -0.0002596
  -8.4400000    0.0006345
  -8.4200000    0.0014901
  -8.4000000    0.0022470
  -8.3800000    0.0028454
  -8.3600000    0.0032307
  -8.3400000    0.0033581
  -8.3200000    0.0031967
  -8.3000000    0.0027321
  -8.2800000    0.0019674
  -8.2600000    0.0009229
  -8.2400000   -0.0003651
  -8.2200000   -0.0018478
  -8.2000000   -0.0034664
  -8.1800000   -0.0051560
  -8.1600000   -0.0068484
  -8.1400000   -0.0084752
  -8.1200000   -0.0099698
  -8.1000000   -0.0112695
  -8.0800000   -0.0123175
  -8.0600000   -0.0130650
  -8.0400000   -0.0134739
  -8.0200000   -0.0135193
  -8.0000000   -0.0131927
  -7.9800000   -0.0125038
  -7.9600000   -0.0114825
  -7.9400000   -0.0101785
  -7.9200000   -0.0086591
  -7.9000000   -0.0070053
  -7.8800000   -0.0053059
  -7.8600000   -0.0036506
  -7.8400000   -0.0021226
  -7.8200000   -0.0007914
  -7.8000000    0.0002921
  -7.7800000    0.0010997
  -7.7600000    0.0016260
  -7.7400000    0.0018878
  -7.7200000    0.0019201
  -7.7000000    0.0017717
  -7.6800000    0.0014997
  -7.6600000    0.0011641
  -7.6400000    0.0008242
  -7.6200000    0.0005352
  -7.6000000    0.0003463
  -7.5800000    0.0003008
  -7.5600000    0.0004359
  -7.5400000    0.0007836
  -7.5200000    0.0013711
  -7.5000000    0.0022205
  -7.4800000    0.0033480
  -7.4600000    0.0047622
  -7.4400000    0.0064616
  -7.4200000    0.0084323
  -7.4000000    0.0106460
  -7.3800000    0.0130580
  -7.3600000    0.0156078
  -7.3400000    0.0182199
  -7.3200000    0.0208068
  -7.3000000    0.0232737
  -7.2800000    0.0255235
  -7.2600000    0.0274633
  -7.2400000    0.0290107
  -7.2200000    0.0301003
  -7.2000000    0.0306881
  -7.1800000    0.0307560
  -7.1600000    0.0303133
  -7.1400000    0.0293968
  -7.1200000    0.0280684
  -7.1000000    0.0264109
  -7.0800000    0.0245218
  -7.0600000    0.0225051
  -7.0400000    0.0204635
  -7.0200000    0.0184895
  -7.0000000    0.0166571
  -6.9800000    0.0150160
  -6.9600000    0.0135874
  -6.9400000    0.0123626
  -6.9200000    0.0113050
  -6.9000000    0.0103548
  -6.8800000    0.0094369
  -6.8600000    0.0084694
  -6.8400000    0.0073741
  -6.8200000    0.0060858
  -6.8000000    0.0045606
  -6.7800000    0.0027817
  -6.7600000    0.0007621
  -6.7400000   -0.0014557
  -6.7200000   -0.0038035
  -6.7000000   -0.0061934
  -6.6800000   -0.0085258
  -6.6600000   -0.0106986
  -6.6400000   -0.0126158
  -6.6200000   -0.0141955
  -6.6000000   -0.0153764
  -6.5800000   -0.0161221
  -6.5600000   -0.0164223
  -6.5400000   -0.0162929
  -6.5200000   -0.0157732
  -6.5000000   -0.0149209
  -6.4800000   -0.0138067
  -6.4600000   -0.0125077
  -6.4400000   -0.0111003
  -6.4200000   -0.0096545
  -6.4000000   -0.0082280
  -6.3800000   -0.0068627
  -6.3600000   -0.0055824
  -6.3400000   -0.0043926
  -6.3200000   -0.0032817
  -6.3000000   -0.0022238
  -6.2800000   -0.0011828
  -6.2600000   -0.0001166
  -6.2400000    0.0010181
  -6.2200000    0.0022621
  -6.2000000    0.0036504
  -6.1800000    0.0052095
  -6.1600000    0.0069559
  -6.1400000    0.0088956
  -6.1200000    0.0110237
  -6.1000000    0.0133243
  -6.0800000    0.0157707
  -6.0600000    0.0183258
  -6.0400000    0.0209426
  -6.0200000    0.0235647
  -6.0000000    0.0261283
  -5.9800000    0.0285639
  -5.9600000    0.0307999
  -5.9400000    0.0327665
  -5.9200000    0.0343999
  -5.9000000    0.0356470
  -5.8800000    0.0364690
  -5.8600000    0.0368438
  -5.8400000    0.0367670
  -5.8200000    0.0362511
  -5.8000000    0.0353225
  -5.7800000    0.0340181
  -5.7600000    0.0323803
  -5.7400000    0.0304533
  -5.7200000    0.0282789
  -5.7000000    0.0258953
  -5.6800000    0.0233360
  -5.6600000    0.0206310
  -5.6400000    0.0178086
  -5.6200000    0.0148980
  -5.6000000    0.0119306
  -5.5800000    0.0089418
  -5.5600000    0.0059701
  -5.5400000    0.0030558
  -5.5200000    0.0002390
  -5.5000000   -0.0024444
  -5.4800000   -0.0049651
  -5.4600000   -0.0073027
  -5.4400000   -0.0094476
  -5.4200000   -0.0114001
  -5.4000000   -0.0131699
  -5.3800000   -0.0147730
  -5.3600000   -0.0162291
  -5.3400000   -0.0175578
  -5.3200000   -0.0187759
  -5.3000000   -0.0198947
  -5.2800000   -0.0209189
  -5.2600000   -0.0218451
  -5.2400000   -0.0226630
  -5.2200000   -0.0233561
  -5.2000000   -0.0239038
  -5.1800000   -0.0242835
  -5.1600000   -0.0244734
  -5.1400000   -0.0244552
  -5.1200000   -0.0242167
  -5.1000000   -0.0237534
  -5.0800000   -0.0230708
  -5.0600000   -0.0221846
  -5.0400000   -0.0211202
  -5.0200000   -0.0199116
  -5.0000000   -0.0185991
  -4.9800000   -0.0172254
  -4.9600000   -0.0158329
  -4.9400000   -0.0144592
  -4.9200000   -0.0131341
  -4.9000000   -0.0118771
  -4.8800000   -0.0106961
  -4.8600000   -0.0095870
  -4.8400000   -0.0085350
  -4.8200000   -0.0075162
  -4.8000000   -0.0065001
  -4.7800000   -0.0054525
  -4.7600000   -0.0043378
  -4.7400000   -0.0031211
  -4.7200000   -0.0017698
  -4.7000000   -0.0002549
  -4.6800000    0.0014478
  -4.6600000    0.0033569
  -4.6400000    0.0054842
  -4.6200000    0.0078330
  -4.6000000    0.0103967
  -4.5800000    0.0131566
  -4.5600000    0.0160807
  -4.5400000    0.0191230
  -4.5200000    0.0222232
  -4.5000000    0.0253080
  -4.4800000    0.0282943
  -4.4600000    0.0310930
  -4.4400000    0.0336140
  -4.4200000    0.0357720
  -4.4000000    0.0374923
  -4.3800000    0.0387165
  -4.3600000    0.0394065
  -4.3400000    0.0395475
  -4.3200000    0.0391495
  -4.3000000    0.0382461
  -4.2800000    0.0368925
  -4.2600000    0.0351611
  -4.2400000    0.0331367
  -4.2200000    0.0309103
  -4.2000000    0.0285736
  -4.1800000    0.0262129
  -4.1600000    0.0239045
  -4.1400000    0.0217106
  -4.1200000    0.0196772
  -4.1000000    0.0178322
  -4.0800000    0.0161863
  -4.0600000    0.0147338
  -4.0400000    0.0134560
  -4.0200000    0.0123237
  -4.0000000    0.0113019
  -3.9800000    0.0103536
  -3.9600000    0.0094443
  -3.9400000    0.0085450
  -3.9200000    0.0076357
  -3.9000000    0.0067066
  -3.8800000    0.0057591
  -3.8600000    0.0048051
  -3.8400000    0.0038652
  -3.8200000    0.0029662
  -3.8000000    0.0021384
  -3.7800000    0.0014122
  -3.7600000    0.0008157
  -3.7400000    0.0003727
  -3.7200000    0.0001015
  -3.7000000    0.0000146
  -3.6800000    0.0001193
  -3.6600000    0.0004188
  -3.6400000    0.0009130
  -3.6200000    0.0015995
  -3.6000000    0.0024734
  -3.5800000    0.0035269
  -3.5600000    0.0047481
  -3.5400000    0.0061186
  -3.5200000    0.0076117
  -3.5000000    0.0091908
  -3.4800000    0.0108084
  -3.4600000    0.0124061
  -3.4400000    0.0139167
  -3.4200000    0.0152674
  -3.4000000    0.0163843
  -3.3800000    0.0171979
  -3.3600000    0.0176490
  -3.3400000    0.0176938
  -3.3200000    0.0173089
  -3.3000000    0.0164934
  -3.2800000    0.0152702
  -3.2600000    0.0136848
  -3.2400000    0.0118016
  -3.2200000    0.0096997
  -3.2000000    0.0074661
  -3.1800000    0.0051897
  -3.1600000    0.0029546
  -3.1400000    0.0008346
  -3.1200000   -0.0011116
  -3.1000000   -0.0028426
  -3.0800000   -0.0043362
  -3.0600000   -0.0055886
  -3.0400000   -0.0066128
  -3.0200000   -0.0074354
  -3.0000000   -0.0080936
  -2.9800000   -0.0086307
  -2.9600000   -0.0090927
  -2.9400000   -0.0095241
  -2.9200000   -0.0099648
  -2.9000000   -0.0104475
  -2.8800000   -0.0109949
  -2.8600000   -0.0116185
  -2.8400000   -0.0123170
  -2.8200000   -0.0130763
  -2.8000000   -0.0138697
  -2.7800000   -0.0146594
  -2.7600000   -0.0153985
  -2.7400000   -0.0160349
  -2.7200000   -0.0165153
  -2.7000000   -0.0167900
  -2.6800000   -0.0168183
  -2.6600000   -0.0165732
  -2.6400000   -0.0160454
  -2.6200000   -0.0152461
  -2.6000000   -0.0142073
  -2.5800000   -0.0129808
  -2.5600000   -0.0116341
  -2.5400000   -0.0102458
  -2.5200000   -0.0088980
  -2.5000000   -0.0076695
  -2.4800000   -0.0066281
  -2.4600000   -0.0058249
  -2.4400000   -0.0052900
  -2.4200000   -0.0050298
  -2.4000000   -0.0050276
  -2.3800000   -0.0052465
  -2.3600000   -0.0056331
  -2.3400000   -0.0061241
  -2.3200000   -0.0066517
  -2.3000000   -0.0071500
  -2.2800000   -0.0075594
  -2.2600000   -0.0078309
  -2.2400000   -0.0079274
  -2.2200000   -0.0078247
  -2.2000000   -0.0075112
  -2.1800000   -0.0069861
  -2.1600000   -0.0062584
  -2.1400000   -0.0053449
  -2.1200000   -0.0042693
  -2.1000000   -0.0030614
  -2.0800000   -0.0017560
  -2.0600000   -0.0003928
  -2.0400000    0.0009844
  -2.0200000    0.0023287
  -2.0000000    0.0035913
  -1.9800000    0.0047236
  -1.9600000    0.0056793
  -1.9400000    0.0064171
  -1.9200000    0.0069028
  -1.9000000    0.0071123
  -1.8800000    0.0070325
  -1.8600000    0.0066636
  -1.8400000    0.0060190
  -1.8200000    0.0051252
  -1.8000000    0.0040212
  -1.7800000    0.0027569
  -1.7600000    0.0013913
  -1.7400000   -0.0000094
  -1.7200000   -0.0013741
  -1.7000000   -0.0026293
  -1.6800000   -0.0037015
  -1.6600000   -0.0045201
  -1.6400000   -0.0050206
  -1.6200000   -0.0051481
  -1.6000000   -0.0048611
  -1.5800000   -0.0041360
  -1.5600000   -0.0029708
  -1.5400000   -0.0013885
  -1.5200000    0.0005607
  -1.5000000    0.0027996
  -1.4800000    0.0052254
  -1.4600000    0.0077150
  -1.4400000    0.0101324
  -1.4200000    0.0123376
  -1.4000000    0.0141977
  -1.3800000    0.0155980
  -1.3600000    0.0164520
  -1.3400000    0.0167089
  -1.3200000    0.0163583
  -1.3000000    0.0154308
  -1.2800000    0.0139943
  -1.2600000    0.0121469
  -1.2400000    0.0100065
  -1.2200000    0.0076993
  -1.2000000    0.0053473
  -1.1800000    0.0030577
  -1.1600000    0.0009137
  -1.1400000   -0.0010312
  -1.1200000   -0.0027553
  -1.1000000   -0.0042684
  -1.0800000   -0.0056074
  -1.0600000   -0.0068308
  -1.0400000   -0.0080115
  -1.0200000   -0.0092289
  -1.0000000   -0.0105616
  -0.9800000   -0.0120810
  -0.9600000   -0.0138459
  -0.9400000   -0.0158989
  -0.9200000   -0.0182635
  -0.9000000   -0.0209433
  -0.8800000   -0.0239219
  -0.8600000   -0.0271640
  -0.8400000   -0.0306176
  -0.8200000   -0.0342162
  -0.8000000   -0.0378828
  -0.7800000   -0.0415329
  -0.7600000   -0.0450792
  -0.7400000   -0.0484351
  -0.7200000   -0.0515186
  -0.7000000   -0.0542555
  -0.6800000   -0.0565824
  -0.6600000   -0.0584482
  -0.6400000   -0.0598152
  -0.6200000   -0.0606597
  -0.6000000   -0.0609712
  -0.5800000   -0.0607520
  -0.5600000   -0.0600157
  -0.5400000   -0.0587860
  -0.5200000   -0.0570955
  -0.5000000   -0.0549842
  -0.4800000   -0.0524983
  -0.4600000   -0.0496884
  -0.4400000   -0.0466075
  -0.4200000   -0.0433081
  -0.4000000   -0.0398385
  -0.3800000   -0.0362383
  -0.3600000   -0.0325317
  -0.3400000   -0.0287221
  -0.3200000   -0.0247845
  -0.3000000   -0.0206603
  -0.2800000   -0.0162527
  -0.2600000   -0.0114259
  -0.2400000   -0.0060084
  -0.2200000    0.0001991
  -0.2000000    0.0074087
  -0.1800000    0.0158266
  -0.1600000    0.0256285
  -0.1400000    0.0369333
  -0.1200000    0.0497764
  -0.1000000    0.0640871
  -0.0800000    0.0796728
  -0.0600000    0.0962128
  -0.0400000    0.1132650
  -0.0200000    0.1302855
   0.0000000    0.1466608
   0.0200000    0.1617499
   0.0400000    0.1749328
   0.0600000    0.1856589
   0.0800000    0.1934923
   0.1000000    0.1981467
   0.1200000    0.1995063
   0.1400000    0.1976316
   0.1600000    0.1927481
   0.1800000    0.1852207
   0.2000000    0.1755164
   0.2200000    0.1641606
   0.2400000    0.1516909
   0.2600000    0.1386148
   0.2800000    0.1253739
   0.3000000    0.1123180
   0.3200000    0.0996912
   0.3400000    0.0876287
   0.3600000    0.0761642
   0.3800000    0.0652459
   0.4000000    0.0547580
   0.4200000    0.0445455
   0.4400000    0.0344402
   0.4600000    0.0242845
   0.4800000    0.0139532
   0.5000000    0.0033694
   0.5200000   -0.0074844
   0.5400000   -0.0185610
   0.5600000   -0.0297495
   0.5800000   -0.0408823
   0.6000000   -0.0517460
   0.6200000   -0.0620966
   0.6400000   -0.0716765
   0.6600000   -0.0802324
   0.6800000   -0.0875316
   0.7000000   -0.0933772
   0.7200000   -0.0976189
   0.7400000   -0.1001606
   0.7600000   -0.1009648
   0.7800000   -0.1000521
   0.8000000   -0.0974989
   0.8200000   -0.0934311
   0.8400000   -0.0880175
   0.8600000   -0.0814598
   0.8800000   -0.0739829
   0.9000000   -0.0658240
   0.9200000   -0.0572215
   0.9400000   -0.0484039
   0.9600000   -0.0395804
   0.9800000   -0.0309323
   1.0000000   -0.0226068
   1.0200000   -0.0147131
   1.0400000   -0.0073221
   1.0600000   -0.0004679
   1.0800000    0.0058474
   1.1000000    0.0116476
   1.1200000    0.0169745
   1.1400000    0.0218800
   1.1600000    0.0264183
   1.1800000    0.0306391
   1.2000000    0.0345819
   1.2200000    0.0382720
   1.2400000    0.0417185
   1.2600000    0.0449123
   1.2800000    0.0478273
   1.3000000    0.0504216
   1.3200000    0.0526395
   1.3400000    0.0544153
   1.3600000    0.0556766
   1.3800000    0.0563492
   1.4000000    0.0563619
   1.4200000    0.0556512
   1.4400000    0.0541663
   1.4600000    0.0518743
   1.4800000    0.0487629
   1.5000000    0.0448440
   1.5200000    0.0401548
   1.5400000    0.0347572
   1.5600000    0.0287364
   1.5800000    0.0221970
   1.6000000    0.0152584
   1.6200000    0.0080485
   1.6400000    0.0006975
   1.6600000   -0.0066687
   1.6800000   -0.0139343
   1.7000000   -0.0209981
   1.7200000   -0.0277763
   1.7400000   -0.0342040
   1.7600000   -0.0402337
   1.7800000   -0.0458328
   1.8000000   -0.0509794
   1.8200000   -0.0556575
   1.8400000   -0.0598521
   1.8600000   -0.0635454
   1.8800000   -0.0667137
   1.9000000   -0.0693268
   1.9200000   -0.0713486
   1.9400000   -0.0727406
   1.9600000   -0.0734652
   1.9800000   -0.0734912
   2.0000000   -0.0727979
   2.0200000   -0.0713793
   2.0400000   -0.0692463
   2.0600000   -0.0664274
   2.0800000   -0.0629673
   2.1000000   -0.0589245
   2.1200000   -0.0543667
   2.1400000   -0.0493670
   2.1600000   -0.0439993
   2.1800000   -0.0383345
   2.2000000   -0.0324386
   2.2200000   -0.0263702
   2.2400000   -0.0201808
   2.2600000   -0.0139148
   2.2800000   -0.0076104
   2.3000000   -0.0013004
   2.3200000    0.0049863
   2.3400000    0.0112239
   2.3600000    0.0173886
   2.3800000    0.0234577
   2.4000000    0.0294083
   2.4200000    0.0352164
   2.4400000    0.0408560
   2.4600000    0.0462984
   2.4800000    0.0515127
   2.5000000    0.0564655
   2.5200000    0.0611231
   2.5400000    0.0654520
   2.5600000    0.0694212
   2.5800000    0.0730032
   2.6000000    0.0761742
   2.6200000    0.0789138
   2.6400000    0.0812034
   2.6600000    0.0830248
   2.6800000    0.0843571
   2.7000000    0.0851759
   2.7200000    0.0854528
   2.7400000    0.0851561
   2.7600000    0.0842538
   2.7800000    0.0827175
   2.8000000    0.0805278
   2.8200000    0.0776781
   2.8400000    0.0741796
   2.8600000    0.0700629
   2.8800000    0.0653780
   2.9000000    0.0601923
   2.9200000    0.0545855
   2.9400000    0.0486440
   2.9600000    0.0424536
   2.9800000    0.0360932
   3.0000000    0.0296293
   3.0200000    0.0231123
   3.0400000    0.0165757
   3.0600000    0.0100371
   3.0800000    0.0035023
   3.1000000   -0.0030300
   3.1200000   -0.0095620
   3.1400000   -0.0160908
   3.1600000   -0.0226038
   3.1800000   -0.0290752
   3.2000000   -0.0354645
   3.2200000   -0.0417178
   3.2400000   -0.0477697
   3.2600000   -0.0535474
   3.2800000   -0.0589756
   3.3000000   -0.0639802
   3.3200000   -0.0684933
   3.3400000   -0.0724557
   3.3600000   -0.0758189
   3.3800000   -0.0785464
   3.4000000   -0.0806130
   3.4200000   -0.0820041
   3.4400000   -0.0827145
   3.4600000   -0.0827472
   3.4800000   -0.0821118
   3.5000000   -0.0808242
   3.5200000   -0.0789063
   3.5400000   -0.0763862
   3.5600000   -0.0732988
   3.5800000   -0.0696864
   3.6000000   -0.0655997
   3.6200000   -0.0610980
   3.6400000   -0.0562496
   3.6600000   -0.0511306
   3.6800000   -0.0458243
   3.7000000   -0.0404185
   3.7200000   -0.0350034
   3.7400000   -0.0296681
   3.7600000   -0.0244968
   3.7800000   -0.0195655
   3.8000000   -0.0149376
   3.8200000   -0.0106612
   3.8400000   -0.0067663
   3.8600000   -0.0032635
   3.8800000   -0.0001443
   3.9000000    0.0026177
   3.9200000    0.0050630
   3.9400000    0.0072414
   3.9600000    0.0092065
   3.9800000    0.0110085
   4.0000000    0.0126887
   4.0200000    0.0142742
   4.0400000    0.0157740
   4.0600000    0.0171787
   4.0800000    0.0184616
   4.1000000    0.0195825
   4.1200000    0.0204942
   4.1400000    0.0211493
   4.1600000    0.0215074
   4.1800000    0.0215419
   4.2000000    0.0212442
   4.2200000    0.0206262
   4.2400000    0.0197195
   4.2600000    0.0185718
   4.2800000    0.0172418
   4.3000000    0.0157921
   4.3200000    0.0142819
   4.3400000    0.0127606
   4.3600000    0.0112631
   4.3800000    0.0098067
   4.4000000    0.0083921
   4.4200000    0.0070053
   4.4400000    0.0056234
   4.4600000    0.0042205
   4.4800000    0.0027752
   4.5000000    0.0012767
   4.5200000   -0.0002693
   4.5400000   -0.0018385
   4.5600000   -0.0033872
   4.5800000   -0.0048551
   4.6000000   -0.0061701
   4.6200000   -0.0072557
   4.6400000   -0.0080386
   4.6600000   -0.0084574
   4.6800000   -0.0084692
   4.7000000   -0.0080550
   4.7200000   -0.0072230
   4.7400000   -0.0060084
   4.7600000   -0.0044712
   4.7800000   -0.0026917
   4.8000000   -0.0007636
   4.8200000    0.0012127
   4.8400000    0.0031379
   4.8600000    0.0049208
   4.8800000    0.0064848
   4.9000000    0.0077719
   4.9200000    0.0087462
   4.9400000    0.0093952
   4.9600000    0.0097288
   4.9800000    0.0097774
   5.0000000    0.0095878
   5.0200000    0.0092180
   5.0400000    0.0087310
   5.0600000    0.0081886
   5.0800000    0.0076442
   5.1000000    0.0071381
   5.1200000    0.0066925
   5.1400000    0.0063089
   5.1600000    0.0059682
   5.1800000    0.0056322
   5.2000000    0.0052475
   5.2200000    0.0047512
   5.2400000    0.0040780
   5.2600000    0.0031674
   5.2800000    0.0019710
   5.3000000    0.0004590
   5.3200000   -0.0013751
   5.3400000   -0.0035115
   5.3600000   -0.0059037
   5.3800000   -0.0084804
   5.4000000   -0.0111499
   5.4200000   -0.0138062
   5.4400000   -0.0163373
   5.4600000   -0.0186337
   5.4800000   -0.0205975
   5.5000000   -0.0221504
   5.5200000   -0.0232400
   5.5400000   -0.0238445
   5.5600000   -0.0239738
   5.5800000   -0.0236679
   5.6000000   -0.0229925
   5.6200000   -0.0220322
   5.6400000   -0.0208822
   5.6600000   -0.0196390
   5.6800000   -0.0183918
   5.7000000   -0.0172148
   5.7200000   -0.0161621
   5.7400000   -0.0152650
   5.7600000   -0.0145319
   5.7800000   -0.0139509
   5.8000000   -0.0134944
   5.8200000   -0.0131246
   5.8400000   -0.0128000
   5.8600000   -0.0124808
   5.8800000   -0.0121337
   5.9000000   -0.0117347
   5.9200000   -0.0112703
   5.9400000   -0.0107367
   5.9600000   -0.0101381
   5.9800000   -0.0094835
   6.0000000   -0.0087832
   6.0200000   -0.0080458
   6.0400000   -0.0072755
   6.0600000   -0.0064712
   6.0800000   -0.0056263
   6.1000000   -0.0047302
   6.1200000   -0.0037711
   6.1400000   -0.0027399
   6.1600000   -0.0016337
   6.1800000   -0.0004594
   6.2000000    0.0007631
   6.2200000    0.0019997
   6.2400000    0.0032029
   6.2600000    0.0043129
   6.2800000    0.0052623
   6.3000000    0.0059805
   6.3200000    0.0064001
   6.3400000    0.0064629
   6.3600000    0.0061258
   6.3800000    0.0053661
   6.4000000    0.0041852
   6.4200000    0.0026106
   6.4400000    0.0006966
   6.4600000   -0.0014775
   6.4800000   -0.0038114
   6.5000000   -0.0061889
   6.5200000   -0.0084855
   6.5400000   -0.0105767
   6.5600000   -0.0123467
   6.5800000   -0.0136976
   6.6000000   -0.0145574
   6.6200000   -0.0148858
   6.6400000   -0.0146779
   6.6600000   -0.0139653
   6.6800000   -0.0128129
   6.7000000   -0.0113136
   6.7200000   -0.0095796
   6.7400000   -0.0077327
   6.7600000   -0.0058929
   6.7800000   -0.0041685
   6.8000000   -0.0026468
   6.8200000   -0.0013879
   6.8400000   -0.0004213
   6.8600000    0.0002545
   6.8800000    0.0006690
   6.9000000    0.0008739
   6.9200000    0.0009364
   6.9400000    0.0009310
   6.9600000    0.0009312
   6.9800000    0.0010022
   7.0000000    0.0011958
   7.0200000    0.0015458
   7.0400000    0.0020669
   7.0600000    0.0027542
   7.0800000    0.0035856
   7.1000000    0.0045247
   7.1200000    0.0055249
   7.1400000    0.0065337
   7.1600000    0.0074969
   7.1800000    0.0083627
   7.2000000    0.0090844
   7.2200000    0.0096225
   7.2400000    0.0099456
   7.2600000    0.0100303
   7.2800000    0.0098602
   7.3000000    0.0094241
   7.3200000    0.0087139
   7.3400000    0.0077226
   7.3600000    0.0064426
   7.3800000    0.0048647
   7.4000000    0.0029782
   7.4200000    0.0007723
   7.4400000   -0.0017618
   7.4600000   -0.0046276
   7.4800000   -0.0078193
   7.5000000   -0.0113178
   7.5200000   -0.0150876
   7.5400000   -0.0190735
   7.5600000   -0.0232006
   7.5800000   -0.0273746
   7.6000000   -0.0314850
   7.6200000   -0.0354103
   7.6400000   -0.0390246
   7.6600000   -0.0422058
   7.6800000   -0.0448436
   7.7000000   -0.0468482
   7.7200000   -0.0481563
   7.7400000   -0.0487367
   7.7600000   -0.0485917
   7.7800000   -0.0477574
   7.8000000   -0.0462999
   7.8200000   -0.0443098
   7.8400000   -0.0418948
   7.8600000   -0.0391710
   7.8800000   -0.0362552
   7.9000000   -0.0332565
   7.9200000   -0.0302708
   7.9400000   -0.0273756
   7.9600000   -0.0246282
   7.9800000   -0.0220645
   8.0000000   -0.0196998
   8.0200000   -0.0175310
   8.0400000   -0.0155397
   8.0600000   -0.0136953
   8.0800000   -0.0119592
   8.1000000   -0.0102890
   8.1200000   -0.0086433
   8.1400000   -0.0069857
   8.1600000   -0.0052894
   8.1800000   -0.0035411
   8.2000000   -0.0017435
   8.2200000    0.0000834
   8.2400000    0.0019026
   8.2600000    0.0036633
   8.2800000    0.0053054
   8.3000000    0.0067662
   8.3200000    0.0079881
   8.3400000    0.0089259
   8.3600000    0.0095543
   8.3800000    0.0098725
   8.4000000    0.0099064
   8.4200000    0.0097073
   8.4400000    0.0093476
   8.4600000    0.0089138
   8.4800000    0.0084962
   8.5000000    0.0081798
   8.5200000    0.0080338
   8.5400000    0.0081042
   8.5600000    0.0084088
   8.5800000    0.0089351
   8.6000000    0.0096431
   8.6200000    0.0104701
   8.6400000    0.0113392
   8.6600000    0.0121679
   8.6800000    0.0128788
   8.7000000    0.0134076
   8.7200000    0.0137104
   8.7400000    0.0137684
   8.7600000    0.0135887
   8.7800000    0.0132036
   8.8000000    0.0126661
   8.8200000    0.0120444
   8.8400000    0.0114148
   8.8600000    0.0108539
   8.8800000    0.0104324
   8.9000000    0.0102084
   8.9200000    0.0102240
   8.9400000    0.0105027
   8.9600000    0.0110494
   8.9800000    0.0118515
   9.0000000    0.0128824
   9.0200000    0.0141048
   9.0400000    0.0154753
   9.0600000    0.0169482
   9.0800000    0.0184787
   9.1000000    0.0200257
   9.1200000    0.0215524
   9.1400000    0.0230271
   9.1600000    0.0244222
   9.1800000    0.0257131
   9.2000000    0.0268772
   9.2200000    0.0278916
   9.2400000    0.0287333
   9.2600000    0.0293780
   9.2800000    0.0298012
   9.3000000    0.0299782
   9.3200000    0.0298861
   9.3400000    0.0295055
   9.3600000    0.0288218
   9.3800000    0.0278274
   9.4000000    0.0265231
   9.4200000    0.0249191
   9.4400000    0.0230358
   9.4600000    0.0209035
   9.4800000    0.0185622
   9.5000000    0.0160600
   9.5200000    0.0134514
   9.5400000    0.0107945
   9.5600000    0.0081485
   9.5800000    0.0055702
   9.6000000    0.0031113
   9.6200000    0.0008156
   9.6400000   -0.0012830
   9.6600000   -0.0031614
   9.6800000   -0.0048083
   9.7000000   -0.0062229
   9.7200000   -0.0074140
   9.7400000   -0.0083981
   9.7600000   -0.0091971
   9.7800000   -0.0098362
   9.8000000   -0.0103416
   9.8200000   -0.0107387
   9.8400000   -0.0110504
   9.8600000   -0.0112962
   9.8800000   -0.0114912
   9.9000000   -0.0116456
   9.9200000   -0.0117647
   9.9400000   -0.0118489
   9.9600000   -0.0118941
   9.9800000   -0.0118925
  10.0000000   -0.0118333
  10.0200000   -0.0117035
  10.0400000   -0.0114895
  10.0600000   -0.0111771
  10.0800000   -0.0107527
  10.1000000   -0.0102029
  10.1200000   -0.0095146
  10.1400000   -0.0086737
  10.1600000   -0.0076642
  10.1800000   -0.0064671
  10.2000000   -0.0050594
  10.2200000   -0.0034141
  10.2400000   -0.0015008
  10.2600000    0.0007114
  10.2800000    0.0032512
  10.3000000    0.0061404
  10.3200000    0.0093889
  10.3400000    0.0129898
  10.3600000    0.0169156
  10.3800000    0.0211156
  10.4000000    0.0255154
  10.4200000    0.0300195
  10.4400000    0.0345153
  10.4600000    0.0388800
  10.4800000    0.0429880
  10.5000000    0.0467193
  10.5200000    0.0499676
  10.5400000    0.0526458
  10.5600000    0.0546912
  10.5800000    0.0560665
  10.6000000    0.0567593
  10.6200000    0.0567790
  10.6400000    0.0561524
  10.6600000    0.0549176
  10.6800000    0.0531186
  10.7000000    0.0508006
  10.7200000    0.0480058
  10.7400000    0.0447717
  10.7600000    0.0411311
  10.7800000    0.0371135
  10.8000000    0.0327478
  10.8200000    0.0280662
  10.8400000    0.0231075
  10.8600000    0.0179207
  10.8800000    0.0125672
  10.9000000    0.0071218
  10.9200000    0.0016723
  10.9400000   -0.0036823
  10.9600000   -0.0088355
  10.9800000   -0.0136780
  11.0000000   -0.0181028
  11.0200000   -0.0220111
  11.0400000   -0.0253186
  11.0600000   -0.0279600
  11.0800000   -0.0298938
  11.1000000   -0.0311049
  11.1200000   -0.0316051
  11.1400000   -0.0314328
  11.1600000   -0.0306495
  11.1800000   -0.0293354
  11.2000000   -0.0275837
  11.2200000   -0.0254936
  11.2400000   -0.0231639
  11.2600000   -0.0206862
  11.2800000   -0.0181402
  11.3000000   -0.0155893
  11.3200000   -0.0130785
  11.3400000   -0.0106338
  11.3600000   -0.0082634
  11.3800000   -0.0059603
  11.4000000   -0.0037057
  11.4200000   -0.0014741
  11.4400000    0.0007618
  11.4600000    0.0030259
  11.4800000    0.0053338
  11.5000000    0.0076887
  11.5200000    0.0100788
  11.5400000    0.0124758
  11.5600000    0.0148359
  11.5800000    0.0171016
  11.6000000    0.0192060
  11.6200000    0.0210776
  11.6400000    0.0226461
  11.6600000    0.0238472
  11.6800000    0.0246285
  11.7000000    0.0249521
  11.7200000    0.0247978
  11.7400000    0.0241633
  11.7600000    0.0230647
  11.7800000    0.0215346
  11.8000000    0.0196208
  11.8200000    0.0173842
  11.8400000    0.0148961
  11.8600000    0.0122366
  11.8800000    0.0094912
  11.9000000    0.0067480
  11.9200000    0.0040937
  11.9400000    0.0016094
  11.9600000   -0.0006344
  11.9800000   -0.0025828
  12.0000000   -0.0042013
  12.0200000   -0.0054786
  12.0400000   -0.0064291
  12.0600000   -0.0070921
  12.0800000   -0.0075293
  12.1000000   -0.0078197
  12.1200000   -0.0080529
  12.1400000   -0.0083215
  12.1600000   -0.0087120
  12.1800000   -0.0092978
  12.2000000   -0.0101323
  12.2200000   -0.0112442
  12.2400000   -0.0126355
  12.2600000   -0.0142816
  12.2800000   -0.0161339
  12.3000000   -0.0181243
  12.3200000   -0.0201714
  12.3400000   -0.0221875
  12.3600000   -0.0240849
  12.3800000   -0.0257827
  12.4000000   -0.0272121
  12.4200000   -0.0283195
  12.4400000   -0.0290690
  12.4600000   -0.0294426
  12.4800000   -0.0294397
  12.5000000   -0.0290749
  12.5200000   -0.0283756
  12.5400000   -0.0273801
  12.5600000   -0.0261345
  12.5800000   -0.0246909
  12.6000000   -0.0231054
  12.6200000   -0.0214357
  12.6400000   -0.0197398
  12.6600000   -0.0180728
  12.6800000   -0.0164855
  12.7000000   -0.0150212
  12.7200000   -0.0137140
  12.7400000   -0.0125871
  12.7600000   -0.0116520
  12.7800000   -0.0109098
  12.8000000   -0.0103523
  12.8200000   -0.0099651
  12.8400000   -0.0097314
  12.8600000   -0.0096356
  12.8800000   -0.0096660
  12.9000000   -0.0098177
  12.9200000   -0.0100924
  12.9400000   -0.0104980
  12.9600000   -0.0110457
  12.9800000   -0.0117469
  13.0000000   -0.0126088
  13.0200000   -0.0136308
  13.0400000   -0.0148017
  13.0600000   -0.0160983
  13.0800000   -0.0174855
  13.1000000   -0.0189187
  13.1200000   -0.0203471
  13.1400000   -0.0217183
  13.1600000   -0.0229835
  13.1800000   -0.0241025
  13.2000000   -0.0250472
  13.2200000   -0.0258046
  13.2400000   -0.0263774
  13.2600000   -0.0267830
  13.2800000   -0.0270506
  13.3000000   -0.0272168
  13.3200000   -0.0273203
  13.3400000   -0.0273962
  13.3600000   -0.0274707
  13.3800000   -0.0275565
  13.4000000   -0.0276497
  13.4200000   -0.0277290
  13.4400000   -0.0277557
  13.4600000   -0.0276768
  13.4800000   -0.0274291
  13.5000000   -0.0269438
  13.5200000   -0.0261532
  13.5400000   -0.0249957
  13.5600000   -0.0234217
  13.5800000   -0.0213968
  13.6000000   -0.0189052
  13.6200000   -0.0159505
  13.6400000   -0.0125550
  13.6600000   -0.0087580
  13.6800000   -0.0046126
  13.7000000   -0.0001817
  13.7200000    0.0044663
  13.7400000    0.0092616
  13.7600000    0.0141374
  13.7800000    0.0190334
  13.8000000    0.0238978
  13.8200000    0.0286893
  13.8400000    0.0333770
  13.8600000    0.0379397
  13.8800000    0.0423626
  13.9000000    0.0466346
  13.9200000    0.0507428
  13.9400000    0.0546680
  13.9600000    0.0583792
  13.9800000    0.0618301
  14.0000000    0.0649559
  14.0200000    0.0676736
  14.0400000    0.0698844
  14.0600000    0.0714783
  14.0800000    0.0723425
  14.1000000    0.0723704
  14.1200000    0.0714724
  14.1400000    0.0695857
  14.1600000    0.0666835
  14.1800000    0.0627804
  14.2000000    0.0579358
  14.2200000    0.0522520
  14.2400000    0.0458691
  14.2600000    0.0389559
  14.2800000    0.0316989
  14.3000000    0.0242881
  14.3200000    0.0169046
  14.3400000    0.0097082
  14.3600000    0.0028277
  14.3800000   -0.0036454
  14.4000000   -0.0096586
  14.4200000   -0.0151969
  14.4400000   -0.0202770
  14.4600000   -0.0249389
  14.4800000   -0.0292354
  14.5000000   -0.0332217
  14.5200000   -0.0369450
  14.5400000   -0.0404361
  14.5600000   -0.0437038
  14.5800000   -0.0467325
  14.6000000   -0.0494825
  14.6200000   -0.0518934
  14.6400000   -0.0538908
  14.6600000   -0.0553933
  14.6800000   -0.0563217
  14.7000000   -0.0566072
  14.7200000   -0.0561995
  14.7400000   -0.0550732
  14.7600000   -0.0532315
  14.7800000   -0.0507088
  14.8000000   -0.0475691
  14.8200000   -0.0439029
  14.8400000   -0.0398219
  14.8600000   -0.0354508
  14.8800000   -0.0309197
  14.9000000   -0.0263543
  14.9200000   -0.0218675
  14.9400000   -0.0175519
  14.9600000   -0.0134743
  14.9800000   -0.0096720
  15.0000000   -0.0061521
  15.0200000   -0.0028942
  15.0400000    0.0001456
  15.0600000    0.0030269
  15.0800000    0.0058167
  15.1000000    0.0085798
  15.1200000    0.0113691
  15.1400000    0.0142171
  15.1600000    0.0171296
  15.1800000    0.0200816
  15.2000000    0.0230169
  15.2200000    0.0258511
  15.2400000    0.0284779
  15.2600000    0.0307783
  15.2800000    0.0326322
  15.3000000    0.0339295
  15.3200000    0.0345829
  15.3400000    0.0345364
  15.3600000    0.0337727
  15.3800000    0.0323162
  15.4000000    0.0302320
  15.4200000    0.0276208
  15.4400000    0.0246108
  15.4600000    0.0213472
  15.4800000    0.0179809
  15.5000000    0.0146571
  15.5200000    0.0115053
  15.5400000    0.0086320
  15.5600000    0.0061160
  15.5800000    0.0040064
  15.6000000    0.0023241
  15.6200000    0.0010645
  15.6400000    0.0002032
  15.6600000   -0.0002990
  15.6800000   -0.0004900
  15.7000000   -0.0004210
  15.7200000   -0.0001425
  15.7400000    0.0002998
  15.7600000    0.0008664
  15.7800000    0.0015252
  15.8000000    0.0022520
  15.8200000    0.0030296
  15.8400000    0.0038468
  15.8600000    0.0046968
  15.8800000    0.0055758
  15.9000000    0.0064815
  15.9200000    0.0074110
  15.9400000    0.0083595
  15.9600000    0.0093195
  15.9800000    0.0102798
  16.0000000    0.0112253
  16.0200000    0.0121376
  16.0400000    0.0129957
  16.0600000    0.0137771
  16.0800000    0.0144590
  16.1000000    0.0150194
  16.1200000    0.0154377
  16.1400000    0.0156949
  16.1600000    0.0157731
  16.1800000    0.0156549
  16.2000000    0.0153228
  16.2200000    0.0147584
  16.2400000    0.0139428
  16.2600000    0.0128576
  16.2800000    0.0114864
  16.3000000    0.0098177
  16.3200000    0.0078478
  16.3400000    0.0055838
  16.3600000    0.0030455
  16.3800000    0.0002679
  16.4000000   -0.0026994
  16.4200000   -0.0057927
  16.4400000   -0.0089365
  16.4600000   -0.0120463
  16.4800000   -0.0150323
  16.5000000   -0.0178031
  16.5200000   -0.0202696
  16.5400000   -0.0223483
  16.5600000   -0.0239650
  16.5800000   -0.0250580
  16.6000000   -0.0255813
  16.6200000   -0.0255081
  16.6400000   -0.0248335
  16.6600000   -0.0235772
  16.6800000   -0.0217841
  16.7000000   -0.0195245
  16.7200000   -0.0168914
  16.7400000   -0.0139958
  16.7600000   -0.0109598
  16.7800000   -0.0079086
  16.8000000   -0.0049609
  16.8200000   -0.0022200
  16.8400000    0.0002345
  16.8600000    0.0023519
  16.8800000    0.0041136
  16.9000000    0.0055330
  16.9200000    0.0066516
  16.9400000    0.0075333
  16.9600000    0.0082567
  16.9800000    0.0089058
  17.0000000    0.0095618
  17.0200000    0.0102952
  17.0400000    0.0111604
  17.0600000    0.0121918
  17.0800000    0.0134027
  17.1000000    0.0147864
  17.1200000    0.0163186
  17.1400000    0.0179616
  17.1600000    0.0196682
  17.1800000    0.0213864
  17.2000000    0.0230624
  17.2200000    0.0246434
  17.2400000    0.0260786
  17.2600000    0.0273198
  17.2800000    0.0283207
  17.3000000    0.0290370
  17.3200000    0.0294256
  17.3400000    0.0294462
  17.3600000    0.0290625
  17.3800000    0.0282460
  17.4000000    0.0269793
  17.4200000    0.0252614
  17.4400000    0.0231110
  17.4600000    0.0205701
  17.4800000    0.0177046
  17.5000000    0.0146027
  17.5200000    0.0113713
  17.5400000    0.0081285
  17.5600000    0.0049954
  17.5800000    0.0020860
  17.6000000   -0.0005020
  17.6200000   -0.0026958
  17.6400000   -0.0044536
  17.6600000   -0.0057665
  17.6800000   -0.0066589
  17.7000000   -0.0071831
  17.7200000   -0.0074131
  17.7400000   -0.0074355
  17.7600000   -0.0073396
  17.7800000   -0.0072085
  17.8000000   -0.0071116
  17.8200000   -0.0070986
  17.8400000   -0.0071975
  17.8600000   -0.0074142
  17.8800000   -0.0077353
  17.9000000   -0.0081321
  17.9200000   -0.0085660
  17.9400000   -0.0089941
  17.9600000   -0.0093748
  17.9800000   -0.0096716
  18.0000000   -0.0098562
  18.0200000   -0.0099106
  18.0400000   -0.0098269
  18.0600000   -0.0096065
  18.0800000   -0.0092588
  18.1000000   -0.0087981
  18.1200000   -0.0082416
  18.1400000   -0.0076063
  18.1600000   -0.0069078
  18.1800000   -0.0061578
  18.2000000   -0.0053641
  18.2200000   -0.0045304
  18.2400000   -0.0036574
  18.2600000   -0.0027444
  18.2800000   -0.0017914
  18.3000000   -0.0008013
  18.3200000    0.0002182
  18.3400000    0.0012523
  18.3600000    0.0022789
  18.3800000    0.0032682
  18.4000000    0.0041836
  18.4200000    0.0049836
  18.4400000    0.0056248
  18.4600000    0.0060648
  18.4800000    0.0062660
  18.5000000    0.0061993
  18.5200000    0.0058466
  18.5400000    0.0052041
  18.5600000    0.0042830
  18.5800000    0.0031101
  18.6000000    0.0017271
  18.6200000    0.0001881
  18.6400000   -0.0014430
  18.6600000   -0.0030967
  18.6800000   -0.0047021
  18.7000000   -0.0061914
  18.7200000   -0.0075041
  18.7400000   -0.0085907
  18.7600000   -0.0094151
  18.7800000   -0.0099563
  18.8000000   -0.0102082
  18.8200000   -0.0101786
  18.8400000   -0.0098865
  18.8600000   -0.0093591
  18.8800000   -0.0086275
  18.9000000   -0.0077230
  18.9200000   -0.0066738
  18.9400000   -0.0055024
  18.9600000   -0.0042238
  18.9800000   -0.0028460
  19.0000000   -0.0013703
  19.0200000    0.0002057
  19.0400000    0.0018864
  19.0600000    0.0036746
  19.0800000    0.0055689
  19.1000000    0.0075622
  19.1200000    0.0096397
  19.1400000    0.0117791
  19.1600000    0.0139513
  19.1800000    0.0161216
  19.2000000    0.0182521
  19.2200000    0.0203034
  19.2400000    0.0222374
  19.2600000    0.0240188
  19.2800000    0.0256164
  19.3000000    0.0270040
  19.3200000    0.0281603
  19.3400000    0.0290685
  19.3600000    0.0297155
  19.3800000    0.0300911
  19.4000000    0.0301870
  19.4200000    0.0299963
  19.4400000    0.0295132
  19.4600000    0.0287332
  19.4800000    0.0276534
  19.5000000    0.0262732
  19.5200000    0.0245950
  19.5400000    0.0226243
  19.5600000    0.0203706
  19.5800000    0.0178466
  19.6000000    0.0150684
  19.6200000    0.0120548
  19.6400000    0.0088270
  19.6600000    0.0054079
  19.6800000    0.0018221
  19.7000000   -0.0019044
  19.7200000   -0.0057435
  19.7400000   -0.0096649
  19.7600000   -0.0136354
  19.7800000   -0.0176184
  19.8000000   -0.0215734
  19.8200000   -0.0254560
  19.8400000   -0.0292180
  19.8600000   -0.0328076
  19.8800000   -0.0361704
  19.9000000   -0.0392504
  19.9200000   -0.0419915
  19.9400000   -0.0443390
  19.9600000   -0.0462420
  19.9800000   -0.0476558
  20.0000000   -0.0485438
  20.0200000   -0.0488808
  20.0400000   -0.0486551
  20.0600000   -0.0478704
  20.0800000   -0.0465474
  20.1000000   -0.0447237
  20.1200000   -0.0424526
  20.1400000   -0.0398011
  20.1600000   -0.0368453
  20.1800000   -0.0336658
  20.2000000   -0.0303418
  20.2200000   -0.0269450
  20.2400000   -0.0235347
  20.2600000   -0.0201534
  20.2800000   -0.0168249
  20.3000000   -0.0135545
  20.3200000   -0.0103308
  20.3400000   -0.0071300
  20.3600000   -0.0039220
  20.3800000   -0.0006756
  20.4000000    0.0026343
  20.4200000    0.0060227
  20.4400000    0.0094904
  20.4600000    0.0130230
  20.4800000    0.0165917
  20.5000000    0.0201554
  20.5200000    0.0236653
  20.5400000    0.0270691
  20.5600000    0.0303158
  20.5800000    0.0333591
  20.6000000    0.0361606
  20.6200000    0.0386904
  20.6400000    0.0409272
  20.6600000    0.0428563
  20.6800000    0.0444681
  20.7000000    0.0457551
  20.7200000    0.0467104
  20.7400000    0.0473262
  20.7600000    0.0475933
  20.7800000    0.0475019
  20.8000000    0.0470419
  20.8200000    0.0462050
  20.8400000    0.0449852
  20.8600000    0.0433799
  20.8800000    0.0413906
  20.9000000    0.0390226
  20.9200000    0.0362857
  20.9400000    0.0331939
  20.9600000    0.0297667
  20.9800000    0.0260300
  21.0000000    0.0220179
  21.0200000    0.0177750
  21.0400000    0.0133572
  21.0600000    0.0088333
  21.0800000    0.0042840
  21.1000000   -0.0001997
  21.1200000   -0.0045208
  21.1400000   -0.0085808
  21.1600000   -0.0122867
  21.1800000   -0.0155574
  21.2000000   -0.0183300
  21.2200000   -0.0205651
  21.2400000   -0.0222500
  21.2600000   -0.0233994
  21.2800000   -0.0240539
  21.3000000   -0.0242758
  21.3200000   -0.0241432
  21.3400000   -0.0237421
  21.3600000   -0.0231590
  21.3800000   -0.0224734
  21.4000000   -0.0217514
  21.4200000   -0.0210419
  21.4400000   -0.0203738
  21.4600000   -0.0197562
  21.4800000   -0.0191799
  21.5000000   -0.0186205
  21.5200000   -0.0180420
  21.5400000   -0.0174011
  21.5600000   -0.0166501
  21.5800000   -0.0157408
  21.6000000   -0.0146267
  21.6200000   -0.0132650
  21.6400000   -0.0116185
  21.6600000   -0.0096578
  21.6800000   -0.0073626
  21.7000000   -0.0047245
  21.7200000   -0.0017488
  21.7400000    0.0015429
  21.7600000    0.0051120
  21.7800000    0.0089017
  21.8000000    0.0128377
  21.8200000    0.0168312
  21.8400000    0.0207813
  21.8600000    0.0245807
  21.8800000    0.0281205
  21.9000000    0.0312965
  21.9200000    0.0340144
  21.9400000    0.0361949
  21.9600000    0.0377777
  21.9800000    0.0387236
  22.0000000    0.0390153
  22.0200000    0.0386575
  22.0400000    0.0376747
  22.0600000    0.0361083
  22.0800000    0.0340136
  22.1000000    0.0314552
  22.1200000    0.0285041
  22.1400000    0.0252333
  22.1600000    0.0217155
  22.1800000    0.0180207
  22.2000000    0.0142150
  22.2200000    0.0103598
  22.2400000    0.0065119
  22.2600000    0.0027242
  22.2800000   -0.0009538
  22.3000000   -0.0044751
  22.3200000   -0.0077951
  22.3400000   -0.0108711
  22.3600000   -0.0136633
  22.3800000   -0.0161357
  22.4000000   -0.0182580
  22.4200000   -0.0200074
  22.4400000   -0.0213710
  22.4600000   -0.0223469
  22.4800000   -0.0229459
  22.5000000   -0.0231913
  22.5200000   -0.0231180
  22.5400000   -0.0227704
  22.5600000   -0.0221995
  22.5800000   -0.0214584
  22.6000000   -0.0205989
  22.6200000   -0.0196665
  22.6400000   -0.0186972
  22.6600000   -0.0177147
  22.6800000   -0.0167288
  22.7000000   -0.0157352
  22.7200000   -0.0147168
  22.7400000   -0.0136450
  22.7600000   -0.0124840
  22.7800000   -0.0111933
  22.8000000   -0.0097324
  22.8200000   -0.0080642
  22.8400000   -0.0061592
  22.8600000   -0.0039985
  22.8800000   -0.0015761
  22.9000000    0.0010991
  22.9200000    0.0040026
  22.9400000    0.0070949
  22.9600000    0.0103231
  22.9800000    0.0136232
  23.0000000    0.0169234
  23.0200000    0.0201488
  23.0400000    0.0232250
  23.0600000    0.0260826
  23.0800000    0.0286607
  23.1000000    0.0309099
  23.1200000    0.0327936
  23.1400000    0.0342886
  23.1600000    0.0353849
  23.1800000    0.0360833
  23.2000000    0.0363942
  23.2200000    0.0363343
  23.2400000    0.0359250
  23.2600000    0.0351897
  23.2800000    0.0341524
  23.3000000    0.0328371
  23.3200000    0.0312669
  23.3400000    0.0294646
  23.3600000    0.0274531
  23.3800000    0.0252560
  23.4000000    0.0228983
  23.4200000    0.0204066
  23.4400000    0.0178092
  23.4600000    0.0151357
  23.4800000    0.0124156
  23.5000000    0.0096774
  23.5200000    0.0069469
  23.5400000    0.0042455
  23.5600000    0.0015891
  23.5800000   -0.0010127
  23.6000000   -0.0035562
  23.6200000   -0.0060430
  23.6400000   -0.0084779
  23.6600000   -0.0108662
  23.6800000   -0.0132107
  23.7000000   -0.0155085
  23.7200000   -0.0177478
  23.7400000   -0.0199062
  23.7600000   -0.0219494
  23.7800000   -0.0238322
  23.8000000   -0.0255000
  23.8200000   -0.0268927
  23.8400000   -0.0279494
  23.8600000   -0.0286137
  23.8800000   -0.0288396
  23.9000000   -0.0285965
  23.9200000   -0.0278735
  23.9400000   -0.0266822
  23.9600000   -0.0250574
  23.9800000   -0.0230559
  24.0000000   -0.0207526
  24.0200000   -0.0182359
  24.0400000   -0.0156008
  24.0600000   -0.0129417
  24.0800000   -0.0103461
  24.1000000   -0.0078877
  24.1200000   -0.0056229
  24.1400000   -0.0035884
  24.1600000   -0.0018011
  24.1800000   -0.0002606
  24.2000000    0.0010466
  24.2200000    0.0021422
  24.2400000    0.0030505
  24.2600000    0.0037937
  24.2800000    0.0043888
  24.3000000    0.0048453
  24.3200000    0.0051658
  24.3400000    0.0053476
  24.3600000    0.0053862
  24.3800000    0.0052782
  24.4000000    0.0050252
  24.4200000    0.0046356
  24.4400000    0.0041255
  24.4600000    0.0035183
  24.4800000    0.0028423
  24.5000000    0.0021273
  24.5200000    0.0014009
  24.5400000    0.0006854
  24.5600000   -0.0000054
  24.5800000   -0.0006673
  24.6000000   -0.0013057
  24.6200000   -0.0019339
  24.6400000   -0.0025705
  24.6600000   -0.0032352
  24.6800000   -0.0039449
  24.7000000   -0.0047099
  24.7200000   -0.0055303
  24.7400000   -0.0063936
  24.7600000   -0.0072744
  24.7800000   -0.0081340
  24.8000000   -0.0089234
  24.8200000   -0.0095860
  24.8400000   -0.0100626
  24.8600000   -0.0102968
  24.8800000   -0.0102404
  24.9000000   -0.0098587
  24.9200000   -0.0091347
  24.9400000   -0.0080722
  24.9600000   -0.0066966
  24.9800000   -0.0050539
  25.0000000   -0.0032079
  25.0200000   -0.0012353
  25.0400000    0.0007795
  25.0600000    0.0027512
  25.0800000    0.0045995
  25.1000000    0.0062539
  25.1200000    0.0076581
  25.1400000    0.0087720
  25.1600000    0.0095722
  25.1800000    0.0100514
  25.2000000    0.0102161
  25.2200000    0.0100841
  25.2400000    0.0096808
  25.2600000    0.0090365
  25.2800000    0.0081838
  25.3000000    0.0071554
  25.3200000    0.0059830
  25.3400000    0.0046966
  25.3600000    0.0033249
  25.3800000    0.0018949
  25.4000000    0.0004332
  25.4200000   -0.0010339
  25.4400000   -0.0024806
  25.4600000   -0.0038817
  25.4800000   -0.0052135
  25.5000000   -0.0064555
  25.5200000   -0.0075918
  25.5400000   -0.0086126
  25.5600000   -0.0095160
  25.5800000   -0.0103076
  25.6000000   -0.0110009
  25.6200000   -0.0116154
  25.6400000   -0.0121740
  25.6600000   -0.0126998
  25.6800000   -0.0132126
  25.7000000   -0.0137253
  25.7200000   -0.0142413
  25.7400000   -0.0147530
  25.7600000   -0.0152415
  25.7800000   -0.0156785
  25.8000000   -0.0160290
  25.8200000   -0.0162552
  25.8400000   -0.0163213
  25.8600000   -0.0161978
  25.8800000   -0.0158660
  25.9000000   -0.0153210
  25.9200000   -0.0145740
  25.9400000   -0.0136522
  25.9600000   -0.0125979
  25.9800000   -0.0114661
  26.0000000   -0.0103201
  26.0200000   -0.0092265
  26.0400000   -0.0082497
  26.0600000   -0.0074456
  26.0800000   -0.0068568
  26.1000000   -0.0065074
  26.1200000   -0.0064007
  26.1400000   -0.0065180
  26.1600000   -0.0068197
  26.1800000   -0.0072489
  26.2000000   -0.0077361
  26.2200000   -0.0082065
  26.2400000   -0.0085862
  26.2600000   -0.0088102
  26.2800000   -0.0088275
  26.3000000   -0.0086065
  26.3200000   -0.0081369
  26.3400000   -0.0074299
  26.3600000   -0.0065165
  26.3800000   -0.0054427
  26.4000000   -0.0042644
  26.4200000   -0.0030406
  26.4400000   -0.0018269
  26.4600000   -0.0006692
  26.4800000    0.0004008
  26.5000000    0.0013685
  26.5200000    0.0022374
  26.5400000    0.0030274
  26.5600000    0.0037715
  26.5800000    0.0045103
  26.6000000    0.0052864
  26.6200000    0.0061373
  26.6400000    0.0070905
  26.6600000    0.0081578
  26.6800000    0.0093334
  26.7000000    0.0105926
  26.7200000    0.0118938
  26.7400000    0.0131813
  26.7600000    0.0143908
  26.7800000    0.0154552
  26.8000000    0.0163109
  26.8200000    0.0169031
  26.8400000    0.0171913
  26.8600000    0.0171520
  26.8800000    0.0167802
  26.9000000    0.0160887
  26.9200000    0.0151063
  26.9400000    0.0138736
  26.9600000    0.0124386
  26.9800000    0.0108511
  27.0000000    0.0091584
  27.0200000    0.0074001
  27.0400000    0.0056053
  27.0600000    0.0037903
  27.0800000    0.0019585
  27.1000000    0.0001011
  27.1200000   -0.0018004
  27.1400000   -0.0037702
  27.1600000   -0.0058344
  27.1800000   -0.0080162
  27.2000000   -0.0103315
  27.2200000   -0.0127851
  27.2400000   -0.0153678
  27.2600000   -0.0180550
  27.2800000   -0.0208066
  27.3000000   -0.0235684
  27.3200000   -0.0262748
  27.3400000   -0.0288527
  27.3600000   -0.0312252
  27.3800000   -0.0333168
  27.4000000   -0.0350575
  27.4200000   -0.0363860
  27.4400000   -0.0372529
  27.4600000   -0.0376218
  27.4800000   -0.0374704
  27.5000000   -0.0367895
  27.5200000   -0.0355821
  27.5400000   -0.0338614
  27.5600000   -0.0316493
  27.5800000   -0.0289746
  27.6000000   -0.0258717
  27.6200000   -0.0223800
  27.6400000   -0.0185436
  27.6600000   -0.0144113
  27.6800000   -0.0100377
  27.7000000   -0.0054827
  27.7200000   -0.0008121
  27.7400000    0.0039033
  27.7600000    0.0085891
  27.7800000    0.0131696
  27.8000000    0.0175707
  27.8200000    0.0217231
  27.8400000    0.0255652
  27.8600000    0.0290463
  27.8800000    0.0321275
  27.9000000    0.0347827
  27.9200000    0.0369975
  27.9400000    0.0387672
  27.9600000    0.0400936
  27.9800000    0.0409826
  28.0000000    0.0414412
  28.0200000    0.0414756
  28.0400000    0.0410919
  28.0600000    0.0402962
  28.0800000    0.0390981
  28.1000000    0.0375131
  28.1200000    0.0355668
  28.1400000    0.0332970
  28.1600000    0.0307551
  28.1800000    0.0280055
  28.2000000    0.0251228
  28.2200000    0.0221875
  28.2400000    0.0192797
  28.2600000    0.0164729
  28.2800000    0.0138278
  28.3000000    0.0113873
  28.3200000    0.0091733
  28.3400000    0.0071861
  28.3600000    0.0054055
  28.3800000    0.0037950
  28.4000000    0.0023067
  28.4200000    0.0008879
  28.4400000   -0.0005129
  28.4600000   -0.0019395
  28.4800000   -0.0034238
  28.5000000   -0.0049831
  28.5200000   -0.0066182
  28.5400000   -0.0083145
  28.5600000   -0.0100438
  28.5800000   -0.0117674
  28.6000000   -0.0134395
  28.6200000   -0.0150109
  28.6400000   -0.0164319
  28.6600000   -0.0176557
  28.6800000   -0.0186400
  28.7000000   -0.0193491
  28.7200000   -0.0197550
  28.7400000   -0.0198389
  28.7600000   -0.0195924
  28.7800000   -0.0190188
  28.8000000   -0.0181344
  28.8200000   -0.0169691
  28.8400000   -0.0155675
  28.8600000   -0.0139883
  28.8800000   -0.0123028
  28.9000000   -0.0105923
  28.9200000   -0.0089449
  28.9400000   -0.0074495
  28.9600000   -0.0061910
  28.9800000   -0.0052438
  29.0000000   -0.0046656
  29.0200000   -0.0044925
  29.0400000   -0.0047347
  29.0600000   -0.0053746
  29.0800000   -0.0063665
  29.1000000   -0.0076389
  29.1200000   -0.0090995
  29.1400000   -0.0106412
  29.1600000   -0.0121511
  29.1800000   -0.0135195
  29.2000000   -0.0146488
  29.2200000   -0.0154627
  29.2400000   -0.0159126
  29.2600000   -0.0159820
  29.2800000   -0.0156884
  29.3000000   -0.0150809
  29.3200000   -0.0142359
  29.3400000   -0.0132491
  29.3600000   -0.0122262
  29.3800000   -0.0112719
  29.4000000   -0.0104798
  29.4200000   -0.0099221
  29.4400000   -0.0096430
  29.4600000   -0.0096538
  29.4800000   -0.0099314
  29.5000000   -0.0104214
  29.5200000   -0.0110427
  29.5400000   -0.0116957
  29.5600000   -0.0122723
  29.5800000   -0.0126656
  29.6000000   -0.0127804
  29.6200000   -0.0125414
  29.6400000   -0.0118998
  29.6600000   -0.0108368
  29.6800000   -0.0093650
  29.7000000   -0.0075267
  29.7200000   -0.0053896
  29.7400000   -0.0030409
  29.7600000   -0.0005804
  29.7800000    0.0018874
  29.8000000    0.0042611
  29.8200000    0.0064495
  29.8400000    0.0083779
  29.8600000    0.0099928
  29.8800000    0.0112651
  29.9000000    0.0121914
  29.9200000    0.0127936
  29.9400000    0.0131164
  29.9600000    0.0132228
  29.9800000    0.0131892
  30.0000000    0.0130986
