 -10.0000000   -0.0106003
  -9.9800000   -0.0138241
  -9.9600000   -0.0166281
  -9.9400000   -0.0187943
  -9.9200000   -0.0201502
  -9.9000000   -0.0205837
  -9.8800000   -0.0200516
  -9.8600000   -0.0185809
  -9.8400000   -0.0162645
  -9.8200000   -0.0132497
  -9.8000000   -0.0097237
  -9.7800000   -0.0058962
  -9.7600000   -0.0019823
  -9.7400000    0.0018138
  -9.7200000    0.0053110
  -9.7000000    0.0083599
  -9.6800000    0.0108473
  -9.6600000    0.0126969
  -9.6400000    0.0138663
  -9.6200000    0.0143430
  -9.6000000    0.0141391
  -9.5800000    0.0132863
  -9.5600000    0.0118313
  -9.5400000    0.0098323
  -9.5200000    0.0073559
  -9.5000000    0.0044746
  -9.4800000    0.0012638
  -9.4600000   -0.0022012
  -9.4400000   -0.0058493
  -9.4200000   -0.0096167
  -9.4000000   -0.0134503
  -9.3800000   -0.0173101
  -9.3600000   -0.0211690
  -9.3400000   -0.0250119
  -9.3200000   -0.0288320
  -9.3000000   -0.0326266
  -9.2800000   -0.0363920
  -9.2600000   -0.0401190
  -9.2400000   -0.0437895
  -9.2200000   -0.0473755
  -9.2000000   -0.0508393
  -9.1800000   -0.0541360
  -9.1600000   -0.0572165
  -9.1400000   -0.0600311
  -9.1200000   -0.0625318
  -9.1000000   -0.0646743
  -9.0800000   -0.0664168
  -9.0600000   -0.0677192
  -9.0400000   -0.0685403
  -9.0200000   -0.0688347
  -9.0000000   -0.0685511
  -8.9800000   -0.0676320
  -8.9600000   -0.0660147
  -8.9400000   -0.0636361
  -8.9200000   -0.0604379
  -8.9000000   -0.0563753
  -8.8800000   -0.0514246
  -8.8600000   -0.0455915
  -8.8400000   -0.0389178
  -8.8200000   -0.0314845
  -8.8000000   -0.0234131
  -8.7800000   -0.0148617
  -8.7600000   -0.0060184
  -8.7400000    0.0029085
  -8.7200000    0.0117020
  -8.7000000    0.0201496
  -8.6800000    0.0280550
  -8.6600000    0.0352494
  -8.6400000    0.0415998
  -8.6200000    0.0470148
  -8.6000000    0.0514477
  -8.5800000    0.0548965
  -8.5600000    0.0574016
  -8.5400000    0.0590411
  -8.5200000    0.0599238
  -8.5000000    0.0601805
  -8.4800000    0.0599535
  -8.4600000    0.0593844
  -8.4400000    0.0586007
  -8.4200000    0.0577027
  -8.4000000    0.0567503
  -8.3800000    0.0557532
  -8.3600000    0.0546641
  -8.3400000    0.0533782
  -8.3200000    0.0517378
  -8.3000000    0.0495447
  -8.2800000    0.0465787
  -8.2600000    0.0426206
  -8.2400000    0.0374784
  -8.2200000    0.0310138
  -8.2000000    0.0231654
  -8.1800000    0.0139665
  -8.1600000    0.0035558
  -8.1400000   -0.0078220
  -8.1200000   -0.0198244
  -8.1000000   -0.0320273
  -8.0800000   -0.0439499
  -8.0600000   -0.0550825
  -8.0400000   -0.0649177
  -8.0200000   -0.0729811
  -8.0000000   -0.0788590
  -7.9800000   -0.0822224
  -7.9600000   -0.0828452
  -7.9400000   -0.0806154
  -7.9200000   -0.0755409
  -7.9000000   -0.0677474
  -7.8800000   -0.0574705
  -7.8600000   -0.0450425
  -7.8400000   -0.0308739
  -7.8200000   -0.0154313
  -7.8000000    0.0007865
  -7.7800000    0.0172735
  -7.7600000    0.0335405
  -7.7400000    0.0491369
  -7.7200000    0.0636675
  -7.7000000    0.0768063
  -7.6800000    0.0883031
  -7.6600000    0.0979852
  -7.6400000    0.1057544
  -7.6200000    0.1115790
  -7.6000000    0.1154827
  -7.5800000    0.1175322
  -7.5600000    0.1178234
  -7.5400000    0.1164693
  -7.5200000    0.1135891
  -7.5000000    0.1093014
  -7.4800000    0.1037199
  -7.4600000    0.0969539
  -7.4400000    0.0891125
  -7.4200000    0.0803114
  -7.4000000    0.0706819
  -7.3800000    0.0603794
  -7.3600000    0.0495906
  -7.3400000    0.0385363
  -7.3200000    0.0274690
  -7.3000000    0.0166649
  -7.2800000    0.0064095
  -7.2600000   -0.0030210
  -7.2400000   -0.0113805
  -7.2200000   -0.0184739
  -7.2000000   -0.0241745
  -7.1800000   -0.0284357
  -7.1600000   -0.0312954
  -7.1400000   -0.0328721
  -7.1200000   -0.0333535
  -7.1000000   -0.0329791
  -7.0800000   -0.0320182
  -7.0600000   -0.0307475
  -7.0400000   -0.0294293
  -7.0200000   -0.0282927
  -7.0000000   -0.0275201
  -6.9800000   -0.0272390
  -6.9600000   -0.0275192
  -6.9400000   -0.0283753
  -6.9200000   -0.0297735
  -6.9000000   -0.0316411
  -6.8800000   -0.0338779
  -6.8600000   -0.0363674
  -6.8400000   -0.0389878
  -6.8200000   -0.0416206
  -6.8000000   -0.0441560
  -6.7800000   -0.0464957
  -6.7600000   -0.0485531
  -6.7400000   -0.0502510
  -6.7200000   -0.0515182
  -6.7000000   -0.0522870
  -6.6800000   -0.0524914
  -6.6600000   -0.0520686
  -6.6400000   -0.0509619
  -6.6200000   -0.0491274
  -6.6000000   -0.0465403
  -6.5800000   -0.0432019
  -6.5600000   -0.0391445
  -6.5400000   -0.0344328
  -6.5200000   -0.0291622
  -6.5000000   -0.0234530
  -6.4800000   -0.0174417
  -6.4600000   -0.0112713
  -6.4400000   -0.0050820
  -6.4200000    0.0009967
  -6.4000000    0.0068504
  -6.3800000    0.0123819
  -6.3600000    0.0175095
  -6.3400000    0.0221648
  -6.3200000    0.0262899
  -6.3000000    0.0298356
  -6.2800000    0.0327625
  -6.2600000    0.0350439
  -6.2400000    0.0366709
  -6.2200000    0.0376582
  -6.2000000    0.0380491
  -6.1800000    0.0379180
  -6.1600000    0.0373692
  -6.1400000    0.0365309
  -6.1200000    0.0355457
  -6.1000000    0.0345571
  -6.0800000    0.0336954
  -6.0600000    0.0330642
  -6.0400000    0.0327311
  -6.0200000    0.0327221
  -6.0000000    0.0330236
  -5.9800000    0.0335894
  -5.9600000    0.0343529
  -5.9400000    0.0352418
  -5.9200000    0.0361923
  -5.9000000    0.0371609
  -5.8800000    0.0381308
  -5.8600000    0.0391114
  -5.8400000    0.0401318
  -5.8200000    0.0412285
  -5.8000000    0.0424304
  -5.7800000    0.0437433
  -5.7600000    0.0451382
  -5.7400000    0.0465441
  -5.7200000    0.0478491
  -5.7000000    0.0489088
  -5.6800000    0.0495602
  -5.6600000    0.0496410
  -5.6400000    0.0490087
  -5.6200000    0.0475587
  -5.6000000    0.0452358
  -5.5800000    0.0420403
  -5.5600000    0.0380248
  -5.5400000    0.0332852
  -5.5200000    0.0279459
  -5.5000000    0.0221422
  -5.4800000    0.0160042
  -5.4600000    0.0096423
  -5.4400000    0.0031403
  -5.4200000   -0.0034472
  -5.4000000   -0.0100892
  -5.3800000   -0.0167684
  -5.3600000   -0.0234677
  -5.3400000   -0.0301562
  -5.3200000   -0.0367772
  -5.3000000   -0.0432397
  -5.2800000   -0.0494168
  -5.2600000   -0.0551482
  -5.2400000   -0.0602504
  -5.2200000   -0.0645297
  -5.2000000   -0.0677982
  -5.1800000   -0.0698899
  -5.1600000   -0.0706750
  -5.1400000   -0.0700712
  -5.1200000   -0.0680506
  -5.1000000   -0.0646416
  -5.0800000   -0.0599269
  -5.0600000   -0.0540377
  -5.0400000   -0.0471447
  -5.0200000   -0.0394482
  -5.0000000   -0.0311659
  -4.9800000   -0.0225217
  -4.9600000   -0.0137342
  -4.9400000   -0.0050073
  -4.9200000    0.0034791
  -4.9000000    0.0115741
  -4.8800000    0.0191605
  -4.8600000    0.0261543
  -4.8400000    0.0325035
  -4.8200000    0.0381830
  -4.8000000    0.0431892
  -4.7800000    0.0475322
  -4.7600000    0.0512306
  -4.7400000    0.0543053
  -4.7200000    0.0567770
  -4.7000000    0.0586647
  -4.6800000    0.0599867
  -4.6600000    0.0607620
  -4.6400000    0.0610124
  -4.6200000    0.0607643
  -4.6000000    0.0600483
  -4.5800000    0.0588977
  -4.5600000    0.0573452
  -4.5400000    0.0554184
  -4.5200000    0.0531356
  -4.5000000    0.0505014
  -4.4800000    0.0475047
  -4.4600000    0.0441188
  -4.4400000    0.0403049
  -4.4200000    0.0360178
  -4.4000000    0.0312148
  -4.3800000    0.0258657
  -4.3600000    0.0199643
  -4.3400000    0.0135377
  -4.3200000    0.0066549
  -4.3000000   -0.0005699
  -4.2800000   -0.0079767
  -4.2600000   -0.0153658
  -4.2400000   -0.0225080
  -4.2200000   -0.0291597
  -4.2000000   -0.0350802
  -4.1800000   -0.0400512
  -4.1600000   -0.0438943
  -4.1400000   -0.0464863
  -4.1200000   -0.0477691
  -4.1000000   -0.0477538
  -4.0800000   -0.0465183
  -4.0600000   -0.0441989
  -4.0400000   -0.0409765
  -4.0200000   -0.0370598
  -4.0000000   -0.0326672
  -3.9800000   -0.0280088
  -3.9600000   -0.0232720
  -3.9400000   -0.0186102
  -3.9200000   -0.0141367
  -3.9000000   -0.0099242
  -3.8800000   -0.0060079
  -3.8600000   -0.0023936
  -3.8400000    0.0009320
  -3.8200000    0.0039901
  -3.8000000    0.0067981
  -3.7800000    0.0093612
  -3.7600000    0.0116652
  -3.7400000    0.0136753
  -3.7200000    0.0153372
  -3.7000000    0.0165837
  -3.6800000    0.0173433
  -3.6600000    0.0175514
  -3.6400000    0.0171615
  -3.6200000    0.0161547
  -3.6000000    0.0145468
  -3.5800000    0.0123909
  -3.5600000    0.0097764
  -3.5400000    0.0068236
  -3.5200000    0.0036750
  -3.5000000    0.0004852
  -3.4800000   -0.0025899
  -3.4600000   -0.0054027
  -3.4400000   -0.0078218
  -3.4200000   -0.0097377
  -3.4000000   -0.0110659
  -3.3800000   -0.0117490
  -3.3600000   -0.0117572
  -3.3400000   -0.0110892
  -3.3200000   -0.0097725
  -3.3000000   -0.0078645
  -3.2800000   -0.0054526
  -3.2600000   -0.0026541
  -3.2400000    0.0003871
  -3.2200000    0.0035051
  -3.2000000    0.0065213
  -3.1800000    0.0092553
  -3.1600000    0.0115390
  -3.1400000    0.0132305
  -3.1200000    0.0142287
  -3.1000000    0.0144835
  -3.0800000    0.0140035
  -3.0600000    0.0128575
  -3.0400000    0.0111708
  -3.0200000    0.0091159
  -3.0000000    0.0068993
  -2.9800000    0.0047450
  -2.9600000    0.0028779
  -2.9400000    0.0015069
  -2.9200000    0.0008119
  -2.9000000    0.0009331
  -2.8800000    0.0019643
  -2.8600000    0.0039509
  -2.8400000    0.0068896
  -2.8200000    0.0107316
  -2.8000000    0.0153868
  -2.7800000    0.0207279
  -2.7600000    0.0265963
  -2.7400000    0.0328067
  -2.7200000    0.0391526
  -2.7000000    0.0454133
  -2.6800000    0.0513609
  -2.6600000    0.0567699
  -2.6400000    0.0614284
  -2.6200000    0.0651497
  -2.6000000    0.0677853
  -2.5800000    0.0692369
  -2.5600000    0.0694661
  -2.5400000    0.0685013
  -2.5200000    0.0664399
  -2.5000000    0.0634453
  -2.4800000    0.0597387
  -2.4600000    0.0555853
  -2.4400000    0.0512766
  -2.4200000    0.0471097
  -2.4000000    0.0433656
  -2.3800000    0.0402879
  -2.3600000    0.0380656
  -2.3400000    0.0368195
  -2.3200000    0.0365948
  -2.3000000    0.0373614
  -2.2800000    0.0390204
  -2.2600000    0.0414168
  -2.2400000    0.0443576
  -2.2200000    0.0476329
  -2.2000000    0.0510378
  -2.1800000    0.0543926
  -2.1600000    0.0575599
  -2.1400000    0.0604566
  -2.1200000    0.0630589
  -2.1000000    0.0654017
  -2.0800000    0.0675712
  -2.0600000    0.0696919
  -2.0400000    0.0719108
  -2.0200000    0.0743783
  -2.0000000    0.0772305
  -1.9800000    0.0805721
  -1.9600000    0.0844632
  -1.9400000    0.0889109
  -1.9200000    0.0938655
  -1.9000000    0.0992218
  -1.8800000    0.1048259
  -1.8600000    0.1104838
  -1.8400000    0.1159741
  -1.8200000    0.1210598
  -1.8000000    0.1255008
  -1.7800000    0.1290653
  -1.7600000    0.1315397
  -1.7400000    0.1327373
  -1.7200000    0.1325070
  -1.7000000    0.1307410
  -1.6800000    0.1273838
  -1.6600000    0.1224390
  -1.6400000    0.1159762
  -1.6200000    0.1081339
  -1.6000000    0.0991180
  -1.5800000    0.0891939
  -1.5600000    0.0786724
  -1.5400000    0.0678879
  -1.5200000    0.0571727
  -1.5000000    0.0468287
  -1.4800000    0.0371006
  -1.4600000    0.0281544
  -1.4400000    0.0200639
  -1.4200000    0.0128090
  -1.4000000    0.0062845
  -1.3800000    0.0003196
  -1.3600000   -0.0052945
  -1.3400000   -0.0107737
  -1.3200000   -0.0163099
  -1.3000000   -0.0220461
  -1.2800000   -0.0280584
  -1.2600000   -0.0343504
  -1.2400000   -0.0408571
  -1.2200000   -0.0474595
  -1.2000000   -0.0540059
  -1.1800000   -0.0603354
  -1.1600000   -0.0663010
  -1.1400000   -0.0717867
  -1.1200000   -0.0767165
  -1.1000000   -0.0810538
  -1.0800000   -0.0847917
  -1.0600000   -0.0879364
  -1.0400000   -0.0904867
  -1.0200000   -0.0924142
  -1.0000000   -0.0936494
  -0.9800000   -0.0940755
  -0.9600000   -0.0935339
  -0.9400000   -0.0918413
  -0.9200000   -0.0888155
  -0.9000000   -0.0843087
  -0.8800000   -0.0782417
  -0.8600000   -0.0706349
  -0.8400000   -0.0616302
  -0.8200000   -0.0515012
  -0.8000000   -0.0406483
  -0.7800000   -0.0295790
  -0.7600000   -0.0188753
  -0.7400000   -0.0091515
  -0.7200000   -0.0010070
  -0.7000000    0.0050217
  -0.6800000    0.0085042
  -0.6600000    0.0091504
  -0.6400000    0.0068342
  -0.6200000    0.0016027
  -0.6000000   -0.0063277
  -0.5800000   -0.0165902
  -0.5600000   -0.0286977
  -0.5400000   -0.0420843
  -0.5200000   -0.0561544
  -0.5000000   -0.0703352
  -0.4800000   -0.0841298
  -0.4600000   -0.0971660
  -0.4400000   -0.1092355
  -0.4200000   -0.1203209
  -0.4000000   -0.1306046
  -0.3800000   -0.1404578
  -0.3600000   -0.1504080
  -0.3400000   -0.1610854
  -0.3200000   -0.1731493
  -0.3000000   -0.1871994
  -0.2800000   -0.2036799
  -0.2600000   -0.2227828
  -0.2400000   -0.2443630
  -0.2200000   -0.2678755
  -0.2000000   -0.2923461
  -0.1800000   -0.3163851
  -0.1600000   -0.3382491
  -0.1400000   -0.3559513
  -0.1200000   -0.3674158
  -0.1000000   -0.3706616
  -0.0800000   -0.3640006
  -0.0600000   -0.3462262
  -0.0400000   -0.3167689
  -0.0200000   -0.2758001
   0.0000000   -0.2242659
   0.0200000   -0.1638453
   0.0400000   -0.0968335
   0.0600000   -0.0259629
   0.0800000    0.0458193
   0.1000000    0.1155910
   0.1200000    0.1806859
   0.1400000    0.2388903
   0.1600000    0.2885859
   0.1800000    0.3288258
   0.2000000    0.3593410
   0.2200000    0.3804816
   0.2400000    0.3931045
   0.2600000    0.3984244
   0.2800000    0.3978479
   0.3000000    0.3928093
   0.3200000    0.3846256
   0.3400000    0.3743842
   0.3600000    0.3628719
   0.3800000    0.3505487
   0.4000000    0.3375645
   0.4200000    0.3238129
   0.4400000    0.3090115
   0.4600000    0.2927964
   0.4800000    0.2748187
   0.5000000    0.2548285
   0.5200000    0.2327377
   0.5400000    0.2086545
   0.5600000    0.1828862
   0.5800000    0.1559129
   0.6000000    0.1283380
   0.6200000    0.1008248
   0.6400000    0.0740278
   0.6600000    0.0485309
   0.6800000    0.0247986
   0.7000000    0.0031474
   0.7200000   -0.0162630
   0.7400000   -0.0334179
   0.7600000   -0.0484217
   0.7800000   -0.0614617
   0.8000000   -0.0727692
   0.8200000   -0.0825837
   0.8400000   -0.0911223
   0.8600000   -0.0985597
   0.8800000   -0.1050163
   0.9000000   -0.1105553
   0.9200000   -0.1151867
   0.9400000   -0.1188754
   0.9600000   -0.1215526
   0.9800000   -0.1231274
   1.0000000   -0.1234998
   1.0200000   -0.1225729
   1.0400000   -0.1202647
   1.0600000   -0.1165188
   1.0800000   -0.1113144
   1.1000000   -0.1046732
   1.1200000   -0.0966644
   1.1400000   -0.0874055
   1.1600000   -0.0770593
   1.1800000   -0.0658269
   1.2000000   -0.0539373
   1.2200000   -0.0416349
   1.2400000   -0.0291658
   1.2600000   -0.0167652
   1.2800000   -0.0046467
   1.3000000    0.0070050
   1.3200000    0.0180379
   1.3400000    0.0283320
   1.3600000    0.0377951
   1.3800000    0.0463566
   1.4000000    0.0539586
   1.4200000    0.0605470
   1.4400000    0.0660644
   1.4600000    0.0704443
   1.4800000    0.0736093
   1.5000000    0.0754732
   1.5200000    0.0759467
   1.5400000    0.0749480
   1.5600000    0.0724149
   1.5800000    0.0683183
   1.6000000    0.0626755
   1.6200000    0.0555597
   1.6400000    0.0471057
   1.6600000    0.0375081
   1.6800000    0.0270145
   1.7000000    0.0159113
   1.7200000    0.0045045
   1.7400000   -0.0069018
   1.7600000   -0.0180277
   1.7800000   -0.0286368
   1.8000000   -0.0385506
   1.8200000   -0.0476564
   1.8400000   -0.0559069
   1.8600000   -0.0633134
   1.8800000   -0.0699323
   1.9000000   -0.0758486
   1.9200000   -0.0811578
   1.9400000   -0.0859497
   1.9600000   -0.0902949
   1.9800000   -0.0942373
   2.0000000   -0.0977901
   2.0200000   -0.1009381
   2.0400000   -0.1036413
   2.0600000   -0.1058417
   2.0800000   -0.1074692
   2.1000000   -0.1084464
   2.1200000   -0.1086921
   2.1400000   -0.1081230
   2.1600000   -0.1066537
   2.1800000   -0.1041980
   2.2000000   -0.1006699
   2.2200000   -0.0959874
   2.2400000   -0.0900770
   2.2600000   -0.0828815
   2.2800000   -0.0743669
   2.3000000   -0.0645308
   2.3200000   -0.0534082
   2.3400000   -0.0410763
   2.3600000   -0.0276555
   2.3800000   -0.0133086
   2.4000000    0.0017637
   2.4200000    0.0173283
   2.4400000    0.0331269
   2.4600000    0.0488842
   2.4800000    0.0643155
   2.5000000    0.0791347
   2.5200000    0.0930619
   2.5400000    0.1058310
   2.5600000    0.1171969
   2.5800000    0.1269436
   2.6000000    0.1348912
   2.6200000    0.1409030
   2.6400000    0.1448912
   2.6600000    0.1468212
   2.6800000    0.1467130
   2.7000000    0.1446404
   2.7200000    0.1407263
   2.7400000    0.1351355
   2.7600000    0.1280657
   2.7800000    0.1197355
   2.8000000    0.1103732
   2.8200000    0.1002051
   2.8400000    0.0894456
   2.8600000    0.0782895
   2.8800000    0.0669071
   2.9000000    0.0554416
   2.9200000    0.0440102
   2.9400000    0.0327067
   2.9600000    0.0216066
   2.9800000    0.0107732
   3.0000000    0.0002637
   3.0200000   -0.0098639
   3.0400000   -0.0195462
   3.0600000   -0.0287100
   3.0800000   -0.0372700
   3.1000000   -0.0451287
   3.1200000   -0.0521779
   3.1400000   -0.0583021
   3.1600000   -0.0633839
   3.1800000   -0.0673108
   3.2000000   -0.0699825
   3.2200000   -0.0713192
   3.2400000   -0.0712692
   3.2600000   -0.0698163
   3.2800000   -0.0669844
   3.3000000   -0.0628401
   3.3200000   -0.0574920
   3.3400000   -0.0510861
   3.3600000   -0.0437970
   3.3800000   -0.0358172
   3.4000000   -0.0273426
   3.4200000   -0.0185585
   3.4400000   -0.0096258
   3.4600000   -0.0006704
   3.4800000    0.0082239
   3.5000000    0.0170163
   3.5200000    0.0257060
   3.5400000    0.0343236
   3.5600000    0.0429191
   3.5800000    0.0515483
   3.6000000    0.0602586
   3.6200000    0.0690764
   3.6400000    0.0779980
   3.6600000    0.0869833
   3.6800000    0.0959546
   3.7000000    0.1047985
   3.7200000    0.1133721
   3.7400000    0.1215108
   3.7600000    0.1290393
   3.7800000    0.1357813
   3.8000000    0.1415707
   3.8200000    0.1462597
   3.8400000    0.1497260
   3.8600000    0.1518768
   3.8800000    0.1526502
   3.9000000    0.1520145
   3.9200000    0.1499656
   3.9400000    0.1465240
   3.9600000    0.1417315
   3.9800000    0.1356494
   4.0000000    0.1283574
   4.0200000    0.1199542
   4.0400000    0.1105582
   4.0600000    0.1003080
   4.0800000    0.0893617
   4.1000000    0.0778939
   4.1200000    0.0660911
   4.1400000    0.0541441
   4.1600000    0.0422405
   4.1800000    0.0305568
   4.2000000    0.0192517
   4.2200000    0.0084633
   4.2400000   -0.0016914
   4.2600000   -0.0111132
   4.2800000   -0.0197151
   4.3000000   -0.0274146
   4.3200000   -0.0341278
   4.3400000   -0.0397649
   4.3600000   -0.0442298
   4.3800000   -0.0474244
   4.4000000   -0.0492572
   4.4200000   -0.0496562
   4.4400000   -0.0485830
   4.4600000   -0.0460474
   4.4800000   -0.0421187
   4.5000000   -0.0369322
   4.5200000   -0.0306886
   4.5400000   -0.0236462
   4.5600000   -0.0161059
   4.5800000   -0.0083910
   4.6000000   -0.0008224
   4.6200000    0.0063047
   4.6400000    0.0127433
   4.6600000    0.0183105
   4.6800000    0.0228975
   4.7000000    0.0264708
   4.7200000    0.0290660
   4.7400000    0.0307755
   4.7600000    0.0317312
   4.7800000    0.0320853
   4.8000000    0.0319916
   4.8200000    0.0315892
   4.8400000    0.0309907
   4.8600000    0.0302745
   4.8800000    0.0294831
   4.9000000    0.0286256
   4.9200000    0.0276831
   4.9400000    0.0266168
   4.9600000    0.0253764
   4.9800000    0.0239074
   5.0000000    0.0221583
   5.0200000    0.0200844
   5.0400000    0.0176509
   5.0600000    0.0148344
   5.0800000    0.0116229
   5.1000000    0.0080167
   5.1200000    0.0040286
   5.1400000   -0.0003151
   5.1600000   -0.0049733
   5.1800000   -0.0098884
   5.2000000   -0.0149855
   5.2200000   -0.0201721
   5.2400000   -0.0253392
   5.2600000   -0.0303642
   5.2800000   -0.0351152
   5.3000000   -0.0394568
   5.3200000   -0.0432571
   5.3400000   -0.0463944
   5.3600000   -0.0487641
   5.3800000   -0.0502845
   5.4000000   -0.0509018
   5.4200000   -0.0505929
   5.4400000   -0.0493678
   5.4600000   -0.0472695
   5.4800000   -0.0443739
   5.5000000   -0.0407876
   5.5200000   -0.0366457
   5.5400000   -0.0321072
   5.5600000   -0.0273501
   5.5800000   -0.0225634
   5.6000000   -0.0179389
   5.6200000   -0.0136597
   5.6400000   -0.0098877
   5.6600000   -0.0067516
   5.6800000   -0.0043342
   5.7000000   -0.0026628
   5.7200000   -0.0017032
   5.7400000   -0.0013590
   5.7600000   -0.0014765
   5.7800000   -0.0018559
   5.8000000   -0.0022688
   5.8200000   -0.0024786
   5.8400000   -0.0022647
   5.8600000   -0.0014450
   5.8800000    0.0001036
   5.9000000    0.0024311
   5.9200000    0.0055067
   5.9400000    0.0092202
   5.9600000    0.0133915
   5.9800000    0.0177880
   6.0000000    0.0221471
   6.0200000    0.0262026
   6.0400000    0.0297109
   6.0600000    0.0324743
   6.0800000    0.0343602
   6.1000000    0.0353115
   6.1200000    0.0353502
   6.1400000    0.0345721
   6.1600000    0.0331335
   6.1800000    0.0312326
   6.2000000    0.0290874
   6.2200000    0.0269117
   6.2400000    0.0248936
   6.2600000    0.0231775
   6.2800000    0.0218511
   6.3000000    0.0209402
   6.3200000    0.0204093
   6.3400000    0.0201696
   6.3600000    0.0200913
   6.3800000    0.0200204
   6.4000000    0.0197969
   6.4200000    0.0192728
   6.4400000    0.0183277
   6.4600000    0.0168810
   6.4800000    0.0148982
   6.5000000    0.0123929
   6.5200000    0.0094221
   6.5400000    0.0060770
   6.5600000    0.0024708
   6.5800000   -0.0012753
   6.6000000   -0.0050462
   6.6200000   -0.0087441
   6.6400000   -0.0122958
   6.6600000   -0.0156554
   6.6800000   -0.0188024
   6.7000000   -0.0217344
   6.7200000   -0.0244577
   6.7400000   -0.0269764
   6.7600000   -0.0292814
   6.7800000   -0.0313432
   6.8000000   -0.0331075
   6.8200000   -0.0344956
   6.8400000   -0.0354103
   6.8600000   -0.0357453
   6.8800000   -0.0353979
   6.9000000   -0.0342829
   6.9200000   -0.0323473
   6.9400000   -0.0295809
   6.9600000   -0.0260255
   6.9800000   -0.0217775
   7.0000000   -0.0169861
   7.0200000   -0.0118457
   7.0400000   -0.0065838
   7.0600000   -0.0014451
   7.0800000    0.0033259
   7.1000000    0.0075023
   7.1200000    0.0108906
   7.1400000    0.0133425
   7.1600000    0.0147633
   7.1800000    0.0151142
   7.2000000    0.0144105
   7.2200000    0.0127163
   7.2400000    0.0101348
   7.2600000    0.0067984
   7.2800000    0.0028576
   7.3000000   -0.0015295
   7.3200000   -0.0062061
   7.3400000   -0.0110236
   7.3600000   -0.0158476
   7.3800000   -0.0205605
   7.4000000   -0.0250641
   7.4200000   -0.0292789
   7.4400000   -0.0331439
   7.4600000   -0.0366141
   7.4800000   -0.0396575
   7.5000000   -0.0422517
   7.5200000   -0.0443798
   7.5400000   -0.0460275
   7.5600000   -0.0471800
   7.5800000   -0.0478210
   7.6000000   -0.0479333
   7.6200000   -0.0475011
   7.6400000   -0.0465146
   7.6600000   -0.0449746
   7.6800000   -0.0428982
   7.7000000   -0.0403231
   7.7200000   -0.0373108
   7.7400000   -0.0339456
   7.7600000   -0.0303326
   7.7800000   -0.0265911
   7.8000000   -0.0228475
   7.8200000   -0.0192258
   7.8400000   -0.0158399
   7.8600000   -0.0127868
   7.8800000   -0.0101422
   7.9000000   -0.0079599
   7.9200000   -0.0062734
   7.9400000   -0.0051003
   7.9600000   -0.0044470
   7.9800000   -0.0043142
   8.0000000   -0.0047004
   8.0200000   -0.0056043
   8.0400000   -0.0070239
   8.0600000   -0.0089551
   8.0800000   -0.0113876
   8.1000000   -0.0143012
   8.1200000   -0.0176625
   8.1400000   -0.0214226
   8.1600000   -0.0255169
   8.1800000   -0.0298667
   8.2000000   -0.0343829
   8.2200000   -0.0389708
   8.2400000   -0.0435366
   8.2600000   -0.0479933
   8.2800000   -0.0522671
   8.3000000   -0.0563014
   8.3200000   -0.0600601
   8.3400000   -0.0635275
   8.3600000   -0.0667052
   8.3800000   -0.0696063
   8.4000000   -0.0722473
   8.4200000   -0.0746374
   8.4400000   -0.0767684
   8.4600000   -0.0786060
   8.4800000   -0.0800841
   8.5000000   -0.0811044
   8.5200000   -0.0815411
   8.5400000   -0.0812516
   8.5600000   -0.0800922
   8.5800000   -0.0779363
   8.6000000   -0.0746927
   8.6200000   -0.0703226
   8.6400000   -0.0648511
   8.6600000   -0.0583721
   8.6800000   -0.0510467
   8.7000000   -0.0430937
   8.7200000   -0.0347753
   8.7400000   -0.0263782
   8.7600000   -0.0181947
   8.7800000   -0.0105031
   8.8000000   -0.0035526
   8.8200000    0.0024489
   8.8400000    0.0073420
   8.8600000    0.0110190
   8.8800000    0.0134233
   8.9000000    0.0145463
   8.9200000    0.0144226
   8.9400000    0.0131243
   8.9600000    0.0107550
   8.9800000    0.0074443
   9.0000000    0.0033414
   9.0200000   -0.0013896
   9.0400000   -0.0065757
   9.0600000   -0.0120400
   9.0800000   -0.0176065
   9.1000000   -0.0231051
   9.1200000   -0.0283755
   9.1400000   -0.0332709
   9.1600000   -0.0376608
   9.1800000   -0.0414327
   9.2000000   -0.0444942
   9.2200000   -0.0467729
   9.2400000   -0.0482170
   9.2600000   -0.0487947
   9.2800000   -0.0484938
   9.3000000   -0.0473207
   9.3200000   -0.0452992
   9.3400000   -0.0424694
   9.3600000   -0.0388860
   9.3800000   -0.0346174
   9.4000000   -0.0297436
   9.4200000   -0.0243555
   9.4400000   -0.0185535
   9.4600000   -0.0124467
   9.4800000   -0.0061524
   9.5000000    0.0002051
   9.5200000    0.0064948
   9.5400000    0.0125810
   9.5600000    0.0183252
   9.5800000    0.0235891
   9.6000000    0.0282392
   9.6200000    0.0321520
   9.6400000    0.0352196
   9.6600000    0.0373574
   9.6800000    0.0385094
   9.7000000    0.0386546
   9.7200000    0.0378112
   9.7400000    0.0360383
   9.7600000    0.0334351
   9.7800000    0.0301377
   9.8000000    0.0263120
   9.8200000    0.0221444
   9.8400000    0.0178314
   9.8600000    0.0135669
   9.8800000    0.0095315
   9.9000000    0.0058816
   9.9200000    0.0027427
   9.9400000    0.0002038
   9.9600000   -0.0016838
   9.9800000   -0.0029051
  10.0000000   -0.0034776
  10.0200000   -0.0034463
  10.0400000   -0.0028776
  10.0600000   -0.0018538
  10.0800000   -0.0004684
  10.1000000    0.0011771
  10.1200000    0.0029761
  10.1400000    0.0048185
  10.1600000    0.0065925
  10.1800000    0.0081874
  10.2000000    0.0094971
  10.2200000    0.0104264
  10.2400000    0.0108970
  10.2600000    0.0108559
  10.2800000    0.0102820
  10.3000000    0.0091922
  10.3200000    0.0076432
  10.3400000    0.0057304
  10.3600000    0.0035812
  10.3800000    0.0013444
  10.4000000   -0.0008237
  10.4200000   -0.0027752
  10.4400000   -0.0043853
  10.4600000   -0.0055653
  10.4800000   -0.0062703
  10.5000000   -0.0065020
  10.5200000   -0.0063049
  10.5400000   -0.0057583
  10.5600000   -0.0049638
  10.5800000   -0.0040318
  10.6000000   -0.0030679
  10.6200000   -0.0021616
  10.6400000   -0.0013791
  10.6600000   -0.0007594
  10.6800000   -0.0003152
  10.7000000   -0.0000367
  10.7200000    0.0001026
  10.7400000    0.0001387
  10.7600000    0.0001108
  10.7800000    0.0000555
  10.8000000    0.0000035
  10.8200000   -0.0000227
  10.8400000   -0.0000091
  10.8600000    0.0000509
  10.8800000    0.0001576
  10.9000000    0.0003072
  10.9200000    0.0004932
  10.9400000    0.0007085
  10.9600000    0.0009459
  10.9800000    0.0011997
  11.0000000    0.0014664
  11.0200000    0.0017453
  11.0400000    0.0020394
  11.0600000    0.0023557
  11.0800000    0.0027057
  11.1000000    0.0031056
  11.1200000    0.0035761
  11.1400000    0.0041412
  11.1600000    0.0048277
  11.1800000    0.0056635
  11.2000000    0.0066756
  11.2200000    0.0078888
  11.2400000    0.0093238
  11.2600000    0.0109961
  11.2800000    0.0129157
  11.3000000    0.0150871
  11.3200000    0.0175112
  11.3400000    0.0201864
  11.3600000    0.0231116
  11.3800000    0.0262881
  11.4000000    0.0297212
  11.4200000    0.0334201
  11.4400000    0.0373967
  11.4600000    0.0416618
  11.4800000    0.0462195
  11.5000000    0.0510608
  11.5200000    0.0561556
  11.5400000    0.0614463
  11.5600000    0.0668427
  11.5800000    0.0722200
  11.6000000    0.0774209
  11.6200000    0.0822612
  11.6400000    0.0865404
  11.6600000    0.0900550
  11.6800000    0.0926142
  11.7000000    0.0940558
  11.7200000    0.0942605
  11.7400000    0.0931631
  11.7600000    0.0907589
  11.7800000    0.0871040
  11.8000000    0.0823106
  11.8200000    0.0765367
  11.8400000    0.0699707
  11.8600000    0.0628153
  11.8800000    0.0552690
  11.9000000    0.0475102
  11.9200000    0.0396835
  11.9400000    0.0318903
  11.9600000    0.0241852
  11.9800000    0.0165762
  12.0000000    0.0090313
  12.0200000    0.0014882
  12.0400000   -0.0061319
  12.0600000   -0.0139096
  12.0800000   -0.0219109
  12.1000000   -0.0301731
  12.1200000   -0.0386929
  12.1400000   -0.0474183
  12.1600000   -0.0562457
  12.1800000   -0.0650235
  12.2000000   -0.0735602
  12.2200000   -0.0816388
  12.2400000   -0.0890346
  12.2600000   -0.0955347
  12.2800000   -0.1009584
  12.3000000   -0.1051744
  12.3200000   -0.1081139
  12.3400000   -0.1097771
  12.3600000   -0.1102340
  12.3800000   -0.1096163
  12.4000000   -0.1081039
  12.4200000   -0.1059053
  12.4400000   -0.1032353
  12.4600000   -0.1002916
  12.4800000   -0.0972325
  12.5000000   -0.0941591
  12.5200000   -0.0911048
  12.5400000   -0.0880306
  12.5600000   -0.0848310
  12.5800000   -0.0813475
  12.6000000   -0.0773885
  12.6200000   -0.0727551
  12.6400000   -0.0672684
  12.6600000   -0.0607954
  12.6800000   -0.0532715
  12.7000000   -0.0447149
  12.7200000   -0.0352338
  12.7400000   -0.0250235
  12.7600000   -0.0143548
  12.7800000   -0.0035553
  12.8000000    0.0070154
  12.8200000    0.0169921
  12.8400000    0.0260320
  12.8600000    0.0338389
  12.8800000    0.0401839
  12.9000000    0.0449197
  12.9200000    0.0479883
  12.9400000    0.0494215
  12.9600000    0.0493348
  12.9800000    0.0479151
  13.0000000    0.0454033
  13.0200000    0.0420740
  13.0400000    0.0382128
  13.0600000    0.0340938
  13.0800000    0.0299594
  13.1000000    0.0260034
  13.1200000    0.0223596
  13.1400000    0.0190970
  13.1600000    0.0162204
  13.1800000    0.0136792
  13.2000000    0.0113793
  13.2200000    0.0092002
  13.2400000    0.0070124
  13.2600000    0.0046940
  13.2800000    0.0021453
  13.3000000   -0.0007020
  13.3200000   -0.0038798
  13.3400000   -0.0073835
  13.3600000   -0.0111769
  13.3800000   -0.0151993
  13.4000000   -0.0193746
  13.4200000   -0.0236199
  13.4400000   -0.0278536
  13.4600000   -0.0320009
  13.4800000   -0.0359972
  13.5000000   -0.0397899
  13.5200000   -0.0433373
  13.5400000   -0.0466074
  13.5600000   -0.0495751
  13.5800000   -0.0522200
  13.6000000   -0.0545233
  13.6200000   -0.0564654
  13.6400000   -0.0580241
  13.6600000   -0.0591720
  13.6800000   -0.0598760
  13.7000000   -0.0600961
  13.7200000   -0.0597864
  13.7400000   -0.0588960
  13.7600000   -0.0573718
  13.7800000   -0.0551615
  13.8000000   -0.0522177
  13.8200000   -0.0485008
  13.8400000   -0.0439826
  13.8600000   -0.0386478
  13.8800000   -0.0324953
  13.9000000   -0.0255379
  13.9200000   -0.0178023
  13.9400000   -0.0093287
  13.9600000   -0.0001724
  13.9800000    0.0095937
  14.0000000    0.0198745
  14.0200000    0.0305474
  14.0400000    0.0414560
  14.0600000    0.0524062
  14.0800000    0.0631656
  14.1000000    0.0734669
  14.1200000    0.0830183
  14.1400000    0.0915190
  14.1600000    0.0986804
  14.1800000    0.1042492
  14.2000000    0.1080307
  14.2200000    0.1099096
  14.2400000    0.1098628
  14.2600000    0.1079649
  14.2800000    0.1043835
  14.3000000    0.0993652
  14.3200000    0.0932137
  14.3400000    0.0862632
  14.3600000    0.0788502
  14.3800000    0.0712866
  14.4000000    0.0638378
  14.4200000    0.0567074
  14.4400000    0.0500296
  14.4600000    0.0438691
  14.4800000    0.0382286
  14.5000000    0.0330602
  14.5200000    0.0282814
  14.5400000    0.0237908
  14.5600000    0.0194841
  14.5800000    0.0152677
  14.6000000    0.0110685
  14.6200000    0.0068405
  14.6400000    0.0025669
  14.6600000   -0.0017408
  14.6800000   -0.0060479
  14.7000000   -0.0103018
  14.7200000   -0.0144403
  14.7400000   -0.0183981
  14.7600000   -0.0221129
  14.7800000   -0.0255298
  14.8000000   -0.0286022
  14.8200000   -0.0312921
  14.8400000   -0.0335670
  14.8600000   -0.0353969
  14.8800000   -0.0367507
  14.9000000   -0.0375940
  14.9200000   -0.0378885
  14.9400000   -0.0375938
  14.9600000   -0.0366715
  14.9800000   -0.0350908
  15.0000000   -0.0328354
  15.0200000   -0.0299094
  15.0400000   -0.0263425
  15.0600000   -0.0221928
  15.0800000   -0.0175463
  15.1000000   -0.0125134
  15.1200000   -0.0072235
  15.1400000   -0.0018157
  15.1600000    0.0035696
  15.1800000    0.0088014
  15.2000000    0.0137666
  15.2200000    0.0183772
  15.2400000    0.0225757
  15.2600000    0.0263366
  15.2800000    0.0296655
  15.3000000    0.0325944
  15.3200000    0.0351744
  15.3400000    0.0374660
  15.3600000    0.0395273
  15.3800000    0.0414020
  15.4000000    0.0431085
  15.4200000    0.0446303
  15.4400000    0.0459102
  15.4600000    0.0468494
  15.4800000    0.0473107
  15.5000000    0.0471276
  15.5200000    0.0461180
  15.5400000    0.0441014
  15.5600000    0.0409187
  15.5800000    0.0364518
  15.6000000    0.0306427
  15.6200000    0.0235080
  15.6400000    0.0151482
  15.6600000    0.0057508
  15.6800000   -0.0044149
  15.7000000   -0.0150099
  15.7200000   -0.0256456
  15.7400000   -0.0359081
  15.7600000   -0.0453872
  15.7800000   -0.0537046
  15.8000000   -0.0605408
  15.8200000   -0.0656561
  15.8400000   -0.0689043
  15.8600000   -0.0702378
  15.8800000   -0.0697029
  15.9000000   -0.0674276
  15.9200000   -0.0636023
  15.9400000   -0.0584569
  15.9600000   -0.0522371
  15.9800000   -0.0451824
  16.0000000   -0.0375089
  16.0200000   -0.0293973
  16.0400000   -0.0209878
  16.0600000   -0.0123807
  16.0800000   -0.0036426
  16.1000000    0.0051838
  16.1200000    0.0140682
  16.1400000    0.0229811
  16.1600000    0.0318828
  16.1800000    0.0407154
  16.2000000    0.0493976
  16.2200000    0.0578235
  16.2400000    0.0658648
  16.2600000    0.0733767
  16.2800000    0.0802058
  16.3000000    0.0862014
  16.3200000    0.0912262
  16.3400000    0.0951677
  16.3600000    0.0979477
  16.3800000    0.0995286
  16.4000000    0.0999170
  16.4200000    0.0991619
  16.4400000    0.0973500
  16.4600000    0.0945969
  16.4800000    0.0910350
  16.5000000    0.0868021
  16.5200000    0.0820287
  16.5400000    0.0768287
  16.5600000    0.0712927
  16.5800000    0.0654858
  16.6000000    0.0594494
  16.6200000    0.0532063
  16.6400000    0.0467696
  16.6600000    0.0401513
  16.6800000    0.0333713
  16.7000000    0.0264647
  16.7200000    0.0194851
  16.7400000    0.0125057
  16.7600000    0.0056155
  16.7800000   -0.0010859
  16.8000000   -0.0074962
  16.8200000   -0.0135191
  16.8400000   -0.0190708
  16.8600000   -0.0240861
  16.8800000   -0.0285207
  16.9000000   -0.0323509
  16.9200000   -0.0355714
  16.9400000   -0.0381895
  16.9600000   -0.0402203
  16.9800000   -0.0416811
  17.0000000   -0.0425878
  17.0200000   -0.0429533
  17.0400000   -0.0427889
  17.0600000   -0.0421085
  17.0800000   -0.0409340
  17.1000000   -0.0393027
  17.1200000   -0.0372725
  17.1400000   -0.0349267
  17.1600000   -0.0323736
  17.1800000   -0.0297433
  17.2000000   -0.0271793
  17.2200000   -0.0248269
  17.2400000   -0.0228189
  17.2600000   -0.0212610
  17.2800000   -0.0202181
  17.3000000   -0.0197045
  17.3200000   -0.0196788
  17.3400000   -0.0200441
  17.3600000   -0.0206553
  17.3800000   -0.0213305
  17.4000000   -0.0218675
  17.4200000   -0.0220626
  17.4400000   -0.0217296
  17.4600000   -0.0207179
  17.4800000   -0.0189271
  17.5000000   -0.0163175
  17.5200000   -0.0129144
  17.5400000   -0.0088073
  17.5600000   -0.0041427
  17.5800000    0.0008878
  17.6000000    0.0060643
  17.6200000    0.0111565
  17.6400000    0.0159444
  17.6600000    0.0202359
  17.6800000    0.0238831
  17.7000000    0.0267931
  17.7200000    0.0289336
  17.7400000    0.0303318
  17.7600000    0.0310672
  17.7800000    0.0312585
  17.8000000    0.0310469
  17.8200000    0.0305761
  17.8400000    0.0299734
  17.8600000    0.0293318
  17.8800000    0.0286975
  17.9000000    0.0280626
  17.9200000    0.0273653
  17.9400000    0.0264973
  17.9600000    0.0253175
  17.9800000    0.0236718
  18.0000000    0.0214153
  18.0200000    0.0184347
  18.0400000    0.0146695
  18.0600000    0.0101267
  18.0800000    0.0048892
  18.1000000   -0.0008857
  18.1200000   -0.0069757
  18.1400000   -0.0131128
  18.1600000   -0.0190079
  18.1800000   -0.0243801
  18.2000000   -0.0289860
  18.2200000   -0.0326456
  18.2400000   -0.0352618
  18.2600000   -0.0368313
  18.2800000   -0.0374437
  18.3000000   -0.0372717
  18.3200000   -0.0365503
  18.3400000   -0.0355502
  18.3600000   -0.0345473
  18.3800000   -0.0337919
  18.4000000   -0.0334818
  18.4200000   -0.0337419
  18.4400000   -0.0346132
  18.4600000   -0.0360503
  18.4800000   -0.0379293
  18.5000000   -0.0400634
  18.5200000   -0.0422241
  18.5400000   -0.0441659
  18.5600000   -0.0456503
  18.5800000   -0.0464671
  18.6000000   -0.0464512
  18.6200000   -0.0454923
  18.6400000   -0.0435378
  18.6600000   -0.0405889
  18.6800000   -0.0366916
  18.7000000   -0.0319236
  18.7200000   -0.0263811
  18.7400000   -0.0201656
  18.7600000   -0.0133745
  18.7800000   -0.0060958
  18.8000000    0.0015923
  18.8200000    0.0096166
  18.8400000    0.0179012
  18.8600000    0.0263581
  18.8800000    0.0348782
  18.9000000    0.0433244
  18.9200000    0.0515289
  18.9400000    0.0592952
  18.9600000    0.0664049
  18.9800000    0.0726283
  19.0000000    0.0777374
  19.0200000    0.0815208
  19.0400000    0.0837964
  19.0600000    0.0844237
  19.0800000    0.0833121
  19.1000000    0.0804264
  19.1200000    0.0757897
  19.1400000    0.0694832
  19.1600000    0.0616435
  19.1800000    0.0524592
  19.2000000    0.0421641
  19.2200000    0.0310300
  19.2400000    0.0193564
  19.2600000    0.0074587
  19.2800000   -0.0043466
  19.3000000   -0.0157567
  19.3200000   -0.0264991
  19.3400000   -0.0363462
  19.3600000   -0.0451274
  19.3800000   -0.0527367
  19.4000000   -0.0591353
  19.4200000   -0.0643468
  19.4400000   -0.0684475
  19.4600000   -0.0715506
  19.4800000   -0.0737874
  19.5000000   -0.0752878
  19.5200000   -0.0761616
  19.5400000   -0.0764839
  19.5600000   -0.0762860
  19.5800000   -0.0755534
  19.6000000   -0.0742305
  19.6200000   -0.0722310
  19.6400000   -0.0694544
  19.6600000   -0.0658032
  19.6800000   -0.0612021
  19.7000000   -0.0556134
  19.7200000   -0.0490490
  19.7400000   -0.0415772
  19.7600000   -0.0333227
  19.7800000   -0.0244611
  19.8000000   -0.0152082
  19.8200000   -0.0058060
  19.8400000    0.0034937
  19.8600000    0.0124456
  19.8800000    0.0208255
  19.9000000    0.0284428
  19.9200000    0.0351486
  19.9400000    0.0408406
  19.9600000    0.0454632
  19.9800000    0.0490045
  20.0000000    0.0514898
  20.0200000    0.0529738
  20.0400000    0.0535310
  20.0600000    0.0532471
  20.0800000    0.0522108
  20.1000000    0.0505080
  20.1200000    0.0482178
  20.1400000    0.0454113
  20.1600000    0.0421530
  20.1800000    0.0385032
  20.2000000    0.0345223
  20.2200000    0.0302758
  20.2400000    0.0258383
  20.2600000    0.0212975
  20.2800000    0.0167563
  20.3000000    0.0123334
  20.3200000    0.0081614
  20.3400000    0.0043829
  20.3600000    0.0011441
  20.3800000   -0.0014141
  20.4000000   -0.0031656
  20.4200000   -0.0040111
  20.4400000   -0.0038885
  20.4600000   -0.0027828
  20.4800000   -0.0007325
  20.5000000    0.0021678
  20.5200000    0.0057710
  20.5400000    0.0098860
  20.5600000    0.0142927
  20.5800000    0.0187608
  20.6000000    0.0230724
  20.6200000    0.0270437
  20.6400000    0.0305447
  20.6600000    0.0335130
  20.6800000    0.0359602
  20.7000000    0.0379688
  20.7200000    0.0396797
  20.7400000    0.0412720
  20.7600000    0.0429357
  20.7800000    0.0448432
  20.8000000    0.0471215
  20.8200000    0.0498296
  20.8400000    0.0529452
  20.8600000    0.0563616
  20.8800000    0.0598963
  20.9000000    0.0633103
  20.9200000    0.0663353
  20.9400000    0.0687056
  20.9600000    0.0701902
  20.9800000    0.0706201
  21.0000000    0.0699084
  21.0200000    0.0680599
  21.0400000    0.0651682
  21.0600000    0.0614027
  21.0800000    0.0569866
  21.1000000    0.0521684
  21.1200000    0.0471928
  21.1400000    0.0422732
  21.1600000    0.0375711
  21.1800000    0.0331832
  21.2000000    0.0291395
  21.2200000    0.0254100
  21.2400000    0.0219200
  21.2600000    0.0185705
  21.2800000    0.0152599
  21.3000000    0.0119043
  21.3200000    0.0084537
  21.3400000    0.0049007
  21.3600000    0.0012821
  21.3800000   -0.0023259
  21.4000000   -0.0058186
  21.4200000   -0.0090770
  21.4400000   -0.0119828
  21.4600000   -0.0144323
  21.4800000   -0.0163471
  21.5000000   -0.0176819
  21.5200000   -0.0184267
  21.5400000   -0.0186068
  21.5600000   -0.0182782
  21.5800000   -0.0175219
  21.6000000   -0.0164360
  21.6200000   -0.0151273
  21.6400000   -0.0137025
  21.6600000   -0.0122593
  21.6800000   -0.0108785
  21.7000000   -0.0096165
  21.7200000   -0.0085007
  21.7400000   -0.0075264
  21.7600000   -0.0066576
  21.7800000   -0.0058317
  21.8000000   -0.0049670
  21.8200000   -0.0039740
  21.8400000   -0.0027680
  21.8600000   -0.0012822
  21.8800000    0.0005208
  21.9000000    0.0026415
  21.9200000    0.0050398
  21.9400000    0.0076369
  21.9600000    0.0103222
  21.9800000    0.0129648
  22.0000000    0.0154260
  22.0200000    0.0175742
  22.0400000    0.0192962
  22.0600000    0.0205060
  22.0800000    0.0211493
  22.1000000    0.0212020
  22.1200000    0.0206648
  22.1400000    0.0195548
  22.1600000    0.0178945
  22.1800000    0.0157028
  22.2000000    0.0129866
  22.2200000    0.0097375
  22.2400000    0.0059324
  22.2600000    0.0015381
  22.2800000   -0.0034792
  22.3000000   -0.0091433
  22.3200000   -0.0154565
  22.3400000   -0.0223887
  22.3600000   -0.0298702
  22.3800000   -0.0377880
  22.4000000   -0.0459867
  22.4200000   -0.0542743
  22.4400000   -0.0624319
  22.4600000   -0.0702263
  22.4800000   -0.0774246
  22.5000000   -0.0838092
  22.5200000   -0.0891920
  22.5400000   -0.0934265
  22.5600000   -0.0964165
  22.5800000   -0.0981214
  22.6000000   -0.0985574
  22.6200000   -0.0977934
  22.6400000   -0.0959439
  22.6600000   -0.0931578
  22.6800000   -0.0896048
  22.7000000   -0.0854608
  22.7200000   -0.0808929
  22.7400000   -0.0760479
  22.7600000   -0.0710423
  22.7800000   -0.0659588
  22.8000000   -0.0608468
  22.8200000   -0.0557285
  22.8400000   -0.0506093
  22.8600000   -0.0454904
  22.8800000   -0.0403825
  22.9000000   -0.0353172
  22.9200000   -0.0303547
  22.9400000   -0.0255854
  22.9600000   -0.0211252
  22.9800000   -0.0171049
  23.0000000   -0.0136537
  23.0200000   -0.0108808
  23.0400000   -0.0088573
  23.0600000   -0.0076007
  23.0800000   -0.0070658
  23.1000000   -0.0071444
  23.1200000   -0.0076724
  23.1400000   -0.0084463
  23.1600000   -0.0092454
  23.1800000   -0.0098582
  23.2000000   -0.0101080
  23.2200000   -0.0098762
  23.2400000   -0.0091173
  23.2600000   -0.0078668
  23.2800000   -0.0062377
  23.3000000   -0.0044087
  23.3200000   -0.0026035
  23.3400000   -0.0010658
  23.3600000   -0.0000312
  23.3800000    0.0002980
  23.4000000   -0.0002252
  23.4200000   -0.0016778
  23.4400000   -0.0040608
  23.4600000   -0.0073008
  23.4800000   -0.0112597
  23.5000000   -0.0157503
  23.5200000   -0.0205552
  23.5400000   -0.0254468
  23.5600000   -0.0302063
  23.5800000   -0.0346383
  23.6000000   -0.0385819
  23.6200000   -0.0419153
  23.6400000   -0.0445561
  23.6600000   -0.0464564
  23.6800000   -0.0475961
  23.7000000   -0.0479739
  23.7200000   -0.0475987
  23.7400000   -0.0464833
  23.7600000   -0.0446406
  23.7800000   -0.0420829
  23.8000000   -0.0388245
  23.8200000   -0.0348879
  23.8400000   -0.0303099
  23.8600000   -0.0251500
  23.8800000   -0.0194954
  23.9000000   -0.0134656
  23.9200000   -0.0072120
  23.9400000   -0.0009135
  23.9600000    0.0052311
  23.9800000    0.0110149
  24.0000000    0.0162367
  24.0200000    0.0207161
  24.0400000    0.0243072
  24.0600000    0.0269108
  24.0800000    0.0284827
  24.1000000    0.0290376
  24.1200000    0.0286481
  24.1400000    0.0274394
  24.1600000    0.0255789
  24.1800000    0.0232625
  24.2000000    0.0206992
  24.2200000    0.0180943
  24.2400000    0.0156327
  24.2600000    0.0134659
  24.2800000    0.0117007
  24.3000000    0.0103933
  24.3200000    0.0095487
  24.3400000    0.0091250
  24.3600000    0.0090421
  24.3800000    0.0091951
  24.4000000    0.0094690
  24.4200000    0.0097537
  24.4400000    0.0099586
  24.4600000    0.0100228
  24.4800000    0.0099210
  24.5000000    0.0096656
  24.5200000    0.0093021
  24.5400000    0.0089011
  24.5600000    0.0085472
  24.5800000    0.0083258
  24.6000000    0.0083110
  24.6200000    0.0085541
  24.6400000    0.0090766
  24.6600000    0.0098668
  24.6800000    0.0108806
  24.7000000    0.0120470
  24.7200000    0.0132768
  24.7400000    0.0144734
  24.7600000    0.0155443
  24.7800000    0.0164114
  24.8000000    0.0170188
  24.8200000    0.0173375
  24.8400000    0.0173654
  24.8600000    0.0171241
  24.8800000    0.0166518
  24.9000000    0.0159956
  24.9200000    0.0152023
  24.9400000    0.0143108
  24.9600000    0.0133468
  24.9800000    0.0123206
  25.0000000    0.0112274
  25.0200000    0.0100505
  25.0400000    0.0087667
  25.0600000    0.0073511
  25.0800000    0.0057830
  25.1000000    0.0040500
  25.1200000    0.0021511
  25.1400000    0.0000980
  25.1600000   -0.0020839
  25.1800000   -0.0043559
  25.2000000   -0.0066674
  25.2200000   -0.0089566
  25.2400000   -0.0111527
  25.2600000   -0.0131789
  25.2800000   -0.0149563
  25.3000000   -0.0164085
  25.3200000   -0.0174678
  25.3400000   -0.0180805
  25.3600000   -0.0182123
  25.3800000   -0.0178522
  25.4000000   -0.0170132
  25.4200000   -0.0157308
  25.4400000   -0.0140592
  25.4600000   -0.0120648
  25.4800000   -0.0098192
  25.5000000   -0.0073922
  25.5200000   -0.0048469
  25.5400000   -0.0022357
  25.5600000    0.0003992
  25.5800000    0.0030248
  25.6000000    0.0056138
  25.6200000    0.0081402
  25.6400000    0.0105765
  25.6600000    0.0128915
  25.6800000    0.0150497
  25.7000000    0.0170133
  25.7200000    0.0187446
  25.7400000    0.0202098
  25.7600000    0.0213817
  25.7800000    0.0222429
  25.8000000    0.0227859
  25.8200000    0.0230138
  25.8400000    0.0229384
  25.8600000    0.0225783
  25.8800000    0.0219565
  25.9000000    0.0210982
  25.9200000    0.0200286
  25.9400000    0.0187709
  25.9600000    0.0173446
  25.9800000    0.0157640
  26.0000000    0.0140359
  26.0200000    0.0121583
  26.0400000    0.0101197
  26.0600000    0.0078989
  26.0800000    0.0054670
  26.1000000    0.0027918
  26.1200000   -0.0001559
  26.1400000   -0.0033945
  26.1600000   -0.0069220
  26.1800000   -0.0107074
  26.2000000   -0.0146838
  26.2200000   -0.0187448
  26.2400000   -0.0227461
  26.2600000   -0.0265118
  26.2800000   -0.0298466
  26.3000000   -0.0325523
  26.3200000   -0.0344467
  26.3400000   -0.0353836
  26.3600000   -0.0352705
  26.3800000   -0.0340826
  26.4000000   -0.0318697
  26.4200000   -0.0287569
  26.4400000   -0.0249363
  26.4600000   -0.0206526
  26.4800000   -0.0161825
  26.5000000   -0.0118102
  26.5200000   -0.0078024
  26.5400000   -0.0043838
  26.5600000   -0.0017176
  26.5800000    0.0001088
  26.6000000    0.0010907
  26.6200000    0.0013043
  26.6400000    0.0008976
  26.6600000    0.0000739
  26.6800000   -0.0009300
  26.7000000   -0.0018686
  26.7200000   -0.0025139
  26.7400000   -0.0026781
  26.7600000   -0.0022333
  26.7800000   -0.0011238
  26.8000000    0.0006289
  26.8200000    0.0029297
  26.8400000    0.0056206
  26.8600000    0.0084974
  26.8800000    0.0113311
  26.9000000    0.0138905
  26.9200000    0.0159636
  26.9400000    0.0173759
  26.9600000    0.0180039
  26.9800000    0.0177822
  27.0000000    0.0167047
  27.0200000    0.0148195
  27.0400000    0.0122200
  27.0600000    0.0090322
  27.0800000    0.0054014
  27.1000000    0.0014786
  27.1200000   -0.0025907
  27.1400000   -0.0066752
  27.1600000   -0.0106636
  27.1800000   -0.0144668
  27.2000000   -0.0180172
  27.2200000   -0.0212667
  27.2400000   -0.0241828
  27.2600000   -0.0267458
  27.2800000   -0.0289454
  27.3000000   -0.0307794
  27.3200000   -0.0322528
  27.3400000   -0.0333781
  27.3600000   -0.0341761
  27.3800000   -0.0346755
  27.4000000   -0.0349127
  27.4200000   -0.0349297
  27.4400000   -0.0347710
  27.4600000   -0.0344797
  27.4800000   -0.0340933
  27.5000000   -0.0336398
  27.5200000   -0.0331348
  27.5400000   -0.0325805
  27.5600000   -0.0319659
  27.5800000   -0.0312686
  27.6000000   -0.0304583
  27.6200000   -0.0295007
  27.6400000   -0.0283622
  27.6600000   -0.0270141
  27.6800000   -0.0254365
  27.7000000   -0.0236227
  27.7200000   -0.0215813
  27.7400000   -0.0193385
  27.7600000   -0.0169388
  27.7800000   -0.0144446
  27.8000000   -0.0119337
  27.8200000   -0.0094948
  27.8400000   -0.0072216
  27.8600000   -0.0052049
  27.8800000   -0.0035250
  27.9000000   -0.0022430
  27.9200000   -0.0013948
  27.9400000   -0.0009869
  27.9600000   -0.0009959
  27.9800000   -0.0013707
  28.0000000   -0.0020389
  28.0200000   -0.0029145
  28.0400000   -0.0039076
  28.0600000   -0.0049339
  28.0800000   -0.0059220
  28.1000000   -0.0068193
  28.1200000   -0.0075940
  28.1400000   -0.0082347
  28.1600000   -0.0087470
  28.1800000   -0.0091481
  28.2000000   -0.0094607
  28.2200000   -0.0097066
  28.2400000   -0.0099017
  28.2600000   -0.0100521
  28.2800000   -0.0101520
  28.3000000   -0.0101839
  28.3200000   -0.0101198
  28.3400000   -0.0099244
  28.3600000   -0.0095590
  28.3800000   -0.0089850
  28.4000000   -0.0081685
  28.4200000   -0.0070832
  28.4400000   -0.0057143
  28.4600000   -0.0040597
  28.4800000   -0.0021328
  28.5000000    0.0000374
  28.5200000    0.0024051
  28.5400000    0.0049076
  28.5600000    0.0074654
  28.5800000    0.0099833
  28.6000000    0.0123513
  28.6200000    0.0144480
  28.6400000    0.0161439
  28.6600000    0.0173083
  28.6800000    0.0178162
  28.7000000    0.0175584
  28.7200000    0.0164520
  28.7400000    0.0144505
  28.7600000    0.0115540
  28.7800000    0.0078158
  28.8000000    0.0033451
  28.8200000   -0.0016952
  28.8400000   -0.0070966
  28.8600000   -0.0126189
  28.8800000   -0.0180079
  28.9000000   -0.0230171
  28.9200000   -0.0274290
  28.9400000   -0.0310750
  28.9600000   -0.0338496
  28.9800000   -0.0357193
  29.0000000   -0.0367223
  29.0200000   -0.0369603
  29.0400000   -0.0365826
  29.0600000   -0.0357648
  29.0800000   -0.0346848
  29.1000000   -0.0334982
  29.1200000   -0.0323182
  29.1400000   -0.0312011
  29.1600000   -0.0301401
  29.1800000   -0.0290686
  29.2000000   -0.0278714
  29.2200000   -0.0264044
  29.2400000   -0.0245176
  29.2600000   -0.0220810
  29.2800000   -0.0190076
  29.3000000   -0.0152720
  29.3200000   -0.0109219
  29.3400000   -0.0060795
  29.3600000   -0.0009350
  29.3800000    0.0042694
  29.4000000    0.0092614
  29.4200000    0.0137648
  29.4400000    0.0175261
  29.4600000    0.0203401
  29.4800000    0.0220686
  29.5000000    0.0226544
  29.5200000    0.0221252
  29.5400000    0.0205907
  29.5600000    0.0182307
  29.5800000    0.0152780
  29.6000000    0.0119969
  29.6200000    0.0086595
  29.6400000    0.0055227
  29.6600000    0.0028077
  29.6800000    0.0006831
  29.7000000   -0.0007458
  29.7200000   -0.0014435
  29.7400000   -0.0014437
  29.7600000   -0.0008440
  29.7800000    0.0002043
  29.8000000    0.0015102
  29.8200000    0.0028599
  29.8400000    0.0040355
  29.8600000    0.0048338
  29.8800000    0.0050848
  29.9000000    0.0046670
  29.9200000    0.0035201
  29.9400000    0.0016514
  29.9600000   -0.0008618
  29.9800000   -0.0038779
  30.0000000   -0.0072016
