 -10.0000000   -0.0153983
  -9.9800000   -0.0096158
  -9.9600000   -0.0037238
  -9.9400000    0.0022270
  -9.9200000    0.0081683
  -9.9000000    0.0140071
  -9.8800000    0.0196211
  -9.8600000    0.0248575
  -9.8400000    0.0295346
  -9.8200000    0.0334481
  -9.8000000    0.0363807
  -9.7800000    0.0381152
  -9.7600000    0.0384497
  -9.7400000    0.0372141
  -9.7200000    0.0342854
  -9.7000000    0.0296016
  -9.6800000    0.0231717
  -9.6600000    0.0150810
  -9.6400000    0.0054918
  -9.6200000   -0.0053615
  -9.6000000   -0.0171818
  -9.5800000   -0.0296227
  -9.5600000   -0.0423046
  -9.5400000   -0.0548322
  -9.5200000   -0.0668125
  -9.5000000   -0.0778728
  -9.4800000   -0.0876769
  -9.4600000   -0.0959394
  -9.4400000   -0.1024383
  -9.4200000   -0.1070233
  -9.4000000   -0.1096217
  -9.3800000   -0.1102386
  -9.3600000   -0.1089542
  -9.3400000   -0.1059149
  -9.3200000   -0.1013208
  -9.3000000   -0.0954102
  -9.2800000   -0.0884413
  -9.2600000   -0.0806747
  -9.2400000   -0.0723561
  -9.2200000   -0.0637038
  -9.2000000   -0.0548994
  -9.1800000   -0.0460842
  -9.1600000   -0.0373603
  -9.1400000   -0.0287959
  -9.1200000   -0.0204339
  -9.1000000   -0.0123008
  -9.0800000   -0.0044169
  -9.0600000    0.0031963
  -9.0400000    0.0105104
  -9.0200000    0.0174876
  -9.0000000    0.0240816
  -8.9800000    0.0302405
  -8.9600000    0.0359115
  -8.9400000    0.0410477
  -8.9200000    0.0456136
  -8.9000000    0.0495904
  -8.8800000    0.0529806
  -8.8600000    0.0558089
  -8.8400000    0.0581227
  -8.8200000    0.0599883
  -8.8000000    0.0614862
  -8.7800000    0.0627038
  -8.7600000    0.0637263
  -8.7400000    0.0646278
  -8.7200000    0.0654620
  -8.7000000    0.0662546
  -8.6800000    0.0669982
  -8.6600000    0.0676507
  -8.6400000    0.0681375
  -8.6200000    0.0683576
  -8.6000000    0.0681942
  -8.5800000    0.0675270
  -8.5600000    0.0662463
  -8.5400000    0.0642664
  -8.5200000    0.0615369
  -8.5000000    0.0580496
  -8.4800000    0.0538410
  -8.4600000    0.0489897
  -8.4400000    0.0436077
  -8.4200000    0.0378297
  -8.4000000    0.0317983
  -8.3800000    0.0256496
  -8.3600000    0.0195001
  -8.3400000    0.0134361
  -8.3200000    0.0075075
  -8.3000000    0.0017263
  -8.2800000   -0.0039308
  -8.2600000   -0.0095145
  -8.2400000   -0.0150929
  -8.2200000   -0.0207388
  -8.2000000   -0.0265161
  -8.1800000   -0.0324681
  -8.1600000   -0.0386061
  -8.1400000   -0.0449026
  -8.1200000   -0.0512876
  -8.1000000   -0.0576493
  -8.0800000   -0.0638391
  -8.0600000   -0.0696806
  -8.0400000   -0.0749820
  -8.0200000   -0.0795503
  -8.0000000   -0.0832070
  -7.9800000   -0.0858032
  -7.9600000   -0.0872333
  -7.9400000   -0.0874452
  -7.9200000   -0.0864473
  -7.9000000   -0.0843107
  -7.8800000   -0.0811655
  -7.8600000   -0.0771931
  -7.8400000   -0.0726128
  -7.8200000   -0.0676651
  -7.8000000   -0.0625918
  -7.7800000   -0.0576152
  -7.7600000   -0.0529180
  -7.7400000   -0.0486264
  -7.7200000   -0.0447964
  -7.7000000   -0.0414080
  -7.6800000   -0.0383650
  -7.6600000   -0.0355032
  -7.6400000   -0.0326047
  -7.6200000   -0.0294182
  -7.6000000   -0.0256831
  -7.5800000   -0.0211546
  -7.5600000   -0.0156282
  -7.5400000   -0.0089610
  -7.5200000   -0.0010874
  -7.5000000    0.0079705
  -7.4800000    0.0181005
  -7.4600000    0.0291038
  -7.4400000    0.0407055
  -7.4200000    0.0525698
  -7.4000000    0.0643200
  -7.3800000    0.0755608
  -7.3600000    0.0859027
  -7.3400000    0.0949859
  -7.3200000    0.1025042
  -7.3000000    0.1082254
  -7.2800000    0.1120089
  -7.2600000    0.1138175
  -7.2400000    0.1137230
  -7.2200000    0.1119051
  -7.2000000    0.1086416
  -7.1800000    0.1042919
  -7.1600000    0.0992730
  -7.1400000    0.0940309
  -7.1200000    0.0890088
  -7.1000000    0.0846146
  -7.0800000    0.0811911
  -7.0600000    0.0789910
  -7.0400000    0.0781588
  -7.0200000    0.0787210
  -7.0000000    0.0805858
  -6.9800000    0.0835517
  -6.9600000    0.0873244
  -6.9400000    0.0915399
  -6.9200000    0.0957932
  -6.9000000    0.0996688
  -6.8800000    0.1027718
  -6.8600000    0.1047557
  -6.8400000    0.1053470
  -6.8200000    0.1043621
  -6.8000000    0.1017174
  -6.7800000    0.0974303
  -6.7600000    0.0916126
  -6.7400000    0.0844558
  -6.7200000    0.0762105
  -6.7000000    0.0671628
  -6.6800000    0.0576080
  -6.6600000    0.0478258
  -6.6400000    0.0380589
  -6.6200000    0.0284958
  -6.6000000    0.0192598
  -6.5800000    0.0104050
  -6.5600000    0.0019176
  -6.5400000   -0.0062759
  -6.5200000   -0.0142962
  -6.5000000   -0.0222953
  -6.4800000   -0.0304382
  -6.4600000   -0.0388838
  -6.4400000   -0.0477664
  -6.4200000   -0.0571794
  -6.4000000   -0.0671619
  -6.3800000   -0.0776905
  -6.3600000   -0.0886759
  -6.3400000   -0.0999650
  -6.3200000   -0.1113494
  -6.3000000   -0.1225782
  -6.2800000   -0.1333745
  -6.2600000   -0.1434543
  -6.2400000   -0.1525446
  -6.2200000   -0.1603997
  -6.2000000   -0.1668141
  -6.1800000   -0.1716301
  -6.1600000   -0.1747408
  -6.1400000   -0.1760891
  -6.1200000   -0.1756623
  -6.1000000   -0.1734864
  -6.0800000   -0.1696183
  -6.0600000   -0.1641411
  -6.0400000   -0.1571599
  -6.0200000   -0.1488003
  -6.0000000   -0.1392096
  -5.9800000   -0.1285577
  -5.9600000   -0.1170388
  -5.9400000   -0.1048716
  -5.9200000   -0.0922961
  -5.9000000   -0.0795684
  -5.8800000   -0.0669508
  -5.8600000   -0.0546999
  -5.8400000   -0.0430523
  -5.8200000   -0.0322109
  -5.8000000   -0.0223317
  -5.7800000   -0.0135149
  -5.7600000   -0.0058002
  -5.7400000    0.0008318
  -5.7200000    0.0064534
  -5.7000000    0.0111780
  -5.6800000    0.0151450
  -5.6600000    0.0185033
  -5.6400000    0.0213955
  -5.6200000    0.0239446
  -5.6000000    0.0262440
  -5.5800000    0.0283537
  -5.5600000    0.0303010
  -5.5400000    0.0320848
  -5.5200000    0.0336849
  -5.5000000    0.0350710
  -5.4800000    0.0362131
  -5.4600000    0.0370894
  -5.4400000    0.0376917
  -5.4200000    0.0380278
  -5.4000000    0.0381198
  -5.3800000    0.0380012
  -5.3600000    0.0377106
  -5.3400000    0.0372865
  -5.3200000    0.0367617
  -5.3000000    0.0361601
  -5.2800000    0.0354946
  -5.2600000    0.0347684
  -5.2400000    0.0339770
  -5.2200000    0.0331118
  -5.2000000    0.0321645
  -5.1800000    0.0311308
  -5.1600000    0.0300126
  -5.1400000    0.0288201
  -5.1200000    0.0275716
  -5.1000000    0.0262922
  -5.0800000    0.0250115
  -5.0600000    0.0237608
  -5.0400000    0.0225693
  -5.0200000    0.0214613
  -5.0000000    0.0204528
  -4.9800000    0.0195492
  -4.9600000    0.0187443
  -4.9400000    0.0180195
  -4.9200000    0.0173453
  -4.9000000    0.0166840
  -4.8800000    0.0159932
  -4.8600000    0.0152306
  -4.8400000    0.0143588
  -4.8200000    0.0133491
  -4.8000000    0.0121840
  -4.7800000    0.0108576
  -4.7600000    0.0093735
  -4.7400000    0.0077400
  -4.7200000    0.0059650
  -4.7000000    0.0040492
  -4.6800000    0.0019816
  -4.6600000   -0.0002632
  -4.6400000   -0.0027237
  -4.6200000   -0.0054474
  -4.6000000   -0.0084826
  -4.5800000   -0.0118689
  -4.5600000   -0.0156274
  -4.5400000   -0.0197537
  -4.5200000   -0.0242137
  -4.5000000   -0.0289449
  -4.4800000   -0.0338630
  -4.4600000   -0.0388722
  -4.4400000   -0.0438772
  -4.4200000   -0.0487963
  -4.4000000   -0.0535695
  -4.3800000   -0.0581641
  -4.3600000   -0.0625717
  -4.3400000   -0.0668016
  -4.3200000   -0.0708685
  -4.3000000   -0.0747785
  -4.2800000   -0.0785156
  -4.2600000   -0.0820322
  -4.2400000   -0.0852454
  -4.2200000   -0.0880392
  -4.2000000   -0.0902746
  -4.1800000   -0.0918038
  -4.1600000   -0.0924873
  -4.1400000   -0.0922121
  -4.1200000   -0.0909058
  -4.1000000   -0.0885466
  -4.0800000   -0.0851671
  -4.0600000   -0.0808519
  -4.0400000   -0.0757296
  -4.0200000   -0.0699605
  -4.0000000   -0.0637231
  -3.9800000   -0.0572000
  -3.9600000   -0.0505653
  -3.9400000   -0.0439753
  -3.9200000   -0.0375607
  -3.9000000   -0.0314232
  -3.8800000   -0.0256326
  -3.8600000   -0.0202261
  -3.8400000   -0.0152071
  -3.8200000   -0.0105453
  -3.8000000   -0.0061763
  -3.7800000   -0.0020028
  -3.7600000    0.0021022
  -3.7400000    0.0062891
  -3.7200000    0.0107210
  -3.7000000    0.0155586
  -3.6800000    0.0209417
  -3.6600000    0.0269678
  -3.6400000    0.0336708
  -3.6200000    0.0410030
  -3.6000000    0.0488231
  -3.5800000    0.0568929
  -3.5600000    0.0648851
  -3.5400000    0.0724023
  -3.5200000    0.0790064
  -3.5000000    0.0842555
  -3.4800000    0.0877445
  -3.4600000    0.0891443
  -3.4400000    0.0882359
  -3.4200000    0.0849330
  -3.4000000    0.0792931
  -3.3800000    0.0715134
  -3.3600000    0.0619130
  -3.3400000    0.0509050
  -3.3200000    0.0389599
  -3.3000000    0.0265671
  -3.2800000    0.0141969
  -3.2600000    0.0022691
  -3.2400000   -0.0088709
  -3.2200000   -0.0189651
  -3.2000000   -0.0278465
  -3.1800000   -0.0354334
  -3.1600000   -0.0417162
  -3.1400000   -0.0467415
  -3.1200000   -0.0505933
  -3.1000000   -0.0533770
  -3.0800000   -0.0552064
  -3.0600000   -0.0561952
  -3.0400000   -0.0564539
  -3.0200000   -0.0560906
  -3.0000000   -0.0552156
  -2.9800000   -0.0539457
  -2.9600000   -0.0524096
  -2.9400000   -0.0507487
  -2.9200000   -0.0491160
  -2.9000000   -0.0476692
  -2.8800000   -0.0465609
  -2.8600000   -0.0459258
  -2.8400000   -0.0458670
  -2.8200000   -0.0464438
  -2.8000000   -0.0476630
  -2.7800000   -0.0494750
  -2.7600000   -0.0517770
  -2.7400000   -0.0544209
  -2.7200000   -0.0572281
  -2.7000000   -0.0600070
  -2.6800000   -0.0625716
  -2.6600000   -0.0647588
  -2.6400000   -0.0664418
  -2.6200000   -0.0675377
  -2.6000000   -0.0680074
  -2.5800000   -0.0678494
  -2.5600000   -0.0670870
  -2.5400000   -0.0657515
  -2.5200000   -0.0638642
  -2.5000000   -0.0614194
  -2.4800000   -0.0583720
  -2.4600000   -0.0546313
  -2.4400000   -0.0500632
  -2.4200000   -0.0445003
  -2.4000000   -0.0377603
  -2.3800000   -0.0296692
  -2.3600000   -0.0200881
  -2.3400000   -0.0089396
  -2.3200000    0.0037699
  -2.3000000    0.0179344
  -2.2800000    0.0333411
  -2.2600000    0.0496734
  -2.2400000    0.0665241
  -2.2200000    0.0834166
  -2.2000000    0.0998334
  -2.1800000    0.1152487
  -2.1600000    0.1291623
  -2.1400000    0.1411318
  -2.1200000    0.1508023
  -2.1000000    0.1579288
  -2.0800000    0.1623925
  -2.0600000    0.1642085
  -2.0400000    0.1635249
  -2.0200000    0.1606127
  -2.0000000    0.1558472
  -1.9800000    0.1496825
  -1.9600000    0.1426197
  -1.9400000    0.1351719
  -1.9200000    0.1278283
  -1.9000000    0.1210206
  -1.8800000    0.1150943
  -1.8600000    0.1102873
  -1.8400000    0.1067181
  -1.8200000    0.1043839
  -1.8000000    0.1031690
  -1.7800000    0.1028618
  -1.7600000    0.1031797
  -1.7400000    0.1037979
  -1.7200000    0.1043800
  -1.7000000    0.1046081
  -1.6800000    0.1042077
  -1.6600000    0.1029672
  -1.6400000    0.1007490
  -1.6200000    0.0974927
  -1.6000000    0.0932096
  -1.5800000    0.0879711
  -1.5600000    0.0818917
  -1.5400000    0.0751110
  -1.5200000    0.0677757
  -1.5000000    0.0600257
  -1.4800000    0.0519854
  -1.4600000    0.0437619
  -1.4400000    0.0354495
  -1.4200000    0.0271398
  -1.4000000    0.0189342
  -1.3800000    0.0109576
  -1.3600000    0.0033683
  -1.3400000   -0.0036380
  -1.3200000   -0.0098311
  -1.3000000   -0.0149594
  -1.2800000   -0.0187707
  -1.2600000   -0.0210390
  -1.2400000   -0.0215949
  -1.2200000   -0.0203546
  -1.2000000   -0.0173432
  -1.1800000   -0.0127082
  -1.1600000   -0.0067206
  -1.1400000    0.0002388
  -1.1200000    0.0077057
  -1.1000000    0.0151701
  -1.0800000    0.0221202
  -1.0600000    0.0280880
  -1.0400000    0.0326896
  -1.0200000    0.0356569
  -1.0000000    0.0368556
  -0.9800000    0.0362882
  -0.9600000    0.0340819
  -0.9400000    0.0304637
  -0.9200000    0.0257255
  -0.9000000    0.0201839
  -0.8800000    0.0141397
  -0.8600000    0.0078407
  -0.8400000    0.0014528
  -0.8200000   -0.0049600
  -0.8000000   -0.0114406
  -0.7800000   -0.0181331
  -0.7600000   -0.0252619
  -0.7400000   -0.0331001
  -0.7200000   -0.0419292
  -0.7000000   -0.0519932
  -0.6800000   -0.0634535
  -0.6600000   -0.0763492
  -0.6400000   -0.0905689
  -0.6200000   -0.1058388
  -0.6000000   -0.1217301
  -0.5800000   -0.1376872
  -0.5600000   -0.1530736
  -0.5400000   -0.1672324
  -0.5200000   -0.1795532
  -0.5000000   -0.1895402
  -0.4800000   -0.1968702
  -0.4600000   -0.2014392
  -0.4400000   -0.2033894
  -0.4200000   -0.2031194
  -0.4000000   -0.2012777
  -0.3800000   -0.1987448
  -0.3600000   -0.1966065
  -0.3400000   -0.1961247
  -0.3200000   -0.1987057
  -0.3000000   -0.2058638
  -0.2800000   -0.2191790
  -0.2600000   -0.2402392
  -0.2400000   -0.2705625
  -0.2200000   -0.3114939
  -0.2000000   -0.3640773
  -0.1800000   -0.4289066
  -0.1600000   -0.5059705
  -0.1400000   -0.5945089
  -0.1200000   -0.6929042
  -0.1000000   -0.7986319
  -0.0800000   -0.9082924
  -0.0600000   -1.0177340
  -0.0400000   -1.1222726
  -0.0200000   -1.2169919
   0.0000000   -1.2971009
   0.0200000   -1.3583121
   0.0400000   -1.3971963
   0.0600000   -1.4114737
   0.0800000   -1.4002048
   0.1000000   -1.3638587
   0.1200000   -1.3042515
   0.1400000   -1.2243651
   0.1600000   -1.1280706
   0.1800000   -1.0197936
   0.2000000   -0.9041594
   0.2200000   -0.7856585
   0.2400000   -0.6683641
   0.2600000   -0.5557220
   0.2800000   -0.4504241
   0.3000000   -0.3543619
   0.3200000   -0.2686504
   0.3400000   -0.1937062
   0.3600000   -0.1293598
   0.3800000   -0.0749870
   0.4000000   -0.0296428
   0.4200000    0.0078110
   0.4400000    0.0385924
   0.4600000    0.0639019
   0.4800000    0.0848432
   0.5000000    0.1023625
   0.5200000    0.1172051
   0.5400000    0.1298906
   0.5600000    0.1407071
   0.5800000    0.1497237
   0.6000000    0.1568230
   0.6200000    0.1617492
   0.6400000    0.1641696
   0.6600000    0.1637436
   0.6800000    0.1601917
   0.7000000    0.1533569
   0.7200000    0.1432505
   0.7400000    0.1300772
   0.7600000    0.1142347
   0.7800000    0.0962889
   0.8000000    0.0769276
   0.8200000    0.0568987
   0.8400000    0.0369420
   0.8600000    0.0177230
   0.8800000   -0.0002227
   0.9000000   -0.0165287
   0.9200000   -0.0310157
   0.9400000   -0.0436902
   0.9600000   -0.0547234
   0.9800000   -0.0644177
   1.0000000   -0.0731648
   1.0200000   -0.0814012
   1.0400000   -0.0895668
   1.0600000   -0.0980700
   1.0800000   -0.1072606
   1.1000000   -0.1174116
   1.1200000   -0.1287088
   1.1400000   -0.1412468
   1.1600000   -0.1550291
   1.1800000   -0.1699719
   1.2000000   -0.1859089
   1.2200000   -0.2025973
   1.2400000   -0.2197256
   1.2600000   -0.2369218
   1.2800000   -0.2537648
   1.3000000   -0.2697972
   1.3200000   -0.2845429
   1.3400000   -0.2975266
   1.3600000   -0.3082965
   1.3800000   -0.3164486
   1.4000000   -0.3216501
   1.4200000   -0.3236608
   1.4400000   -0.3223503
   1.4600000   -0.3177073
   1.4800000   -0.3098424
   1.5000000   -0.2989810
   1.5200000   -0.2854482
   1.5400000   -0.2696469
   1.5600000   -0.2520308
   1.5800000   -0.2330750
   1.6000000   -0.2132473
   1.6200000   -0.1929824
   1.6400000   -0.1726613
   1.6600000   -0.1525959
   1.6800000   -0.1330211
   1.7000000   -0.1140918
   1.7200000   -0.0958850
   1.7400000   -0.0784057
   1.7600000   -0.0615954
   1.7800000   -0.0453423
   1.8000000   -0.0294931
   1.8200000   -0.0138673
   1.8400000    0.0017278
   1.8600000    0.0174791
   1.8800000    0.0335488
   1.9000000    0.0500549
   1.9200000    0.0670523
   1.9400000    0.0845183
   1.9600000    0.1023424
   1.9800000    0.1203251
   2.0000000    0.1381844
   2.0200000    0.1555714
   2.0400000    0.1720941
   2.0600000    0.1873461
   2.0800000    0.2009385
   2.1000000    0.2125298
   2.1200000    0.2218525
   2.1400000    0.2287314
   2.1600000    0.2330941
   2.1800000    0.2349707
   2.2000000    0.2344857
   2.2200000    0.2318411
   2.2400000    0.2272949
   2.2600000    0.2211364
   2.2800000    0.2136617
   2.3000000    0.2051514
   2.3200000    0.1958529
   2.3400000    0.1859687
   2.3600000    0.1756505
   2.3800000    0.1650008
   2.4000000    0.1540795
   2.4200000    0.1429151
   2.4400000    0.1315178
   2.4600000    0.1198942
   2.4800000    0.1080597
   2.5000000    0.0960480
   2.5200000    0.0839173
   2.5400000    0.0717513
   2.5600000    0.0596565
   2.5800000    0.0477563
   2.6000000    0.0361824
   2.6200000    0.0250664
   2.6400000    0.0145305
   2.6600000    0.0046811
   2.6800000   -0.0043966
   2.7000000   -0.0126414
   2.7200000   -0.0200171
   2.7400000   -0.0265113
   2.7600000   -0.0321335
   2.7800000   -0.0369128
   2.8000000   -0.0408940
   2.8200000   -0.0441350
   2.8400000   -0.0467034
   2.8600000   -0.0486736
   2.8800000   -0.0501239
   2.9000000   -0.0511339
   2.9200000   -0.0517828
   2.9400000   -0.0521472
   2.9600000   -0.0523007
   2.9800000   -0.0523129
   3.0000000   -0.0522496
   3.0200000   -0.0521721
   3.0400000   -0.0521373
   3.0600000   -0.0521963
   3.0800000   -0.0523932
   3.1000000   -0.0527632
   3.1200000   -0.0533307
   3.1400000   -0.0541081
   3.1600000   -0.0550960
   3.1800000   -0.0562846
   3.2000000   -0.0576574
   3.2200000   -0.0591970
   3.2400000   -0.0608909
   3.2600000   -0.0627379
   3.2800000   -0.0647530
   3.3000000   -0.0669692
   3.3200000   -0.0694357
   3.3400000   -0.0722113
   3.3600000   -0.0753546
   3.3800000   -0.0789104
   3.4000000   -0.0828958
   3.4200000   -0.0872860
   3.4400000   -0.0920047
   3.4600000   -0.0969180
   3.4800000   -0.1018352
   3.5000000   -0.1065161
   3.5200000   -0.1106835
   3.5400000   -0.1140418
   3.5600000   -0.1162976
   3.5800000   -0.1171824
   3.6000000   -0.1164733
   3.6200000   -0.1140130
   3.6400000   -0.1097240
   3.6600000   -0.1036192
   3.6800000   -0.0958060
   3.7000000   -0.0864838
   3.7200000   -0.0759360
   3.7400000   -0.0645144
   3.7600000   -0.0526184
   3.7800000   -0.0406692
   3.8000000   -0.0290805
   3.8200000   -0.0182285
   3.8400000   -0.0084230
   3.8600000    0.0001177
   3.8800000    0.0072844
   3.9000000    0.0130864
   3.9200000    0.0176505
   3.9400000    0.0212086
   3.9600000    0.0240759
   3.9800000    0.0266203
   4.0000000    0.0292263
   4.0200000    0.0322564
   4.0400000    0.0360143
   4.0600000    0.0407133
   4.0800000    0.0464526
   4.1000000    0.0532059
   4.1200000    0.0608201
   4.1400000    0.0690282
   4.1600000    0.0774713
   4.1800000    0.0857299
   4.2000000    0.0933604
   4.2200000    0.0999319
   4.2400000    0.1050623
   4.2600000    0.1084474
   4.2800000    0.1098828
   4.3000000    0.1092754
   4.3200000    0.1066456
   4.3400000    0.1021192
   4.3600000    0.0959124
   4.3800000    0.0883101
   4.4000000    0.0796413
   4.4200000    0.0702547
   4.4400000    0.0604949
   4.4600000    0.0506828
   4.4800000    0.0411005
   4.5000000    0.0319816
   4.5200000    0.0235066
   4.5400000    0.0158022
   4.5600000    0.0089445
   4.5800000    0.0029637
   4.6000000   -0.0021494
   4.6200000   -0.0064377
   4.6400000   -0.0099725
   4.6600000   -0.0128480
   4.6800000   -0.0151777
   4.7000000   -0.0170896
   4.7200000   -0.0187222
   4.7400000   -0.0202185
   4.7600000   -0.0217200
   4.7800000   -0.0233598
   4.8000000   -0.0252545
   4.8200000   -0.0274979
   4.8400000   -0.0301553
   4.8600000   -0.0332597
   4.8800000   -0.0368118
   4.9000000   -0.0407817
   4.9200000   -0.0451137
   4.9400000   -0.0497329
   4.9600000   -0.0545518
   4.9800000   -0.0594768
   5.0000000   -0.0644132
   5.0200000   -0.0692673
   5.0400000   -0.0739461
   5.0600000   -0.0783558
   5.0800000   -0.0823977
   5.1000000   -0.0859656
   5.1200000   -0.0889436
   5.1400000   -0.0912073
   5.1600000   -0.0926281
   5.1800000   -0.0930807
   5.2000000   -0.0924549
   5.2200000   -0.0906674
   5.2400000   -0.0876752
   5.2600000   -0.0834857
   5.2800000   -0.0781645
   5.3000000   -0.0718362
   5.3200000   -0.0646802
   5.3400000   -0.0569199
   5.3600000   -0.0488074
   5.3800000   -0.0406033
   5.4000000   -0.0325574
   5.4200000   -0.0248886
   5.4400000   -0.0177695
   5.4600000   -0.0113160
   5.4800000   -0.0055825
   5.5000000   -0.0005638
   5.5200000    0.0037969
   5.5400000    0.0075973
   5.5600000    0.0109613
   5.5800000    0.0140247
   5.6000000    0.0169223
   5.6200000    0.0197765
   5.6400000    0.0226906
   5.6600000    0.0257447
   5.6800000    0.0289944
   5.7000000    0.0324718
   5.7200000    0.0361887
   5.7400000    0.0401384
   5.7600000    0.0442984
   5.7800000    0.0486324
   5.8000000    0.0530907
   5.8200000    0.0576121
   5.8400000    0.0621246
   5.8600000    0.0665487
   5.8800000    0.0708008
   5.9000000    0.0747994
   5.9200000    0.0784722
   5.9400000    0.0817630
   5.9600000    0.0846399
   5.9800000    0.0870999
   6.0000000    0.0891728
   6.0200000    0.0909203
   6.0400000    0.0924319
   6.0600000    0.0938170
   6.0800000    0.0951937
   6.1000000    0.0966760
   6.1200000    0.0983596
   6.1400000    0.1003093
   6.1600000    0.1025476
   6.1800000    0.1050476
   6.2000000    0.1077295
   6.2200000    0.1104618
   6.2400000    0.1130672
   6.2600000    0.1153324
   6.2800000    0.1170209
   6.3000000    0.1178885
   6.3200000    0.1176992
   6.3400000    0.1162405
   6.3600000    0.1133382
   6.3800000    0.1088679
   6.4000000    0.1027640
   6.4200000    0.0950256
   6.4400000    0.0857179
   6.4600000    0.0749706
   6.4800000    0.0629730
   6.5000000    0.0499650
   6.5200000    0.0362256
   6.5400000    0.0220590
   6.5600000    0.0077788
   6.5800000   -0.0063092
   6.6000000   -0.0199233
   6.6200000   -0.0328217
   6.6400000   -0.0448154
   6.6600000   -0.0557772
   6.6800000   -0.0656461
   6.7000000   -0.0744270
   6.7200000   -0.0821845
   6.7400000   -0.0890328
   6.7600000   -0.0951214
   6.7800000   -0.1006191
   6.8000000   -0.1056978
   6.8200000   -0.1105168
   6.8400000   -0.1152098
   6.8600000   -0.1198753
   6.8800000   -0.1245706
   6.9000000   -0.1293092
   6.9200000   -0.1340617
   6.9400000   -0.1387591
   6.9600000   -0.1432983
   6.9800000   -0.1475489
   7.0000000   -0.1513612
   7.0200000   -0.1545753
   7.0400000   -0.1570311
   7.0600000   -0.1585790
   7.0800000   -0.1590903
   7.1000000   -0.1584673
   7.1200000   -0.1566517
   7.1400000   -0.1536300
   7.1600000   -0.1494354
   7.1800000   -0.1441456
   7.2000000   -0.1378759
   7.2200000   -0.1307694
   7.2400000   -0.1229852
   7.2600000   -0.1146857
   7.2800000   -0.1060267
   7.3000000   -0.0971491
   7.3200000   -0.0881759
   7.3400000   -0.0792124
   7.3600000   -0.0703503
   7.3800000   -0.0616735
   7.4000000   -0.0532642
   7.4200000   -0.0452079
   7.4400000   -0.0375949
   7.4600000   -0.0305188
   7.4800000   -0.0240712
   7.5000000   -0.0183334
   7.5200000   -0.0133676
   7.5400000   -0.0092067
   7.5600000   -0.0058473
   7.5800000   -0.0032456
   7.6000000   -0.0013170
   7.6200000    0.0000588
   7.6400000    0.0010296
   7.6600000    0.0017583
   7.6800000    0.0024091
   7.7000000    0.0031335
   7.7200000    0.0040577
   7.7400000    0.0052726
   7.7600000    0.0068282
   7.7800000    0.0087318
   7.8000000    0.0109508
   7.8200000    0.0134187
   7.8400000    0.0160442
   7.8600000    0.0187204
   7.8800000    0.0213352
   7.9000000    0.0237798
   7.9200000    0.0259561
   7.9400000    0.0277815
   7.9600000    0.0291914
   7.9800000    0.0301403
   8.0000000    0.0306007
   8.0200000    0.0305610
   8.0400000    0.0300228
   8.0600000    0.0289973
   8.0800000    0.0275024
   8.1000000    0.0255590
   8.1200000    0.0231892
   8.1400000    0.0204143
   8.1600000    0.0172545
   8.1800000    0.0137302
   8.2000000    0.0098636
   8.2200000    0.0056819
   8.2400000    0.0012211
   8.2600000   -0.0034715
   8.2800000   -0.0083350
   8.3000000   -0.0132946
   8.3200000   -0.0182634
   8.3400000   -0.0231465
   8.3600000   -0.0278475
   8.3800000   -0.0322764
   8.4000000   -0.0363579
   8.4200000   -0.0400397
   8.4400000   -0.0432991
   8.4600000   -0.0461468
   8.4800000   -0.0486272
   8.5000000   -0.0508150
   8.5200000   -0.0528086
   8.5400000   -0.0547192
   8.5600000   -0.0566599
   8.5800000   -0.0587334
   8.6000000   -0.0610217
   8.6200000   -0.0635794
   8.6400000   -0.0664305
   8.6600000   -0.0695704
   8.6800000   -0.0729721
   8.7000000   -0.0765955
   8.7200000   -0.0803982
   8.7400000   -0.0843456
   8.7600000   -0.0884192
   8.7800000   -0.0926191
   8.8000000   -0.0969630
   8.8200000   -0.1014788
   8.8400000   -0.1061933
   8.8600000   -0.1111175
   8.8800000   -0.1162317
   8.9000000   -0.1214724
   8.9200000   -0.1267232
   8.9400000   -0.1318127
   8.9600000   -0.1365188
   8.9800000   -0.1405820
   9.0000000   -0.1437243
   9.0200000   -0.1456735
   9.0400000   -0.1461899
   9.0600000   -0.1450911
   9.0800000   -0.1422741
   9.1000000   -0.1377295
   9.1200000   -0.1315483
   9.1400000   -0.1239199
   9.1600000   -0.1151212
   9.1800000   -0.1054984
   9.2000000   -0.0954437
   9.2200000   -0.0853692
   9.2400000   -0.0756788
   9.2600000   -0.0667423
   9.2800000   -0.0588713
   9.3000000   -0.0522990
   9.3200000   -0.0471657
   9.3400000   -0.0435095
   9.3600000   -0.0412635
   9.3800000   -0.0402606
   9.4000000   -0.0402449
   9.4200000   -0.0408903
   9.4400000   -0.0418250
   9.4600000   -0.0426602
   9.4800000   -0.0430215
   9.5000000   -0.0425792
   9.5200000   -0.0410757
   9.5400000   -0.0383466
   9.5600000   -0.0343339
   9.5800000   -0.0290897
   9.6000000   -0.0227693
   9.6200000   -0.0156165
   9.6400000   -0.0079407
   9.6600000   -0.0000900
   9.6800000    0.0075778
   9.7000000    0.0147229
   9.7200000    0.0210467
   9.7400000    0.0263105
   9.7600000    0.0303461
   9.7800000    0.0330605
   9.8000000    0.0344333
   9.8200000    0.0345090
   9.8400000    0.0333860
   9.8600000    0.0312026
   9.8800000    0.0281223
   9.9000000    0.0243204
   9.9200000    0.0199714
   9.9400000    0.0152388
   9.9600000    0.0102677
   9.9800000    0.0051795
  10.0000000    0.0000697
  10.0200000   -0.0049931
  10.0400000   -0.0099660
  10.0600000   -0.0148301
  10.0800000   -0.0195884
  10.1000000   -0.0242623
  10.1200000   -0.0288896
  10.1400000   -0.0335211
  10.1600000   -0.0382168
  10.1800000   -0.0430425
  10.2000000   -0.0480640
  10.2200000   -0.0533419
  10.2400000   -0.0589246
  10.2600000   -0.0648412
  10.2800000   -0.0710948
  10.3000000   -0.0776561
  10.3200000   -0.0844593
  10.3400000   -0.0914000
  10.3600000   -0.0983355
  10.3800000   -0.1050895
  10.4000000   -0.1114591
  10.4200000   -0.1172256
  10.4400000   -0.1221674
  10.4600000   -0.1260753
  10.4800000   -0.1287680
  10.5000000   -0.1301078
  10.5200000   -0.1300141
  10.5400000   -0.1284746
  10.5600000   -0.1255513
  10.5800000   -0.1213834
  10.6000000   -0.1161829
  10.6200000   -0.1102261
  10.6400000   -0.1038394
  10.6600000   -0.0973805
  10.6800000   -0.0912170
  10.7000000   -0.0857024
  10.7200000   -0.0811523
  10.7400000   -0.0778215
  10.7600000   -0.0758852
  10.7800000   -0.0754235
  10.8000000   -0.0764133
  10.8200000   -0.0787264
  10.8400000   -0.0821360
  10.8600000   -0.0863303
  10.8800000   -0.0909329
  10.9000000   -0.0955293
  10.9200000   -0.0996953
  10.9400000   -0.1030269
  10.9600000   -0.1051675
  10.9800000   -0.1058294
  11.0000000   -0.1048100
  11.0200000   -0.1019979
  11.0400000   -0.0973716
  11.0600000   -0.0909911
  11.0800000   -0.0829826
  11.1000000   -0.0735213
  11.1200000   -0.0628128
  11.1400000   -0.0510765
  11.1600000   -0.0385325
  11.1800000   -0.0253933
  11.2000000   -0.0118604
  11.2200000    0.0018760
  11.2400000    0.0156328
  11.2600000    0.0292302
  11.2800000    0.0424871
  11.3000000    0.0552187
  11.3200000    0.0672370
  11.3400000    0.0783540
  11.3600000    0.0883878
  11.3800000    0.0971716
  11.4000000    0.1045627
  11.4200000    0.1104528
  11.4400000    0.1147753
  11.4600000    0.1175113
  11.4800000    0.1186907
  11.5000000    0.1183896
  11.5200000    0.1167232
  11.5400000    0.1138350
  11.5600000    0.1098830
  11.5800000    0.1050259
  11.6000000    0.0994084
  11.6200000    0.0931508
  11.6400000    0.0863419
  11.6600000    0.0790373
  11.6800000    0.0712635
  11.7000000    0.0630258
  11.7200000    0.0543211
  11.7400000    0.0451505
  11.7600000    0.0355316
  11.7800000    0.0255079
  11.8000000    0.0151535
  11.8200000    0.0045716
  11.8400000   -0.0061108
  11.8600000   -0.0167534
  11.8800000   -0.0272150
  11.9000000   -0.0373655
  11.9200000   -0.0470965
  11.9400000   -0.0563279
  11.9600000   -0.0650088
  11.9800000   -0.0731149
  12.0000000   -0.0806407
  12.0200000   -0.0875893
  12.0400000   -0.0939616
  12.0600000   -0.0997471
  12.0800000   -0.1049177
  12.1000000   -0.1094263
  12.1200000   -0.1132098
  12.1400000   -0.1161982
  12.1600000   -0.1183255
  12.1800000   -0.1195441
  12.2000000   -0.1198371
  12.2200000   -0.1192293
  12.2400000   -0.1177922
  12.2600000   -0.1156442
  12.2800000   -0.1129433
  12.3000000   -0.1098738
  12.3200000   -0.1066286
  12.3400000   -0.1033888
  12.3600000   -0.1003036
  12.3800000   -0.0974732
  12.4000000   -0.0949371
  12.4200000   -0.0926704
  12.4400000   -0.0905874
  12.4600000   -0.0885526
  12.4800000   -0.0863983
  12.5000000   -0.0839454
  12.5200000   -0.0810241
  12.5400000   -0.0774933
  12.5600000   -0.0732547
  12.5800000   -0.0682613
  12.6000000   -0.0625185
  12.6200000   -0.0560802
  12.6400000   -0.0490397
  12.6600000   -0.0415187
  12.6800000   -0.0336542
  12.7000000   -0.0255883
  12.7200000   -0.0174586
  12.7400000   -0.0093925
  12.7600000   -0.0015033
  12.7800000    0.0061109
  12.8000000    0.0133678
  12.8200000    0.0201996
  12.8400000    0.0265527
  12.8600000    0.0323873
  12.8800000    0.0376769
  12.9000000    0.0424081
  12.9200000    0.0465795
  12.9400000    0.0502009
  12.9600000    0.0532911
  12.9800000    0.0558748
  13.0000000    0.0579807
  13.0200000    0.0596376
  13.0400000    0.0608726
  13.0600000    0.0617083
  13.0800000    0.0621616
  13.1000000    0.0622424
  13.1200000    0.0619519
  13.1400000    0.0612820
  13.1600000    0.0602129
  13.1800000    0.0587126
  13.2000000    0.0567357
  13.2200000    0.0542241
  13.2400000    0.0511099
  13.2600000    0.0473207
  13.2800000    0.0427877
  13.3000000    0.0374554
  13.3200000    0.0312926
  13.3400000    0.0243030
  13.3600000    0.0165321
  13.3800000    0.0080712
  13.4000000   -0.0009447
  13.4200000   -0.0103443
  13.4400000   -0.0199323
  13.4600000   -0.0295047
  13.4800000   -0.0388654
  13.5000000   -0.0478411
  13.5200000   -0.0562930
  13.5400000   -0.0641229
  13.5600000   -0.0712742
  13.5800000   -0.0777269
  13.6000000   -0.0834890
  13.6200000   -0.0885847
  13.6400000   -0.0930433
  13.6600000   -0.0968889
  13.6800000   -0.1001332
  13.7000000   -0.1027723
  13.7200000   -0.1047865
  13.7400000   -0.1061444
  13.7600000   -0.1068084
  13.7800000   -0.1067413
  13.8000000   -0.1059132
  13.8200000   -0.1043068
  13.8400000   -0.1019210
  13.8600000   -0.0987738
  13.8800000   -0.0949021
  13.9000000   -0.0903612
  13.9200000   -0.0852240
  13.9400000   -0.0795790
  13.9600000   -0.0735292
  13.9800000   -0.0671898
  14.0000000   -0.0606864
  14.0200000   -0.0541510
  14.0400000   -0.0477167
  14.0600000   -0.0415111
  14.0800000   -0.0356475
  14.1000000   -0.0302151
  14.1200000   -0.0252708
  14.1400000   -0.0208321
  14.1600000   -0.0168733
  14.1800000   -0.0133277
  14.2000000   -0.0100937
  14.2200000   -0.0070466
  14.2400000   -0.0040536
  14.2600000   -0.0009911
  14.2800000    0.0022391
  14.3000000    0.0056958
  14.3200000    0.0093904
  14.3400000    0.0132832
  14.3600000    0.0172870
  14.3800000    0.0212755
  14.4000000    0.0250962
  14.4200000    0.0285849
  14.4400000    0.0315814
  14.4600000    0.0339432
  14.4800000    0.0355581
  14.5000000    0.0363521
  14.5200000    0.0362966
  14.5400000    0.0354105
  14.5600000    0.0337612
  14.5800000    0.0314617
  14.6000000    0.0286658
  14.6200000    0.0255602
  14.6400000    0.0223543
  14.6600000    0.0192668
  14.6800000    0.0165110
  14.7000000    0.0142792
  14.7200000    0.0127278
  14.7400000    0.0119639
  14.7600000    0.0120373
  14.7800000    0.0129363
  14.8000000    0.0145904
  14.8200000    0.0168784
  14.8400000    0.0196419
  14.8600000    0.0227018
  14.8800000    0.0258776
  14.9000000    0.0290041
  14.9200000    0.0319475
  14.9400000    0.0346159
  14.9600000    0.0369649
  14.9800000    0.0389973
  15.0000000    0.0407590
  15.0200000    0.0423292
  15.0400000    0.0438093
  15.0600000    0.0453109
  15.0800000    0.0469445
  15.1000000    0.0488105
  15.1200000    0.0509934
  15.1400000    0.0535594
  15.1600000    0.0565574
  15.1800000    0.0600213
  15.2000000    0.0639742
  15.2200000    0.0684311
  15.2400000    0.0733995
  15.2600000    0.0788777
  15.2800000    0.0848482
  15.3000000    0.0912689
  15.3200000    0.0980622
  15.3400000    0.1051033
  15.3600000    0.1122119
  15.3800000    0.1191472
  15.4000000    0.1256108
  15.4200000    0.1312566
  15.4400000    0.1357098
  15.4600000    0.1385919
  15.4800000    0.1395514
  15.5000000    0.1382959
  15.5200000    0.1346220
  15.5400000    0.1284390
  15.5600000    0.1197843
  15.5800000    0.1088263
  15.6000000    0.0958569
  15.6200000    0.0812711
  15.6400000    0.0655394
  15.6600000    0.0491729
  15.6800000    0.0326888
  15.7000000    0.0165764
  15.7200000    0.0012701
  15.7400000   -0.0128697
  15.7600000   -0.0255668
  15.7800000   -0.0366294
  15.8000000   -0.0459442
  15.8200000   -0.0534636
  15.8400000   -0.0591915
  15.8600000   -0.0631687
  15.8800000   -0.0654606
  15.9000000   -0.0661487
  15.9200000   -0.0653258
  15.9400000   -0.0630948
  15.9600000   -0.0595705
  15.9800000   -0.0548818
  16.0000000   -0.0491729
  16.0200000   -0.0426041
  16.0400000   -0.0353485
  16.0600000   -0.0275871
  16.0800000   -0.0195020
  16.1000000   -0.0112682
  16.1200000   -0.0030456
  16.1400000    0.0050270
  16.1600000    0.0128362
  16.1800000    0.0202954
  16.2000000    0.0273441
  16.2200000    0.0339444
  16.2400000    0.0400766
  16.2600000    0.0457348
  16.2800000    0.0509224
  16.3000000    0.0556489
  16.3200000    0.0599278
  16.3400000    0.0637766
  16.3600000    0.0672165
  16.3800000    0.0702745
  16.4000000    0.0729845
  16.4200000    0.0753889
  16.4400000    0.0775387
  16.4600000    0.0794939
  16.4800000    0.0813214
  16.5000000    0.0830928
  16.5200000    0.0848798
  16.5400000    0.0867491
  16.5600000    0.0887557
  16.5800000    0.0909354
  16.6000000    0.0932981
  16.6200000    0.0958200
  16.6400000    0.0984397
  16.6600000    0.1010554
  16.6800000    0.1035265
  16.7000000    0.1056795
  16.7200000    0.1073184
  16.7400000    0.1082384
  16.7600000    0.1082429
  16.7800000    0.1071606
  16.8000000    0.1048620
  16.8200000    0.1012719
  16.8400000    0.0963779
  16.8600000    0.0902317
  16.8800000    0.0829446
  16.9000000    0.0746777
  16.9200000    0.0656272
  16.9400000    0.0560080
  16.9600000    0.0460361
  16.9800000    0.0359141
  17.0000000    0.0258192
  17.0200000    0.0158960
  17.0400000    0.0062543
  17.0600000   -0.0030294
  17.0800000   -0.0119056
  17.1000000   -0.0203448
  17.1200000   -0.0283279
  17.1400000   -0.0358391
  17.1600000   -0.0428587
  17.1800000   -0.0493597
  17.2000000   -0.0553057
  17.2200000   -0.0606523
  17.2400000   -0.0653493
  17.2600000   -0.0693446
  17.2800000   -0.0725870
  17.3000000   -0.0750291
  17.3200000   -0.0766287
  17.3400000   -0.0773488
  17.3600000   -0.0771569
  17.3800000   -0.0760250
  17.4000000   -0.0739291
  17.4200000   -0.0708510
  17.4400000   -0.0667825
  17.4600000   -0.0617298
  17.4800000   -0.0557208
  17.5000000   -0.0488115
  17.5200000   -0.0410911
  17.5400000   -0.0326852
  17.5600000   -0.0237547
  17.5800000   -0.0144914
  17.6000000   -0.0051094
  17.6200000    0.0041670
  17.6400000    0.0131165
  17.6600000    0.0215349
  17.6800000    0.0292472
  17.7000000    0.0361172
  17.7200000    0.0420542
  17.7400000    0.0470150
  17.7600000    0.0510025
  17.7800000    0.0540622
  17.8000000    0.0562760
  17.8200000    0.0577559
  17.8400000    0.0586370
  17.8600000    0.0590712
  17.8800000    0.0592209
  17.9000000    0.0592534
  17.9200000    0.0593340
  17.9400000    0.0596184
  17.9600000    0.0602441
  17.9800000    0.0613206
  18.0000000    0.0629188
  18.0200000    0.0650619
  18.0400000    0.0677176
  18.0600000    0.0707942
  18.0800000    0.0741411
  18.1000000    0.0775557
  18.1200000    0.0807943
  18.1400000    0.0835896
  18.1600000    0.0856700
  18.1800000    0.0867816
  18.2000000    0.0867087
  18.2200000    0.0852912
  18.2400000    0.0824386
  18.2600000    0.0781367
  18.2800000    0.0724496
  18.3000000    0.0655156
  18.3200000    0.0575380
  18.3400000    0.0487731
  18.3600000    0.0395158
  18.3800000    0.0300837
  18.4000000    0.0208015
  18.4200000    0.0119848
  18.4400000    0.0039246
  18.4600000   -0.0031275
  18.4800000   -0.0089734
  18.5000000   -0.0134804
  18.5200000   -0.0165915
  18.5400000   -0.0183304
  18.5600000   -0.0188026
  18.5800000   -0.0181901
  18.6000000   -0.0167398
  18.6200000   -0.0147460
  18.6400000   -0.0125279
  18.6600000   -0.0104039
  18.6800000   -0.0086656
  18.7000000   -0.0075536
  18.7200000   -0.0072371
  18.7400000   -0.0078015
  18.7600000   -0.0092424
  18.7800000   -0.0114690
  18.8000000   -0.0143155
  18.8200000   -0.0175587
  18.8400000   -0.0209406
  18.8600000   -0.0241932
  18.8800000   -0.0270630
  18.9000000   -0.0293314
  18.9200000   -0.0308319
  18.9400000   -0.0314595
  18.9600000   -0.0311746
  18.9800000   -0.0300000
  19.0000000   -0.0280137
  19.0200000   -0.0253379
  19.0400000   -0.0221260
  19.0600000   -0.0185503
  19.0800000   -0.0147910
  19.1000000   -0.0110255
  19.1200000   -0.0074219
  19.1400000   -0.0041319
  19.1600000   -0.0012861
  19.1800000    0.0010107
  19.2000000    0.0026848
  19.2200000    0.0036974
  19.2400000    0.0040492
  19.2600000    0.0037822
  19.2800000    0.0029801
  19.3000000    0.0017654
  19.3200000    0.0002918
  19.3400000   -0.0012658
  19.3600000   -0.0027252
  19.3800000   -0.0039117
  19.4000000   -0.0046738
  19.4200000   -0.0048964
  19.4400000   -0.0045111
  19.4600000   -0.0035009
  19.4800000   -0.0019012
  19.5000000    0.0002062
  19.5200000    0.0027020
  19.5400000    0.0054417
  19.5600000    0.0082694
  19.5800000    0.0110308
  19.6000000    0.0135839
  19.6200000    0.0158078
  19.6400000    0.0176079
  19.6600000    0.0189175
  19.6800000    0.0196990
  19.7000000    0.0199415
  19.7200000    0.0196601
  19.7400000    0.0188939
  19.7600000    0.0177053
  19.7800000    0.0161791
  19.8000000    0.0144215
  19.8200000    0.0125584
  19.8400000    0.0107312
  19.8600000    0.0090913
  19.8800000    0.0077916
  19.9000000    0.0069764
  19.9200000    0.0067706
  19.9400000    0.0072679
  19.9600000    0.0085215
  19.9800000    0.0105368
  20.0000000    0.0132682
  20.0200000    0.0166196
  20.0400000    0.0204506
  20.0600000    0.0245855
  20.0800000    0.0288265
  20.1000000    0.0329690
  20.1200000    0.0368171
  20.1400000    0.0401981
  20.1600000    0.0429754
  20.1800000    0.0450573
  20.2000000    0.0464018
  20.2200000    0.0470175
  20.2400000    0.0469593
  20.2600000    0.0463217
  20.2800000    0.0452282
  20.3000000    0.0438199
  20.3200000    0.0422434
  20.3400000    0.0406386
  20.3600000    0.0391285
  20.3800000    0.0378113
  20.4000000    0.0367545
  20.4200000    0.0359933
  20.4400000    0.0355310
  20.4600000    0.0353431
  20.4800000    0.0353833
  20.5000000    0.0355913
  20.5200000    0.0359014
  20.5400000    0.0362498
  20.5600000    0.0365809
  20.5800000    0.0368512
  20.6000000    0.0370298
  20.6200000    0.0370959
  20.6400000    0.0370349
  20.6600000    0.0368316
  20.6800000    0.0364637
  20.7000000    0.0358956
  20.7200000    0.0350748
  20.7400000    0.0339292
  20.7600000    0.0323696
  20.7800000    0.0302937
  20.8000000    0.0275938
  20.8200000    0.0241666
  20.8400000    0.0199247
  20.8600000    0.0148086
  20.8800000    0.0087980
  20.9000000    0.0019223
  20.9200000   -0.0057333
  20.9400000   -0.0140241
  20.9600000   -0.0227488
  20.9800000   -0.0316568
  21.0000000   -0.0404622
  21.0200000   -0.0488623
  21.0400000   -0.0565596
  21.0600000   -0.0632855
  21.0800000   -0.0688229
  21.1000000   -0.0730253
  21.1200000   -0.0758290
  21.1400000   -0.0772590
  21.1600000   -0.0774248
  21.1800000   -0.0765091
  21.2000000   -0.0747488
  21.2200000   -0.0724116
  21.2400000   -0.0697697
  21.2600000   -0.0670749
  21.2800000   -0.0645362
  21.3000000   -0.0623030
  21.3200000   -0.0604551
  21.3400000   -0.0589993
  21.3600000   -0.0578739
  21.3800000   -0.0569593
  21.4000000   -0.0560927
  21.4200000   -0.0550867
  21.4400000   -0.0537488
  21.4600000   -0.0519002
  21.4800000   -0.0493922
  21.5000000   -0.0461199
  21.5200000   -0.0420315
  21.5400000   -0.0371325
  21.5600000   -0.0314866
  21.5800000   -0.0252118
  21.6000000   -0.0184734
  21.6200000   -0.0114747
  21.6400000   -0.0044451
  21.6600000    0.0023713
  21.6800000    0.0087290
  21.7000000    0.0143930
  21.7200000    0.0191499
  21.7400000    0.0228177
  21.7600000    0.0252541
  21.7800000    0.0263626
  21.8000000    0.0260968
  21.8200000    0.0244626
  21.8400000    0.0215182
  21.8600000    0.0173723
  21.8800000    0.0121807
  21.9000000    0.0061407
  21.9200000   -0.0005159
  21.9400000   -0.0075307
  21.9600000   -0.0146286
  21.9800000   -0.0215286
  22.0000000   -0.0279552
  22.0200000   -0.0336500
  22.0400000   -0.0383838
  22.0600000   -0.0419668
  22.0800000   -0.0442579
  22.1000000   -0.0451715
  22.1200000   -0.0446809
  22.1400000   -0.0428191
  22.1600000   -0.0396753
  22.1800000   -0.0353883
  22.2000000   -0.0301374
  22.2200000   -0.0241304
  22.2400000   -0.0175919
  22.2600000   -0.0107507
  22.2800000   -0.0038286
  22.3000000    0.0029685
  22.3200000    0.0094574
  22.3400000    0.0154808
  22.3600000    0.0209090
  22.3800000    0.0256387
  22.4000000    0.0295911
  22.4200000    0.0327092
  22.4400000    0.0349557
  22.4600000    0.0363117
  22.4800000    0.0367769
  22.5000000    0.0363705
  22.5200000    0.0351325
  22.5400000    0.0331255
  22.5600000    0.0304352
  22.5800000    0.0271695
  22.6000000    0.0234561
  22.6200000    0.0194380
  22.6400000    0.0152677
  22.6600000    0.0111013
  22.6800000    0.0070913
  22.7000000    0.0033811
  22.7200000    0.0001007
  22.7400000   -0.0026373
  22.7600000   -0.0047399
  22.7800000   -0.0061358
  22.8000000   -0.0067774
  22.8200000   -0.0066436
  22.8400000   -0.0057436
  22.8600000   -0.0041199
  22.8800000   -0.0018523
  22.9000000    0.0009408
  22.9200000    0.0041037
  22.9400000    0.0074486
  22.9600000    0.0107652
  22.9800000    0.0138349
  23.0000000    0.0164476
  23.0200000    0.0184207
  23.0400000    0.0196164
  23.0600000    0.0199560
  23.0800000    0.0194289
  23.1000000    0.0180948
  23.1200000    0.0160777
  23.1400000    0.0135544
  23.1600000    0.0107357
  23.1800000    0.0078463
  23.2000000    0.0051024
  23.2200000    0.0026915
  23.2400000    0.0007571
  23.2600000   -0.0006122
  23.2800000   -0.0013864
  23.3000000   -0.0015915
  23.3200000   -0.0013011
  23.3400000   -0.0006240
  23.3600000    0.0003112
  23.3800000    0.0013723
  23.4000000    0.0024384
  23.4200000    0.0034133
  23.4400000    0.0042345
  23.4600000    0.0048790
  23.4800000    0.0053651
  23.5000000    0.0057498
  23.5200000    0.0061236
  23.5400000    0.0066022
  23.5600000    0.0073167
  23.5800000    0.0084029
  23.6000000    0.0099897
  23.6200000    0.0121887
  23.6400000    0.0150844
  23.6600000    0.0187261
  23.6800000    0.0231219
  23.7000000    0.0282359
  23.7200000    0.0339880
  23.7400000    0.0402568
  23.7600000    0.0468858
  23.7800000    0.0536916
  23.8000000    0.0604748
  23.8200000    0.0670308
  23.8400000    0.0731616
  23.8600000    0.0786860
  23.8800000    0.0834478
  23.9000000    0.0873225
  23.9200000    0.0902206
  23.9400000    0.0920889
  23.9600000    0.0929094
  23.9800000    0.0926972
  24.0000000    0.0914974
  24.0200000    0.0893809
  24.0400000    0.0864408
  24.0600000    0.0827883
  24.0800000    0.0785479
  24.1000000    0.0738519
  24.1200000    0.0688334
  24.1400000    0.0636192
  24.1600000    0.0583205
  24.1800000    0.0530246
  24.2000000    0.0477873
  24.2200000    0.0426283
  24.2400000    0.0375298
  24.2600000    0.0324399
  24.2800000    0.0272811
  24.3000000    0.0219623
  24.3200000    0.0163943
  24.3400000    0.0105053
  24.3600000    0.0042557
  24.3800000   -0.0023509
  24.4000000   -0.0092619
  24.4200000   -0.0163754
  24.4400000   -0.0235459
  24.4600000   -0.0305945
  24.4800000   -0.0373228
  24.5000000   -0.0435277
  24.5200000   -0.0490162
  24.5400000   -0.0536177
  24.5600000   -0.0571941
  24.5800000   -0.0596467
  24.6000000   -0.0609198
  24.6200000   -0.0610018
  24.6400000   -0.0599245
  24.6600000   -0.0577606
  24.6800000   -0.0546190
  24.7000000   -0.0506399
  24.7200000   -0.0459869
  24.7400000   -0.0408384
  24.7600000   -0.0353768
  24.7800000   -0.0297779
  24.8000000   -0.0241997
  24.8200000   -0.0187723
  24.8400000   -0.0135916
  24.8600000   -0.0087150
  24.8800000   -0.0041620
  24.9000000    0.0000809
  24.9200000    0.0040527
  24.9400000    0.0078075
  24.9600000    0.0114038
  24.9800000    0.0148938
  25.0000000    0.0183153
  25.0200000    0.0216863
  25.0400000    0.0250024
  25.0600000    0.0282382
  25.0800000    0.0313505
  25.1000000    0.0342834
  25.1200000    0.0369753
  25.1400000    0.0393649
  25.1600000    0.0413973
  25.1800000    0.0430285
  25.2000000    0.0442290
  25.2200000    0.0449858
  25.2400000    0.0453016
  25.2600000    0.0451947
  25.2800000    0.0446956
  25.3000000    0.0438439
  25.3200000    0.0426846
  25.3400000    0.0412646
  25.3600000    0.0396291
  25.3800000    0.0378198
  25.4000000    0.0358734
  25.4200000    0.0338220
  25.4400000    0.0316936
  25.4600000    0.0295133
  25.4800000    0.0273054
  25.5000000    0.0250932
  25.5200000    0.0229004
  25.5400000    0.0207491
  25.5600000    0.0186590
  25.5800000    0.0166454
  25.6000000    0.0147167
  25.6200000    0.0128735
  25.6400000    0.0111082
  25.6600000    0.0094062
  25.6800000    0.0077474
  25.7000000    0.0061098
  25.7200000    0.0044722
  25.7400000    0.0028170
  25.7600000    0.0011321
  25.7800000   -0.0005894
  25.8000000   -0.0023505
  25.8200000   -0.0041527
  25.8400000   -0.0059996
  25.8600000   -0.0078999
  25.8800000   -0.0098702
  25.9000000   -0.0119351
  25.9200000   -0.0141270
  25.9400000   -0.0164822
  25.9600000   -0.0190372
  25.9800000   -0.0218235
  26.0000000   -0.0248622
  26.0200000   -0.0281600
  26.0400000   -0.0317060
  26.0600000   -0.0354702
  26.0800000   -0.0394034
  26.1000000   -0.0434381
  26.1200000   -0.0474902
  26.1400000   -0.0514608
  26.1600000   -0.0552374
  26.1800000   -0.0586963
  26.2000000   -0.0617035
  26.2200000   -0.0641182
  26.2400000   -0.0657970
  26.2600000   -0.0665998
  26.2800000   -0.0663987
  26.3000000   -0.0650886
  26.3200000   -0.0625988
  26.3400000   -0.0589051
  26.3600000   -0.0540393
  26.3800000   -0.0480959
  26.4000000   -0.0412335
  26.4200000   -0.0336707
  26.4400000   -0.0256753
  26.4600000   -0.0175490
  26.4800000   -0.0096075
  26.5000000   -0.0021594
  26.5200000    0.0045152
  26.5400000    0.0101831
  26.5600000    0.0146719
  26.5800000    0.0178790
  26.6000000    0.0197739
  26.6200000    0.0203955
  26.6400000    0.0198441
  26.6600000    0.0182697
  26.6800000    0.0158575
  26.7000000    0.0128127
  26.7200000    0.0093448
  26.7400000    0.0056528
  26.7600000    0.0019126
  26.7800000   -0.0017335
  26.8000000   -0.0051841
  26.8200000   -0.0083817
  26.8400000   -0.0113121
  26.8600000   -0.0140003
  26.8800000   -0.0165010
  26.9000000   -0.0188872
  26.9200000   -0.0212361
  26.9400000   -0.0236139
  26.9600000   -0.0260624
  26.9800000   -0.0285873
  27.0000000   -0.0311512
  27.0200000   -0.0336719
  27.0400000   -0.0360262
  27.0600000   -0.0380600
  27.0800000   -0.0396018
  27.1000000   -0.0404810
  27.1200000   -0.0405459
  27.1400000   -0.0396817
  27.1600000   -0.0378251
  27.1800000   -0.0349748
  27.2000000   -0.0311958
  27.2200000   -0.0266193
  27.2400000   -0.0214354
  27.2600000   -0.0158823
  27.2800000   -0.0102313
  27.3000000   -0.0047692
  27.3200000    0.0002193
  27.3400000    0.0044706
  27.3600000    0.0077584
  27.3800000    0.0099084
  27.4000000    0.0108098
  27.4200000    0.0104224
  27.4400000    0.0087798
  27.4600000    0.0059872
  27.4800000    0.0022142
  27.5000000   -0.0023169
  27.5200000   -0.0073468
  27.5400000   -0.0125989
  27.5600000   -0.0177987
  27.5800000   -0.0226942
  27.6000000   -0.0270732
  27.6200000   -0.0307773
  27.6400000   -0.0337093
  27.6600000   -0.0358356
  27.6800000   -0.0371819
  27.7000000   -0.0378232
  27.7200000   -0.0378699
  27.7400000   -0.0374517
  27.7600000   -0.0367007
  27.7800000   -0.0357370
  27.8000000   -0.0346565
  27.8200000   -0.0335247
  27.8400000   -0.0323739
  27.8600000   -0.0312063
  27.8800000   -0.0300008
  27.9000000   -0.0287224
  27.9200000   -0.0273332
  27.9400000   -0.0258037
  27.9600000   -0.0241219
  27.9800000   -0.0223002
  28.0000000   -0.0203790
  28.0200000   -0.0184266
  28.0400000   -0.0165346
  28.0600000   -0.0148113
  28.0800000   -0.0133710
  28.1000000   -0.0123236
  28.1200000   -0.0117617
  28.1400000   -0.0117504
  28.1600000   -0.0123177
  28.1800000   -0.0134483
  28.2000000   -0.0150805
  28.2200000   -0.0171075
  28.2400000   -0.0193814
  28.2600000   -0.0217222
  28.2800000   -0.0239287
  28.3000000   -0.0257917
  28.3200000   -0.0271086
  28.3400000   -0.0276979
  28.3600000   -0.0274116
  28.3800000   -0.0261460
  28.4000000   -0.0238490
  28.4200000   -0.0205229
  28.4400000   -0.0162238
  28.4600000   -0.0110566
  28.4800000   -0.0051672
  28.5000000    0.0012673
  28.5200000    0.0080502
  28.5400000    0.0149755
  28.5600000    0.0218383
  28.5800000    0.0284427
  28.6000000    0.0346081
  28.6200000    0.0401737
  28.6400000    0.0450011
  28.6600000    0.0489765
  28.6800000    0.0520118
  28.7000000    0.0540461
  28.7200000    0.0550472
  28.7400000    0.0550124
  28.7600000    0.0539701
  28.7800000    0.0519800
  28.8000000    0.0491327
  28.8200000    0.0455473
  28.8400000    0.0413685
  28.8600000    0.0367612
  28.8800000    0.0319048
  28.9000000    0.0269860
  28.9200000    0.0221922
  28.9400000    0.0177043
  28.9600000    0.0136900
  28.9800000    0.0102987
  29.0000000    0.0076562
  29.0200000    0.0058603
  29.0400000    0.0049776
  29.0600000    0.0050403
  29.0800000    0.0060437
  29.1000000    0.0079451
  29.1200000    0.0106638
  29.1400000    0.0140829
  29.1600000    0.0180531
  29.1800000    0.0223989
  29.2000000    0.0269269
  29.2200000    0.0314362
  29.2400000    0.0357290
  29.2600000    0.0396218
  29.2800000    0.0429545
  29.3000000    0.0455984
  29.3200000    0.0474594
  29.3400000    0.0484793
  29.3600000    0.0486329
  29.3800000    0.0479221
  29.4000000    0.0463698
  29.4200000    0.0440116
  29.4400000    0.0408898
  29.4600000    0.0370488
  29.4800000    0.0325335
  29.5000000    0.0273902
  29.5200000    0.0216703
  29.5400000    0.0154351
  29.5600000    0.0087620
  29.5800000    0.0017486
  29.6000000   -0.0054838
  29.6200000   -0.0127909
  29.6400000   -0.0200079
  29.6600000   -0.0269565
  29.6800000   -0.0334534
  29.7000000   -0.0393213
  29.7200000   -0.0443998
  29.7400000   -0.0485554
  29.7600000   -0.0516907
  29.7800000   -0.0537485
  29.8000000   -0.0547150
  29.8200000   -0.0546167
  29.8400000   -0.0535164
  29.8600000   -0.0515043
  29.8800000   -0.0486892
  29.9000000   -0.0451881
  29.9200000   -0.0411167
  29.9400000   -0.0365814
  29.9600000   -0.0316743
  29.9800000   -0.0264708
  30.0000000   -0.0210299
