 -10.0000000    0.0135601
  -9.9800000    0.0122705
  -9.9600000    0.0111785
  -9.9400000    0.0103674
  -9.9200000    0.0099039
  -9.9000000    0.0098333
  -9.8800000    0.0101761
  -9.8600000    0.0109263
  -9.8400000    0.0120512
  -9.8200000    0.0134936
  -9.8000000    0.0151749
  -9.7800000    0.0170000
  -9.7600000    0.0188642
  -9.7400000    0.0206595
  -9.7200000    0.0222828
  -9.7000000    0.0236428
  -9.6800000    0.0246666
  -9.6600000    0.0253051
  -9.6400000    0.0255359
  -9.6200000    0.0253648
  -9.6000000    0.0248244
  -9.5800000    0.0239706
  -9.5600000    0.0228779
  -9.5400000    0.0216328
  -9.5200000    0.0203268
  -9.5000000    0.0190494
  -9.4800000    0.0178823
  -9.4600000    0.0168944
  -9.4400000    0.0161386
  -9.4200000    0.0156501
  -9.4000000    0.0154465
  -9.3800000    0.0155296
  -9.3600000    0.0158872
  -9.3400000    0.0164963
  -9.3200000    0.0173263
  -9.3000000    0.0183414
  -9.2800000    0.0195029
  -9.2600000    0.0207707
  -9.2400000    0.0221042
  -9.2200000    0.0234627
  -9.2000000    0.0248059
  -9.1800000    0.0260939
  -9.1600000    0.0272887
  -9.1400000    0.0283551
  -9.1200000    0.0292629
  -9.1000000    0.0299892
  -9.0800000    0.0305211
  -9.0600000    0.0308575
  -9.0400000    0.0310097
  -9.0200000    0.0310016
  -9.0000000    0.0308674
  -8.9800000    0.0306474
  -8.9600000    0.0303839
  -8.9400000    0.0301149
  -8.9200000    0.0298691
  -8.9000000    0.0296615
  -8.8800000    0.0294910
  -8.8600000    0.0293401
  -8.8400000    0.0291774
  -8.8200000    0.0289622
  -8.8000000    0.0286503
  -8.7800000    0.0282010
  -8.7600000    0.0275832
  -8.7400000    0.0267802
  -8.7200000    0.0257932
  -8.7000000    0.0246411
  -8.6800000    0.0233587
  -8.6600000    0.0219928
  -8.6400000    0.0205965
  -8.6200000    0.0192234
  -8.6000000    0.0179214
  -8.5800000    0.0167280
  -8.5600000    0.0156669
  -8.5400000    0.0147463
  -8.5200000    0.0139591
  -8.5000000    0.0132845
  -8.4800000    0.0126909
  -8.4600000    0.0121394
  -8.4400000    0.0115878
  -8.4200000    0.0109937
  -8.4000000    0.0103179
  -8.3800000    0.0095268
  -8.3600000    0.0085943
  -8.3400000    0.0075029
  -8.3200000    0.0062450
  -8.3000000    0.0048234
  -8.2800000    0.0032515
  -8.2600000    0.0015543
  -8.2400000   -0.0002322
  -8.2200000   -0.0020614
  -8.2000000   -0.0038774
  -8.1800000   -0.0056164
  -8.1600000   -0.0072102
  -8.1400000   -0.0085893
  -8.1200000   -0.0096876
  -8.1000000   -0.0104459
  -8.0800000   -0.0108170
  -8.0600000   -0.0107695
  -8.0400000   -0.0102901
  -8.0200000   -0.0093862
  -8.0000000   -0.0080856
  -7.9800000   -0.0064365
  -7.9600000   -0.0045040
  -7.9400000   -0.0023673
  -7.9200000   -0.0001146
  -7.9000000    0.0021623
  -7.8800000    0.0043735
  -7.8600000    0.0064368
  -7.8400000    0.0082827
  -7.8200000    0.0098582
  -7.8000000    0.0111293
  -7.7800000    0.0120820
  -7.7600000    0.0127213
  -7.7400000    0.0130688
  -7.7200000    0.0131586
  -7.7000000    0.0130335
  -7.6800000    0.0127395
  -7.6600000    0.0123216
  -7.6400000    0.0118209
  -7.6200000    0.0112720
  -7.6000000    0.0107022
  -7.5800000    0.0101324
  -7.5600000    0.0095786
  -7.5400000    0.0090536
  -7.5200000    0.0085688
  -7.5000000    0.0081360
  -7.4800000    0.0077671
  -7.4600000    0.0074740
  -7.4400000    0.0072664
  -7.4200000    0.0071500
  -7.4000000    0.0071240
  -7.3800000    0.0071795
  -7.3600000    0.0072980
  -7.3400000    0.0074523
  -7.3200000    0.0076078
  -7.3000000    0.0077256
  -7.2800000    0.0077659
  -7.2600000    0.0076922
  -7.2400000    0.0074751
  -7.2200000    0.0070952
  -7.2000000    0.0065441
  -7.1800000    0.0058249
  -7.1600000    0.0049503
  -7.1400000    0.0039394
  -7.1200000    0.0028138
  -7.1000000    0.0015928
  -7.0800000    0.0002899
  -7.0600000   -0.0010909
  -7.0400000   -0.0025569
  -7.0200000   -0.0041269
  -7.0000000   -0.0058293
  -6.9800000   -0.0076991
  -6.9600000   -0.0097734
  -6.9400000   -0.0120857
  -6.9200000   -0.0146607
  -6.9000000   -0.0175090
  -6.8800000   -0.0206229
  -6.8600000   -0.0239735
  -6.8400000   -0.0275089
  -6.8200000   -0.0311547
  -6.8000000   -0.0348150
  -6.7800000   -0.0383754
  -6.7600000   -0.0417068
  -6.7400000   -0.0446694
  -6.7200000   -0.0471186
  -6.7000000   -0.0489093
  -6.6800000   -0.0499023
  -6.6600000   -0.0499688
  -6.6400000   -0.0489965
  -6.6200000   -0.0468935
  -6.6000000   -0.0435933
  -6.5800000   -0.0390579
  -6.5600000   -0.0332810
  -6.5400000   -0.0262894
  -6.5200000   -0.0181442
  -6.5000000   -0.0089413
  -6.4800000    0.0011895
  -6.4600000    0.0120855
  -6.4400000    0.0235529
  -6.4200000    0.0353689
  -6.4000000    0.0472850
  -6.3800000    0.0590311
  -6.3600000    0.0703210
  -6.3400000    0.0808597
  -6.3200000    0.0903525
  -6.3000000    0.0985161
  -6.2800000    0.1050906
  -6.2600000    0.1098531
  -6.2400000    0.1126305
  -6.2200000    0.1133105
  -6.2000000    0.1118507
  -6.1800000    0.1082838
  -6.1600000    0.1027178
  -6.1400000    0.0953329
  -6.1200000    0.0863733
  -6.1000000    0.0761357
  -6.0800000    0.0649555
  -6.0600000    0.0531917
  -6.0400000    0.0412105
  -6.0200000    0.0293712
  -6.0000000    0.0180113
  -5.9800000    0.0074349
  -5.9600000   -0.0020983
  -5.9400000   -0.0103807
  -5.9200000   -0.0172632
  -5.9000000   -0.0226587
  -5.8800000   -0.0265423
  -5.8600000   -0.0289494
  -5.8400000   -0.0299697
  -5.8200000   -0.0297395
  -5.8000000   -0.0284306
  -5.7800000   -0.0262382
  -5.7600000   -0.0233676
  -5.7400000   -0.0200220
  -5.7200000   -0.0163914
  -5.7000000   -0.0126437
  -5.6800000   -0.0089201
  -5.6600000   -0.0053318
  -5.6400000   -0.0019616
  -5.6200000    0.0011335
  -5.6000000    0.0039166
  -5.5800000    0.0063663
  -5.5600000    0.0084703
  -5.5400000    0.0102212
  -5.5200000    0.0116130
  -5.5000000    0.0126396
  -5.4800000    0.0132943
  -5.4600000    0.0135706
  -5.4400000    0.0134638
  -5.4200000    0.0129729
  -5.4000000    0.0121026
  -5.3800000    0.0108639
  -5.3600000    0.0092753
  -5.3400000    0.0073626
  -5.3200000    0.0051578
  -5.3000000    0.0026988
  -5.2800000    0.0000269
  -5.2600000   -0.0028139
  -5.2400000   -0.0057792
  -5.2200000   -0.0088249
  -5.2000000   -0.0119093
  -5.1800000   -0.0149935
  -5.1600000   -0.0180423
  -5.1400000   -0.0210252
  -5.1200000   -0.0239157
  -5.1000000   -0.0266922
  -5.0800000   -0.0293372
  -5.0600000   -0.0318368
  -5.0400000   -0.0341801
  -5.0200000   -0.0363584
  -5.0000000   -0.0383643
  -4.9800000   -0.0401907
  -4.9600000   -0.0418302
  -4.9400000   -0.0432740
  -4.9200000   -0.0445117
  -4.9000000   -0.0455303
  -4.8800000   -0.0463139
  -4.8600000   -0.0468445
  -4.8400000   -0.0471016
  -4.8200000   -0.0470642
  -4.8000000   -0.0467121
  -4.7800000   -0.0460288
  -4.7600000   -0.0450045
  -4.7400000   -0.0436393
  -4.7200000   -0.0419468
  -4.7000000   -0.0399572
  -4.6800000   -0.0377188
  -4.6600000   -0.0352991
  -4.6400000   -0.0327836
  -4.6200000   -0.0302729
  -4.6000000   -0.0278783
  -4.5800000   -0.0257153
  -4.5600000   -0.0238961
  -4.5400000   -0.0225214
  -4.5200000   -0.0216724
  -4.5000000   -0.0214029
  -4.4800000   -0.0217334
  -4.4600000   -0.0226467
  -4.4400000   -0.0240868
  -4.4200000   -0.0259598
  -4.4000000   -0.0281385
  -4.3800000   -0.0304698
  -4.3600000   -0.0327837
  -4.3400000   -0.0349052
  -4.3200000   -0.0366658
  -4.3000000   -0.0379156
  -4.2800000   -0.0385337
  -4.2600000   -0.0384364
  -4.2400000   -0.0375827
  -4.2200000   -0.0359765
  -4.2000000   -0.0336655
  -4.1800000   -0.0307369
  -4.1600000   -0.0273104
  -4.1400000   -0.0235304
  -4.1200000   -0.0195550
  -4.1000000   -0.0155473
  -4.0800000   -0.0116646
  -4.0600000   -0.0080505
  -4.0400000   -0.0048271
  -4.0200000   -0.0020897
  -4.0000000    0.0000969
  -3.9800000    0.0016997
  -3.9600000    0.0027171
  -3.9400000    0.0031759
  -3.9200000    0.0031276
  -3.9000000    0.0026418
  -3.8800000    0.0017995
  -3.8600000    0.0006855
  -3.8400000   -0.0006192
  -3.8200000   -0.0020439
  -3.8000000   -0.0035340
  -3.7800000   -0.0050546
  -3.7600000   -0.0065918
  -3.7400000   -0.0081520
  -3.7200000   -0.0097585
  -3.7000000   -0.0114463
  -3.6800000   -0.0132551
  -3.6600000   -0.0152223
  -3.6400000   -0.0173748
  -3.6200000   -0.0197224
  -3.6000000   -0.0222529
  -3.5800000   -0.0249281
  -3.5600000   -0.0276840
  -3.5400000   -0.0304316
  -3.5200000   -0.0330617
  -3.5000000   -0.0354509
  -3.4800000   -0.0374693
  -3.4600000   -0.0389893
  -3.4400000   -0.0398949
  -3.4200000   -0.0400900
  -3.4000000   -0.0395064
  -3.3800000   -0.0381100
  -3.3600000   -0.0359056
  -3.3400000   -0.0329391
  -3.3200000   -0.0292972
  -3.3000000   -0.0251054
  -3.2800000   -0.0205231
  -3.2600000   -0.0157363
  -3.2400000   -0.0109485
  -3.2200000   -0.0063699
  -3.2000000   -0.0022059
  -3.1800000    0.0013555
  -3.1600000    0.0041553
  -3.1400000    0.0060741
  -3.1200000    0.0070407
  -3.1000000    0.0070373
  -3.0800000    0.0061018
  -3.0600000    0.0043261
  -3.0400000    0.0018503
  -3.0200000   -0.0011467
  -3.0000000   -0.0044595
  -2.9800000   -0.0078708
  -2.9600000   -0.0111671
  -2.9400000   -0.0141543
  -2.9200000   -0.0166708
  -2.9000000   -0.0185994
  -2.8800000   -0.0198744
  -2.8600000   -0.0204839
  -2.8400000   -0.0204687
  -2.8200000   -0.0199150
  -2.8000000   -0.0189445
  -2.7800000   -0.0177004
  -2.7600000   -0.0163329
  -2.7400000   -0.0149837
  -2.7200000   -0.0137724
  -2.7000000   -0.0127854
  -2.6800000   -0.0120688
  -2.6600000   -0.0116251
  -2.6400000   -0.0114151
  -2.6200000   -0.0113625
  -2.6000000   -0.0113635
  -2.5800000   -0.0112972
  -2.5600000   -0.0110383
  -2.5400000   -0.0104692
  -2.5200000   -0.0094914
  -2.5000000   -0.0080355
  -2.4800000   -0.0060675
  -2.4600000   -0.0035934
  -2.4400000   -0.0006598
  -2.4200000    0.0026483
  -2.4000000    0.0062128
  -2.3800000    0.0098904
  -2.3600000    0.0135227
  -2.3400000    0.0169476
  -2.3200000    0.0200115
  -2.3000000    0.0225809
  -2.2800000    0.0245529
  -2.2600000    0.0258637
  -2.2400000    0.0264945
  -2.2200000    0.0264733
  -2.2000000    0.0258745
  -2.1800000    0.0248130
  -2.1600000    0.0234372
  -2.1400000    0.0219177
  -2.1200000    0.0204351
  -2.1000000    0.0191664
  -2.0800000    0.0182722
  -2.0600000    0.0178838
  -2.0400000    0.0180937
  -2.0200000    0.0189472
  -2.0000000    0.0204384
  -1.9800000    0.0225090
  -1.9600000    0.0250510
  -1.9400000    0.0279134
  -1.9200000    0.0309113
  -1.9000000    0.0338387
  -1.8800000    0.0364821
  -1.8600000    0.0386361
  -1.8400000    0.0401176
  -1.8200000    0.0407799
  -1.8000000    0.0405226
  -1.7800000    0.0393002
  -1.7600000    0.0371246
  -1.7400000    0.0340650
  -1.7200000    0.0302432
  -1.7000000    0.0258251
  -1.6800000    0.0210100
  -1.6600000    0.0160171
  -1.6400000    0.0110721
  -1.6200000    0.0063922
  -1.6000000    0.0021731
  -1.5800000   -0.0014240
  -1.5600000   -0.0042825
  -1.5400000   -0.0063393
  -1.5200000   -0.0075895
  -1.5000000   -0.0080887
  -1.4800000   -0.0079505
  -1.4600000   -0.0073400
  -1.4400000   -0.0064634
  -1.4200000   -0.0055529
  -1.4000000   -0.0048484
  -1.3800000   -0.0045786
  -1.3600000   -0.0049401
  -1.3400000   -0.0060797
  -1.3200000   -0.0080799
  -1.3000000   -0.0109491
  -1.2800000   -0.0146196
  -1.2600000   -0.0189509
  -1.2400000   -0.0237403
  -1.2200000   -0.0287396
  -1.2000000   -0.0336741
  -1.1800000   -0.0382656
  -1.1600000   -0.0422536
  -1.1400000   -0.0454157
  -1.1200000   -0.0475843
  -1.1000000   -0.0486578
  -1.0800000   -0.0486075
  -1.0600000   -0.0474777
  -1.0400000   -0.0453812
  -1.0200000   -0.0424890
  -1.0000000   -0.0390160
  -0.9800000   -0.0352045
  -0.9600000   -0.0313050
  -0.9400000   -0.0275577
  -0.9200000   -0.0241750
  -0.9000000   -0.0213273
  -0.8800000   -0.0191332
  -0.8600000   -0.0176537
  -0.8400000   -0.0168930
  -0.8200000   -0.0168035
  -0.8000000   -0.0172955
  -0.7800000   -0.0182495
  -0.7600000   -0.0195304
  -0.7400000   -0.0210004
  -0.7200000   -0.0225311
  -0.7000000   -0.0240110
  -0.6800000   -0.0253497
  -0.6600000   -0.0264770
  -0.6400000   -0.0273383
  -0.6200000   -0.0278868
  -0.6000000   -0.0280735
  -0.5800000   -0.0278381
  -0.5600000   -0.0271006
  -0.5400000   -0.0257566
  -0.5200000   -0.0236773
  -0.5000000   -0.0207139
  -0.4800000   -0.0167072
  -0.4600000   -0.0115009
  -0.4400000   -0.0049582
  -0.4200000    0.0030224
  -0.4000000    0.0124920
  -0.3800000    0.0234416
  -0.3600000    0.0357976
  -0.3400000    0.0494255
  -0.3200000    0.0641418
  -0.3000000    0.0797331
  -0.2800000    0.0959809
  -0.2600000    0.1126883
  -0.2400000    0.1297067
  -0.2200000    0.1469555
  -0.2000000    0.1644334
  -0.1800000    0.1822165
  -0.1600000    0.2004428
  -0.1400000    0.2192821
  -0.1200000    0.2388952
  -0.1000000    0.2593860
  -0.0800000    0.2807530
  -0.0600000    0.3028471
  -0.0400000    0.3253420
  -0.0200000    0.3477242
   0.0000000    0.3693045
   0.0200000    0.3892524
   0.0400000    0.4066517
   0.0600000    0.4205709
   0.0800000    0.4301426
   0.1000000    0.4346412
   0.1200000    0.4335522
   0.1400000    0.4266245
   0.1600000    0.4138992
   0.1800000    0.3957143
   0.2000000    0.3726836
   0.2200000    0.3456539
   0.2400000    0.3156457
   0.2600000    0.2837839
   0.2800000    0.2512257
   0.3000000    0.2190932
   0.3200000    0.1884144
   0.3400000    0.1600781
   0.3600000    0.1348029
   0.3800000    0.1131212
   0.4000000    0.0953764
   0.4200000    0.0817299
   0.4400000    0.0721763
   0.4600000    0.0665631
   0.4800000    0.0646121
   0.5000000    0.0659415
   0.5200000    0.0700872
   0.5400000    0.0765232
   0.5600000    0.0846810
   0.5800000    0.0939693
   0.6000000    0.1037927
   0.6200000    0.1135715
   0.6400000    0.1227602
   0.6600000    0.1308664
   0.6800000    0.1374659
   0.7000000    0.1422158
   0.7200000    0.1448629
   0.7400000    0.1452469
   0.7600000    0.1432985
   0.7800000    0.1390329
   0.8000000    0.1325392
   0.8200000    0.1239684
   0.8400000    0.1135194
   0.8600000    0.1014271
   0.8800000    0.0879508
   0.9000000    0.0733671
   0.9200000    0.0579637
   0.9400000    0.0420364
   0.9600000    0.0258873
   0.9800000    0.0098232
   1.0000000   -0.0058471
   1.0200000   -0.0208173
   1.0400000   -0.0347912
   1.0600000   -0.0474921
   1.0800000   -0.0586761
   1.1000000   -0.0681448
   1.1200000   -0.0757592
   1.1400000   -0.0814507
   1.1600000   -0.0852271
   1.1800000   -0.0871748
   1.2000000   -0.0874521
   1.2200000   -0.0862773
   1.2400000   -0.0839105
   1.2600000   -0.0806309
   1.2800000   -0.0767132
   1.3000000   -0.0724044
   1.3200000   -0.0679056
   1.3400000   -0.0633584
   1.3600000   -0.0588399
   1.3800000   -0.0543644
   1.4000000   -0.0498928
   1.4200000   -0.0453462
   1.4400000   -0.0406238
   1.4600000   -0.0356205
   1.4800000   -0.0302435
   1.5000000   -0.0244255
   1.5200000   -0.0181332
   1.5400000   -0.0113708
   1.5600000   -0.0041795
   1.5800000    0.0033679
   1.6000000    0.0111745
   1.6200000    0.0191285
   1.6400000    0.0271130
   1.6600000    0.0350151
   1.6800000    0.0427329
   1.7000000    0.0501811
   1.7200000    0.0572943
   1.7400000    0.0640277
   1.7600000    0.0703564
   1.7800000    0.0762723
   1.8000000    0.0817808
   1.8200000    0.0868959
   1.8400000    0.0916354
   1.8600000    0.0960166
   1.8800000    0.1000522
   1.9000000    0.1037467
   1.9200000    0.1070942
   1.9400000    0.1100773
   1.9600000    0.1126664
   1.9800000    0.1148210
   2.0000000    0.1164914
   2.0200000    0.1176208
   2.0400000    0.1181495
   2.0600000    0.1180178
   2.0800000    0.1171705
   2.1000000    0.1155607
   2.1200000    0.1131539
   2.1400000    0.1099316
   2.1600000    0.1058942
   2.1800000    0.1010640
   2.2000000    0.0954861
   2.2200000    0.0892303
   2.2400000    0.0823900
   2.2600000    0.0750810
   2.2800000    0.0674388
   2.3000000    0.0596140
   2.3200000    0.0517668
   2.3400000    0.0440607
   2.3600000    0.0366539
   2.3800000    0.0296925
   2.4000000    0.0233023
   2.4200000    0.0175820
   2.4400000    0.0125983
   2.4600000    0.0083817
   2.4800000    0.0049256
   2.5000000    0.0021869
   2.5200000    0.0000883
   2.5400000   -0.0014762
   2.5600000   -0.0026356
   2.5800000   -0.0035347
   2.6000000   -0.0043256
   2.6200000   -0.0051601
   2.6400000   -0.0061814
   2.6600000   -0.0075171
   2.6800000   -0.0092725
   2.7000000   -0.0115265
   2.7200000   -0.0143269
   2.7400000   -0.0176893
   2.7600000   -0.0215959
   2.7800000   -0.0259963
   2.8000000   -0.0308093
   2.8200000   -0.0359257
   2.8400000   -0.0412117
   2.8600000   -0.0465135
   2.8800000   -0.0516629
   2.9000000   -0.0564829
   2.9200000   -0.0607950
   2.9400000   -0.0644266
   2.9600000   -0.0672192
   2.9800000   -0.0690364
   3.0000000   -0.0697711
   3.0200000   -0.0693520
   3.0400000   -0.0677478
   3.0600000   -0.0649696
   3.0800000   -0.0610704
   3.1000000   -0.0561426
   3.1200000   -0.0503133
   3.1400000   -0.0437379
   3.1600000   -0.0365927
   3.1800000   -0.0290678
   3.2000000   -0.0213601
   3.2200000   -0.0136661
   3.2400000   -0.0061769
   3.2600000    0.0009270
   3.2800000    0.0074797
   3.3000000    0.0133339
   3.3200000    0.0183642
   3.3400000    0.0224701
   3.3600000    0.0255790
   3.3800000    0.0276481
   3.4000000    0.0286658
   3.4200000    0.0286523
   3.4400000    0.0276583
   3.4600000    0.0257631
   3.4800000    0.0230716
   3.5000000    0.0197098
   3.5200000    0.0158203
   3.5400000    0.0115567
   3.5600000    0.0070785
   3.5800000    0.0025451
   3.6000000   -0.0018894
   3.6200000   -0.0060817
   3.6400000   -0.0099046
   3.6600000   -0.0132510
   3.6800000   -0.0160382
   3.7000000   -0.0182105
   3.7200000   -0.0197412
   3.7400000   -0.0206321
   3.7600000   -0.0209127
   3.7800000   -0.0206362
   3.8000000   -0.0198761
   3.8200000   -0.0187199
   3.8400000   -0.0172641
   3.8600000   -0.0156080
   3.8800000   -0.0138495
   3.9000000   -0.0120811
   3.9200000   -0.0103878
   3.9400000   -0.0088462
   3.9600000   -0.0075249
   3.9800000   -0.0064852
   4.0000000   -0.0057823
   4.0200000   -0.0054661
   4.0400000   -0.0055814
   4.0600000   -0.0061667
   4.0800000   -0.0072530
   4.1000000   -0.0088613
   4.1200000   -0.0110003
   4.1400000   -0.0136639
   4.1600000   -0.0168299
   4.1800000   -0.0204588
   4.2000000   -0.0244944
   4.2200000   -0.0288655
   4.2400000   -0.0334880
   4.2600000   -0.0382680
   4.2800000   -0.0431061
   4.3000000   -0.0479003
   4.3200000   -0.0525502
   4.3400000   -0.0569598
   4.3600000   -0.0610400
   4.3800000   -0.0647107
   4.4000000   -0.0679018
   4.4200000   -0.0705537
   4.4400000   -0.0726174
   4.4600000   -0.0740544
   4.4800000   -0.0748367
   4.5000000   -0.0749462
   4.5200000   -0.0743757
   4.5400000   -0.0731292
   4.5600000   -0.0712232
   4.5800000   -0.0686882
   4.6000000   -0.0655701
   4.6200000   -0.0619307
   4.6400000   -0.0578488
   4.6600000   -0.0534187
   4.6800000   -0.0487484
   4.7000000   -0.0439564
   4.7200000   -0.0391675
   4.7400000   -0.0345069
   4.7600000   -0.0300953
   4.7800000   -0.0260433
   4.8000000   -0.0224460
   4.8200000   -0.0193789
   4.8400000   -0.0168952
   4.8600000   -0.0150230
   4.8800000   -0.0137646
   4.9000000   -0.0130969
   4.9200000   -0.0129720
   4.9400000   -0.0133200
   4.9600000   -0.0140520
   4.9800000   -0.0150646
   5.0000000   -0.0162452
   5.0200000   -0.0174782
   5.0400000   -0.0186513
   5.0600000   -0.0196621
   5.0800000   -0.0204236
   5.1000000   -0.0208695
   5.1200000   -0.0209564
   5.1400000   -0.0206659
   5.1600000   -0.0200036
   5.1800000   -0.0189971
   5.2000000   -0.0176929
   5.2200000   -0.0161517
   5.2400000   -0.0144445
   5.2600000   -0.0126478
   5.2800000   -0.0108399
   5.3000000   -0.0090967
   5.3200000   -0.0074887
   5.3400000   -0.0060773
   5.3600000   -0.0049124
   5.3800000   -0.0040294
   5.4000000   -0.0034467
   5.4200000   -0.0031644
   5.4400000   -0.0031637
   5.4600000   -0.0034078
   5.4800000   -0.0038448
   5.5000000   -0.0044118
   5.5200000   -0.0050414
   5.5400000   -0.0056681
   5.5600000   -0.0062361
   5.5800000   -0.0067058
   5.6000000   -0.0070590
   5.6200000   -0.0073023
   5.6400000   -0.0074673
   5.6600000   -0.0076085
   5.6800000   -0.0077985
   5.7000000   -0.0081214
   5.7200000   -0.0086652
   5.7400000   -0.0095139
   5.7600000   -0.0107406
   5.7800000   -0.0124020
   5.8000000   -0.0145344
   5.8200000   -0.0171524
   5.8400000   -0.0202490
   5.8600000   -0.0237966
   5.8800000   -0.0277502
   5.9000000   -0.0320493
   5.9200000   -0.0366209
   5.9400000   -0.0413817
   5.9600000   -0.0462392
   5.9800000   -0.0510930
   6.0000000   -0.0558356
   6.0200000   -0.0603533
   6.0400000   -0.0645272
   6.0600000   -0.0682357
   6.0800000   -0.0713572
   6.1000000   -0.0737745
   6.1200000   -0.0753798
   6.1400000   -0.0760805
   6.1600000   -0.0758056
   6.1800000   -0.0745111
   6.2000000   -0.0721856
   6.2200000   -0.0688530
   6.2400000   -0.0645745
   6.2600000   -0.0594473
   6.2800000   -0.0536015
   6.3000000   -0.0471944
   6.3200000   -0.0404034
   6.3400000   -0.0334172
   6.3600000   -0.0264266
   6.3800000   -0.0196162
   6.4000000   -0.0131558
   6.4200000   -0.0071935
   6.4400000   -0.0018509
   6.4600000    0.0027813
   6.4800000    0.0066451
   6.5000000    0.0097160
   6.5200000    0.0120020
   6.5400000    0.0135419
   6.5600000    0.0144019
   6.5800000    0.0146711
   6.6000000    0.0144564
   6.6200000    0.0138758
   6.6400000    0.0130520
   6.6600000    0.0121045
   6.6800000    0.0111432
   6.7000000    0.0102615
   6.7200000    0.0095308
   6.7400000    0.0089972
   6.7600000    0.0086791
   6.7800000    0.0085677
   6.8000000    0.0086300
   6.8200000    0.0088129
   6.8400000    0.0090504
   6.8600000    0.0092707
   6.8800000    0.0094046
   6.9000000    0.0093935
   6.9200000    0.0091952
   6.9400000    0.0087888
   6.9600000    0.0081763
   6.9800000    0.0073819
   7.0000000    0.0064476
   7.0200000    0.0054280
   7.0400000    0.0043831
   7.0600000    0.0033701
   7.0800000    0.0024371
   7.1000000    0.0016182
   7.1200000    0.0009306
   7.1400000    0.0003750
   7.1600000   -0.0000615
   7.1800000   -0.0004002
   7.2000000   -0.0006645
   7.2200000   -0.0008737
   7.2400000   -0.0010373
   7.2600000   -0.0011511
   7.2800000   -0.0011965
   7.3000000   -0.0011413
   7.3200000   -0.0009437
   7.3400000   -0.0005576
   7.3600000    0.0000612
   7.3800000    0.0009485
   7.4000000    0.0021268
   7.4200000    0.0036016
   7.4400000    0.0053591
   7.4600000    0.0073672
   7.4800000    0.0095765
   7.5000000    0.0119242
   7.5200000    0.0143374
   7.5400000    0.0167381
   7.5600000    0.0190466
   7.5800000    0.0211862
   7.6000000    0.0230855
   7.6200000    0.0246818
   7.6400000    0.0259222
   7.6600000    0.0267657
   7.6800000    0.0271831
   7.7000000    0.0271574
   7.7200000    0.0266838
   7.7400000    0.0257683
   7.7600000    0.0244273
   7.7800000    0.0226866
   7.8000000    0.0205802
   7.8200000    0.0181497
   7.8400000    0.0154435
   7.8600000    0.0125167
   7.8800000    0.0094309
   7.9000000    0.0062536
   7.9200000    0.0030579
   7.9400000   -0.0000781
   7.9600000   -0.0030724
   7.9800000   -0.0058412
   8.0000000   -0.0083007
   8.0200000   -0.0103696
   8.0400000   -0.0119717
   8.0600000   -0.0130389
   8.0800000   -0.0135139
   8.1000000   -0.0133523
   8.1200000   -0.0125254
   8.1400000   -0.0110213
   8.1600000   -0.0088467
   8.1800000   -0.0060276
   8.2000000   -0.0026096
   8.2200000    0.0013423
   8.2400000    0.0057452
   8.2600000    0.0104997
   8.2800000    0.0154929
   8.3000000    0.0206017
   8.3200000    0.0256973
   8.3400000    0.0306501
   8.3600000    0.0353345
   8.3800000    0.0396342
   8.4000000    0.0434472
   8.4200000    0.0466890
   8.4400000    0.0492962
   8.4600000    0.0512279
   8.4800000    0.0524660
   8.5000000    0.0530142
   8.5200000    0.0528957
   8.5400000    0.0521508
   8.5600000    0.0508322
   8.5800000    0.0490020
   8.6000000    0.0467275
   8.6200000    0.0440775
   8.6400000    0.0411193
   8.6600000    0.0379164
   8.6800000    0.0345273
   8.7000000    0.0310042
   8.7200000    0.0273933
   8.7400000    0.0237358
   8.7600000    0.0200686
   8.7800000    0.0164259
   8.8000000    0.0128410
   8.8200000    0.0093476
   8.8400000    0.0059806
   8.8600000    0.0027779
   8.8800000   -0.0002200
   8.9000000   -0.0029699
   8.9200000   -0.0054257
   8.9400000   -0.0075404
   8.9600000   -0.0092666
   8.9800000   -0.0105594
   9.0000000   -0.0113790
   9.0200000   -0.0116939
   9.0400000   -0.0114847
   9.0600000   -0.0107484
   9.0800000   -0.0095014
   9.1000000   -0.0077825
   9.1200000   -0.0056540
   9.1400000   -0.0032006
   9.1600000   -0.0005268
   9.1800000    0.0022486
   9.2000000    0.0049993
   9.2200000    0.0076003
   9.2400000    0.0099360
   9.2600000    0.0119088
   9.2800000    0.0134455
   9.3000000    0.0145017
   9.3200000    0.0150631
   9.3400000    0.0151448
   9.3600000    0.0147873
   9.3800000    0.0140511
   9.4000000    0.0130096
   9.4200000    0.0117421
   9.4400000    0.0103271
   9.4600000    0.0088366
   9.4800000    0.0073320
   9.5000000    0.0058621
   9.5200000    0.0044621
   9.5400000    0.0031548
   9.5600000    0.0019530
   9.5800000    0.0008620
   9.6000000   -0.0001170
   9.6200000   -0.0009837
   9.6400000   -0.0017366
   9.6600000   -0.0023705
   9.6800000   -0.0028764
   9.7000000   -0.0032407
   9.7200000   -0.0034467
   9.7400000   -0.0034752
   9.7600000   -0.0033067
   9.7800000   -0.0029231
   9.8000000   -0.0023095
   9.8200000   -0.0014560
   9.8400000   -0.0003586
   9.8600000    0.0009796
   9.8800000    0.0025476
   9.9000000    0.0043265
   9.9200000    0.0062897
   9.9400000    0.0084028
   9.9600000    0.0106245
   9.9800000    0.0129072
  10.0000000    0.0151977
  10.0200000    0.0174385
  10.0400000    0.0195685
  10.0600000    0.0215245
  10.0800000    0.0232427
  10.1000000    0.0246610
  10.1200000    0.0257213
  10.1400000    0.0263728
  10.1600000    0.0265758
  10.1800000    0.0263057
  10.2000000    0.0255564
  10.2200000    0.0243438
  10.2400000    0.0227069
  10.2600000    0.0207078
  10.2800000    0.0184291
  10.3000000    0.0159688
  10.3200000    0.0134334
  10.3400000    0.0109286
  10.3600000    0.0085509
  10.3800000    0.0063783
  10.4000000    0.0044635
  10.4200000    0.0028290
  10.4400000    0.0014664
  10.4600000    0.0003382
  10.4800000   -0.0006164
  10.5000000   -0.0014730
  10.5200000   -0.0023128
  10.5400000   -0.0032115
  10.5600000   -0.0042304
  10.5800000   -0.0054088
  10.6000000   -0.0067586
  10.6200000   -0.0082639
  10.6400000   -0.0098818
  10.6600000   -0.0115481
  10.6800000   -0.0131843
  10.7000000   -0.0147064
  10.7200000   -0.0160340
  10.7400000   -0.0170993
  10.7600000   -0.0178536
  10.7800000   -0.0182728
  10.8000000   -0.0183591
  10.8200000   -0.0181410
  10.8400000   -0.0176699
  10.8600000   -0.0170147
  10.8800000   -0.0162550
  10.9000000   -0.0154733
  10.9200000   -0.0147470
  10.9400000   -0.0141411
  10.9600000   -0.0137030
  10.9800000   -0.0134580
  11.0000000   -0.0134083
  11.0200000   -0.0135337
  11.0400000   -0.0137944
  11.0600000   -0.0141366
  11.0800000   -0.0144978
  11.1000000   -0.0148144
  11.1200000   -0.0150272
  11.1400000   -0.0150876
  11.1600000   -0.0149615
  11.1800000   -0.0146311
  11.2000000   -0.0140960
  11.2200000   -0.0133716
  11.2400000   -0.0124867
  11.2600000   -0.0114801
  11.2800000   -0.0103972
  11.3000000   -0.0092865
  11.3200000   -0.0081966
  11.3400000   -0.0071739
  11.3600000   -0.0062613
  11.3800000   -0.0054970
  11.4000000   -0.0049136
  11.4200000   -0.0045384
  11.4400000   -0.0043923
  11.4600000   -0.0044892
  11.4800000   -0.0048359
  11.5000000   -0.0054305
  11.5200000   -0.0062622
  11.5400000   -0.0073101
  11.5600000   -0.0085435
  11.5800000   -0.0099221
  11.6000000   -0.0113967
  11.6200000   -0.0129119
  11.6400000   -0.0144079
  11.6600000   -0.0158247
  11.6800000   -0.0171050
  11.7000000   -0.0181986
  11.7200000   -0.0190655
  11.7400000   -0.0196790
  11.7600000   -0.0200272
  11.7800000   -0.0201135
  11.8000000   -0.0199562
  11.8200000   -0.0195857
  11.8400000   -0.0190418
  11.8600000   -0.0183694
  11.8800000   -0.0176141
  11.9000000   -0.0168184
  11.9200000   -0.0160171
  11.9400000   -0.0152354
  11.9600000   -0.0144861
  11.9800000   -0.0137698
  12.0000000   -0.0130754
  12.0200000   -0.0123817
  12.0400000   -0.0116604
  12.0600000   -0.0108790
  12.0800000   -0.0100039
  12.1000000   -0.0090037
  12.1200000   -0.0078515
  12.1400000   -0.0065265
  12.1600000   -0.0050148
  12.1800000   -0.0033097
  12.2000000   -0.0014109
  12.2200000    0.0006760
  12.2400000    0.0029404
  12.2600000    0.0053671
  12.2800000    0.0079366
  12.3000000    0.0106244
  12.3200000    0.0134009
  12.3400000    0.0162300
  12.3600000    0.0190692
  12.3800000    0.0218689
  12.4000000    0.0245737
  12.4200000    0.0271231
  12.4400000    0.0294541
  12.4600000    0.0315031
  12.4800000    0.0332085
  12.5000000    0.0345135
  12.5200000    0.0353671
  12.5400000    0.0357260
  12.5600000    0.0355545
  12.5800000    0.0348246
  12.6000000    0.0335150
  12.6200000    0.0316110
  12.6400000    0.0291032
  12.6600000    0.0259875
  12.6800000    0.0222653
  12.7000000    0.0179441
  12.7200000    0.0130391
  12.7400000    0.0075748
  12.7600000    0.0015877
  12.7800000   -0.0048712
  12.8000000   -0.0117344
  12.8200000   -0.0189152
  12.8400000   -0.0263065
  12.8600000   -0.0337811
  12.8800000   -0.0411923
  12.9000000   -0.0483780
  12.9200000   -0.0551655
  12.9400000   -0.0613787
  12.9600000   -0.0668463
  12.9800000   -0.0714110
  13.0000000   -0.0749383
  13.0200000   -0.0773241
  13.0400000   -0.0785004
  13.0600000   -0.0784383
  13.0800000   -0.0771484
  13.1000000   -0.0746779
  13.1200000   -0.0711061
  13.1400000   -0.0665378
  13.1600000   -0.0610969
  13.1800000   -0.0549190
  13.2000000   -0.0481463
  13.2200000   -0.0409227
  13.2400000   -0.0333904
  13.2600000   -0.0256885
  13.2800000   -0.0179510
  13.3000000   -0.0103064
  13.3200000   -0.0028760
  13.3400000    0.0042268
  13.3600000    0.0108988
  13.3800000    0.0170489
  13.4000000    0.0226000
  13.4200000    0.0274915
  13.4400000    0.0316803
  13.4600000    0.0351415
  13.4800000    0.0378686
  13.5000000    0.0398725
  13.5200000    0.0411797
  13.5400000    0.0418301
  13.5600000    0.0418747
  13.5800000    0.0413720
  13.6000000    0.0403860
  13.6200000    0.0389829
  13.6400000    0.0372288
  13.6600000    0.0351886
  13.6800000    0.0329242
  13.7000000    0.0304949
  13.7200000    0.0279579
  13.7400000    0.0253689
  13.7600000    0.0227841
  13.7800000    0.0202609
  13.8000000    0.0178590
  13.8200000    0.0156398
  13.8400000    0.0136653
  13.8600000    0.0119955
  13.8800000    0.0106852
  13.9000000    0.0097795
  13.9200000    0.0093101
  13.9400000    0.0092918
  13.9600000    0.0097203
  13.9800000    0.0105718
  14.0000000    0.0118039
  14.0200000    0.0133590
  14.0400000    0.0151686
  14.0600000    0.0171585
  14.0800000    0.0192547
  14.1000000    0.0213876
  14.1200000    0.0234964
  14.1400000    0.0255309
  14.1600000    0.0274517
  14.1800000    0.0292292
  14.2000000    0.0308409
  14.2200000    0.0322676
  14.2400000    0.0334904
  14.2600000    0.0344875
  14.2800000    0.0352324
  14.3000000    0.0356935
  14.3200000    0.0358349
  14.3400000    0.0356192
  14.3600000    0.0350103
  14.3800000    0.0339772
  14.4000000    0.0324978
  14.4200000    0.0305615
  14.4400000    0.0281714
  14.4600000    0.0253450
  14.4800000    0.0221138
  14.5000000    0.0185226
  14.5200000    0.0146275
  14.5400000    0.0104941
  14.5600000    0.0061954
  14.5800000    0.0018095
  14.6000000   -0.0025822
  14.6200000   -0.0068977
  14.6400000   -0.0110563
  14.6600000   -0.0149823
  14.6800000   -0.0186074
  14.7000000   -0.0218744
  14.7200000   -0.0247399
  14.7400000   -0.0271769
  14.7600000   -0.0291761
  14.7800000   -0.0307455
  14.8000000   -0.0319093
  14.8200000   -0.0327040
  14.8400000   -0.0331744
  14.8600000   -0.0333688
  14.8800000   -0.0333332
  14.9000000   -0.0331074
  14.9200000   -0.0327217
  14.9400000   -0.0321951
  14.9600000   -0.0315358
  14.9800000   -0.0307433
  15.0000000   -0.0298112
  15.0200000   -0.0287319
  15.0400000   -0.0274999
  15.0600000   -0.0261160
  15.0800000   -0.0245890
  15.1000000   -0.0229374
  15.1200000   -0.0211884
  15.1400000   -0.0193763
  15.1600000   -0.0175399
  15.1800000   -0.0157196
  15.2000000   -0.0139542
  15.2200000   -0.0122789
  15.2400000   -0.0107239
  15.2600000   -0.0093136
  15.2800000   -0.0080673
  15.3000000   -0.0069997
  15.3200000   -0.0061225
  15.3400000   -0.0054447
  15.3600000   -0.0049732
  15.3800000   -0.0047127
  15.4000000   -0.0046648
  15.4200000   -0.0048262
  15.4400000   -0.0051879
  15.4600000   -0.0057333
  15.4800000   -0.0064369
  15.5000000   -0.0072649
  15.5200000   -0.0081749
  15.5400000   -0.0091180
  15.5600000   -0.0100409
  15.5800000   -0.0108888
  15.6000000   -0.0116090
  15.6200000   -0.0121542
  15.6400000   -0.0124858
  15.6600000   -0.0125765
  15.6800000   -0.0124125
  15.7000000   -0.0119942
  15.7200000   -0.0113366
  15.7400000   -0.0104679
  15.7600000   -0.0094277
  15.7800000   -0.0082640
  15.8000000   -0.0070302
  15.8200000   -0.0057810
  15.8400000   -0.0045689
  15.8600000   -0.0034408
  15.8800000   -0.0024353
  15.9000000   -0.0015803
  15.9200000   -0.0008916
  15.9400000   -0.0003722
  15.9600000   -0.0000121
  15.9800000    0.0002109
  16.0000000    0.0003306
  16.0200000    0.0003904
  16.0400000    0.0004415
  16.0600000    0.0005404
  16.0800000    0.0007451
  16.1000000    0.0011124
  16.1200000    0.0016929
  16.1400000    0.0025275
  16.1600000    0.0036436
  16.1800000    0.0050514
  16.2000000    0.0067418
  16.2200000    0.0086863
  16.2400000    0.0108367
  16.2600000    0.0131284
  16.2800000    0.0154838
  16.3000000    0.0178170
  16.3200000    0.0200393
  16.3400000    0.0220645
  16.3600000    0.0238137
  16.3800000    0.0252184
  16.4000000    0.0262241
  16.4200000    0.0267906
  16.4400000    0.0268933
  16.4600000    0.0265222
  16.4800000    0.0256819
  16.5000000    0.0243907
  16.5200000    0.0226801
  16.5400000    0.0205950
  16.5600000    0.0181927
  16.5800000    0.0155425
  16.6000000    0.0127242
  16.6200000    0.0098255
  16.6400000    0.0069378
  16.6600000    0.0041513
  16.6800000    0.0015490
  16.7000000   -0.0007991
  16.7200000   -0.0028420
  16.7400000   -0.0045512
  16.7600000   -0.0059227
  16.7800000   -0.0069764
  16.8000000   -0.0077522
  16.8200000   -0.0083045
  16.8400000   -0.0086938
  16.8600000   -0.0089787
  16.8800000   -0.0092074
  16.9000000   -0.0094114
  16.9200000   -0.0096012
  16.9400000   -0.0097647
  16.9600000   -0.0098698
  16.9800000   -0.0098682
  17.0000000   -0.0097027
  17.0200000   -0.0093145
  17.0400000   -0.0086509
  17.0600000   -0.0076723
  17.0800000   -0.0063567
  17.1000000   -0.0047030
  17.1200000   -0.0027315
  17.1400000   -0.0004827
  17.1600000    0.0019858
  17.1800000    0.0046025
  17.2000000    0.0072866
  17.2200000    0.0099520
  17.2400000    0.0125115
  17.2600000    0.0148797
  17.2800000    0.0169765
  17.3000000    0.0187297
  17.3200000    0.0200771
  17.3400000    0.0209688
  17.3600000    0.0213691
  17.3800000    0.0212585
  17.4000000    0.0206347
  17.4200000    0.0195133
  17.4400000    0.0179283
  17.4600000    0.0159310
  17.4800000    0.0135878
  17.5000000    0.0109780
  17.5200000    0.0081892
  17.5400000    0.0053127
  17.5600000    0.0024391
  17.5800000   -0.0003478
  17.6000000   -0.0029747
  17.6200000   -0.0053830
  17.6400000   -0.0075312
  17.6600000   -0.0093955
  17.6800000   -0.0109689
  17.7000000   -0.0122592
  17.7200000   -0.0132847
  17.7400000   -0.0140707
  17.7600000   -0.0146445
  17.7800000   -0.0150318
  17.8000000   -0.0152536
  17.8200000   -0.0153254
  17.8400000   -0.0152564
  17.8600000   -0.0150521
  17.8800000   -0.0147160
  17.9000000   -0.0142533
  17.9200000   -0.0136735
  17.9400000   -0.0129931
  17.9600000   -0.0122360
  17.9800000   -0.0114340
  18.0000000   -0.0106245
  18.0200000   -0.0098485
  18.0400000   -0.0091466
  18.0600000   -0.0085562
  18.0800000   -0.0081083
  18.1000000   -0.0078259
  18.1200000   -0.0077227
  18.1400000   -0.0078041
  18.1600000   -0.0080691
  18.1800000   -0.0085121
  18.2000000   -0.0091264
  18.2200000   -0.0099064
  18.2400000   -0.0108503
  18.2600000   -0.0119608
  18.2800000   -0.0132453
  18.3000000   -0.0147145
  18.3200000   -0.0163804
  18.3400000   -0.0182527
  18.3600000   -0.0203349
  18.3800000   -0.0226208
  18.4000000   -0.0250906
  18.4200000   -0.0277086
  18.4400000   -0.0304218
  18.4600000   -0.0331601
  18.4800000   -0.0358382
  18.5000000   -0.0383594
  18.5200000   -0.0406209
  18.5400000   -0.0425197
  18.5600000   -0.0439593
  18.5800000   -0.0448566
  18.6000000   -0.0451478
  18.6200000   -0.0447934
  18.6400000   -0.0437812
  18.6600000   -0.0421283
  18.6800000   -0.0398805
  18.7000000   -0.0371109
  18.7200000   -0.0339157
  18.7400000   -0.0304103
  18.7600000   -0.0267234
  18.7800000   -0.0229904
  18.8000000   -0.0193472
  18.8200000   -0.0159231
  18.8400000   -0.0128346
  18.8600000   -0.0101791
  18.8800000   -0.0080297
  18.9000000   -0.0064314
  18.9200000   -0.0053983
  18.9400000   -0.0049131
  18.9600000   -0.0049274
  18.9800000   -0.0053653
  19.0000000   -0.0061271
  19.0200000   -0.0070954
  19.0400000   -0.0081417
  19.0600000   -0.0091334
  19.0800000   -0.0099408
  19.1000000   -0.0104441
  19.1200000   -0.0105383
  19.1400000   -0.0101382
  19.1600000   -0.0091822
  19.1800000   -0.0076334
  19.2000000   -0.0054819
  19.2200000   -0.0027438
  19.2400000    0.0005387
  19.2600000    0.0042993
  19.2800000    0.0084495
  19.3000000    0.0128811
  19.3200000    0.0174697
  19.3400000    0.0220784
  19.3600000    0.0265622
  19.3800000    0.0307737
  19.4000000    0.0345685
  19.4200000    0.0378118
  19.4400000    0.0403845
  19.4600000    0.0421903
  19.4800000    0.0431606
  19.5000000    0.0432598
  19.5200000    0.0424881
  19.5400000    0.0408827
  19.5600000    0.0385167
  19.5800000    0.0354957
  19.6000000    0.0319529
  19.6200000    0.0280413
  19.6400000    0.0239262
  19.6600000    0.0197760
  19.6800000    0.0157534
  19.7000000    0.0120081
  19.7200000    0.0086695
  19.7400000    0.0058421
  19.7600000    0.0036018
  19.7800000    0.0019942
  19.8000000    0.0010352
  19.8200000    0.0007117
  19.8400000    0.0009847
  19.8600000    0.0017927
  19.8800000    0.0030564
  19.9000000    0.0046830
  19.9200000    0.0065720
  19.9400000    0.0086203
  19.9600000    0.0107276
  19.9800000    0.0128013
  20.0000000    0.0147606
  20.0200000    0.0165399
  20.0400000    0.0180907
  20.0600000    0.0193821
  20.0800000    0.0204004
  20.1000000    0.0211460
  20.1200000    0.0216309
  20.1400000    0.0218744
  20.1600000    0.0218986
  20.1800000    0.0217249
  20.2000000    0.0213700
  20.2200000    0.0208445
  20.2400000    0.0201515
  20.2600000    0.0192872
  20.2800000    0.0182429
  20.3000000    0.0170078
  20.3200000    0.0155728
  20.3400000    0.0139341
  20.3600000    0.0120969
  20.3800000    0.0100786
  20.4000000    0.0079099
  20.4200000    0.0056356
  20.4400000    0.0033126
  20.4600000    0.0010076
  20.4800000   -0.0012082
  20.5000000   -0.0032640
  20.5200000   -0.0050957
  20.5400000   -0.0066515
  20.5600000   -0.0078975
  20.5800000   -0.0088210
  20.6000000   -0.0094326
  20.6200000   -0.0097659
  20.6400000   -0.0098746
  20.6600000   -0.0098278
  20.6800000   -0.0097034
  20.7000000   -0.0095801
  20.7200000   -0.0095292
  20.7400000   -0.0096071
  20.7600000   -0.0098482
  20.7800000   -0.0102613
  20.8000000   -0.0108269
  20.8200000   -0.0114988
  20.8400000   -0.0122080
  20.8600000   -0.0128683
  20.8800000   -0.0133852
  20.9000000   -0.0136643
  20.9200000   -0.0136212
  20.9400000   -0.0131892
  20.9600000   -0.0123262
  20.9800000   -0.0110193
  21.0000000   -0.0092862
  21.0200000   -0.0071745
  21.0400000   -0.0047584
  21.0600000   -0.0021328
  21.0800000    0.0005934
  21.1000000    0.0033053
  21.1200000    0.0058900
  21.1400000    0.0082436
  21.1600000    0.0102779
  21.1800000    0.0119248
  21.2000000    0.0131389
  21.2200000    0.0138987
  21.2400000    0.0142055
  21.2600000    0.0140807
  21.2800000    0.0135627
  21.3000000    0.0127017
  21.3200000    0.0115558
  21.3400000    0.0101855
  21.3600000    0.0086508
  21.3800000    0.0070073
  21.4000000    0.0053045
  21.4200000    0.0035852
  21.4400000    0.0018851
  21.4600000    0.0002341
  21.4800000   -0.0013420
  21.5000000   -0.0028206
  21.5200000   -0.0041800
  21.5400000   -0.0053992
  21.5600000   -0.0064569
  21.5800000   -0.0073325
  21.6000000   -0.0080069
  21.6200000   -0.0084645
  21.6400000   -0.0086945
  21.6600000   -0.0086931
  21.6800000   -0.0084641
  21.7000000   -0.0080199
  21.7200000   -0.0073800
  21.7400000   -0.0065705
  21.7600000   -0.0056209
  21.7800000   -0.0045622
  21.8000000   -0.0034240
  21.8200000   -0.0022327
  21.8400000   -0.0010104
  21.8600000    0.0002248
  21.8800000    0.0014575
  21.9000000    0.0026735
  21.9200000    0.0038566
  21.9400000    0.0049869
  21.9600000    0.0060395
  21.9800000    0.0069837
  22.0000000    0.0077845
  22.0200000    0.0084051
  22.0400000    0.0088099
  22.0600000    0.0089686
  22.0800000    0.0088593
  22.1000000    0.0084714
  22.1200000    0.0078069
  22.1400000    0.0068801
  22.1600000    0.0057168
  22.1800000    0.0043514
  22.2000000    0.0028250
  22.2200000    0.0011820
  22.2400000   -0.0005316
  22.2600000   -0.0022698
  22.2800000   -0.0039875
  22.3000000   -0.0056404
  22.3200000   -0.0071852
  22.3400000   -0.0085796
  22.3600000   -0.0097824
  22.3800000   -0.0107545
  22.4000000   -0.0114597
  22.4200000   -0.0118669
  22.4400000   -0.0119512
  22.4600000   -0.0116956
  22.4800000   -0.0110921
  22.5000000   -0.0101423
  22.5200000   -0.0088580
  22.5400000   -0.0072601
  22.5600000   -0.0053788
  22.5800000   -0.0032525
  22.6000000   -0.0009265
  22.6200000    0.0015477
  22.6400000    0.0041138
  22.6600000    0.0067123
  22.6800000    0.0092822
  22.7000000    0.0117628
  22.7200000    0.0140961
  22.7400000    0.0162290
  22.7600000    0.0181155
  22.7800000    0.0197181
  22.8000000    0.0210096
  22.8200000    0.0219736
  22.8400000    0.0226044
  22.8600000    0.0229061
  22.8800000    0.0228918
  22.9000000    0.0225814
  22.9200000    0.0220000
  22.9400000    0.0211761
  22.9600000    0.0201400
  22.9800000    0.0189229
  23.0000000    0.0175561
  23.0200000    0.0160713
  23.0400000    0.0145003
  23.0600000    0.0128760
  23.0800000    0.0112320
  23.1000000    0.0096031
  23.1200000    0.0080244
  23.1400000    0.0065300
  23.1600000    0.0051510
  23.1800000    0.0039137
  23.2000000    0.0028375
  23.2200000    0.0019323
  23.2400000    0.0011984
  23.2600000    0.0006256
  23.2800000    0.0001948
  23.3000000   -0.0001199
  23.3200000   -0.0003481
  23.3400000   -0.0005195
  23.3600000   -0.0006606
  23.3800000   -0.0007909
  23.4000000   -0.0009212
  23.4200000   -0.0010527
  23.4400000   -0.0011766
  23.4600000   -0.0012761
  23.4800000   -0.0013290
  23.5000000   -0.0013109
  23.5200000   -0.0011990
  23.5400000   -0.0009755
  23.5600000   -0.0006311
  23.5800000   -0.0001670
  23.6000000    0.0004033
  23.6200000    0.0010545
  23.6400000    0.0017503
  23.6600000    0.0024465
  23.6800000    0.0030940
  23.7000000    0.0036436
  23.7200000    0.0040505
  23.7400000    0.0042788
  23.7600000    0.0043056
  23.7800000    0.0041231
  23.8000000    0.0037399
  23.8200000    0.0031808
  23.8400000    0.0024842
  23.8600000    0.0016988
  23.8800000    0.0008790
  23.9000000    0.0000798
  23.9200000   -0.0006477
  23.9400000   -0.0012612
  23.9600000   -0.0017297
  23.9800000   -0.0020363
  24.0000000   -0.0021781
  24.0200000   -0.0021660
  24.0400000   -0.0020231
  24.0600000   -0.0017819
  24.0800000   -0.0014812
  24.1000000   -0.0011638
  24.1200000   -0.0008726
  24.1400000   -0.0006482
  24.1600000   -0.0005269
  24.1800000   -0.0005384
  24.2000000   -0.0007048
  24.2200000   -0.0010394
  24.2400000   -0.0015464
  24.2600000   -0.0022203
  24.2800000   -0.0030458
  24.3000000   -0.0039979
  24.3200000   -0.0050420
  24.3400000   -0.0061342
  24.3600000   -0.0072224
  24.3800000   -0.0082473
  24.4000000   -0.0091442
  24.4200000   -0.0098460
  24.4400000   -0.0102860
  24.4600000   -0.0104020
  24.4800000   -0.0101407
  24.5000000   -0.0094619
  24.5200000   -0.0083427
  24.5400000   -0.0067806
  24.5600000   -0.0047958
  24.5800000   -0.0024319
  24.6000000    0.0002451
  24.6200000    0.0031492
  24.6400000    0.0061786
  24.6600000    0.0092205
  24.6800000    0.0121575
  24.7000000    0.0148741
  24.7200000    0.0172625
  24.7400000    0.0192291
  24.7600000    0.0206991
  24.7800000    0.0216212
  24.8000000    0.0219699
  24.8200000    0.0217475
  24.8400000    0.0209839
  24.8600000    0.0197358
  24.8800000    0.0180834
  24.9000000    0.0161274
  24.9200000    0.0139830
  24.9400000    0.0117744
  24.9600000    0.0096282
  24.9800000    0.0076658
  25.0000000    0.0059970
  25.0200000    0.0047135
  25.0400000    0.0038838
  25.0600000    0.0035496
  25.0800000    0.0037238
  25.1000000    0.0043909
  25.1200000    0.0055092
  25.1400000    0.0070144
  25.1600000    0.0088250
  25.1800000    0.0108477
  25.2000000    0.0129838
  25.2200000    0.0151348
  25.2400000    0.0172067
  25.2600000    0.0191146
  25.2800000    0.0207851
  25.3000000    0.0221581
  25.3200000    0.0231877
  25.3400000    0.0238423
  25.3600000    0.0241045
  25.3800000    0.0239699
  25.4000000    0.0234463
  25.4200000    0.0225520
  25.4400000    0.0213139
  25.4600000    0.0197663
  25.4800000    0.0179484
  25.5000000    0.0159028
  25.5200000    0.0136738
  25.5400000    0.0113063
  25.5600000    0.0088452
  25.5800000    0.0063344
  25.6000000    0.0038175
  25.6200000    0.0013377
  25.6400000   -0.0010623
  25.6600000   -0.0033399
  25.6800000   -0.0054532
  25.7000000   -0.0073616
  25.7200000   -0.0090275
  25.7400000   -0.0104177
  25.7600000   -0.0115055
  25.7800000   -0.0122729
  25.8000000   -0.0127124
  25.8200000   -0.0128284
  25.8400000   -0.0126374
  25.8600000   -0.0121683
  25.8800000   -0.0114606
  25.9000000   -0.0105620
  25.9200000   -0.0095256
  25.9400000   -0.0084058
  25.9600000   -0.0072547
  25.9800000   -0.0061184
  26.0000000   -0.0050337
  26.0200000   -0.0040259
  26.0400000   -0.0031081
  26.0600000   -0.0022807
  26.0800000   -0.0015326
  26.1000000   -0.0008441
  26.1200000   -0.0001889
  26.1400000    0.0004617
  26.1600000    0.0011359
  26.1800000    0.0018583
  26.2000000    0.0026466
  26.2200000    0.0035103
  26.2400000    0.0044493
  26.2600000    0.0054543
  26.2800000    0.0065073
  26.3000000    0.0075834
  26.3200000    0.0086535
  26.3400000    0.0096872
  26.3600000    0.0106552
  26.3800000    0.0115326
  26.4000000    0.0123011
  26.4200000    0.0129498
  26.4400000    0.0134760
  26.4600000    0.0138837
  26.4800000    0.0141819
  26.5000000    0.0143818
  26.5200000    0.0144926
  26.5400000    0.0145186
  26.5600000    0.0144561
  26.5800000    0.0142910
  26.6000000    0.0139990
  26.6200000    0.0135463
  26.6400000    0.0128930
  26.6600000    0.0119973
  26.6800000    0.0108216
  26.7000000    0.0093378
  26.7200000    0.0075329
  26.7400000    0.0054135
  26.7600000    0.0030079
  26.7800000    0.0003664
  26.8000000   -0.0024410
  26.8200000   -0.0053291
  26.8400000   -0.0082035
  26.8600000   -0.0109676
  26.8800000   -0.0135302
  26.9000000   -0.0158118
  26.9200000   -0.0177498
  26.9400000   -0.0193024
  26.9600000   -0.0204495
  26.9800000   -0.0211923
  27.0000000   -0.0215506
  27.0200000   -0.0215591
  27.0400000   -0.0212627
  27.0600000   -0.0207118
  27.0800000   -0.0199577
  27.1000000   -0.0190489
  27.1200000   -0.0180288
  27.1400000   -0.0169340
  27.1600000   -0.0157940
  27.1800000   -0.0146318
  27.2000000   -0.0134648
  27.2200000   -0.0123058
  27.2400000   -0.0111648
  27.2600000   -0.0100492
  27.2800000   -0.0089650
  27.3000000   -0.0079164
  27.3200000   -0.0069061
  27.3400000   -0.0059354
  27.3600000   -0.0050038
  27.3800000   -0.0041097
  27.4000000   -0.0032506
  27.4200000   -0.0024236
  27.4400000   -0.0016263
  27.4600000   -0.0008566
  27.4800000   -0.0001133
  27.5000000    0.0006047
  27.5200000    0.0012990
  27.5400000    0.0019720
  27.5600000    0.0026280
  27.5800000    0.0032731
  27.6000000    0.0039146
  27.6200000    0.0045600
  27.6400000    0.0052148
  27.6600000    0.0058805
  27.6800000    0.0065524
  27.7000000    0.0072175
  27.7200000    0.0078545
  27.7400000    0.0084337
  27.7600000    0.0089189
  27.7800000    0.0092713
  27.8000000    0.0094526
  27.8200000    0.0094300
  27.8400000    0.0091803
  27.8600000    0.0086930
  27.8800000    0.0079725
  27.9000000    0.0070387
  27.9200000    0.0059258
  27.9400000    0.0046804
  27.9600000    0.0033577
  27.9800000    0.0020182
  28.0000000    0.0007239
  28.0200000   -0.0004658
  28.0400000   -0.0014965
  28.0600000   -0.0023214
  28.0800000   -0.0029033
  28.1000000   -0.0032156
  28.1200000   -0.0032431
  28.1400000   -0.0029828
  28.1600000   -0.0024435
  28.1800000   -0.0016464
  28.2000000   -0.0006242
  28.2200000    0.0005800
  28.2400000    0.0019139
  28.2600000    0.0033186
  28.2800000    0.0047309
  28.3000000    0.0060874
  28.3200000    0.0073277
  28.3400000    0.0083980
  28.3600000    0.0092549
  28.3800000    0.0098678
  28.4000000    0.0102207
  28.4200000    0.0103127
  28.4400000    0.0101572
  28.4600000    0.0097799
  28.4800000    0.0092158
  28.5000000    0.0085052
  28.5200000    0.0076903
  28.5400000    0.0068114
  28.5600000    0.0059038
  28.5800000    0.0049962
  28.6000000    0.0041101
  28.6200000    0.0032597
  28.6400000    0.0024535
  28.6600000    0.0016960
  28.6800000    0.0009898
  28.7000000    0.0003372
  28.7200000   -0.0002583
  28.7400000   -0.0007917
  28.7600000   -0.0012566
  28.7800000   -0.0016455
  28.8000000   -0.0019519
  28.8200000   -0.0021709
  28.8400000   -0.0023007
  28.8600000   -0.0023431
  28.8800000   -0.0023042
  28.9000000   -0.0021934
  28.9200000   -0.0020230
  28.9400000   -0.0018065
  28.9600000   -0.0015572
  28.9800000   -0.0012874
  29.0000000   -0.0010070
  29.0200000   -0.0007235
  29.0400000   -0.0004425
  29.0600000   -0.0001679
  29.0800000    0.0000963
  29.1000000    0.0003454
  29.1200000    0.0005730
  29.1400000    0.0007704
  29.1600000    0.0009271
  29.1800000    0.0010314
  29.2000000    0.0010721
  29.2200000    0.0010398
  29.2400000    0.0009287
  29.2600000    0.0007384
  29.2800000    0.0004741
  29.3000000    0.0001479
  29.3200000   -0.0002223
  29.3400000   -0.0006133
  29.3600000   -0.0009984
  29.3800000   -0.0013490
  29.4000000   -0.0016366
  29.4200000   -0.0018346
  29.4400000   -0.0019199
  29.4600000   -0.0018739
  29.4800000   -0.0016831
  29.5000000   -0.0013389
  29.5200000   -0.0008374
  29.5400000   -0.0001785
  29.5600000    0.0006355
  29.5800000    0.0016000
  29.6000000    0.0027090
  29.6200000    0.0039548
  29.6400000    0.0053273
  29.6600000    0.0068129
  29.6800000    0.0083928
  29.7000000    0.0100412
  29.7200000    0.0117246
  29.7400000    0.0134007
  29.7600000    0.0150198
  29.7800000    0.0165256
  29.8000000    0.0178593
  29.8200000    0.0189627
  29.8400000    0.0197835
  29.8600000    0.0202799
  29.8800000    0.0204251
  29.9000000    0.0202112
  29.9200000    0.0196515
  29.9400000    0.0187810
  29.9600000    0.0176559
  29.9800000    0.0163505
  30.0000000    0.0149531
