 -10.0000000   -0.0383640
  -9.9800000   -0.0330179
  -9.9600000   -0.0265401
  -9.9400000   -0.0190641
  -9.9200000   -0.0107746
  -9.9000000   -0.0018943
  -9.8800000    0.0073294
  -9.8600000    0.0166361
  -9.8400000    0.0257622
  -9.8200000    0.0344483
  -9.8000000    0.0424452
  -9.7800000    0.0495189
  -9.7600000    0.0554547
  -9.7400000    0.0600624
  -9.7200000    0.0631813
  -9.7000000    0.0646855
  -9.6800000    0.0644896
  -9.6600000    0.0625524
  -9.6400000    0.0588799
  -9.6200000    0.0535261
  -9.6000000    0.0465918
  -9.5800000    0.0382220
  -9.5600000    0.0286025
  -9.5400000    0.0179557
  -9.5200000    0.0065375
  -9.5000000   -0.0053662
  -9.4800000   -0.0174437
  -9.4600000   -0.0293627
  -9.4400000   -0.0407773
  -9.4200000   -0.0513389
  -9.4000000   -0.0607102
  -9.3800000   -0.0685821
  -9.3600000   -0.0746920
  -9.3400000   -0.0788416
  -9.3200000   -0.0809128
  -9.3000000   -0.0808774
  -9.2800000   -0.0788011
  -9.2600000   -0.0748401
  -9.2400000   -0.0692297
  -9.2200000   -0.0622678
  -9.2000000   -0.0542936
  -9.1800000   -0.0456646
  -9.1600000   -0.0367337
  -9.1400000   -0.0278298
  -9.1200000   -0.0192410
  -9.1000000   -0.0112040
  -9.0800000   -0.0038971
  -9.0600000    0.0025611
  -9.0400000    0.0081102
  -9.0200000    0.0127434
  -9.0000000    0.0165015
  -8.9800000    0.0194654
  -8.9600000    0.0217493
  -8.9400000    0.0234932
  -8.9200000    0.0248549
  -8.9000000    0.0260034
  -8.8800000    0.0271100
  -8.8600000    0.0283404
  -8.8400000    0.0298458
  -8.8200000    0.0317533
  -8.8000000    0.0341583
  -8.7800000    0.0371160
  -8.7600000    0.0406370
  -8.7400000    0.0446834
  -8.7200000    0.0491696
  -8.7000000    0.0539652
  -8.6800000    0.0589019
  -8.6600000    0.0637827
  -8.6400000    0.0683933
  -8.6200000    0.0725150
  -8.6000000    0.0759387
  -8.5800000    0.0784780
  -8.5600000    0.0799827
  -8.5400000    0.0803493
  -8.5200000    0.0795299
  -8.5000000    0.0775373
  -8.4800000    0.0744460
  -8.4600000    0.0703880
  -8.4400000    0.0655438
  -8.4200000    0.0601279
  -8.4000000    0.0543710
  -8.3800000    0.0484989
  -8.3600000    0.0427122
  -8.3400000    0.0371671
  -8.3200000    0.0319618
  -8.3000000    0.0271296
  -8.2800000    0.0226398
  -8.2600000    0.0184075
  -8.2400000    0.0143101
  -8.2200000    0.0102100
  -8.2000000    0.0059788
  -8.1800000    0.0015208
  -8.1600000   -0.0032074
  -8.1400000   -0.0081840
  -8.1200000   -0.0133177
  -8.1000000   -0.0184520
  -8.0800000   -0.0233768
  -8.0600000   -0.0278470
  -8.0400000   -0.0316039
  -8.0200000   -0.0343986
  -8.0000000   -0.0360124
  -7.9800000   -0.0362762
  -7.9600000   -0.0350832
  -7.9400000   -0.0323980
  -7.9200000   -0.0282599
  -7.9000000   -0.0227830
  -7.8800000   -0.0161515
  -7.8600000   -0.0086123
  -7.8400000   -0.0004661
  -7.8200000    0.0079455
  -7.8000000    0.0162529
  -7.7800000    0.0240757
  -7.7600000    0.0310397
  -7.7400000    0.0367968
  -7.7200000    0.0410449
  -7.7000000    0.0435471
  -7.6800000    0.0441494
  -7.6600000    0.0427938
  -7.6400000    0.0395271
  -7.6200000    0.0345024
  -7.6000000    0.0279739
  -7.5800000    0.0202845
  -7.5600000    0.0118464
  -7.5400000    0.0031171
  -7.5200000   -0.0054284
  -7.5000000   -0.0133266
  -7.4800000   -0.0201532
  -7.4600000   -0.0255478
  -7.4400000   -0.0292339
  -7.4200000   -0.0310319
  -7.4000000   -0.0308666
  -7.3800000   -0.0287658
  -7.3600000   -0.0248546
  -7.3400000   -0.0193423
  -7.3200000   -0.0125067
  -7.3000000   -0.0046750
  -7.2800000    0.0037961
  -7.2600000    0.0125393
  -7.2400000    0.0211946
  -7.2200000    0.0294245
  -7.2000000    0.0369260
  -7.1800000    0.0434400
  -7.1600000    0.0487580
  -7.1400000    0.0527257
  -7.1200000    0.0552448
  -7.1000000    0.0562735
  -7.0800000    0.0558243
  -7.0600000    0.0539612
  -7.0400000    0.0507952
  -7.0200000    0.0464788
  -7.0000000    0.0411988
  -6.9800000    0.0351689
  -6.9600000    0.0286201
  -6.9400000    0.0217923
  -6.9200000    0.0149236
  -6.9000000    0.0082416
  -6.8800000    0.0019531
  -6.8600000   -0.0037637
  -6.8400000   -0.0087668
  -6.8200000   -0.0129561
  -6.8000000   -0.0162768
  -6.7800000   -0.0187201
  -6.7600000   -0.0203207
  -6.7400000   -0.0211515
  -6.7200000   -0.0213140
  -6.7000000   -0.0209270
  -6.6800000   -0.0201129
  -6.6600000   -0.0189828
  -6.6400000   -0.0176231
  -6.6200000   -0.0160840
  -6.6000000   -0.0143722
  -6.5800000   -0.0124490
  -6.5600000   -0.0102341
  -6.5400000   -0.0076154
  -6.5200000   -0.0044641
  -6.5000000   -0.0006531
  -6.4800000    0.0039231
  -6.4600000    0.0093298
  -6.4400000    0.0155773
  -6.4200000    0.0226113
  -6.4000000    0.0303115
  -6.3800000    0.0384966
  -6.3600000    0.0469371
  -6.3400000    0.0553737
  -6.3200000    0.0635379
  -6.3000000    0.0711744
  -6.2800000    0.0780603
  -6.2600000    0.0840200
  -6.2400000    0.0889343
  -6.2200000    0.0927424
  -6.2000000    0.0954377
  -6.1800000    0.0970583
  -6.1600000    0.0976740
  -6.1400000    0.0973731
  -6.1200000    0.0962482
  -6.1000000    0.0943863
  -6.0800000    0.0918606
  -6.0600000    0.0887265
  -6.0400000    0.0850207
  -6.0200000    0.0807622
  -6.0000000    0.0759549
  -5.9800000    0.0705907
  -5.9600000    0.0646527
  -5.9400000    0.0581181
  -5.9200000    0.0509618
  -5.9000000    0.0431598
  -5.8800000    0.0346936
  -5.8600000    0.0255562
  -5.8400000    0.0157580
  -5.8200000    0.0053327
  -5.8000000   -0.0056567
  -5.7800000   -0.0171153
  -5.7600000   -0.0289150
  -5.7400000   -0.0408979
  -5.7200000   -0.0528817
  -5.7000000   -0.0646687
  -5.6800000   -0.0760552
  -5.6600000   -0.0868414
  -5.6400000   -0.0968392
  -5.6200000   -0.1058776
  -5.6000000   -0.1138039
  -5.5800000   -0.1204826
  -5.5600000   -0.1257920
  -5.5400000   -0.1296206
  -5.5200000   -0.1318646
  -5.5000000   -0.1324293
  -5.4800000   -0.1312343
  -5.4600000   -0.1282236
  -5.4400000   -0.1233784
  -5.4200000   -0.1167318
  -5.4000000   -0.1083818
  -5.3800000   -0.0984995
  -5.3600000   -0.0873310
  -5.3400000   -0.0751900
  -5.3200000   -0.0624415
  -5.3000000   -0.0494787
  -5.2800000   -0.0366931
  -5.2600000   -0.0244447
  -5.2400000   -0.0130328
  -5.2200000   -0.0026739
  -5.2000000    0.0065128
  -5.1800000    0.0145090
  -5.1600000    0.0213907
  -5.1400000    0.0273123
  -5.1200000    0.0324839
  -5.1000000    0.0371440
  -5.0800000    0.0415315
  -5.0600000    0.0458600
  -5.0400000    0.0502960
  -5.0200000    0.0549438
  -5.0000000    0.0598369
  -4.9800000    0.0649373
  -4.9600000    0.0701405
  -4.9400000    0.0752871
  -4.9200000    0.0801776
  -4.9000000    0.0845901
  -4.8800000    0.0882993
  -4.8600000    0.0910943
  -4.8400000    0.0927947
  -4.8200000    0.0932641
  -4.8000000    0.0924192
  -4.7800000    0.0902355
  -4.7600000    0.0867486
  -4.7400000    0.0820511
  -4.7200000    0.0762862
  -4.7000000    0.0696383
  -4.6800000    0.0623202
  -4.6600000    0.0545604
  -4.6400000    0.0465878
  -4.6200000    0.0386182
  -4.6000000    0.0308412
  -4.5800000    0.0234099
  -4.5600000    0.0164333
  -4.5400000    0.0099720
  -4.5200000    0.0040376
  -4.5000000   -0.0014044
  -4.4800000   -0.0064292
  -4.4600000   -0.0111447
  -4.4400000   -0.0156819
  -4.4200000   -0.0201847
  -4.4000000   -0.0247984
  -4.3800000   -0.0296585
  -4.3600000   -0.0348789
  -4.3400000   -0.0405414
  -4.3200000   -0.0466849
  -4.3000000   -0.0532982
  -4.2800000   -0.0603144
  -4.2600000   -0.0676104
  -4.2400000   -0.0750117
  -4.2200000   -0.0823025
  -4.2000000   -0.0892415
  -4.1800000   -0.0955818
  -4.1600000   -0.1010937
  -4.1400000   -0.1055859
  -4.1200000   -0.1089245
  -4.1000000   -0.1110451
  -4.0800000   -0.1119580
  -4.0600000   -0.1117430
  -4.0400000   -0.1105371
  -4.0200000   -0.1085137
  -4.0000000   -0.1058586
  -3.9800000   -0.1027440
  -3.9600000   -0.0993054
  -3.9400000   -0.0956239
  -3.9200000   -0.0917165
  -3.9000000   -0.0875356
  -3.8800000   -0.0829775
  -3.8600000   -0.0778991
  -3.8400000   -0.0721402
  -3.8200000   -0.0655482
  -3.8000000   -0.0580020
  -3.7800000   -0.0494327
  -3.7600000   -0.0398377
  -3.7400000   -0.0292868
  -3.7200000   -0.0179209
  -3.7000000   -0.0059429
  -3.6800000    0.0063975
  -3.6600000    0.0188218
  -3.6400000    0.0310419
  -3.6200000    0.0427777
  -3.6000000    0.0537713
  -3.5800000    0.0637958
  -3.5600000    0.0726595
  -3.5400000    0.0802056
  -3.5200000    0.0863082
  -3.5000000    0.0908666
  -3.4800000    0.0938003
  -3.4600000    0.0950446
  -3.4400000    0.0945507
  -3.4200000    0.0922880
  -3.4000000    0.0882510
  -3.3800000    0.0824681
  -3.3600000    0.0750129
  -3.3400000    0.0660144
  -3.3200000    0.0556653
  -3.3000000    0.0442256
  -3.2800000    0.0320208
  -3.2600000    0.0194323
  -3.2400000    0.0068814
  -3.2200000   -0.0051930
  -3.2000000   -0.0163613
  -3.1800000   -0.0262314
  -3.1600000   -0.0344745
  -3.1400000   -0.0408476
  -3.1200000   -0.0452074
  -3.1000000   -0.0475166
  -3.0800000   -0.0478406
  -3.0600000   -0.0463364
  -3.0400000   -0.0432359
  -3.0200000   -0.0388250
  -3.0000000   -0.0334226
  -2.9800000   -0.0273605
  -2.9600000   -0.0209653
  -2.9400000   -0.0145456
  -2.9200000   -0.0083803
  -2.9000000   -0.0027114
  -2.8800000    0.0022621
  -2.8600000    0.0063882
  -2.8400000    0.0095645
  -2.8200000    0.0117398
  -2.8000000    0.0129130
  -2.7800000    0.0131300
  -2.7600000    0.0124777
  -2.7400000    0.0110757
  -2.7200000    0.0090660
  -2.7000000    0.0066018
  -2.6800000    0.0038377
  -2.6600000    0.0009205
  -2.6400000   -0.0020157
  -2.6200000   -0.0048525
  -2.6000000   -0.0074857
  -2.5800000   -0.0098223
  -2.5600000   -0.0117761
  -2.5400000   -0.0132627
  -2.5200000   -0.0141974
  -2.5000000   -0.0144940
  -2.4800000   -0.0140684
  -2.4600000   -0.0128440
  -2.4400000   -0.0107615
  -2.4200000   -0.0077885
  -2.4000000   -0.0039309
  -2.3800000    0.0007579
  -2.3600000    0.0061707
  -2.3400000    0.0121451
  -2.3200000    0.0184666
  -2.3000000    0.0248785
  -2.2800000    0.0310962
  -2.2600000    0.0368259
  -2.2400000    0.0417850
  -2.2200000    0.0457221
  -2.2000000    0.0484351
  -2.1800000    0.0497833
  -2.1600000    0.0496946
  -2.1400000    0.0481649
  -2.1200000    0.0452513
  -2.1000000    0.0410606
  -2.0800000    0.0357335
  -2.0600000    0.0294292
  -2.0400000    0.0223106
  -2.0200000    0.0145330
  -2.0000000    0.0062371
  -1.9800000   -0.0024534
  -1.9600000   -0.0114301
  -1.9400000   -0.0205953
  -1.9200000   -0.0298565
  -1.9000000   -0.0391214
  -1.8800000   -0.0482941
  -1.8600000   -0.0572741
  -1.8400000   -0.0659572
  -1.8200000   -0.0742380
  -1.8000000   -0.0820128
  -1.7800000   -0.0891815
  -1.7600000   -0.0956472
  -1.7400000   -0.1013136
  -1.7200000   -0.1060799
  -1.7000000   -0.1098348
  -1.6800000   -0.1124505
  -1.6600000   -0.1137812
  -1.6400000   -0.1136651
  -1.6200000   -0.1119341
  -1.6000000   -0.1084300
  -1.5800000   -0.1030267
  -1.5600000   -0.0956554
  -1.5400000   -0.0863296
  -1.5200000   -0.0751649
  -1.5000000   -0.0623894
  -1.4800000   -0.0483415
  -1.4600000   -0.0334534
  -1.4400000   -0.0182208
  -1.4200000   -0.0031614
  -1.4000000    0.0112320
  -1.3800000    0.0245391
  -1.3600000    0.0364515
  -1.3400000    0.0468002
  -1.3200000    0.0555650
  -1.3000000    0.0628651
  -1.2800000    0.0689295
  -1.2600000    0.0740542
  -1.2400000    0.0785474
  -1.2200000    0.0826736
  -1.2000000    0.0866024
  -1.1800000    0.0903689
  -1.1600000    0.0938529
  -1.1400000    0.0967782
  -1.1200000    0.0987349
  -1.1000000    0.0992211
  -1.0800000    0.0977010
  -1.0600000    0.0936711
  -1.0400000    0.0867278
  -1.0200000    0.0766284
  -1.0000000    0.0633370
  -0.9800000    0.0470495
  -0.9600000    0.0281948
  -0.9400000    0.0074102
  -0.9200000   -0.0145059
  -0.9000000   -0.0366586
  -0.8800000   -0.0581322
  -0.8600000   -0.0780658
  -0.8400000   -0.0957224
  -0.8200000   -0.1105407
  -0.8000000   -0.1221669
  -0.7800000   -0.1304604
  -0.7600000   -0.1354776
  -0.7400000   -0.1374354
  -0.7200000   -0.1366630
  -0.7000000   -0.1335486
  -0.6800000   -0.1284916
  -0.6600000   -0.1218648
  -0.6400000   -0.1139939
  -0.6200000   -0.1051537
  -0.6000000   -0.0955805
  -0.5800000   -0.0854958
  -0.5600000   -0.0751333
  -0.5400000   -0.0647640
  -0.5200000   -0.0547103
  -0.5000000   -0.0453461
  -0.4800000   -0.0370798
  -0.4600000   -0.0303218
  -0.4400000   -0.0254421
  -0.4200000   -0.0227235
  -0.4000000   -0.0223207
  -0.3800000   -0.0242304
  -0.3600000   -0.0282812
  -0.3400000   -0.0341441
  -0.3200000   -0.0413634
  -0.3000000   -0.0494034
  -0.2800000   -0.0577023
  -0.2600000   -0.0657253
  -0.2400000   -0.0730074
  -0.2200000   -0.0791775
  -0.2000000   -0.0839625
  -0.1800000   -0.0871681
  -0.1600000   -0.0886432
  -0.1400000   -0.0882333
  -0.1200000   -0.0857329
  -0.1000000   -0.0808465
  -0.0800000   -0.0731665
  -0.0600000   -0.0621739
  -0.0400000   -0.0472640
  -0.0200000   -0.0277966
   0.0000000   -0.0031658
   0.0200000    0.0271194
   0.0400000    0.0633499
   0.0600000    0.1055401
   0.0800000    0.1533665
   0.1000000    0.2061321
   0.1200000    0.2627603
   0.1400000    0.3218239
   0.1600000    0.3816063
   0.1800000    0.4401947
   0.2000000    0.4955963
   0.2200000    0.5458695
   0.2400000    0.5892578
   0.2600000    0.6243132
   0.2800000    0.6499972
   0.3000000    0.6657477
   0.3200000    0.6715045
   0.3400000    0.6676907
   0.3600000    0.6551504
   0.3800000    0.6350526
   0.4000000    0.6087703
   0.4200000    0.5777501
   0.4400000    0.5433871
   0.4600000    0.5069190
   0.4800000    0.4693493
   0.5000000    0.4314052
   0.5200000    0.3935319
   0.5400000    0.3559184
   0.5600000    0.3185480
   0.5800000    0.2812642
   0.6000000    0.2438401
   0.6200000    0.2060455
   0.6400000    0.1677016
   0.6600000    0.1287218
   0.6800000    0.0891352
   0.7000000    0.0490953
   0.7200000    0.0088749
   0.7400000   -0.0311490
   0.7600000   -0.0705172
   0.7800000   -0.1087151
   0.8000000   -0.1452010
   0.8200000   -0.1794355
   0.8400000   -0.2109097
   0.8600000   -0.2391717
   0.8800000   -0.2638499
   0.9000000   -0.2846723
   0.9200000   -0.3014810
   0.9400000   -0.3142396
   0.9600000   -0.3230360
   0.9800000   -0.3280772
   1.0000000   -0.3296793
   1.0200000   -0.3282523
   1.0400000   -0.3242806
   1.0600000   -0.3183010
   1.0800000   -0.3108791
   1.1000000   -0.3025834
   1.1200000   -0.2939598
   1.1400000   -0.2855056
   1.1600000   -0.2776436
   1.1800000   -0.2706982
   1.2000000   -0.2648748
   1.2200000   -0.2602432
   1.2400000   -0.2567281
   1.2600000   -0.2541089
   1.2800000   -0.2520288
   1.3000000   -0.2500144
   1.3200000   -0.2475068
   1.3400000   -0.2439001
   1.3600000   -0.2385862
   1.3800000   -0.2310022
   1.4000000   -0.2206760
   1.4200000   -0.2072658
   1.4400000   -0.1905905
   1.4600000   -0.1706485
   1.4800000   -0.1476223
   1.5000000   -0.1218699
   1.5200000   -0.0939044
   1.5400000   -0.0643619
   1.5600000   -0.0339633
   1.5800000   -0.0034708
   1.6000000    0.0263561
   1.6200000    0.0548029
   1.6400000    0.0812375
   1.6600000    0.1051411
   1.6800000    0.1261308
   1.7000000    0.1439730
   1.7200000    0.1585864
   1.7400000    0.1700355
   1.7600000    0.1785149
   1.7800000    0.1843258
   1.8000000    0.1878459
   1.8200000    0.1894960
   1.8400000    0.1897052
   1.8600000    0.1888772
   1.8800000    0.1873615
   1.9000000    0.1854299
   1.9200000    0.1832616
   1.9400000    0.1809371
   1.9600000    0.1784404
   1.9800000    0.1756703
   2.0000000    0.1724586
   2.0200000    0.1685937
   2.0400000    0.1638468
   2.0600000    0.1579999
   2.0800000    0.1508717
   2.1000000    0.1423391
   2.1200000    0.1323541
   2.1400000    0.1209528
   2.1600000    0.1082570
   2.1800000    0.0944680
   2.2000000    0.0798532
   2.2200000    0.0647275
   2.2400000    0.0494306
   2.2600000    0.0343034
   2.2800000    0.0196648
   2.3000000    0.0057917
   2.3200000   -0.0070965
   2.3400000   -0.0188476
   2.3600000   -0.0293802
   2.3800000   -0.0386815
   2.4000000   -0.0467994
   2.4200000   -0.0538307
   2.4400000   -0.0599058
   2.4600000   -0.0651720
   2.4800000   -0.0697761
   2.5000000   -0.0738482
   2.5200000   -0.0774875
   2.5400000   -0.0807510
   2.5600000   -0.0836472
   2.5800000   -0.0861338
   2.6000000   -0.0881221
   2.6200000   -0.0894854
   2.6400000   -0.0900744
   2.6600000   -0.0897354
   2.6800000   -0.0883318
   2.7000000   -0.0857662
   2.7200000   -0.0820011
   2.7400000   -0.0770748
   2.7600000   -0.0711120
   2.7800000   -0.0643264
   2.8000000   -0.0570145
   2.8200000   -0.0495419
   2.8400000   -0.0423218
   2.8600000   -0.0357882
   2.8800000   -0.0303669
   2.9000000   -0.0264451
   2.9200000   -0.0243445
   2.9400000   -0.0242981
   2.9600000   -0.0264338
   2.9800000   -0.0307645
   3.0000000   -0.0371861
   3.0200000   -0.0454833
   3.0400000   -0.0553409
   3.0600000   -0.0663625
   3.0800000   -0.0780922
   3.1000000   -0.0900402
   3.1200000   -0.1017094
   3.1400000   -0.1126225
   3.1600000   -0.1223455
   3.1800000   -0.1305094
   3.2000000   -0.1368252
   3.2200000   -0.1410945
   3.2400000   -0.1432123
   3.2600000   -0.1431651
   3.2800000   -0.1410229
   3.3000000   -0.1369269
   3.3200000   -0.1310754
   3.3400000   -0.1237075
   3.3600000   -0.1150874
   3.3800000   -0.1054899
   3.4000000   -0.0951866
   3.4200000   -0.0844361
   3.4400000   -0.0734748
   3.4600000   -0.0625118
   3.4800000   -0.0517252
   3.5000000   -0.0412621
   3.5200000   -0.0312409
   3.5400000   -0.0217565
   3.5600000   -0.0128875
   3.5800000   -0.0047051
   3.6000000    0.0027172
   3.6200000    0.0092961
   3.6400000    0.0149324
   3.6600000    0.0195095
   3.6800000    0.0228980
   3.7000000    0.0249644
   3.7200000    0.0255855
   3.7400000    0.0246665
   3.7600000    0.0221598
   3.7800000    0.0180817
   3.8000000    0.0125263
   3.8200000    0.0056704
   3.8400000   -0.0022276
   3.8600000   -0.0108382
   3.8800000   -0.0197787
   3.9000000   -0.0286359
   3.9200000   -0.0369917
   3.9400000   -0.0444489
   3.9600000   -0.0506539
   3.9800000   -0.0553144
   4.0000000   -0.0582127
   4.0200000   -0.0592117
   4.0400000   -0.0582567
   4.0600000   -0.0553723
   4.0800000   -0.0506569
   4.1000000   -0.0442746
   4.1200000   -0.0364473
   4.1400000   -0.0274454
   4.1600000   -0.0175797
   4.1800000   -0.0071927
   4.2000000    0.0033490
   4.2200000    0.0136631
   4.2400000    0.0233585
   4.2600000    0.0320431
   4.2800000    0.0393310
   4.3000000    0.0448501
   4.3200000    0.0482500
   4.3400000    0.0492114
   4.3600000    0.0474551
   4.3800000    0.0427540
   4.4000000    0.0349449
   4.4200000    0.0239416
   4.4400000    0.0097480
   4.4600000   -0.0075299
   4.4800000   -0.0276744
   4.5000000   -0.0503500
   4.5200000   -0.0751025
   4.5400000   -0.1013641
   4.5600000   -0.1284659
   4.5800000   -0.1556571
   4.6000000   -0.1821320
   4.6200000   -0.2070619
   4.6400000   -0.2296323
   4.6600000   -0.2490810
   4.6800000   -0.2647355
   4.7000000   -0.2760463
   4.7200000   -0.2826141
   4.7400000   -0.2842073
   4.7600000   -0.2807701
   4.7800000   -0.2724204
   4.8000000   -0.2594370
   4.8200000   -0.2422398
   4.8400000   -0.2213640
   4.8600000   -0.1974299
   4.8800000   -0.1711133
   4.9000000   -0.1431150
   4.9200000   -0.1141353
   4.9400000   -0.0848498
   4.9600000   -0.0558915
   4.9800000   -0.0278364
   5.0000000   -0.0011943
   5.0200000    0.0235965
   5.0400000    0.0461702
   5.0600000    0.0662316
   5.0800000    0.0835518
   5.1000000    0.0979630
   5.1200000    0.1093531
   5.1400000    0.1176627
   5.1600000    0.1228836
   5.1800000    0.1250606
   5.2000000    0.1242962
   5.2200000    0.1207561
   5.2400000    0.1146753
   5.2600000    0.1063613
   5.2800000    0.0961935
   5.3000000    0.0846167
   5.3200000    0.0721280
   5.3400000    0.0592567
   5.3600000    0.0465402
   5.3800000    0.0344955
   5.4000000    0.0235911
   5.4200000    0.0142212
   5.4400000    0.0066847
   5.4600000    0.0011713
   5.4800000   -0.0022443
   5.5000000   -0.0036004
   5.5200000   -0.0030376
   5.5400000   -0.0007836
   5.5600000    0.0028678
   5.5800000    0.0075792
   5.6000000    0.0129919
   5.6200000    0.0187469
   5.6400000    0.0245028
   5.6600000    0.0299481
   5.6800000    0.0348106
   5.7000000    0.0388604
   5.7200000    0.0419102
   5.7400000    0.0438114
   5.7600000    0.0444497
   5.7800000    0.0437393
   5.8000000    0.0416185
   5.8200000    0.0380474
   5.8400000    0.0330067
   5.8600000    0.0265009
   5.8800000    0.0185610
   5.9000000    0.0092497
   5.9200000   -0.0013346
   5.9400000   -0.0130548
   5.9600000   -0.0257348
   5.9800000   -0.0391620
   6.0000000   -0.0530930
   6.0200000   -0.0672612
   6.0400000   -0.0813863
   6.0600000   -0.0951841
   6.0800000   -0.1083753
   6.1000000   -0.1206933
   6.1200000   -0.1318892
   6.1400000   -0.1417355
   6.1600000   -0.1500273
   6.1800000   -0.1565832
   6.2000000   -0.1612457
   6.2200000   -0.1638816
   6.2400000   -0.1643835
   6.2600000   -0.1626719
   6.2800000   -0.1586985
   6.3000000   -0.1524499
   6.3200000   -0.1439513
   6.3400000   -0.1332709
   6.3600000   -0.1205228
   6.3800000   -0.1058707
   6.4000000   -0.0895287
   6.4200000   -0.0717619
   6.4400000   -0.0528834
   6.4600000   -0.0332497
   6.4800000   -0.0132520
   6.5000000    0.0066952
   6.5200000    0.0261689
   6.5400000    0.0447537
   6.5600000    0.0620584
   6.5800000    0.0777321
   6.6000000    0.0914770
   6.6200000    0.1030566
   6.6400000    0.1123005
   6.6600000    0.1191031
   6.6800000    0.1234194
   6.7000000    0.1252581
   6.7200000    0.1246743
   6.7400000    0.1217632
   6.7600000    0.1166561
   6.7800000    0.1095192
   6.8000000    0.1005543
   6.8200000    0.0900015
   6.8400000    0.0781405
   6.8600000    0.0652901
   6.8800000    0.0518037
   6.9000000    0.0380611
   6.9200000    0.0244543
   6.9400000    0.0113706
   6.9600000   -0.0008267
   6.9800000   -0.0118185
   7.0000000   -0.0213477
   7.0200000   -0.0292334
   7.0400000   -0.0353800
   7.0600000   -0.0397797
   7.0800000   -0.0425100
   7.1000000   -0.0437243
   7.1200000   -0.0436385
   7.1400000   -0.0425140
   7.1600000   -0.0406392
   7.1800000   -0.0383110
   7.2000000   -0.0358162
   7.2200000   -0.0334172
   7.2400000   -0.0313387
   7.2600000   -0.0297602
   7.2800000   -0.0288107
   7.3000000   -0.0285682
   7.3200000   -0.0290626
   7.3400000   -0.0302805
   7.3600000   -0.0321728
   7.3800000   -0.0346622
   7.4000000   -0.0376512
   7.4200000   -0.0410279
   7.4400000   -0.0446717
   7.4600000   -0.0484559
   7.4800000   -0.0522491
   7.5000000   -0.0559154
   7.5200000   -0.0593146
   7.5400000   -0.0623029
   7.5600000   -0.0647344
   7.5800000   -0.0664654
   7.6000000   -0.0673598
   7.6200000   -0.0672975
   7.6400000   -0.0661826
   7.6600000   -0.0639529
   7.6800000   -0.0605890
   7.7000000   -0.0561204
   7.7200000   -0.0506303
   7.7400000   -0.0442561
   7.7600000   -0.0371860
   7.7800000   -0.0296510
   7.8000000   -0.0219130
   7.8200000   -0.0142491
   7.8400000   -0.0069332
   7.8600000   -0.0002168
   7.8800000    0.0056894
   7.9000000    0.0106306
   7.9200000    0.0145179
   7.9400000    0.0173321
   7.9600000    0.0191191
   7.9800000    0.0199794
   8.0000000    0.0200508
   8.0200000    0.0194875
   8.0400000    0.0184388
   8.0600000    0.0170295
   8.0800000    0.0153451
   8.1000000    0.0134237
   8.1200000    0.0112556
   8.1400000    0.0087898
   8.1600000    0.0059460
   8.1800000    0.0026305
   8.2000000   -0.0012475
   8.2200000   -0.0057611
   8.2400000   -0.0109540
   8.2600000   -0.0168339
   8.2800000   -0.0233694
   8.3000000   -0.0304927
   8.3200000   -0.0381029
   8.3400000   -0.0460723
   8.3600000   -0.0542523
   8.3800000   -0.0624781
   8.4000000   -0.0705723
   8.4200000   -0.0783470
   8.4400000   -0.0856051
   8.4600000   -0.0921412
   8.4800000   -0.0977426
   8.5000000   -0.1021919
   8.5200000   -0.1052705
   8.5400000   -0.1067638
   8.5600000   -0.1064674
   8.5800000   -0.1041946
   8.6000000   -0.0997847
   8.6200000   -0.0931099
   8.6400000   -0.0840838
   8.6600000   -0.0726675
   8.6800000   -0.0588766
   8.7000000   -0.0427864
   8.7200000   -0.0245374
   8.7400000   -0.0043407
   8.7600000    0.0175181
   8.7800000    0.0406752
   8.8000000    0.0646880
   8.8200000    0.0890372
   8.8400000    0.1131345
   8.8600000    0.1363355
   8.8800000    0.1579612
   8.9000000    0.1773243
   8.9200000    0.1937634
   8.9400000    0.2066800
   8.9600000    0.2155762
   8.9800000    0.2200898
   9.0000000    0.2200225
   9.0200000    0.2153577
   9.0400000    0.2062655
   9.0600000    0.1930939
   9.0800000    0.1763467
   9.1000000    0.1566502
   9.1200000    0.1347116
   9.1400000    0.1112742
   9.1600000    0.0870739
   9.1800000    0.0628001
   9.2000000    0.0390651
   9.2200000    0.0163839
   9.2400000   -0.0048351
   9.2600000   -0.0242905
   9.2800000   -0.0417793
   9.3000000   -0.0571834
   9.3200000   -0.0704541
   9.3400000   -0.0815957
   9.3600000   -0.0906510
   9.3800000   -0.0976902
   9.4000000   -0.1028019
   9.4200000   -0.1060876
   9.4400000   -0.1076573
   9.4600000   -0.1076264
   9.4800000   -0.1061128
   9.5000000   -0.1032335
   9.5200000   -0.0991014
   9.5400000   -0.0938220
   9.5600000   -0.0874907
   9.5800000   -0.0801928
   9.6000000   -0.0720038
   9.6200000   -0.0629932
   9.6400000   -0.0532302
   9.6600000   -0.0427899
   9.6800000   -0.0317606
   9.7000000   -0.0202505
   9.7200000   -0.0083918
   9.7400000    0.0036574
   9.7600000    0.0157144
   9.7800000    0.0275775
   9.8000000    0.0390344
   9.8200000    0.0498730
   9.8400000    0.0598942
   9.8600000    0.0689245
   9.8800000    0.0768282
   9.9000000    0.0835171
   9.9200000    0.0889565
   9.9400000    0.0931674
   9.9600000    0.0962247
   9.9800000    0.0982498
  10.0000000    0.0994003
  10.0200000    0.0998558
  10.0400000    0.0998023
  10.0600000    0.0994153
  10.0800000    0.0988445
  10.1000000    0.0981998
  10.1200000    0.0975422
  10.1400000    0.0968775
  10.1600000    0.0961561
  10.1800000    0.0952774
  10.2000000    0.0940990
  10.2200000    0.0924496
  10.2400000    0.0901452
  10.2600000    0.0870067
  10.2800000    0.0828773
  10.3000000    0.0776381
  10.3200000    0.0712215
  10.3400000    0.0636198
  10.3600000    0.0548889
  10.3800000    0.0451467
  10.4000000    0.0345668
  10.4200000    0.0233665
  10.4400000    0.0117931
  10.4600000    0.0001071
  10.4800000   -0.0114341
  10.5000000   -0.0225907
  10.5200000   -0.0331517
  10.5400000   -0.0429423
  10.5600000   -0.0518260
  10.5800000   -0.0597025
  10.6000000   -0.0665033
  10.6200000   -0.0721838
  10.6400000   -0.0767172
  10.6600000   -0.0800886
  10.6800000   -0.0822928
  10.7000000   -0.0833340
  10.7200000   -0.0832290
  10.7400000   -0.0820114
  10.7600000   -0.0797357
  10.7800000   -0.0764793
  10.8000000   -0.0723421
  10.8200000   -0.0674416
  10.8400000   -0.0619052
  10.8600000   -0.0558602
  10.8800000   -0.0494229
  10.9000000   -0.0426899
  10.9200000   -0.0357321
  10.9400000   -0.0285937
  10.9600000   -0.0212956
  10.9800000   -0.0138432
  11.0000000   -0.0062363
  11.0200000    0.0015200
  11.0400000    0.0094065
  11.0600000    0.0173840
  11.0800000    0.0253922
  11.1000000    0.0333524
  11.1200000    0.0411737
  11.1400000    0.0487613
  11.1600000    0.0560236
  11.1800000    0.0628780
  11.2000000    0.0692532
  11.2200000    0.0750865
  11.2400000    0.0803192
  11.2600000    0.0848886
  11.2800000    0.0887207
  11.3000000    0.0917243
  11.3200000    0.0937893
  11.3400000    0.0947898
  11.3600000    0.0945926
  11.3800000    0.0930710
  11.4000000    0.0901203
  11.4200000    0.0856758
  11.4400000    0.0797280
  11.4600000    0.0723340
  11.4800000    0.0636234
  11.5000000    0.0537968
  11.5200000    0.0431182
  11.5400000    0.0319006
  11.5600000    0.0204882
  11.5800000    0.0092365
  11.6000000   -0.0015076
  11.6200000   -0.0114235
  11.6400000   -0.0202306
  11.6600000   -0.0276980
  11.6800000   -0.0336502
  11.7000000   -0.0379690
  11.7200000   -0.0405926
  11.7400000   -0.0415134
  11.7600000   -0.0407754
  11.7800000   -0.0384707
  11.8000000   -0.0347361
  11.8200000   -0.0297497
  11.8400000   -0.0237258
  11.8600000   -0.0169083
  11.8800000   -0.0095617
  11.9000000   -0.0019608
  11.9200000    0.0056227
  11.9400000    0.0129330
  11.9600000    0.0197431
  11.9800000    0.0258652
  12.0000000    0.0311569
  12.0200000    0.0355231
  12.0400000    0.0389119
  12.0600000    0.0413062
  12.0800000    0.0427116
  12.1000000    0.0431430
  12.1200000    0.0426123
  12.1400000    0.0411204
  12.1600000    0.0386547
  12.1800000    0.0351933
  12.2000000    0.0307167
  12.2200000    0.0252242
  12.2400000    0.0187534
  12.2600000    0.0113989
  12.2800000    0.0033263
  12.3000000   -0.0052210
  12.3200000   -0.0139257
  12.3400000   -0.0224111
  12.3600000   -0.0302658
  12.3800000   -0.0370776
  12.4000000   -0.0424701
  12.4200000   -0.0461410
  12.4400000   -0.0478946
  12.4600000   -0.0476656
  12.4800000   -0.0455299
  12.5000000   -0.0417015
  12.5200000   -0.0365144
  12.5400000   -0.0303919
  12.5600000   -0.0238059
  12.5800000   -0.0172318
  12.6000000   -0.0111034
  12.6200000   -0.0057735
  12.6400000   -0.0014849
  12.6600000    0.0016455
  12.6800000    0.0036272
  12.7000000    0.0045828
  12.7200000    0.0047218
  12.7400000    0.0043070
  12.7600000    0.0036168
  12.7800000    0.0029098
  12.8000000    0.0023945
  12.8200000    0.0022098
  12.8400000    0.0024159
  12.8600000    0.0029972
  12.8800000    0.0038759
  12.9000000    0.0049320
  12.9200000    0.0060288
  12.9400000    0.0070376
  12.9600000    0.0078595
  12.9800000    0.0084414
  13.0000000    0.0087844
  13.0200000    0.0089433
  13.0400000    0.0090194
  13.0600000    0.0091458
  13.0800000    0.0094693
  13.1000000    0.0101305
  13.1200000    0.0112440
  13.1400000    0.0128823
  13.1600000    0.0150639
  13.1800000    0.0177482
  13.2000000    0.0208359
  13.2200000    0.0241765
  13.2400000    0.0275813
  13.2600000    0.0308407
  13.2800000    0.0337433
  13.3000000    0.0360968
  13.3200000    0.0377455
  13.3400000    0.0385860
  13.3600000    0.0385768
  13.3800000    0.0377425
  13.4000000    0.0361722
  13.4200000    0.0340111
  13.4400000    0.0314487
  13.4600000    0.0287025
  13.4800000    0.0260002
  13.5000000    0.0235618
  13.5200000    0.0215819
  13.5400000    0.0202150
  13.5600000    0.0195625
  13.5800000    0.0196645
  13.6000000    0.0204933
  13.6200000    0.0219529
  13.6400000    0.0238814
  13.6600000    0.0260582
  13.6800000    0.0282163
  13.7000000    0.0300585
  13.7200000    0.0312776
  13.7400000    0.0315804
  13.7600000    0.0307118
  13.7800000    0.0284797
  13.8000000    0.0247758
  13.8200000    0.0195921
  13.8400000    0.0130293
  13.8600000    0.0052969
  13.8800000   -0.0032963
  13.9000000   -0.0123612
  13.9200000   -0.0214539
  13.9400000   -0.0301076
  13.9600000   -0.0378659
  13.9800000   -0.0443154
  14.0000000   -0.0491140
  14.0200000   -0.0520132
  14.0400000   -0.0528718
  14.0600000   -0.0516604
  14.0800000   -0.0484577
  14.1000000   -0.0434398
  14.1200000   -0.0368625
  14.1400000   -0.0290417
  14.1600000   -0.0203308
  14.1800000   -0.0111001
  14.2000000   -0.0017169
  14.2200000    0.0074704
  14.2400000    0.0161445
  14.2600000    0.0240278
  14.2800000    0.0308866
  14.3000000    0.0365322
  14.3200000    0.0408197
  14.3400000    0.0436437
  14.3600000    0.0449343
  14.3800000    0.0446522
  14.4000000    0.0427848
  14.4200000    0.0393439
  14.4400000    0.0343656
  14.4600000    0.0279123
  14.4800000    0.0200763
  14.5000000    0.0109856
  14.5200000    0.0008096
  14.5400000   -0.0102363
  14.5600000   -0.0218884
  14.5800000   -0.0338354
  14.6000000   -0.0457248
  14.6200000   -0.0571734
  14.6400000   -0.0677832
  14.6600000   -0.0771606
  14.6800000   -0.0849388
  14.7000000   -0.0907999
  14.7200000   -0.0944954
  14.7400000   -0.0958637
  14.7600000   -0.0948413
  14.7800000   -0.0914676
  14.8000000   -0.0858832
  14.8200000   -0.0783203
  14.8400000   -0.0690878
  14.8600000   -0.0585504
  14.8800000   -0.0471062
  14.9000000   -0.0351619
  14.9200000   -0.0231097
  14.9400000   -0.0113065
  14.9600000   -0.0000582
  14.9800000    0.0103916
  15.0000000    0.0198652
  15.0200000    0.0282500
  15.0400000    0.0354912
  15.0600000    0.0415807
  15.0800000    0.0465439
  15.1000000    0.0504245
  15.1200000    0.0532725
  15.1400000    0.0551332
  15.1600000    0.0560417
  15.1800000    0.0560209
  15.2000000    0.0550850
  15.2200000    0.0532458
  15.2400000    0.0505218
  15.2600000    0.0469470
  15.2800000    0.0425791
  15.3000000    0.0375039
  15.3200000    0.0318358
  15.3400000    0.0257136
  15.3600000    0.0192927
  15.3800000    0.0127332
  15.4000000    0.0061882
  15.4200000   -0.0002088
  15.4400000   -0.0063525
  15.4600000   -0.0121708
  15.4800000   -0.0176244
  15.5000000   -0.0227014
  15.5200000   -0.0274064
  15.5400000   -0.0317475
  15.5600000   -0.0357215
  15.5800000   -0.0393011
  15.6000000   -0.0424259
  15.6200000   -0.0449984
  15.6400000   -0.0468879
  15.6600000   -0.0479405
  15.6800000   -0.0479955
  15.7000000   -0.0469062
  15.7200000   -0.0445612
  15.7400000   -0.0409053
  15.7600000   -0.0359548
  15.7800000   -0.0298059
  15.8000000   -0.0226348
  15.8200000   -0.0146880
  15.8400000   -0.0062652
  15.8600000    0.0023042
  15.8800000    0.0106881
  15.9000000    0.0185783
  15.9200000    0.0257135
  15.9400000    0.0318968
  15.9600000    0.0370045
  15.9800000    0.0409871
  16.0000000    0.0438612
  16.0200000    0.0456961
  16.0400000    0.0465945
  16.0600000    0.0466737
  16.0800000    0.0460467
  16.1000000    0.0448081
  16.1200000    0.0430252
  16.1400000    0.0407361
  16.1600000    0.0379544
  16.1800000    0.0346783
  16.2000000    0.0309050
  16.2200000    0.0266453
  16.2400000    0.0219371
  16.2600000    0.0168567
  16.2800000    0.0115236
  16.3000000    0.0061004
  16.3200000    0.0007861
  16.3400000   -0.0041952
  16.3600000   -0.0086099
  16.3800000   -0.0122313
  16.4000000   -0.0148563
  16.4200000   -0.0163187
  16.4400000   -0.0165001
  16.4600000   -0.0153348
  16.4800000   -0.0128118
  16.5000000   -0.0089721
  16.5200000   -0.0039046
  16.5400000    0.0022602
  16.5600000    0.0093561
  16.5800000    0.0171862
  16.6000000    0.0255274
  16.6200000    0.0341342
  16.6400000    0.0427424
  16.6600000    0.0510741
  16.6800000    0.0588447
  16.7000000    0.0657724
  16.7200000    0.0715910
  16.7400000    0.0760639
  16.7600000    0.0790003
  16.7800000    0.0802695
  16.8000000    0.0798135
  16.8200000    0.0776540
  16.8400000    0.0738934
  16.8600000    0.0687076
  16.8800000    0.0623325
  16.9000000    0.0550424
  16.9200000    0.0471254
  16.9400000    0.0388551
  16.9600000    0.0304656
  16.9800000    0.0221294
  17.0000000    0.0139443
  17.0200000    0.0059288
  17.0400000   -0.0019713
  17.0600000   -0.0098656
  17.0800000   -0.0178946
  17.1000000   -0.0261977
  17.1200000   -0.0348805
  17.1400000   -0.0439844
  17.1600000   -0.0534616
  17.1800000   -0.0631617
  17.2000000   -0.0728293
  17.2200000   -0.0821162
  17.2400000   -0.0906058
  17.2600000   -0.0978480
  17.2800000   -0.1034003
  17.3000000   -0.1068714
  17.3200000   -0.1079605
  17.3400000   -0.1064892
  17.3600000   -0.1024213
  17.3800000   -0.0958685
  17.4000000   -0.0870823
  17.4200000   -0.0764325
  17.4400000   -0.0643757
  17.4600000   -0.0514184
  17.4800000   -0.0380776
  17.5000000   -0.0248446
  17.5200000   -0.0121542
  17.5400000   -0.0003623
  17.5600000    0.0102668
  17.5800000    0.0195644
  17.6000000    0.0274516
  17.6200000    0.0339280
  17.6400000    0.0390547
  17.6600000    0.0429354
  17.6800000    0.0456974
  17.7000000    0.0474745
  17.7200000    0.0483941
  17.7400000    0.0485686
  17.7600000    0.0480923
  17.7800000    0.0470441
  17.8000000    0.0454932
  17.8200000    0.0435081
  17.8400000    0.0411657
  17.8600000    0.0385590
  17.8800000    0.0358022
  17.9000000    0.0330300
  17.9200000    0.0303933
  17.9400000    0.0280492
  17.9600000    0.0261478
  17.9800000    0.0248176
  18.0000000    0.0241501
  18.0200000    0.0241874
  18.0400000    0.0249130
  18.0600000    0.0262486
  18.0800000    0.0280556
  18.1000000    0.0301438
  18.1200000    0.0322846
  18.1400000    0.0342285
  18.1600000    0.0357260
  18.1800000    0.0365489
  18.2000000    0.0365118
  18.2200000    0.0354902
  18.2400000    0.0334344
  18.2600000    0.0303776
  18.2800000    0.0264369
  18.3000000    0.0218070
  18.3200000    0.0167459
  18.3400000    0.0115553
  18.3600000    0.0065559
  18.3800000    0.0020608
  18.4000000   -0.0016505
  18.4200000   -0.0043545
  18.4400000   -0.0059007
  18.4600000   -0.0062212
  18.4800000   -0.0053319
  18.5000000   -0.0033256
  18.5200000   -0.0003589
  18.5400000    0.0033659
  18.5600000    0.0076220
  18.5800000    0.0121783
  18.6000000    0.0168186
  18.6200000    0.0213570
  18.6400000    0.0256479
  18.6600000    0.0295926
  18.6800000    0.0331397
  18.7000000    0.0362823
  18.7200000    0.0390516
  18.7400000    0.0415082
  18.7600000    0.0437306
  18.7800000    0.0458045
  18.8000000    0.0478106
  18.8200000    0.0498132
  18.8400000    0.0518511
  18.8600000    0.0539301
  18.8800000    0.0560194
  18.9000000    0.0580507
  18.9200000    0.0599227
  18.9400000    0.0615082
  18.9600000    0.0626652
  18.9800000    0.0632495
  19.0000000    0.0631284
  19.0200000    0.0621937
  19.0400000    0.0603728
  19.0600000    0.0576369
  19.0800000    0.0540053
  19.1000000    0.0495459
  19.1200000    0.0443727
  19.1400000    0.0386390
  19.1600000    0.0325298
  19.1800000    0.0262509
  19.2000000    0.0200188
  19.2200000    0.0140499
  19.2400000    0.0085506
  19.2600000    0.0037083
  19.2800000   -0.0003161
  19.3000000   -0.0033934
  19.3200000   -0.0054308
  19.3400000   -0.0063742
  19.3600000   -0.0062087
  19.3800000   -0.0049586
  19.4000000   -0.0026847
  19.4200000    0.0005178
  19.4400000    0.0045244
  19.4600000    0.0091856
  19.4800000    0.0143328
  19.5000000    0.0197852
  19.5200000    0.0253559
  19.5400000    0.0308600
  19.5600000    0.0361218
  19.5800000    0.0409821
  19.6000000    0.0453058
  19.6200000    0.0489874
  19.6400000    0.0519556
  19.6600000    0.0541766
  19.6800000    0.0556530
  19.7000000    0.0564218
  19.7200000    0.0565486
  19.7400000    0.0561194
  19.7600000    0.0552312
  19.7800000    0.0539820
  19.8000000    0.0524611
  19.8200000    0.0507423
  19.8400000    0.0488790
  19.8600000    0.0469031
  19.8800000    0.0448271
  19.9000000    0.0426494
  19.9200000    0.0403611
  19.9400000    0.0379541
  19.9600000    0.0354284
  19.9800000    0.0327986
  20.0000000    0.0300979
  20.0200000    0.0273794
  20.0400000    0.0247150
  20.0600000    0.0221913
  20.0800000    0.0199039
  20.1000000    0.0179493
  20.1200000    0.0164166
  20.1400000    0.0153791
  20.1600000    0.0148863
  20.1800000    0.0149566
  20.2000000    0.0155731
  20.2200000    0.0166800
  20.2400000    0.0181826
  20.2600000    0.0199487
  20.2800000    0.0218137
  20.3000000    0.0235871
  20.3200000    0.0250617
  20.3400000    0.0260255
  20.3600000    0.0262745
  20.3800000    0.0256266
  20.4000000    0.0239361
  20.4200000    0.0211065
  20.4400000    0.0171008
  20.4600000    0.0119491
  20.4800000    0.0057503
  20.5000000   -0.0013308
  20.5200000   -0.0090717
  20.5400000   -0.0172053
  20.5600000   -0.0254361
  20.5800000   -0.0334587
  20.6000000   -0.0409752
  20.6200000   -0.0477125
  20.6400000   -0.0534344
  20.6600000   -0.0579508
  20.6800000   -0.0611218
  20.7000000   -0.0628576
  20.7200000   -0.0631141
  20.7400000   -0.0618865
  20.7600000   -0.0592012
  20.7800000   -0.0551081
  20.8000000   -0.0496728
  20.8200000   -0.0429725
  20.8400000   -0.0350932
  20.8600000   -0.0261300
  20.8800000   -0.0161895
  20.9000000   -0.0053945
  20.9200000    0.0061114
  20.9400000    0.0181591
  20.9600000    0.0305516
  20.9800000    0.0430636
  21.0000000    0.0554451
  21.0200000    0.0674284
  21.0400000    0.0787387
  21.0600000    0.0891078
  21.0800000    0.0982885
  21.1000000    0.1060696
  21.1200000    0.1122886
  21.1400000    0.1168407
  21.1600000    0.1196835
  21.1800000    0.1208358
  21.2000000    0.1203710
  21.2200000    0.1184057
  21.2400000    0.1150854
  21.2600000    0.1105687
  21.2800000    0.1050126
  21.3000000    0.0985602
  21.3200000    0.0913339
  21.3400000    0.0834333
  21.3600000    0.0749387
  21.3800000    0.0659199
  21.4000000    0.0564476
  21.4200000    0.0466062
  21.4400000    0.0365054
  21.4600000    0.0262884
  21.4800000    0.0161349
  21.5000000    0.0062586
  21.5200000   -0.0031019
  21.5400000   -0.0116976
  21.5600000   -0.0192871
  21.5800000   -0.0256563
  21.6000000   -0.0306377
  21.6200000   -0.0341260
  21.6400000   -0.0360889
  21.6600000   -0.0365710
  21.6800000   -0.0356910
  21.7000000   -0.0336313
  21.7200000   -0.0306228
  21.7400000   -0.0269252
  21.7600000   -0.0228060
  21.7800000   -0.0185205
  21.8000000   -0.0142939
  21.8200000   -0.0103081
  21.8400000   -0.0066943
  21.8600000   -0.0035299
  21.8800000   -0.0008409
  21.9000000    0.0013923
  21.9200000    0.0032263
  21.9400000    0.0047451
  21.9600000    0.0060502
  21.9800000    0.0072511
  22.0000000    0.0084561
  22.0200000    0.0097651
  22.0400000    0.0112621
  22.0600000    0.0130092
  22.0800000    0.0150418
  22.1000000    0.0173654
  22.1200000    0.0199536
  22.1400000    0.0227493
  22.1600000    0.0256685
  22.1800000    0.0286065
  22.2000000    0.0314468
  22.2200000    0.0340722
  22.2400000    0.0363754
  22.2600000    0.0382706
  22.2800000    0.0397024
  22.3000000    0.0406516
  22.3200000    0.0411380
  22.3400000    0.0412173
  22.3600000    0.0409751
  22.3800000    0.0405153
  22.4000000    0.0399469
  22.4200000    0.0393685
  22.4400000    0.0388541
  22.4600000    0.0384404
  22.4800000    0.0381203
  22.5000000    0.0378406
  22.5200000    0.0375081
  22.5400000    0.0370012
  22.5600000    0.0361882
  22.5800000    0.0349482
  22.6000000    0.0331931
  22.6200000    0.0308867
  22.6400000    0.0280583
  22.6600000    0.0248087
  22.6800000    0.0213059
  22.7000000    0.0177715
  22.7200000    0.0144597
  22.7400000    0.0116291
  22.7600000    0.0095142
  22.7800000    0.0082967
  22.8000000    0.0080834
  22.8200000    0.0088923
  22.8400000    0.0106476
  22.8600000    0.0131875
  22.8800000    0.0162796
  22.9000000    0.0196461
  22.9200000    0.0229922
  22.9400000    0.0260366
  22.9600000    0.0285403
  22.9800000    0.0303293
  23.0000000    0.0313098
  23.0200000    0.0314755
  23.0400000    0.0309035
  23.0600000    0.0297436
  23.0800000    0.0281990
  23.1000000    0.0265026
  23.1200000    0.0248909
  23.1400000    0.0235790
  23.1600000    0.0227373
  23.1800000    0.0224739
  23.2000000    0.0228237
  23.2200000    0.0237441
  23.2400000    0.0251183
  23.2600000    0.0267660
  23.2800000    0.0284589
  23.3000000    0.0299418
  23.3200000    0.0309558
  23.3400000    0.0312621
  23.3600000    0.0306650
  23.3800000    0.0290317
  23.4000000    0.0263074
  23.4200000    0.0225240
  23.4400000    0.0178021
  23.4600000    0.0123460
  23.4800000    0.0064313
  23.5000000    0.0003862
  23.5200000   -0.0054321
  23.5400000   -0.0106638
  23.5600000   -0.0149750
  23.5800000   -0.0180844
  23.6000000   -0.0197875
  23.6200000   -0.0199748
  23.6400000   -0.0186442
  23.6600000   -0.0159034
  23.6800000   -0.0119648
  23.7000000   -0.0071298
  23.7200000   -0.0017654
  23.7400000    0.0037264
  23.7600000    0.0089435
  23.7800000    0.0135197
  23.8000000    0.0171595
  23.8200000    0.0196660
  23.8400000    0.0209614
  23.8600000    0.0210949
  23.8800000    0.0202399
  23.9000000    0.0186772
  23.9200000    0.0167689
  23.9400000    0.0149229
  23.9600000    0.0135538
  23.9800000    0.0130427
  24.0000000    0.0137014
  24.0200000    0.0157435
  24.0400000    0.0192654
  24.0600000    0.0242389
  24.0800000    0.0305149
  24.1000000    0.0378386
  24.1200000    0.0458715
  24.1400000    0.0542206
  24.1600000    0.0624692
  24.1800000    0.0702079
  24.2000000    0.0770630
  24.2200000    0.0827192
  24.2400000    0.0869372
  24.2600000    0.0895629
  24.2800000    0.0905310
  24.3000000    0.0898610
  24.3200000    0.0876480
  24.3400000    0.0840489
  24.3600000    0.0792657
  24.3800000    0.0735278
  24.4000000    0.0670743
  24.4200000    0.0601387
  24.4400000    0.0529361
  24.4600000    0.0456555
  24.4800000    0.0384553
  24.5000000    0.0314638
  24.5200000    0.0247823
  24.5400000    0.0184908
  24.5600000    0.0126540
  24.5800000    0.0073273
  24.6000000    0.0025606
  24.6200000   -0.0015991
  24.6400000   -0.0051077
  24.6600000   -0.0079249
  24.6800000   -0.0100163
  24.7000000   -0.0113543
  24.7200000   -0.0119197
  24.7400000   -0.0117006
  24.7600000   -0.0106924
  24.7800000   -0.0088959
  24.8000000   -0.0063180
  24.8200000   -0.0029723
  24.8400000    0.0011170
  24.8600000    0.0059105
  24.8800000    0.0113463
  24.9000000    0.0173335
  24.9200000    0.0237463
  24.9400000    0.0304202
  24.9600000    0.0371520
  24.9800000    0.0437044
  25.0000000    0.0498143
  25.0200000    0.0552059
  25.0400000    0.0596065
  25.0600000    0.0627645
  25.0800000    0.0644672
  25.1000000    0.0645575
  25.1200000    0.0629465
  25.1400000    0.0596220
  25.1600000    0.0546515
  25.1800000    0.0481777
  25.2000000    0.0404098
  25.2200000    0.0316083
  25.2400000    0.0220674
  25.2600000    0.0120949
  25.2800000    0.0019940
  25.3000000   -0.0079535
  25.3200000   -0.0174988
  25.3400000   -0.0264327
  25.3600000   -0.0345875
  25.3800000   -0.0418334
  25.4000000   -0.0480724
  25.4200000   -0.0532298
  25.4400000   -0.0572468
  25.4600000   -0.0600738
  25.4800000   -0.0616672
  25.5000000   -0.0619895
  25.5200000   -0.0610118
  25.5400000   -0.0587198
  25.5600000   -0.0551199
  25.5800000   -0.0502472
  25.6000000   -0.0441705
  25.6200000   -0.0369967
  25.6400000   -0.0288721
  25.6600000   -0.0199794
  25.6800000   -0.0105329
  25.7000000   -0.0007689
  25.7200000    0.0090647
  25.7400000    0.0187220
  25.7600000    0.0279726
  25.7800000    0.0366139
  25.8000000    0.0444814
  25.8200000    0.0514557
  25.8400000    0.0574644
  25.8600000    0.0624789
  25.8800000    0.0665061
  25.9000000    0.0695765
  25.9200000    0.0717300
  25.9400000    0.0730020
  25.9600000    0.0734119
  25.9800000    0.0729572
  26.0000000    0.0716140
  26.0200000    0.0693445
  26.0400000    0.0661112
  26.0600000    0.0618954
  26.0800000    0.0567167
  26.1000000    0.0506511
  26.1200000    0.0438427
  26.1400000    0.0365077
  26.1600000    0.0289287
  26.1800000    0.0214391
  26.2000000    0.0143996
  26.2200000    0.0081689
  26.2400000    0.0030735
  26.2600000   -0.0006214
  26.2800000   -0.0027347
  26.3000000   -0.0031845
  26.3200000   -0.0019934
  26.3400000    0.0007157
  26.3600000    0.0047316
  26.3800000    0.0097740
  26.4000000    0.0155160
  26.4200000    0.0216078
  26.4400000    0.0276996
  26.4600000    0.0334614
  26.4800000    0.0385998
  26.5000000    0.0428700
  26.5200000    0.0460843
  26.5400000    0.0481169
  26.5600000    0.0489059
  26.5800000    0.0484516
  26.6000000    0.0468135
  26.6200000    0.0441033
  26.6400000    0.0404757
  26.6600000    0.0361170
  26.6800000    0.0312307
  26.7000000    0.0260219
  26.7200000    0.0206818
  26.7400000    0.0153720
  26.7600000    0.0102132
  26.7800000    0.0052765
  26.8000000    0.0005809
  26.8200000   -0.0039042
  26.8400000   -0.0082505
  26.8600000   -0.0125576
  26.8800000   -0.0169373
  26.9000000   -0.0214959
  26.9200000   -0.0263178
  26.9400000   -0.0314514
  26.9600000   -0.0368990
  26.9800000   -0.0426117
  27.0000000   -0.0484897
  27.0200000   -0.0543867
  27.0400000   -0.0601195
  27.0600000   -0.0654804
  27.0800000   -0.0702514
  27.1000000   -0.0742202
  27.1200000   -0.0771956
  27.1400000   -0.0790218
  27.1600000   -0.0795917
  27.1800000   -0.0788556
  27.2000000   -0.0768273
  27.2200000   -0.0735855
  27.2400000   -0.0692695
  27.2600000   -0.0640701
  27.2800000   -0.0582155
  27.3000000   -0.0519538
  27.3200000   -0.0455326
  27.3400000   -0.0391793
  27.3600000   -0.0330829
  27.3800000   -0.0273809
  27.4000000   -0.0221511
  27.4200000   -0.0174119
  27.4400000   -0.0131285
  27.4600000   -0.0092253
  27.4800000   -0.0056029
  27.5000000   -0.0021567
  27.5200000    0.0012054
  27.5400000    0.0045483
  27.5600000    0.0078988
  27.5800000    0.0112418
  27.6000000    0.0145209
  27.6200000    0.0176440
  27.6400000    0.0204931
  27.6600000    0.0229361
  27.6800000    0.0248389
  27.7000000    0.0260777
  27.7200000    0.0265503
  27.7400000    0.0261851
  27.7600000    0.0249485
  27.7800000    0.0228508
  27.8000000    0.0199484
  27.8200000    0.0163441
  27.8400000    0.0121835
  27.8600000    0.0076476
  27.8800000    0.0029418
  27.9000000   -0.0017189
  27.9200000   -0.0061267
  27.9400000   -0.0100992
  27.9600000   -0.0134958
  27.9800000   -0.0162313
  28.0000000   -0.0182837
  28.0200000   -0.0196960
  28.0400000   -0.0205712
  28.0600000   -0.0210604
  28.0800000   -0.0213472
  28.1000000   -0.0216287
  28.1200000   -0.0220963
  28.1400000   -0.0229191
  28.1600000   -0.0242298
  28.1800000   -0.0261160
  28.2000000   -0.0286152
  28.2200000   -0.0317147
  28.2400000   -0.0353542
  28.2600000   -0.0394308
  28.2800000   -0.0438059
  28.3000000   -0.0483127
  28.3200000   -0.0527655
  28.3400000   -0.0569693
  28.3600000   -0.0607315
  28.3800000   -0.0638745
  28.4000000   -0.0662485
  28.4200000   -0.0677444
  28.4400000   -0.0683045
  28.4600000   -0.0679290
  28.4800000   -0.0666787
  28.5000000   -0.0646703
  28.5200000   -0.0620663
  28.5400000   -0.0590589
  28.5600000   -0.0558502
  28.5800000   -0.0526312
  28.6000000   -0.0495618
  28.6200000   -0.0467544
  28.6400000   -0.0442644
  28.6600000   -0.0420873
  28.6800000   -0.0401633
  28.7000000   -0.0383890
  28.7200000   -0.0366333
  28.7400000   -0.0347562
  28.7600000   -0.0326273
  28.7800000   -0.0301419
  28.8000000   -0.0272334
  28.8200000   -0.0238796
  28.8400000   -0.0201047
  28.8600000   -0.0159753
  28.8800000   -0.0115933
  28.9000000   -0.0070861
  28.9200000   -0.0025953
  28.9400000    0.0017342
  28.9600000    0.0057643
  28.9800000    0.0093720
  29.0000000    0.0124565
  29.0200000    0.0149437
  29.0400000    0.0167895
  29.0600000    0.0179812
  29.0800000    0.0185368
  29.1000000    0.0185026
  29.1200000    0.0179486
  29.1400000    0.0169616
  29.1600000    0.0156363
  29.1800000    0.0140642
  29.2000000    0.0123228
  29.2200000    0.0104642
  29.2400000    0.0085062
  29.2600000    0.0064272
  29.2800000    0.0041661
  29.3000000    0.0016274
  29.3200000   -0.0013069
  29.3400000   -0.0047608
  29.3600000   -0.0088441
  29.3800000   -0.0136317
  29.4000000   -0.0191440
  29.4200000   -0.0253329
  29.4400000   -0.0320743
  29.4600000   -0.0391702
  29.4800000   -0.0463586
  29.5000000   -0.0533337
  29.5200000   -0.0597714
  29.5400000   -0.0653588
  29.5600000   -0.0698248
  29.5800000   -0.0729668
  29.6000000   -0.0746720
  29.6200000   -0.0749293
  29.6400000   -0.0738322
  29.6600000   -0.0715702
  29.6800000   -0.0684118
  29.7000000   -0.0646784
  29.7200000   -0.0607145
  29.7400000   -0.0568548
  29.7600000   -0.0533937
  29.7800000   -0.0505577
  29.8000000   -0.0484867
  29.8200000   -0.0472226
  29.8400000   -0.0467084
  29.8600000   -0.0467964
  29.8800000   -0.0472650
  29.9000000   -0.0478411
  29.9200000   -0.0482268
  29.9400000   -0.0481270
  29.9600000   -0.0472747
  29.9800000   -0.0454525
  30.0000000   -0.0425083
