 -10.0000000    0.0073206
  -9.9800000    0.0091136
  -9.9600000    0.0110827
  -9.9400000    0.0131929
  -9.9200000    0.0153983
  -9.9000000    0.0176426
  -9.8800000    0.0198620
  -9.8600000    0.0219881
  -9.8400000    0.0239514
  -9.8200000    0.0256856
  -9.8000000    0.0271319
  -9.7800000    0.0282426
  -9.7600000    0.0289847
  -9.7400000    0.0293421
  -9.7200000    0.0293168
  -9.7000000    0.0289283
  -9.6800000    0.0282114
  -9.6600000    0.0272133
  -9.6400000    0.0259892
  -9.6200000    0.0245972
  -9.6000000    0.0230945
  -9.5800000    0.0215326
  -9.5600000    0.0199547
  -9.5400000    0.0183944
  -9.5200000    0.0168753
  -9.5000000    0.0154127
  -9.4800000    0.0140155
  -9.4600000    0.0126897
  -9.4400000    0.0114408
  -9.4200000    0.0102771
  -9.4000000    0.0092110
  -9.3800000    0.0082601
  -9.3600000    0.0074467
  -9.3400000    0.0067961
  -9.3200000    0.0063350
  -9.3000000    0.0060880
  -9.2800000    0.0060753
  -9.2600000    0.0063094
  -9.2400000    0.0067934
  -9.2200000    0.0075192
  -9.2000000    0.0084671
  -9.1800000    0.0096063
  -9.1600000    0.0108960
  -9.1400000    0.0122877
  -9.1200000    0.0137279
  -9.1000000    0.0151616
  -9.0800000    0.0165354
  -9.0600000    0.0178007
  -9.0400000    0.0189172
  -9.0200000    0.0198544
  -9.0000000    0.0205940
  -8.9800000    0.0211303
  -8.9600000    0.0214704
  -8.9400000    0.0216333
  -8.9200000    0.0216484
  -8.9000000    0.0215535
  -8.8800000    0.0213925
  -8.8600000    0.0212123
  -8.8400000    0.0210607
  -8.8200000    0.0209828
  -8.8000000    0.0210187
  -8.7800000    0.0212008
  -8.7600000    0.0215513
  -8.7400000    0.0220806
  -8.7200000    0.0227854
  -8.7000000    0.0236484
  -8.6800000    0.0246379
  -8.6600000    0.0257093
  -8.6400000    0.0268071
  -8.6200000    0.0278680
  -8.6000000    0.0288250
  -8.5800000    0.0296123
  -8.5600000    0.0301702
  -8.5400000    0.0304495
  -8.5200000    0.0304155
  -8.5000000    0.0300507
  -8.4800000    0.0293558
  -8.4600000    0.0283493
  -8.4400000    0.0270649
  -8.4200000    0.0255481
  -8.4000000    0.0238515
  -8.3800000    0.0220302
  -8.3600000    0.0201367
  -8.3400000    0.0182177
  -8.3200000    0.0163110
  -8.3000000    0.0144454
  -8.2800000    0.0126405
  -8.2600000    0.0109095
  -8.2400000    0.0092618
  -8.2200000    0.0077066
  -8.2000000    0.0062562
  -8.1800000    0.0049286
  -8.1600000    0.0037490
  -8.1400000    0.0027495
  -8.1200000    0.0019678
  -8.1000000    0.0014439
  -8.0800000    0.0012160
  -8.0600000    0.0013158
  -8.0400000    0.0017640
  -8.0200000    0.0025653
  -8.0000000    0.0037059
  -7.9800000    0.0051519
  -7.9600000    0.0068491
  -7.9400000    0.0087260
  -7.9200000    0.0106972
  -7.9000000    0.0126694
  -7.8800000    0.0145475
  -7.8600000    0.0162413
  -7.8400000    0.0176715
  -7.8200000    0.0187751
  -7.8000000    0.0195083
  -7.7800000    0.0198483
  -7.7600000    0.0197932
  -7.7400000    0.0193598
  -7.7200000    0.0185806
  -7.7000000    0.0174997
  -7.6800000    0.0161692
  -7.6600000    0.0146445
  -7.6400000    0.0129819
  -7.6200000    0.0112355
  -7.6000000    0.0094556
  -7.5800000    0.0076883
  -7.5600000    0.0059746
  -7.5400000    0.0043509
  -7.5200000    0.0028490
  -7.5000000    0.0014960
  -7.4800000    0.0003147
  -7.4600000   -0.0006775
  -7.4400000   -0.0014689
  -7.4200000   -0.0020543
  -7.4000000   -0.0024361
  -7.3800000   -0.0026245
  -7.3600000   -0.0026381
  -7.3400000   -0.0025030
  -7.3200000   -0.0022518
  -7.3000000   -0.0019222
  -7.2800000   -0.0015546
  -7.2600000   -0.0011897
  -7.2400000   -0.0008668
  -7.2200000   -0.0006216
  -7.2000000   -0.0004848
  -7.1800000   -0.0004818
  -7.1600000   -0.0006325
  -7.1400000   -0.0009514
  -7.1200000   -0.0014486
  -7.1000000   -0.0021303
  -7.0800000   -0.0029988
  -7.0600000   -0.0040530
  -7.0400000   -0.0052881
  -7.0200000   -0.0066948
  -7.0000000   -0.0082589
  -6.9800000   -0.0099611
  -6.9600000   -0.0117764
  -6.9400000   -0.0136753
  -6.9200000   -0.0156239
  -6.9000000   -0.0175861
  -6.8800000   -0.0195248
  -6.8600000   -0.0214035
  -6.8400000   -0.0231874
  -6.8200000   -0.0248443
  -6.8000000   -0.0263446
  -6.7800000   -0.0276599
  -6.7600000   -0.0287630
  -6.7400000   -0.0296253
  -6.7200000   -0.0302171
  -6.7000000   -0.0305059
  -6.6800000   -0.0304579
  -6.6600000   -0.0300388
  -6.6400000   -0.0292167
  -6.6200000   -0.0279650
  -6.6000000   -0.0262660
  -6.5800000   -0.0241144
  -6.5600000   -0.0215194
  -6.5400000   -0.0185067
  -6.5200000   -0.0151185
  -6.5000000   -0.0114120
  -6.4800000   -0.0074571
  -6.4600000   -0.0033323
  -6.4400000    0.0008797
  -6.4200000    0.0050960
  -6.4000000    0.0092383
  -6.3800000    0.0132361
  -6.3600000    0.0170294
  -6.3400000    0.0205702
  -6.3200000    0.0238230
  -6.3000000    0.0267645
  -6.2800000    0.0293824
  -6.2600000    0.0316737
  -6.2400000    0.0336422
  -6.2200000    0.0352966
  -6.2000000    0.0366472
  -6.1800000    0.0377040
  -6.1600000    0.0384738
  -6.1400000    0.0389585
  -6.1200000    0.0391536
  -6.1000000    0.0390486
  -6.0800000    0.0386272
  -6.0600000    0.0378700
  -6.0400000    0.0367574
  -6.0200000    0.0352737
  -6.0000000    0.0334111
  -5.9800000    0.0311733
  -5.9600000    0.0285779
  -5.9400000    0.0256576
  -5.9200000    0.0224587
  -5.9000000    0.0190387
  -5.8800000    0.0154614
  -5.8600000    0.0117920
  -5.8400000    0.0080911
  -5.8200000    0.0044104
  -5.8000000    0.0007889
  -5.7800000   -0.0027484
  -5.7600000   -0.0061894
  -5.7400000   -0.0095326
  -5.7200000   -0.0127823
  -5.7000000   -0.0159435
  -5.6800000   -0.0190170
  -5.6600000   -0.0219947
  -5.6400000   -0.0248569
  -5.6200000   -0.0275715
  -5.6000000   -0.0300951
  -5.5800000   -0.0323754
  -5.5600000   -0.0343557
  -5.5400000   -0.0359788
  -5.5200000   -0.0371920
  -5.5000000   -0.0379500
  -5.4800000   -0.0382183
  -5.4600000   -0.0379739
  -5.4400000   -0.0372064
  -5.4200000   -0.0359169
  -5.4000000   -0.0341172
  -5.3800000   -0.0318293
  -5.3600000   -0.0290835
  -5.3400000   -0.0259189
  -5.3200000   -0.0223826
  -5.3000000   -0.0185300
  -5.2800000   -0.0144253
  -5.2600000   -0.0101415
  -5.2400000   -0.0057604
  -5.2200000   -0.0013723
  -5.2000000    0.0029259
  -5.1800000    0.0070322
  -5.1600000    0.0108428
  -5.1400000    0.0142562
  -5.1200000    0.0171778
  -5.1000000    0.0195247
  -5.0800000    0.0212315
  -5.0600000    0.0222543
  -5.0400000    0.0225745
  -5.0200000    0.0222012
  -5.0000000    0.0211712
  -4.9800000    0.0195474
  -4.9600000    0.0174148
  -4.9400000    0.0148751
  -4.9200000    0.0120406
  -4.9000000    0.0090261
  -4.8800000    0.0059429
  -4.8600000    0.0028917
  -4.8400000   -0.0000417
  -4.8200000   -0.0027907
  -4.8000000   -0.0053089
  -4.7800000   -0.0075708
  -4.7600000   -0.0095703
  -4.7400000   -0.0113186
  -4.7200000   -0.0128408
  -4.7000000   -0.0141728
  -4.6800000   -0.0153575
  -4.6600000   -0.0164414
  -4.6400000   -0.0174714
  -4.6200000   -0.0184921
  -4.6000000   -0.0195434
  -4.5800000   -0.0206583
  -4.5600000   -0.0218615
  -4.5400000   -0.0231678
  -4.5200000   -0.0245818
  -4.5000000   -0.0260971
  -4.4800000   -0.0276971
  -4.4600000   -0.0293558
  -4.4400000   -0.0310398
  -4.4200000   -0.0327104
  -4.4000000   -0.0343268
  -4.3800000   -0.0358489
  -4.3600000   -0.0372401
  -4.3400000   -0.0384704
  -4.3200000   -0.0395175
  -4.3000000   -0.0403683
  -4.2800000   -0.0410185
  -4.2600000   -0.0414718
  -4.2400000   -0.0417384
  -4.2200000   -0.0418324
  -4.2000000   -0.0417703
  -4.1800000   -0.0415681
  -4.1600000   -0.0412396
  -4.1400000   -0.0407950
  -4.1200000   -0.0402398
  -4.1000000   -0.0395745
  -4.0800000   -0.0387944
  -4.0600000   -0.0378905
  -4.0400000   -0.0368501
  -4.0200000   -0.0356584
  -4.0000000   -0.0343001
  -3.9800000   -0.0327614
  -3.9600000   -0.0310318
  -3.9400000   -0.0291062
  -3.9200000   -0.0269859
  -3.9000000   -0.0246799
  -3.8800000   -0.0222049
  -3.8600000   -0.0195850
  -3.8400000   -0.0168499
  -3.8200000   -0.0140329
  -3.8000000   -0.0111691
  -3.7800000   -0.0082924
  -3.7600000   -0.0054341
  -3.7400000   -0.0026206
  -3.7200000    0.0001263
  -3.7000000    0.0027891
  -3.6800000    0.0053534
  -3.6600000    0.0078049
  -3.6400000    0.0101270
  -3.6200000    0.0122971
  -3.6000000    0.0142841
  -3.5800000    0.0160465
  -3.5600000    0.0175313
  -3.5400000    0.0186756
  -3.5200000    0.0194087
  -3.5000000    0.0196569
  -3.4800000    0.0193490
  -3.4600000    0.0184235
  -3.4400000    0.0168354
  -3.4200000    0.0145626
  -3.4000000    0.0116120
  -3.3800000    0.0080229
  -3.3600000    0.0038685
  -3.3400000   -0.0007453
  -3.3200000   -0.0056833
  -3.3000000   -0.0107877
  -3.2800000   -0.0158859
  -3.2600000   -0.0208007
  -3.2400000   -0.0253605
  -3.2200000   -0.0294092
  -3.2000000   -0.0328152
  -3.1800000   -0.0354780
  -3.1600000   -0.0373324
  -3.1400000   -0.0383490
  -3.1200000   -0.0385325
  -3.1000000   -0.0379165
  -3.0800000   -0.0365571
  -3.0600000   -0.0345244
  -3.0400000   -0.0318954
  -3.0200000   -0.0287465
  -3.0000000   -0.0251490
  -2.9800000   -0.0211658
  -2.9600000   -0.0168513
  -2.9400000   -0.0122528
  -2.9200000   -0.0074147
  -2.9000000   -0.0023823
  -2.8800000    0.0027934
  -2.8600000    0.0080515
  -2.8400000    0.0133182
  -2.8200000    0.0185057
  -2.8000000    0.0235124
  -2.7800000    0.0282257
  -2.7600000    0.0325258
  -2.7400000    0.0362916
  -2.7200000    0.0394069
  -2.7000000    0.0417682
  -2.6800000    0.0432916
  -2.6600000    0.0439196
  -2.6400000    0.0436265
  -2.6200000    0.0424227
  -2.6000000    0.0403563
  -2.5800000    0.0375122
  -2.5600000    0.0340090
  -2.5400000    0.0299932
  -2.5200000    0.0256316
  -2.5000000    0.0211012
  -2.4800000    0.0165797
  -2.4600000    0.0122346
  -2.4400000    0.0082138
  -2.4200000    0.0046380
  -2.4000000    0.0015942
  -2.3800000   -0.0008672
  -2.3600000   -0.0027329
  -2.3400000   -0.0040248
  -2.3200000   -0.0047951
  -2.3000000   -0.0051192
  -2.2800000   -0.0050878
  -2.2600000   -0.0047970
  -2.2400000   -0.0043396
  -2.2200000   -0.0037963
  -2.2000000   -0.0032292
  -2.1800000   -0.0026776
  -2.1600000   -0.0021556
  -2.1400000   -0.0016544
  -2.1200000   -0.0011459
  -2.1000000   -0.0005894
  -2.0800000    0.0000603
  -2.0600000    0.0008447
  -2.0400000    0.0017928
  -2.0200000    0.0029153
  -2.0000000    0.0041998
  -1.9800000    0.0056096
  -1.9600000    0.0070852
  -1.9400000    0.0085488
  -1.9200000    0.0099110
  -1.9000000    0.0110786
  -1.8800000    0.0119645
  -1.8600000    0.0124958
  -1.8400000    0.0126226
  -1.8200000    0.0123237
  -1.8000000    0.0116120
  -1.7800000    0.0105360
  -1.7600000    0.0091797
  -1.7400000    0.0076596
  -1.7200000    0.0061195
  -1.7000000    0.0047225
  -1.6800000    0.0036419
  -1.6600000    0.0030498
  -1.6400000    0.0031054
  -1.6200000    0.0039432
  -1.6000000    0.0056616
  -1.5800000    0.0083133
  -1.5600000    0.0118987
  -1.5400000    0.0163619
  -1.5200000    0.0215910
  -1.5000000    0.0274224
  -1.4800000    0.0336493
  -1.4600000    0.0400329
  -1.4400000    0.0463166
  -1.4200000    0.0522416
  -1.4000000    0.0575621
  -1.3800000    0.0620587
  -1.3600000    0.0655504
  -1.3400000    0.0679019
  -1.3200000    0.0690272
  -1.3000000    0.0688898
  -1.2800000    0.0674989
  -1.2600000    0.0649021
  -1.2400000    0.0611770
  -1.2200000    0.0564214
  -1.2000000    0.0507429
  -1.1800000    0.0442508
  -1.1600000    0.0370478
  -1.1400000    0.0292256
  -1.1200000    0.0208614
  -1.1000000    0.0120180
  -1.0800000    0.0027457
  -1.0600000   -0.0069135
  -1.0400000   -0.0169193
  -1.0200000   -0.0272266
  -1.0000000   -0.0377768
  -0.9800000   -0.0484904
  -0.9600000   -0.0592606
  -0.9400000   -0.0699483
  -0.9200000   -0.0803807
  -0.9000000   -0.0903523
  -0.8800000   -0.0996300
  -0.8600000   -0.1079615
  -0.8400000   -0.1150860
  -0.8200000   -0.1207476
  -0.8000000   -0.1247083
  -0.7800000   -0.1267618
  -0.7600000   -0.1267443
  -0.7400000   -0.1245442
  -0.7200000   -0.1201075
  -0.7000000   -0.1134415
  -0.6800000   -0.1046140
  -0.6600000   -0.0937516
  -0.6400000   -0.0810348
  -0.6200000   -0.0666921
  -0.6000000   -0.0509930
  -0.5800000   -0.0342396
  -0.5600000   -0.0167578
  -0.5400000    0.0011126
  -0.5200000    0.0190286
  -0.5000000    0.0366551
  -0.4800000    0.0536765
  -0.4600000    0.0698084
  -0.4400000    0.0848076
  -0.4200000    0.0984817
  -0.4000000    0.1106955
  -0.3800000    0.1213748
  -0.3600000    0.1305070
  -0.3400000    0.1381380
  -0.3200000    0.1443656
  -0.3000000    0.1493309
  -0.2800000    0.1532073
  -0.2600000    0.1561892
  -0.2400000    0.1584824
  -0.2200000    0.1602956
  -0.2000000    0.1618358
  -0.1800000    0.1633067
  -0.1600000    0.1649099
  -0.1400000    0.1668479
  -0.1200000    0.1693269
  -0.1000000    0.1725563
  -0.0800000    0.1767449
  -0.0600000    0.1820903
  -0.0400000    0.1887626
  -0.0200000    0.1968838
   0.0000000    0.2065038
   0.0200000    0.2175780
   0.0400000    0.2299499
   0.0600000    0.2433418
   0.0800000    0.2573576
   0.1000000    0.2714982
   0.1200000    0.2851885
   0.1400000    0.2978157
   0.1600000    0.3087738
   0.1800000    0.3175096
   0.2000000    0.3235666
   0.2200000    0.3266214
   0.2400000    0.3265092
   0.2600000    0.3232359
   0.2800000    0.3169769
   0.3000000    0.3080609
   0.3200000    0.2969432
   0.3400000    0.2841695
   0.3600000    0.2703336
   0.3800000    0.2560338
   0.4000000    0.2418310
   0.4200000    0.2282113
   0.4400000    0.2155573
   0.4600000    0.2041280
   0.4800000    0.1940503
   0.5000000    0.1853206
   0.5200000    0.1778164
   0.5400000    0.1713164
   0.5600000    0.1655257
   0.5800000    0.1601060
   0.6000000    0.1547055
   0.6200000    0.1489876
   0.6400000    0.1426558
   0.6600000    0.1354732
   0.6800000    0.1272751
   0.7000000    0.1179754
   0.7200000    0.1075655
   0.7400000    0.0961086
   0.7600000    0.0837282
   0.7800000    0.0705952
   0.8000000    0.0569125
   0.8200000    0.0429005
   0.8400000    0.0287838
   0.8600000    0.0147802
   0.8800000    0.0010928
   0.9000000   -0.0120951
   0.9200000   -0.0246228
   0.9400000   -0.0363521
   0.9600000   -0.0471660
   0.9800000   -0.0569673
   1.0000000   -0.0656762
   1.0200000   -0.0732293
   1.0400000   -0.0795800
   1.0600000   -0.0846998
   1.0800000   -0.0885809
   1.1000000   -0.0912399
   1.1200000   -0.0927209
   1.1400000   -0.0930976
   1.1600000   -0.0924737
   1.1800000   -0.0909804
   1.2000000   -0.0887704
   1.2200000   -0.0860092
   1.2400000   -0.0828641
   1.2600000   -0.0794920
   1.2800000   -0.0760278
   1.3000000   -0.0725747
   1.3200000   -0.0691981
   1.3400000   -0.0659241
   1.3600000   -0.0627425
   1.3800000   -0.0596144
   1.4000000   -0.0564830
   1.4200000   -0.0532857
   1.4400000   -0.0499666
   1.4600000   -0.0464863
   1.4800000   -0.0428287
   1.5000000   -0.0390037
   1.5200000   -0.0350453
   1.5400000   -0.0310063
   1.5600000   -0.0269502
   1.5800000   -0.0229422
   1.6000000   -0.0190400
   1.6200000   -0.0152872
   1.6400000   -0.0117078
   1.6600000   -0.0083050
   1.6800000   -0.0050618
   1.7000000   -0.0019442
   1.7200000    0.0010936
   1.7400000    0.0041039
   1.7600000    0.0071397
   1.7800000    0.0102492
   1.8000000    0.0134723
   1.8200000    0.0168367
   1.8400000    0.0203562
   1.8600000    0.0240292
   1.8800000    0.0278387
   1.9000000    0.0317527
   1.9200000    0.0357252
   1.9400000    0.0396985
   1.9600000    0.0436054
   1.9800000    0.0473731
   2.0000000    0.0509264
   2.0200000    0.0541921
   2.0400000    0.0571026
   2.0600000    0.0596003
   2.0800000    0.0616402
   2.1000000    0.0631930
   2.1200000    0.0642470
   2.1400000    0.0648091
   2.1600000    0.0649050
   2.1800000    0.0645791
   2.2000000    0.0638928
   2.2200000    0.0629224
   2.2400000    0.0617558
   2.2600000    0.0604889
   2.2800000    0.0592205
   2.3000000    0.0580476
   2.3200000    0.0570595
   2.3400000    0.0563333
   2.3600000    0.0559289
   2.3800000    0.0558858
   2.4000000    0.0562206
   2.4200000    0.0569264
   2.4400000    0.0579726
   2.4600000    0.0593072
   2.4800000    0.0608593
   2.5000000    0.0625428
   2.5200000    0.0642602
   2.5400000    0.0659074
   2.5600000    0.0673776
   2.5800000    0.0685654
   2.6000000    0.0693703
   2.6200000    0.0697000
   2.6400000    0.0694717
   2.6600000    0.0686142
   2.6800000    0.0670679
   2.7000000    0.0647856
   2.7200000    0.0617316
   2.7400000    0.0578824
   2.7600000    0.0532261
   2.7800000    0.0477640
   2.8000000    0.0415115
   2.8200000    0.0345002
   2.8400000    0.0267805
   2.8600000    0.0184228
   2.8800000    0.0095197
   2.9000000    0.0001855
   2.9200000   -0.0094454
   2.9400000   -0.0192216
   2.9600000   -0.0289793
   2.9800000   -0.0385492
   3.0000000   -0.0477629
   3.0200000   -0.0564599
   3.0400000   -0.0644948
   3.0600000   -0.0717420
   3.0800000   -0.0781008
   3.1000000   -0.0834975
   3.1200000   -0.0878874
   3.1400000   -0.0912543
   3.1600000   -0.0936102
   3.1800000   -0.0949925
   3.2000000   -0.0954617
   3.2200000   -0.0950979
   3.2400000   -0.0939965
   3.2600000   -0.0922635
   3.2800000   -0.0900102
   3.3000000   -0.0873482
   3.3200000   -0.0843838
   3.3400000   -0.0812130
   3.3600000   -0.0779179
   3.3800000   -0.0745634
   3.4000000   -0.0711958
   3.4200000   -0.0678432
   3.4400000   -0.0645168
   3.4600000   -0.0612141
   3.4800000   -0.0579227
   3.5000000   -0.0546246
   3.5200000   -0.0513011
   3.5400000   -0.0479364
   3.5600000   -0.0445208
   3.5800000   -0.0410534
   3.6000000   -0.0375428
   3.6200000   -0.0340073
   3.6400000   -0.0304739
   3.6600000   -0.0269767
   3.6800000   -0.0235548
   3.7000000   -0.0202497
   3.7200000   -0.0171028
   3.7400000   -0.0141528
   3.7600000   -0.0114337
   3.7800000   -0.0089731
   3.8000000   -0.0067901
   3.8200000   -0.0048955
   3.8400000   -0.0032909
   3.8600000   -0.0019695
   3.8800000   -0.0009169
   3.9000000   -0.0001132
   3.9200000    0.0004657
   3.9400000    0.0008454
   3.9600000    0.0010510
   3.9800000    0.0011055
   4.0000000    0.0010276
   4.0200000    0.0008312
   4.0400000    0.0005251
   4.0600000    0.0001128
   4.0800000   -0.0004067
   4.1000000   -0.0010376
   4.1200000   -0.0017862
   4.1400000   -0.0026600
   4.1600000   -0.0036662
   4.1800000   -0.0048116
   4.2000000   -0.0061018
   4.2200000   -0.0075406
   4.2400000   -0.0091303
   4.2600000   -0.0108708
   4.2800000   -0.0127592
   4.3000000   -0.0147884
   4.3200000   -0.0169460
   4.3400000   -0.0192130
   4.3600000   -0.0215629
   4.3800000   -0.0239608
   4.4000000   -0.0263643
   4.4200000   -0.0287248
   4.4400000   -0.0309903
   4.4600000   -0.0331084
   4.4800000   -0.0350312
   4.5000000   -0.0367187
   4.5200000   -0.0381431
   4.5400000   -0.0392905
   4.5600000   -0.0401626
   4.5800000   -0.0407757
   4.6000000   -0.0411583
   4.6200000   -0.0413473
   4.6400000   -0.0413833
   4.6600000   -0.0413050
   4.6800000   -0.0411452
   4.7000000   -0.0409262
   4.7200000   -0.0406580
   4.7400000   -0.0403374
   4.7600000   -0.0399490
   4.7800000   -0.0394685
   4.8000000   -0.0388660
   4.8200000   -0.0381108
   4.8400000   -0.0371758
   4.8600000   -0.0360414
   4.8800000   -0.0346987
   4.9000000   -0.0331509
   4.9200000   -0.0314137
   4.9400000   -0.0295142
   4.9600000   -0.0274886
   4.9800000   -0.0253802
   5.0000000   -0.0232357
   5.0200000   -0.0211027
   5.0400000   -0.0190274
   5.0600000   -0.0170524
   5.0800000   -0.0152158
   5.1000000   -0.0135504
   5.1200000   -0.0120834
   5.1400000   -0.0108366
   5.1600000   -0.0098261
   5.1800000   -0.0090624
   5.2000000   -0.0085497
   5.2200000   -0.0082858
   5.2400000   -0.0082609
   5.2600000   -0.0084574
   5.2800000   -0.0088493
   5.3000000   -0.0094023
   5.3200000   -0.0100750
   5.3400000   -0.0108202
   5.3600000   -0.0115872
   5.3800000   -0.0123250
   5.4000000   -0.0129856
   5.4200000   -0.0135276
   5.4400000   -0.0139190
   5.4600000   -0.0141399
   5.4800000   -0.0141837
   5.5000000   -0.0140574
   5.5200000   -0.0137798
   5.5400000   -0.0133796
   5.5600000   -0.0128915
   5.5800000   -0.0123529
   5.6000000   -0.0117996
   5.6200000   -0.0112629
   5.6400000   -0.0107674
   5.6600000   -0.0103298
   5.6800000   -0.0099597
   5.7000000   -0.0096610
   5.7200000   -0.0094342
   5.7400000   -0.0092797
   5.7600000   -0.0091996
   5.7800000   -0.0092002
   5.8000000   -0.0092924
   5.8200000   -0.0094912
   5.8400000   -0.0098139
   5.8600000   -0.0102776
   5.8800000   -0.0108953
   5.9000000   -0.0116729
   5.9200000   -0.0126064
   5.9400000   -0.0136795
   5.9600000   -0.0148635
   5.9800000   -0.0161173
   6.0000000   -0.0173902
   6.0200000   -0.0186245
   6.0400000   -0.0197595
   6.0600000   -0.0207358
   6.0800000   -0.0214988
   6.1000000   -0.0220026
   6.1200000   -0.0222116
   6.1400000   -0.0221026
   6.1600000   -0.0216642
   6.1800000   -0.0208968
   6.2000000   -0.0198105
   6.2200000   -0.0184229
   6.2400000   -0.0167574
   6.2600000   -0.0148407
   6.2800000   -0.0127013
   6.3000000   -0.0103683
   6.3200000   -0.0078712
   6.3400000   -0.0052399
   6.3600000   -0.0025052
   6.3800000    0.0002998
   6.4000000    0.0031393
   6.4200000    0.0059736
   6.4400000    0.0087595
   6.4600000    0.0114505
   6.4800000    0.0139976
   6.5000000    0.0163514
   6.5200000    0.0184640
   6.5400000    0.0202907
   6.5600000    0.0217922
   6.5800000    0.0229358
   6.6000000    0.0236967
   6.6200000    0.0240575
   6.6400000    0.0240084
   6.6600000    0.0235468
   6.6800000    0.0226764
   6.7000000    0.0214071
   6.7200000    0.0197555
   6.7400000    0.0177451
   6.7600000    0.0154079
   6.7800000    0.0127850
   6.8000000    0.0099280
   6.8200000    0.0068984
   6.8400000    0.0037669
   6.8600000    0.0006112
   6.8800000   -0.0024881
   6.9000000   -0.0054516
   6.9200000   -0.0082061
   6.9400000   -0.0106899
   6.9600000   -0.0128564
   6.9800000   -0.0146778
   7.0000000   -0.0161452
   7.0200000   -0.0172692
   7.0400000   -0.0180765
   7.0600000   -0.0186071
   7.0800000   -0.0189090
   7.1000000   -0.0190335
   7.1200000   -0.0190304
   7.1400000   -0.0189439
   7.1600000   -0.0188096
   7.1800000   -0.0186529
   7.2000000   -0.0184884
   7.2200000   -0.0183202
   7.2400000   -0.0181439
   7.2600000   -0.0179481
   7.2800000   -0.0177167
   7.3000000   -0.0174310
   7.3200000   -0.0170714
   7.3400000   -0.0166192
   7.3600000   -0.0160570
   7.3800000   -0.0153703
   7.4000000   -0.0145470
   7.4200000   -0.0135788
   7.4400000   -0.0124607
   7.4600000   -0.0111917
   7.4800000   -0.0097753
   7.5000000   -0.0082195
   7.5200000   -0.0065377
   7.5400000   -0.0047483
   7.5600000   -0.0028749
   7.5800000   -0.0009459
   7.6000000    0.0010070
   7.6200000    0.0029492
   7.6400000    0.0048458
   7.6600000    0.0066634
   7.6800000    0.0083719
   7.7000000    0.0099469
   7.7200000    0.0113706
   7.7400000    0.0126327
   7.7600000    0.0137300
   7.7800000    0.0146656
   7.8000000    0.0154462
   7.8200000    0.0160801
   7.8400000    0.0165742
   7.8600000    0.0169312
   7.8800000    0.0171483
   7.9000000    0.0172166
   7.9200000    0.0171214
   7.9400000    0.0168447
   7.9600000    0.0163682
   7.9800000    0.0156769
   8.0000000    0.0147631
   8.0200000    0.0136299
   8.0400000    0.0122931
   8.0600000    0.0107827
   8.0800000    0.0091417
   8.1000000    0.0074239
   8.1200000    0.0056908
   8.1400000    0.0040067
   8.1600000    0.0024345
   8.1800000    0.0010308
   8.2000000   -0.0001579
   8.2200000   -0.0010977
   8.2400000   -0.0017701
   8.2600000   -0.0021716
   8.2800000   -0.0023141
   8.3000000   -0.0022231
   8.3200000   -0.0019359
   8.3400000   -0.0014989
   8.3600000   -0.0009643
   8.3800000   -0.0003873
   8.4000000    0.0001770
   8.4200000    0.0006772
   8.4400000    0.0010680
   8.4600000    0.0013131
   8.4800000    0.0013872
   8.5000000    0.0012775
   8.5200000    0.0009853
   8.5400000    0.0005260
   8.5600000   -0.0000709
   8.5800000   -0.0007629
   8.6000000   -0.0014958
   8.6200000   -0.0022066
   8.6400000   -0.0028256
   8.6600000   -0.0032806
   8.6800000   -0.0034999
   8.7000000   -0.0034164
   8.7200000   -0.0029717
   8.7400000   -0.0021195
   8.7600000   -0.0008292
   8.7800000    0.0009110
   8.8000000    0.0030917
   8.8200000    0.0056815
   8.8400000    0.0086262
   8.8600000    0.0118501
   8.8800000    0.0152584
   8.9000000    0.0187416
   8.9200000    0.0221801
   8.9400000    0.0254508
   8.9600000    0.0284335
   8.9800000    0.0310177
   9.0000000    0.0331083
   9.0200000    0.0346312
   9.0400000    0.0355361
   9.0600000    0.0357989
   9.0800000    0.0354216
   9.1000000    0.0344312
   9.1200000    0.0328766
   9.1400000    0.0308254
   9.1600000    0.0283591
   9.1800000    0.0255693
   9.2000000    0.0225529
   9.2200000    0.0194078
   9.2400000    0.0162297
   9.2600000    0.0131082
   9.2800000    0.0101248
   9.3000000    0.0073505
   9.3200000    0.0048439
   9.3400000    0.0026505
   9.3600000    0.0008020
   9.3800000   -0.0006840
   9.4000000   -0.0018033
   9.4200000   -0.0025644
   9.4400000   -0.0029865
   9.4600000   -0.0030976
   9.4800000   -0.0029321
   9.5000000   -0.0025277
   9.5200000   -0.0019226
   9.5400000   -0.0011532
   9.5600000   -0.0002515
   9.5800000    0.0007560
   9.6000000    0.0018488
   9.6200000    0.0030116
   9.6400000    0.0042334
   9.6600000    0.0055046
   9.6800000    0.0068150
   9.7000000    0.0081509
   9.7200000    0.0094933
   9.7400000    0.0108163
   9.7600000    0.0120870
   9.7800000    0.0132667
   9.8000000    0.0143128
   9.8200000    0.0151820
   9.8400000    0.0158347
   9.8600000    0.0162386
   9.8800000    0.0163730
   9.9000000    0.0162320
   9.9200000    0.0158266
   9.9400000    0.0151850
   9.9600000    0.0143516
   9.9800000    0.0133838
  10.0000000    0.0123478
  10.0200000    0.0113128
  10.0400000    0.0103449
  10.0600000    0.0095008
  10.0800000    0.0088228
  10.1000000    0.0083347
  10.1200000    0.0080395
  10.1400000    0.0079198
  10.1600000    0.0079397
  10.1800000    0.0080488
  10.2000000    0.0081876
  10.2200000    0.0082934
  10.2400000    0.0083066
  10.2600000    0.0081765
  10.2800000    0.0078657
  10.3000000    0.0073531
  10.3200000    0.0066357
  10.3400000    0.0057287
  10.3600000    0.0046641
  10.3800000    0.0034879
  10.4000000    0.0022572
  10.4200000    0.0010359
  10.4400000   -0.0001096
  10.4600000   -0.0011150
  10.4800000   -0.0019223
  10.5000000   -0.0024840
  10.5200000   -0.0027668
  10.5400000   -0.0027539
  10.5600000   -0.0024467
  10.5800000   -0.0018647
  10.6000000   -0.0010451
  10.6200000   -0.0000394
  10.6400000    0.0010894
  10.6600000    0.0022715
  10.6800000    0.0034353
  10.7000000    0.0045120
  10.7200000    0.0054399
  10.7400000    0.0061686
  10.7600000    0.0066611
  10.7800000    0.0068952
  10.8000000    0.0068647
  10.8200000    0.0065776
  10.8400000    0.0060553
  10.8600000    0.0053296
  10.8800000    0.0044408
  10.9000000    0.0034341
  10.9200000    0.0023571
  10.9400000    0.0012573
  10.9600000    0.0001799
  10.9800000   -0.0008342
  11.0000000   -0.0017490
  11.0200000   -0.0025348
  11.0400000   -0.0031682
  11.0600000   -0.0036322
  11.0800000   -0.0039158
  11.1000000   -0.0040134
  11.1200000   -0.0039240
  11.1400000   -0.0036504
  11.1600000   -0.0031982
  11.1800000   -0.0025747
  11.2000000   -0.0017883
  11.2200000   -0.0008480
  11.2400000    0.0002369
  11.2600000    0.0014563
  11.2800000    0.0027989
  11.3000000    0.0042512
  11.3200000    0.0057967
  11.3400000    0.0074144
  11.3600000    0.0090783
  11.3800000    0.0107572
  11.4000000    0.0124150
  11.4200000    0.0140114
  11.4400000    0.0155034
  11.4600000    0.0168476
  11.4800000    0.0180027
  11.5000000    0.0189318
  11.5200000    0.0196049
  11.5400000    0.0200013
  11.5600000    0.0201112
  11.5800000    0.0199368
  11.6000000    0.0194925
  11.6200000    0.0188045
  11.6400000    0.0179092
  11.6600000    0.0168507
  11.6800000    0.0156785
  11.7000000    0.0144431
  11.7200000    0.0131931
  11.7400000    0.0119713
  11.7600000    0.0108114
  11.7800000    0.0097367
  11.8000000    0.0087586
  11.8200000    0.0078774
  11.8400000    0.0070844
  11.8600000    0.0063647
  11.8800000    0.0057011
  11.9000000    0.0050784
  11.9200000    0.0044869
  11.9400000    0.0039250
  11.9600000    0.0034012
  11.9800000    0.0029335
  12.0000000    0.0025480
  12.0200000    0.0022759
  12.0400000    0.0021492
  12.0600000    0.0021966
  12.0800000    0.0024395
  12.1000000    0.0028877
  12.1200000    0.0035376
  12.1400000    0.0043713
  12.1600000    0.0053566
  12.1800000    0.0064491
  12.2000000    0.0075956
  12.2200000    0.0087374
  12.2400000    0.0098150
  12.2600000    0.0107719
  12.2800000    0.0115589
  12.3000000    0.0121364
  12.3200000    0.0124771
  12.3400000    0.0125668
  12.3600000    0.0124045
  12.3800000    0.0120015
  12.4000000    0.0113799
  12.4200000    0.0105702
  12.4400000    0.0096091
  12.4600000    0.0085360
  12.4800000    0.0073911
  12.5000000    0.0062120
  12.5200000    0.0050323
  12.5400000    0.0038795
  12.5600000    0.0027740
  12.5800000    0.0017290
  12.6000000    0.0007500
  12.6200000   -0.0001639
  12.6400000   -0.0010196
  12.6600000   -0.0018281
  12.6800000   -0.0026040
  12.7000000   -0.0033636
  12.7200000   -0.0041242
  12.7400000   -0.0049031
  12.7600000   -0.0057171
  12.7800000   -0.0065815
  12.8000000   -0.0075104
  12.8200000   -0.0085154
  12.8400000   -0.0096059
  12.8600000   -0.0107884
  12.8800000   -0.0120657
  12.9000000   -0.0134368
  12.9200000   -0.0148958
  12.9400000   -0.0164312
  12.9600000   -0.0180258
  12.9800000   -0.0196557
  13.0000000   -0.0212907
  13.0200000   -0.0228937
  13.0400000   -0.0244221
  13.0600000   -0.0258286
  13.0800000   -0.0270628
  13.1000000   -0.0280734
  13.1200000   -0.0288111
  13.1400000   -0.0292310
  13.1600000   -0.0292959
  13.1800000   -0.0289789
  13.2000000   -0.0282655
  13.2200000   -0.0271557
  13.2400000   -0.0256642
  13.2600000   -0.0238208
  13.2800000   -0.0216686
  13.3000000   -0.0192626
  13.3200000   -0.0166665
  13.3400000   -0.0139497
  13.3600000   -0.0111836
  13.3800000   -0.0084383
  13.4000000   -0.0057792
  13.4200000   -0.0032641
  13.4400000   -0.0009407
  13.4600000    0.0011550
  13.4800000    0.0030004
  13.5000000    0.0045861
  13.5200000    0.0059165
  13.5400000    0.0070080
  13.5600000    0.0078880
  13.5800000    0.0085919
  13.6000000    0.0091605
  13.6200000    0.0096365
  13.6400000    0.0100607
  13.6600000    0.0104693
  13.6800000    0.0108909
  13.7000000    0.0113444
  13.7200000    0.0118387
  13.7400000    0.0123729
  13.7600000    0.0129377
  13.7800000    0.0135176
  13.8000000    0.0140942
  13.8200000    0.0146487
  13.8400000    0.0151649
  13.8600000    0.0156305
  13.8800000    0.0160387
  13.9000000    0.0163872
  13.9200000    0.0166781
  13.9400000    0.0169156
  13.9600000    0.0171042
  13.9800000    0.0172466
  14.0000000    0.0173425
  14.0200000    0.0173879
  14.0400000    0.0173746
  14.0600000    0.0172912
  14.0800000    0.0171242
  14.1000000    0.0168590
  14.1200000    0.0164816
  14.1400000    0.0159791
  14.1600000    0.0153407
  14.1800000    0.0145574
  14.2000000    0.0136222
  14.2200000    0.0125296
  14.2400000    0.0112749
  14.2600000    0.0098543
  14.2800000    0.0082651
  14.3000000    0.0065054
  14.3200000    0.0045748
  14.3400000    0.0024753
  14.3600000    0.0002112
  14.3800000   -0.0022102
  14.4000000   -0.0047784
  14.4200000   -0.0074802
  14.4400000   -0.0102992
  14.4600000   -0.0132163
  14.4800000   -0.0162090
  14.5000000   -0.0192513
  14.5200000   -0.0223125
  14.5400000   -0.0253567
  14.5600000   -0.0283415
  14.5800000   -0.0312178
  14.6000000   -0.0339301
  14.6200000   -0.0364179
  14.6400000   -0.0386183
  14.6600000   -0.0404695
  14.6800000   -0.0419153
  14.7000000   -0.0429100
  14.7200000   -0.0434229
  14.7400000   -0.0434413
  14.7600000   -0.0429732
  14.7800000   -0.0420465
  14.8000000   -0.0407075
  14.8200000   -0.0390161
  14.8400000   -0.0370413
  14.8600000   -0.0348540
  14.8800000   -0.0325218
  14.9000000   -0.0301031
  14.9200000   -0.0276439
  14.9400000   -0.0251761
  14.9600000   -0.0227177
  14.9800000   -0.0202751
  15.0000000   -0.0178466
  15.0200000   -0.0154269
  15.0400000   -0.0130107
  15.0600000   -0.0105965
  15.0800000   -0.0081886
  15.1000000   -0.0057979
  15.1200000   -0.0034403
  15.1400000   -0.0011355
  15.1600000    0.0010965
  15.1800000    0.0032378
  15.2000000    0.0052759
  15.2200000    0.0072043
  15.2400000    0.0090236
  15.2600000    0.0107399
  15.2800000    0.0123632
  15.3000000    0.0139045
  15.3200000    0.0153723
  15.3400000    0.0167700
  15.3600000    0.0180936
  15.3800000    0.0193299
  15.4000000    0.0204568
  15.4200000    0.0214440
  15.4400000    0.0222556
  15.4600000    0.0228527
  15.4800000    0.0231969
  15.5000000    0.0232551
  15.5200000    0.0230022
  15.5400000    0.0224250
  15.5600000    0.0215247
  15.5800000    0.0203179
  15.6000000    0.0188367
  15.6200000    0.0171281
  15.6400000    0.0152506
  15.6600000    0.0132711
  15.6800000    0.0112606
  15.7000000    0.0092891
  15.7200000    0.0074211
  15.7400000    0.0057117
  15.7600000    0.0042035
  15.7800000    0.0029247
  15.8000000    0.0018890
  15.8200000    0.0010967
  15.8400000    0.0005373
  15.8600000    0.0001925
  15.8800000    0.0000405
  15.9000000    0.0000594
  15.9200000    0.0002306
  15.9400000    0.0005405
  15.9600000    0.0009823
  15.9800000    0.0015546
  16.0000000    0.0022608
  16.0200000    0.0031058
  16.0400000    0.0040936
  16.0600000    0.0052235
  16.0800000    0.0064884
  16.1000000    0.0078720
  16.1200000    0.0093490
  16.1400000    0.0108851
  16.1600000    0.0124392
  16.1800000    0.0139659
  16.2000000    0.0154191
  16.2200000    0.0167557
  16.2400000    0.0179385
  16.2600000    0.0189395
  16.2800000    0.0197413
  16.3000000    0.0203382
  16.3200000    0.0207355
  16.3400000    0.0209483
  16.3600000    0.0209995
  16.3800000    0.0209170
  16.4000000    0.0207314
  16.4200000    0.0204730
  16.4400000    0.0201697
  16.4600000    0.0198453
  16.4800000    0.0195185
  16.5000000    0.0192022
  16.5200000    0.0189037
  16.5400000    0.0186257
  16.5600000    0.0183669
  16.5800000    0.0181242
  16.6000000    0.0178930
  16.6200000    0.0176696
  16.6400000    0.0174513
  16.6600000    0.0172371
  16.6800000    0.0170274
  16.7000000    0.0168230
  16.7200000    0.0166242
  16.7400000    0.0164286
  16.7600000    0.0162304
  16.7800000    0.0160190
  16.8000000    0.0157785
  16.8200000    0.0154882
  16.8400000    0.0151234
  16.8600000    0.0146574
  16.8800000    0.0140630
  16.9000000    0.0133152
  16.9200000    0.0123927
  16.9400000    0.0112795
  16.9600000    0.0099653
  16.9800000    0.0084465
  17.0000000    0.0067252
  17.0200000    0.0048092
  17.0400000    0.0027108
  17.0600000    0.0004472
  17.0800000   -0.0019608
  17.1000000   -0.0044877
  17.1200000   -0.0071034
  17.1400000   -0.0097722
  17.1600000   -0.0124525
  17.1800000   -0.0150960
  17.2000000   -0.0176482
  17.2200000   -0.0200490
  17.2400000   -0.0222341
  17.2600000   -0.0241384
  17.2800000   -0.0256983
  17.3000000   -0.0268562
  17.3200000   -0.0275643
  17.3400000   -0.0277884
  17.3600000   -0.0275112
  17.3800000   -0.0267338
  17.4000000   -0.0254769
  17.4200000   -0.0237796
  17.4400000   -0.0216970
  17.4600000   -0.0192967
  17.4800000   -0.0166536
  17.5000000   -0.0138454
  17.5200000   -0.0109473
  17.5400000   -0.0080269
  17.5600000   -0.0051412
  17.5800000   -0.0023334
  17.6000000    0.0003683
  17.6200000    0.0029503
  17.6400000    0.0054127
  17.6600000    0.0077669
  17.6800000    0.0100323
  17.7000000    0.0122330
  17.7200000    0.0143938
  17.7400000    0.0165367
  17.7600000    0.0186773
  17.7800000    0.0208222
  17.8000000    0.0229667
  17.8200000    0.0250938
  17.8400000    0.0271739
  17.8600000    0.0291656
  17.8800000    0.0310175
  17.9000000    0.0326713
  17.9200000    0.0340651
  17.9400000    0.0351386
  17.9600000    0.0358366
  17.9800000    0.0361145
  18.0000000    0.0359413
  18.0200000    0.0353026
  18.0400000    0.0342019
  18.0600000    0.0326605
  18.0800000    0.0307151
  18.1000000    0.0284155
  18.1200000    0.0258201
  18.1400000    0.0229916
  18.1600000    0.0199930
  18.1800000    0.0168842
  18.2000000    0.0137196
  18.2200000    0.0105467
  18.2400000    0.0074063
  18.2600000    0.0043333
  18.2800000    0.0013580
  18.3000000   -0.0014922
  18.3200000   -0.0041913
  18.3400000   -0.0067138
  18.3600000   -0.0090346
  18.3800000   -0.0111289
  18.4000000   -0.0129733
  18.4200000   -0.0145472
  18.4400000   -0.0158338
  18.4600000   -0.0168218
  18.4800000   -0.0175063
  18.5000000   -0.0178894
  18.5200000   -0.0179806
  18.5400000   -0.0177962
  18.5600000   -0.0173585
  18.5800000   -0.0166944
  18.6000000   -0.0158341
  18.6200000   -0.0148093
  18.6400000   -0.0136512
  18.6600000   -0.0123892
  18.6800000   -0.0110501
  18.7000000   -0.0096568
  18.7200000   -0.0082287
  18.7400000   -0.0067818
  18.7600000   -0.0053298
  18.7800000   -0.0038848
  18.8000000   -0.0024585
  18.8200000   -0.0010634
  18.8400000    0.0002871
  18.8600000    0.0015783
  18.8800000    0.0027942
  18.9000000    0.0039185
  18.9200000    0.0049352
  18.9400000    0.0058292
  18.9600000    0.0065876
  18.9800000    0.0071993
  19.0000000    0.0076564
  19.0200000    0.0079537
  19.0400000    0.0080891
  19.0600000    0.0080641
  19.0800000    0.0078842
  19.1000000    0.0075594
  19.1200000    0.0071053
  19.1400000    0.0065432
  19.1600000    0.0059009
  19.1800000    0.0052118
  19.2000000    0.0045140
  19.2200000    0.0038481
  19.2400000    0.0032547
  19.2600000    0.0027708
  19.2800000    0.0024266
  19.3000000    0.0022426
  19.3200000    0.0022266
  19.3400000    0.0023731
  19.3600000    0.0026630
  19.3800000    0.0030646
  19.4000000    0.0035364
  19.4200000    0.0040302
  19.4400000    0.0044948
  19.4600000    0.0048797
  19.4800000    0.0051392
  19.5000000    0.0052347
  19.5200000    0.0051372
  19.5400000    0.0048292
  19.5600000    0.0043046
  19.5800000    0.0035692
  19.6000000    0.0026398
  19.6200000    0.0015430
  19.6400000    0.0003136
  19.6600000   -0.0010070
  19.6800000   -0.0023731
  19.7000000   -0.0037371
  19.7200000   -0.0050516
  19.7400000   -0.0062716
  19.7600000   -0.0073565
  19.7800000   -0.0082723
  19.8000000   -0.0089923
  19.8200000   -0.0094982
  19.8400000   -0.0097804
  19.8600000   -0.0098375
  19.8800000   -0.0096757
  19.9000000   -0.0093075
  19.9200000   -0.0087503
  19.9400000   -0.0080249
  19.9600000   -0.0071537
  19.9800000   -0.0061592
  20.0000000   -0.0050630
  20.0200000   -0.0038843
  20.0400000   -0.0026396
  20.0600000   -0.0013417
  20.0800000   -0.0000004
  20.1000000    0.0013774
  20.1200000    0.0027870
  20.1400000    0.0042249
  20.1600000    0.0056874
  20.1800000    0.0071691
  20.2000000    0.0086619
  20.2200000    0.0101534
  20.2400000    0.0116267
  20.2600000    0.0130594
  20.2800000    0.0144240
  20.3000000    0.0156887
  20.3200000    0.0168187
  20.3400000    0.0177782
  20.3600000    0.0185327
  20.3800000    0.0190514
  20.4000000    0.0193104
  20.4200000    0.0192944
  20.4400000    0.0189993
  20.4600000    0.0184324
  20.4800000    0.0176131
  20.5000000    0.0165712
  20.5200000    0.0153450
  20.5400000    0.0139778
  20.5600000    0.0125148
  20.5800000    0.0109994
  20.6000000    0.0094699
  20.6200000    0.0079578
  20.6400000    0.0064868
  20.6600000    0.0050733
  20.6800000    0.0037281
  20.7000000    0.0024589
  20.7200000    0.0012733
  20.7400000    0.0001817
  20.7600000   -0.0008009
  20.7800000   -0.0016536
  20.8000000   -0.0023505
  20.8200000   -0.0028619
  20.8400000   -0.0031575
  20.8600000   -0.0032096
  20.8800000   -0.0029968
  20.9000000   -0.0025070
  20.9200000   -0.0017397
  20.9400000   -0.0007069
  20.9600000    0.0005671
  20.9800000    0.0020474
  21.0000000    0.0036913
  21.0200000    0.0054509
  21.0400000    0.0072769
  21.0600000    0.0091213
  21.0800000    0.0109398
  21.1000000    0.0126931
  21.1200000    0.0143476
  21.1400000    0.0158749
  21.1600000    0.0172518
  21.1800000    0.0184584
  21.2000000    0.0194780
  21.2200000    0.0202960
  21.2400000    0.0208999
  21.2600000    0.0212789
  21.2800000    0.0214245
  21.3000000    0.0213308
  21.3200000    0.0209948
  21.3400000    0.0204166
  21.3600000    0.0195998
  21.3800000    0.0185509
  21.4000000    0.0172795
  21.4200000    0.0157985
  21.4400000    0.0141237
  21.4600000    0.0122748
  21.4800000    0.0102760
  21.5000000    0.0081563
  21.5200000    0.0059507
  21.5400000    0.0037002
  21.5600000    0.0014513
  21.5800000   -0.0007452
  21.6000000   -0.0028360
  21.6200000   -0.0047686
  21.6400000   -0.0064940
  21.6600000   -0.0079705
  21.6800000   -0.0091666
  21.7000000   -0.0100634
  21.7200000   -0.0106560
  21.7400000   -0.0109530
  21.7600000   -0.0109758
  21.7800000   -0.0107553
  21.8000000   -0.0103288
  21.8200000   -0.0097360
  21.8400000   -0.0090150
  21.8600000   -0.0081988
  21.8800000   -0.0073129
  21.9000000   -0.0063741
  21.9200000   -0.0053902
  21.9400000   -0.0043619
  21.9600000   -0.0032849
  21.9800000   -0.0021535
  22.0000000   -0.0009636
  22.0200000    0.0002833
  22.0400000    0.0015783
  22.0600000    0.0029029
  22.0800000    0.0042294
  22.1000000    0.0055214
  22.1200000    0.0067369
  22.1400000    0.0078312
  22.1600000    0.0087611
  22.1800000    0.0094886
  22.2000000    0.0099846
  22.2200000    0.0102316
  22.2400000    0.0102252
  22.2600000    0.0099743
  22.2800000    0.0095005
  22.3000000    0.0088356
  22.3200000    0.0080194
  22.3400000    0.0070959
  22.3600000    0.0061101
  22.3800000    0.0051047
  22.4000000    0.0041177
  22.4200000    0.0031796
  22.4400000    0.0023126
  22.4600000    0.0015304
  22.4800000    0.0008380
  22.5000000    0.0002339
  22.5200000   -0.0002883
  22.5400000   -0.0007371
  22.5600000   -0.0011198
  22.5800000   -0.0014396
  22.6000000   -0.0016931
  22.6200000   -0.0018681
  22.6400000   -0.0019429
  22.6600000   -0.0018866
  22.6800000   -0.0016612
  22.7000000   -0.0012250
  22.7200000   -0.0005370
  22.7400000    0.0004378
  22.7600000    0.0017229
  22.7800000    0.0033251
  22.8000000    0.0052305
  22.8200000    0.0074024
  22.8400000    0.0097811
  22.8600000    0.0122860
  22.8800000    0.0148199
  22.9000000    0.0172759
  22.9200000    0.0195446
  22.9400000    0.0215223
  22.9600000    0.0231196
  22.9800000    0.0242675
  23.0000000    0.0249228
  23.0200000    0.0250702
  23.0400000    0.0247225
  23.0600000    0.0239179
  23.0800000    0.0227151
  23.1000000    0.0211871
  23.1200000    0.0194141
  23.1400000    0.0174766
  23.1600000    0.0154491
  23.1800000    0.0133958
  23.2000000    0.0113673
  23.2200000    0.0093998
  23.2400000    0.0075158
  23.2600000    0.0057267
  23.2800000    0.0040362
  23.3000000    0.0024438
  23.3200000    0.0009493
  23.3400000   -0.0004444
  23.3600000   -0.0017285
  23.3800000   -0.0028873
  23.4000000   -0.0038981
  23.4200000   -0.0047330
  23.4400000   -0.0053607
  23.4600000   -0.0057501
  23.4800000   -0.0058740
  23.5000000   -0.0057127
  23.5200000   -0.0052572
  23.5400000   -0.0045117
  23.5600000   -0.0034954
  23.5800000   -0.0022427
  23.6000000   -0.0008025
  23.6200000    0.0007642
  23.6400000    0.0023870
  23.6600000    0.0039903
  23.6800000    0.0054975
  23.7000000    0.0068362
  23.7200000    0.0079421
  23.7400000    0.0087641
  23.7600000    0.0092672
  23.7800000    0.0094354
  23.8000000    0.0092729
  23.8200000    0.0088041
  23.8400000    0.0080723
  23.8600000    0.0071365
  23.8800000    0.0060678
  23.9000000    0.0049439
  23.9200000    0.0038440
  23.9400000    0.0028433
  23.9600000    0.0020078
  23.9800000    0.0013901
  24.0000000    0.0010271
  24.0200000    0.0009381
  24.0400000    0.0011251
  24.0600000    0.0015748
  24.0800000    0.0022603
  24.1000000    0.0031450
  24.1200000    0.0041855
  24.1400000    0.0053348
  24.1600000    0.0065448
  24.1800000    0.0077685
  24.2000000    0.0089613
  24.2200000    0.0100816
  24.2400000    0.0110919
  24.2600000    0.0119591
  24.2800000    0.0126550
  24.3000000    0.0131577
  24.3200000    0.0134519
  24.3400000    0.0135302
  24.3600000    0.0133938
  24.3800000    0.0130522
  24.4000000    0.0125237
  24.4200000    0.0118338
  24.4400000    0.0110142
  24.4600000    0.0101009
  24.4800000    0.0091318
  24.5000000    0.0081452
  24.5200000    0.0071770
  24.5400000    0.0062598
  24.5600000    0.0054211
  24.5800000    0.0046823
  24.6000000    0.0040581
  24.6200000    0.0035561
  24.6400000    0.0031767
  24.6600000    0.0029136
  24.6800000    0.0027541
  24.7000000    0.0026807
  24.7200000    0.0026720
  24.7400000    0.0027046
  24.7600000    0.0027549
  24.7800000    0.0028015
  24.8000000    0.0028265
  24.8200000    0.0028170
  24.8400000    0.0027664
  24.8600000    0.0026745
  24.8800000    0.0025470
  24.9000000    0.0023941
  24.9200000    0.0022293
  24.9400000    0.0020668
  24.9600000    0.0019192
  24.9800000    0.0017953
  25.0000000    0.0016982
  25.0200000    0.0016246
  25.0400000    0.0015638
  25.0600000    0.0014990
  25.0800000    0.0014085
  25.1000000    0.0012682
  25.1200000    0.0010542
  25.1400000    0.0007457
  25.1600000    0.0003274
  25.1800000   -0.0002082
  25.2000000   -0.0008599
  25.2200000   -0.0016179
  25.2400000   -0.0024642
  25.2600000   -0.0033742
  25.2800000   -0.0043194
  25.3000000   -0.0052691
  25.3200000   -0.0061931
  25.3400000   -0.0070638
  25.3600000   -0.0078575
  25.3800000   -0.0085558
  25.4000000   -0.0091457
  25.4200000   -0.0096205
  25.4400000   -0.0099788
  25.4600000   -0.0102248
  25.4800000   -0.0103674
  25.5000000   -0.0104201
  25.5200000   -0.0103998
  25.5400000   -0.0103265
  25.5600000   -0.0102223
  25.5800000   -0.0101097
  25.6000000   -0.0100115
  25.6200000   -0.0099485
  25.6400000   -0.0099391
  25.6600000   -0.0099980
  25.6800000   -0.0101362
  25.7000000   -0.0103605
  25.7200000   -0.0106741
  25.7400000   -0.0110771
  25.7600000   -0.0115675
  25.7800000   -0.0121418
  25.8000000   -0.0127959
  25.8200000   -0.0135247
  25.8400000   -0.0143226
  25.8600000   -0.0151828
  25.8800000   -0.0160965
  25.9000000   -0.0170521
  25.9200000   -0.0180354
  25.9400000   -0.0190286
  25.9600000   -0.0200115
  25.9800000   -0.0209618
  26.0000000   -0.0218564
  26.0200000   -0.0226730
  26.0400000   -0.0233911
  26.0600000   -0.0239933
  26.0800000   -0.0244656
  26.1000000   -0.0247980
  26.1200000   -0.0249836
  26.1400000   -0.0250179
  26.1600000   -0.0248981
  26.1800000   -0.0246214
  26.2000000   -0.0241847
  26.2200000   -0.0235836
  26.2400000   -0.0228125
  26.2600000   -0.0218647
  26.2800000   -0.0207338
  26.3000000   -0.0194141
  26.3200000   -0.0179026
  26.3400000   -0.0162005
  26.3600000   -0.0143144
  26.3800000   -0.0122583
  26.4000000   -0.0100538
  26.4200000   -0.0077314
  26.4400000   -0.0053300
  26.4600000   -0.0028970
  26.4800000   -0.0004864
  26.5000000    0.0018429
  26.5200000    0.0040299
  26.5400000    0.0060145
  26.5600000    0.0077413
  26.5800000    0.0091630
  26.6000000    0.0102439
  26.6200000    0.0109618
  26.6400000    0.0113103
  26.6600000    0.0112980
  26.6800000    0.0109478
  26.7000000    0.0102940
  26.7200000    0.0093792
  26.7400000    0.0082496
  26.7600000    0.0069511
  26.7800000    0.0055258
  26.8000000    0.0040092
  26.8200000    0.0024287
  26.8400000    0.0008041
  26.8600000   -0.0008516
  26.8800000   -0.0025293
  26.9000000   -0.0042212
  26.9200000   -0.0059177
  26.9400000   -0.0076051
  26.9600000   -0.0092640
  26.9800000   -0.0108691
  27.0000000   -0.0123899
  27.0200000   -0.0137935
  27.0400000   -0.0150463
  27.0600000   -0.0161177
  27.0800000   -0.0169829
  27.1000000   -0.0176242
  27.1200000   -0.0180327
  27.1400000   -0.0182079
  27.1600000   -0.0181564
  27.1800000   -0.0178906
  27.2000000   -0.0174258
  27.2200000   -0.0167787
  27.2400000   -0.0159651
  27.2600000   -0.0149995
  27.2800000   -0.0138941
  27.3000000   -0.0126598
  27.3200000   -0.0113069
  27.3400000   -0.0098459
  27.3600000   -0.0082890
  27.3800000   -0.0066504
  27.4000000   -0.0049472
  27.4200000   -0.0031984
  27.4400000   -0.0014252
  27.4600000    0.0003502
  27.4800000    0.0021058
  27.5000000    0.0038202
  27.5200000    0.0054740
  27.5400000    0.0070498
  27.5600000    0.0085326
  27.5800000    0.0099097
  27.6000000    0.0111697
  27.6200000    0.0123024
  27.6400000    0.0132968
  27.6600000    0.0141411
  27.6800000    0.0148212
  27.7000000    0.0153207
  27.7200000    0.0156210
  27.7400000    0.0157024
  27.7600000    0.0155457
  27.7800000    0.0151347
  27.8000000    0.0144590
  27.8200000    0.0135160
  27.8400000    0.0123138
  27.8600000    0.0108723
  27.8800000    0.0092235
  27.9000000    0.0074104
  27.9200000    0.0054852
  27.9400000    0.0035065
  27.9600000    0.0015354
  27.9800000   -0.0003675
  28.0000000   -0.0021458
  28.0200000   -0.0037497
  28.0400000   -0.0051378
  28.0600000   -0.0062780
  28.0800000   -0.0071480
  28.1000000   -0.0077345
  28.1200000   -0.0080331
  28.1400000   -0.0080471
  28.1600000   -0.0077872
  28.1800000   -0.0072707
  28.2000000   -0.0065217
  28.2200000   -0.0055699
  28.2400000   -0.0044510
  28.2600000   -0.0032054
  28.2800000   -0.0018772
  28.3000000   -0.0005126
  28.3200000    0.0008419
  28.3400000    0.0021422
  28.3600000    0.0033484
  28.3800000    0.0044271
  28.4000000    0.0053528
  28.4200000    0.0061089
  28.4400000    0.0066875
  28.4600000    0.0070894
  28.4800000    0.0073224
  28.5000000    0.0073998
  28.5200000    0.0073388
  28.5400000    0.0071592
  28.5600000    0.0068815
  28.5800000    0.0065271
  28.6000000    0.0061171
  28.6200000    0.0056729
  28.6400000    0.0052159
  28.6600000    0.0047678
  28.6800000    0.0043505
  28.7000000    0.0039851
  28.7200000    0.0036914
  28.7400000    0.0034861
  28.7600000    0.0033820
  28.7800000    0.0033863
  28.8000000    0.0034995
  28.8200000    0.0037157
  28.8400000    0.0040219
  28.8600000    0.0044001
  28.8800000    0.0048280
  28.9000000    0.0052817
  28.9200000    0.0057374
  28.9400000    0.0061740
  28.9600000    0.0065743
  28.9800000    0.0069267
  29.0000000    0.0072256
  29.0200000    0.0074714
  29.0400000    0.0076696
  29.0600000    0.0078303
  29.0800000    0.0079665
  29.1000000    0.0080924
  29.1200000    0.0082221
  29.1400000    0.0083680
  29.1600000    0.0085394
  29.1800000    0.0087412
  29.2000000    0.0089734
  29.2200000    0.0092302
  29.2400000    0.0095000
  29.2600000    0.0097659
  29.2800000    0.0100062
  29.3000000    0.0101960
  29.3200000    0.0103085
  29.3400000    0.0103176
  29.3600000    0.0101994
  29.3800000    0.0099350
  29.4000000    0.0095125
  29.4200000    0.0089286
  29.4400000    0.0081893
  29.4600000    0.0073109
  29.4800000    0.0063190
  29.5000000    0.0052471
  29.5200000    0.0041347
  29.5400000    0.0030242
  29.5600000    0.0019577
  29.5800000    0.0009743
  29.6000000    0.0001068
  29.6200000   -0.0006206
  29.6400000   -0.0011934
  29.6600000   -0.0016077
  29.6800000   -0.0018693
  29.7000000   -0.0019923
  29.7200000   -0.0019968
  29.7400000   -0.0019058
  29.7600000   -0.0017419
  29.7800000   -0.0015248
  29.8000000   -0.0012680
  29.8200000   -0.0009772
  29.8400000   -0.0006494
  29.8600000   -0.0002730
  29.8800000    0.0001715
  29.9000000    0.0007090
  29.9200000    0.0013679
  29.9400000    0.0021765
  29.9600000    0.0031605
  29.9800000    0.0043397
  30.0000000    0.0057259
