 -10.0000000    0.0321120
  -9.9800000    0.0307320
  -9.9600000    0.0290631
  -9.9400000    0.0271547
  -9.9200000    0.0250715
  -9.9000000    0.0228901
  -9.8800000    0.0206948
  -9.8600000    0.0185736
  -9.8400000    0.0166140
  -9.8200000    0.0148990
  -9.8000000    0.0135052
  -9.7800000    0.0125004
  -9.7600000    0.0119432
  -9.7400000    0.0118822
  -9.7200000    0.0123551
  -9.7000000    0.0133881
  -9.6800000    0.0149942
  -9.6600000    0.0171704
  -9.6400000    0.0198959
  -9.6200000    0.0231288
  -9.6000000    0.0268052
  -9.5800000    0.0308386
  -9.5600000    0.0351218
  -9.5400000    0.0395306
  -9.5200000    0.0439300
  -9.5000000    0.0481811
  -9.4800000    0.0521495
  -9.4600000    0.0557126
  -9.4400000    0.0587665
  -9.4200000    0.0612302
  -9.4000000    0.0630481
  -9.3800000    0.0641893
  -9.3600000    0.0646463
  -9.3400000    0.0644304
  -9.3200000    0.0635685
  -9.3000000    0.0620982
  -9.2800000    0.0600655
  -9.2600000    0.0575214
  -9.2400000    0.0545216
  -9.2200000    0.0511252
  -9.2000000    0.0473951
  -9.1800000    0.0433972
  -9.1600000    0.0392000
  -9.1400000    0.0348731
  -9.1200000    0.0304857
  -9.1000000    0.0261047
  -9.0800000    0.0217925
  -9.0600000    0.0176062
  -9.0400000    0.0135967
  -9.0200000    0.0098087
  -9.0000000    0.0062814
  -8.9800000    0.0030491
  -8.9600000    0.0001417
  -8.9400000   -0.0024156
  -8.9200000   -0.0046030
  -8.9000000   -0.0064084
  -8.8800000   -0.0078293
  -8.8600000   -0.0088756
  -8.8400000   -0.0095707
  -8.8200000   -0.0099529
  -8.8000000   -0.0100734
  -8.7800000   -0.0099942
  -8.7600000   -0.0097828
  -8.7400000   -0.0095065
  -8.7200000   -0.0092260
  -8.7000000   -0.0089883
  -8.6800000   -0.0088227
  -8.6600000   -0.0087364
  -8.6400000   -0.0087150
  -8.6200000   -0.0087243
  -8.6000000   -0.0087153
  -8.5800000   -0.0086321
  -8.5600000   -0.0084205
  -8.5400000   -0.0080375
  -8.5200000   -0.0074605
  -8.5000000   -0.0066939
  -8.4800000   -0.0057739
  -8.4600000   -0.0047688
  -8.4400000   -0.0037769
  -8.4200000   -0.0029196
  -8.4000000   -0.0023328
  -8.3800000   -0.0021552
  -8.3600000   -0.0025165
  -8.3400000   -0.0035259
  -8.3200000   -0.0052621
  -8.3000000   -0.0077650
  -8.2800000   -0.0110315
  -8.2600000   -0.0150131
  -8.2400000   -0.0196178
  -8.2200000   -0.0247134
  -8.2000000   -0.0301340
  -8.1800000   -0.0356882
  -8.1600000   -0.0411676
  -8.1400000   -0.0463576
  -8.1200000   -0.0510473
  -8.1000000   -0.0550401
  -8.0800000   -0.0581639
  -8.0600000   -0.0602790
  -8.0400000   -0.0612865
  -8.0200000   -0.0611322
  -8.0000000   -0.0598093
  -7.9800000   -0.0573578
  -7.9600000   -0.0538608
  -7.9400000   -0.0494383
  -7.9200000   -0.0442396
  -7.9000000   -0.0384340
  -7.8800000   -0.0322026
  -7.8600000   -0.0257297
  -7.8400000   -0.0191967
  -7.8200000   -0.0127775
  -7.8000000   -0.0066351
  -7.7800000   -0.0009207
  -7.7600000    0.0042281
  -7.7400000    0.0086873
  -7.7200000    0.0123484
  -7.7000000    0.0151198
  -7.6800000    0.0169299
  -7.6600000    0.0177295
  -7.6400000    0.0174950
  -7.6200000    0.0162307
  -7.6000000    0.0139694
  -7.5800000    0.0107725
  -7.5600000    0.0067285
  -7.5400000    0.0019501
  -7.5200000   -0.0034292
  -7.5000000   -0.0092590
  -7.4800000   -0.0153755
  -7.4600000   -0.0216061
  -7.4400000   -0.0277725
  -7.4200000   -0.0336949
  -7.4000000   -0.0391960
  -7.3800000   -0.0441065
  -7.3600000   -0.0482701
  -7.3400000   -0.0515499
  -7.3200000   -0.0538350
  -7.3000000   -0.0550462
  -7.2800000   -0.0551416
  -7.2600000   -0.0541199
  -7.2400000   -0.0520221
  -7.2200000   -0.0489311
  -7.2000000   -0.0449679
  -7.1800000   -0.0402875
  -7.1600000   -0.0350705
  -7.1400000   -0.0295161
  -7.1200000   -0.0238322
  -7.1000000   -0.0182268
  -7.0800000   -0.0128988
  -7.0600000   -0.0080305
  -7.0400000   -0.0037804
  -7.0200000   -0.0002772
  -7.0000000    0.0023840
  -6.9800000    0.0041451
  -6.9600000    0.0049855
  -6.9400000    0.0049222
  -6.9200000    0.0040073
  -6.9000000    0.0023243
  -6.8800000   -0.0000172
  -6.8600000   -0.0028879
  -6.8400000   -0.0061462
  -6.8200000   -0.0096456
  -6.8000000   -0.0132423
  -6.7800000   -0.0168024
  -6.7600000   -0.0202072
  -6.7400000   -0.0233582
  -6.7200000   -0.0261803
  -6.7000000   -0.0286230
  -6.6800000   -0.0306610
  -6.6600000   -0.0322927
  -6.6400000   -0.0335376
  -6.6200000   -0.0344325
  -6.6000000   -0.0350268
  -6.5800000   -0.0353762
  -6.5600000   -0.0355364
  -6.5400000   -0.0355566
  -6.5200000   -0.0354732
  -6.5000000   -0.0353045
  -6.4800000   -0.0350471
  -6.4600000   -0.0346753
  -6.4400000   -0.0341421
  -6.4200000   -0.0333838
  -6.4000000   -0.0323264
  -6.3800000   -0.0308933
  -6.3600000   -0.0290140
  -6.3400000   -0.0266323
  -6.3200000   -0.0237124
  -6.3000000   -0.0202435
  -6.2800000   -0.0162409
  -6.2600000   -0.0117454
  -6.2400000   -0.0068193
  -6.2200000   -0.0015417
  -6.2000000    0.0039975
  -6.1800000    0.0097035
  -6.1600000    0.0154813
  -6.1400000    0.0212399
  -6.1200000    0.0268936
  -6.1000000    0.0323631
  -6.0800000    0.0375743
  -6.0600000    0.0424560
  -6.0400000    0.0469382
  -6.0200000    0.0509495
  -6.0000000    0.0544154
  -5.9800000    0.0572583
  -5.9600000    0.0593980
  -5.9400000    0.0607542
  -5.9200000    0.0612499
  -5.9000000    0.0608159
  -5.8800000    0.0593956
  -5.8600000    0.0569504
  -5.8400000    0.0534645
  -5.8200000    0.0489484
  -5.8000000    0.0434422
  -5.7800000    0.0370170
  -5.7600000    0.0297758
  -5.7400000    0.0218522
  -5.7200000    0.0134087
  -5.7000000    0.0046333
  -5.6800000   -0.0042643
  -5.6600000   -0.0130586
  -5.6400000   -0.0215145
  -5.6200000   -0.0293948
  -5.6000000   -0.0364688
  -5.5800000   -0.0425214
  -5.5600000   -0.0473619
  -5.5400000   -0.0508337
  -5.5200000   -0.0528218
  -5.5000000   -0.0532590
  -5.4800000   -0.0521312
  -5.4600000   -0.0494785
  -5.4400000   -0.0453956
  -5.4200000   -0.0400288
  -5.4000000   -0.0335710
  -5.3800000   -0.0262555
  -5.3600000   -0.0183481
  -5.3400000   -0.0101375
  -5.3200000   -0.0019261
  -5.3000000    0.0059809
  -5.2800000    0.0132863
  -5.2600000    0.0197121
  -5.2400000    0.0250103
  -5.2200000    0.0289730
  -5.2000000    0.0314413
  -5.1800000    0.0323113
  -5.1600000    0.0315386
  -5.1400000    0.0291385
  -5.1200000    0.0251834
  -5.1000000    0.0197977
  -5.0800000    0.0131491
  -5.0600000    0.0054403
  -5.0400000   -0.0031018
  -5.0200000   -0.0122348
  -5.0000000   -0.0217094
  -4.9800000   -0.0312763
  -4.9600000   -0.0406916
  -4.9400000   -0.0497215
  -4.9200000   -0.0581467
  -4.9000000   -0.0657666
  -4.8800000   -0.0724048
  -4.8600000   -0.0779152
  -4.8400000   -0.0821882
  -4.8200000   -0.0851573
  -4.8000000   -0.0868049
  -4.7800000   -0.0871654
  -4.7600000   -0.0863257
  -4.7400000   -0.0844224
  -4.7200000   -0.0816350
  -4.7000000   -0.0781752
  -4.6800000   -0.0742748
  -4.6600000   -0.0701706
  -4.6400000   -0.0660899
  -4.6200000   -0.0622370
  -4.6000000   -0.0587811
  -4.5800000   -0.0558483
  -4.5600000   -0.0535163
  -4.5400000   -0.0518133
  -4.5200000   -0.0507205
  -4.5000000   -0.0501773
  -4.4800000   -0.0500899
  -4.4600000   -0.0503413
  -4.4400000   -0.0508027
  -4.4200000   -0.0513445
  -4.4000000   -0.0518470
  -4.3800000   -0.0522094
  -4.3600000   -0.0523557
  -4.3400000   -0.0522388
  -4.3200000   -0.0518403
  -4.3000000   -0.0511683
  -4.2800000   -0.0502525
  -4.2600000   -0.0491376
  -4.2400000   -0.0478769
  -4.2200000   -0.0465253
  -4.2000000   -0.0451352
  -4.1800000   -0.0437526
  -4.1600000   -0.0424160
  -4.1400000   -0.0411569
  -4.1200000   -0.0400016
  -4.1000000   -0.0389730
  -4.0800000   -0.0380924
  -4.0600000   -0.0373810
  -4.0400000   -0.0368590
  -4.0200000   -0.0365447
  -4.0000000   -0.0364514
  -3.9800000   -0.0365839
  -3.9600000   -0.0369351
  -3.9400000   -0.0374834
  -3.9200000   -0.0381900
  -3.9000000   -0.0390001
  -3.8800000   -0.0398440
  -3.8600000   -0.0406417
  -3.8400000   -0.0413086
  -3.8200000   -0.0417623
  -3.8000000   -0.0419295
  -3.7800000   -0.0417522
  -3.7600000   -0.0411928
  -3.7400000   -0.0402363
  -3.7200000   -0.0388911
  -3.7000000   -0.0371867
  -3.6800000   -0.0351705
  -3.6600000   -0.0329038
  -3.6400000   -0.0304577
  -3.6200000   -0.0279094
  -3.6000000   -0.0253408
  -3.5800000   -0.0228372
  -3.5600000   -0.0204869
  -3.5400000   -0.0183813
  -3.5200000   -0.0166137
  -3.5000000   -0.0152768
  -3.4800000   -0.0144583
  -3.4600000   -0.0142346
  -3.4400000   -0.0146630
  -3.4200000   -0.0157749
  -3.4000000   -0.0175680
  -3.3800000   -0.0200030
  -3.3600000   -0.0230020
  -3.3400000   -0.0264515
  -3.3200000   -0.0302091
  -3.3000000   -0.0341132
  -3.2800000   -0.0379945
  -3.2600000   -0.0416883
  -3.2400000   -0.0450454
  -3.2200000   -0.0479406
  -3.2000000   -0.0502778
  -3.1800000   -0.0519912
  -3.1600000   -0.0530437
  -3.1400000   -0.0534216
  -3.1200000   -0.0531287
  -3.1000000   -0.0521794
  -3.0800000   -0.0505928
  -3.0600000   -0.0483887
  -3.0400000   -0.0455860
  -3.0200000   -0.0422026
  -3.0000000   -0.0382581
  -2.9800000   -0.0337768
  -2.9600000   -0.0287918
  -2.9400000   -0.0233479
  -2.9200000   -0.0175040
  -2.9000000   -0.0113334
  -2.8800000   -0.0049237
  -2.8600000    0.0016260
  -2.8400000    0.0082076
  -2.8200000    0.0147074
  -2.8000000    0.0210095
  -2.7800000    0.0269989
  -2.7600000    0.0325642
  -2.7400000    0.0376000
  -2.7200000    0.0420094
  -2.7000000    0.0457063
  -2.6800000    0.0486191
  -2.6600000    0.0506930
  -2.6400000    0.0518940
  -2.6200000    0.0522121
  -2.6000000    0.0516631
  -2.5800000    0.0502907
  -2.5600000    0.0481663
  -2.5400000    0.0453872
  -2.5200000    0.0420740
  -2.5000000    0.0383667
  -2.4800000    0.0344196
  -2.4600000    0.0303959
  -2.4400000    0.0264631
  -2.4200000    0.0227868
  -2.4000000    0.0195262
  -2.3800000    0.0168291
  -2.3600000    0.0148268
  -2.3400000    0.0136294
  -2.3200000    0.0133219
  -2.3000000    0.0139601
  -2.2800000    0.0155680
  -2.2600000    0.0181358
  -2.2400000    0.0216202
  -2.2200000    0.0259452
  -2.2000000    0.0310046
  -2.1800000    0.0366655
  -2.1600000    0.0427725
  -2.1400000    0.0491524
  -2.1200000    0.0556188
  -2.1000000    0.0619766
  -2.0800000    0.0680265
  -2.0600000    0.0735700
  -2.0400000    0.0784138
  -2.0200000    0.0823748
  -2.0000000    0.0852858
  -1.9800000    0.0870001
  -1.9600000    0.0873974
  -1.9400000    0.0863886
  -1.9200000    0.0839202
  -1.9000000    0.0799774
  -1.8800000    0.0745869
  -1.8600000    0.0678175
  -1.8400000    0.0597805
  -1.8200000    0.0506278
  -1.8000000    0.0405496
  -1.7800000    0.0297706
  -1.7600000    0.0185445
  -1.7400000    0.0071483
  -1.7200000   -0.0041257
  -1.7000000   -0.0149786
  -1.6800000   -0.0251145
  -1.6600000   -0.0342514
  -1.6400000   -0.0421321
  -1.6200000   -0.0485344
  -1.6000000   -0.0532811
  -1.5800000   -0.0562474
  -1.5600000   -0.0573672
  -1.5400000   -0.0566353
  -1.5200000   -0.0541083
  -1.5000000   -0.0499009
  -1.4800000   -0.0441816
  -1.4600000   -0.0371647
  -1.4400000   -0.0291021
  -1.4200000   -0.0202734
  -1.4000000   -0.0109756
  -1.3800000   -0.0015128
  -1.3600000    0.0078148
  -1.3400000    0.0167201
  -1.3200000    0.0249400
  -1.3000000    0.0322432
  -1.2800000    0.0384376
  -1.2600000    0.0433761
  -1.2400000    0.0469589
  -1.2200000    0.0491340
  -1.2000000    0.0498942
  -1.1800000    0.0492729
  -1.1600000    0.0473367
  -1.1400000    0.0441789
  -1.1200000    0.0399115
  -1.1000000    0.0346590
  -1.0800000    0.0285536
  -1.0600000    0.0217309
  -1.0400000    0.0143284
  -1.0200000    0.0064835
  -1.0000000   -0.0016669
  -0.9800000   -0.0099872
  -0.9600000   -0.0183435
  -0.9400000   -0.0266046
  -0.9200000   -0.0346424
  -0.9000000   -0.0423330
  -0.8800000   -0.0495568
  -0.8600000   -0.0561989
  -0.8400000   -0.0621498
  -0.8200000   -0.0673059
  -0.8000000   -0.0715715
  -0.7800000   -0.0748607
  -0.7600000   -0.0771005
  -0.7400000   -0.0782340
  -0.7200000   -0.0782241
  -0.7000000   -0.0770558
  -0.6800000   -0.0747378
  -0.6600000   -0.0713031
  -0.6400000   -0.0668077
  -0.6200000   -0.0613284
  -0.6000000   -0.0549603
  -0.5800000   -0.0478137
  -0.5600000   -0.0400115
  -0.5400000   -0.0316876
  -0.5200000   -0.0229844
  -0.5000000   -0.0140518
  -0.4800000   -0.0050439
  -0.4600000    0.0038850
  -0.4400000    0.0125883
  -0.4200000    0.0209372
  -0.4000000    0.0288354
  -0.3800000    0.0362363
  -0.3600000    0.0431622
  -0.3400000    0.0497238
  -0.3200000    0.0561376
  -0.3000000    0.0627382
  -0.2800000    0.0699830
  -0.2600000    0.0784477
  -0.2400000    0.0888101
  -0.2200000    0.1018221
  -0.2000000    0.1182698
  -0.1800000    0.1389231
  -0.1600000    0.1644780
  -0.1400000    0.1954933
  -0.1200000    0.2323270
  -0.1000000    0.2750768
  -0.0800000    0.3235285
  -0.0600000    0.3771185
  -0.0400000    0.4349140
  -0.0200000    0.4956150
   0.0000000    0.5575813
   0.0200000    0.6188849
   0.0400000    0.6773878
   0.0600000    0.7308408
   0.0800000    0.7769988
   0.1000000    0.8137446
   0.1200000    0.8392117
   0.1400000    0.8518968
   0.1600000    0.8507525
   0.1800000    0.8352531
   0.2000000    0.8054276
   0.2200000    0.7618596
   0.2400000    0.7056543
   0.2600000    0.6383786
   0.2800000    0.5619796
   0.3000000    0.4786909
   0.3200000    0.3909334
   0.3400000    0.3012171
   0.3600000    0.2120497
   0.3800000    0.1258537
   0.4000000    0.0448940
   0.4200000   -0.0287855
   0.4400000   -0.0934149
   0.4600000   -0.1475432
   0.4800000   -0.1900739
   0.5000000   -0.2202909
   0.5200000   -0.2378728
   0.5400000   -0.2428950
   0.5600000   -0.2358188
   0.5800000   -0.2174676
   0.6000000   -0.1889923
   0.6200000   -0.1518281
   0.6400000   -0.1076451
   0.6600000   -0.0582965
   0.6800000   -0.0057652
   0.7000000    0.0478905
   0.7200000    0.1005919
   0.7400000    0.1502961
   0.7600000    0.1950559
   0.7800000    0.2330817
   0.8000000    0.2628050
   0.8200000    0.2829402
   0.8400000    0.2925411
   0.8600000    0.2910460
   0.8800000    0.2783092
   0.9000000    0.2546134
   0.9200000    0.2206615
   0.9400000    0.1775505
   0.9600000    0.1267262
   0.9800000    0.0699243
   1.0000000    0.0091009
   1.0200000   -0.0536444
   1.0400000   -0.1161494
   1.0600000   -0.1762722
   1.0800000   -0.2319733
   1.1000000   -0.2813960
   1.1200000   -0.3229412
   1.1400000   -0.3553336
   1.1600000   -0.3776755
   1.1800000   -0.3894840
   1.2000000   -0.3907073
   1.2200000   -0.3817188
   1.2400000   -0.3632878
   1.2600000   -0.3365294
   1.2800000   -0.3028369
   1.3000000   -0.2638025
   1.3200000   -0.2211321
   1.3400000   -0.1765616
   1.3600000   -0.1317781
   1.3800000   -0.0883523
   1.4000000   -0.0476824
   1.4200000   -0.0109517
   1.4400000    0.0209005
   1.4600000    0.0471963
   1.4800000    0.0675254
   1.5000000    0.0817419
   1.5200000    0.0899532
   1.5400000    0.0925007
   1.5600000    0.0899346
   1.5800000    0.0829822
   1.6000000    0.0725117
   1.6200000    0.0594915
   1.6400000    0.0449482
   1.6600000    0.0299223
   1.6800000    0.0154264
   1.7000000    0.0024050
   1.7200000   -0.0083005
   1.7400000   -0.0159819
   1.7600000   -0.0200871
   1.7800000   -0.0202366
   1.8000000   -0.0162327
   1.8200000   -0.0080624
   1.8400000    0.0041068
   1.8600000    0.0199363
   1.8800000    0.0389321
   1.9000000    0.0604650
   1.9200000    0.0837963
   1.9400000    0.1081076
   1.9600000    0.1325340
   1.9800000    0.1562005
   2.0000000    0.1782582
   2.0200000    0.1979207
   2.0400000    0.2144971
   2.0600000    0.2274208
   2.0800000    0.2362716
   2.1000000    0.2407913
   2.1200000    0.2408904
   2.1400000    0.2366478
   2.1600000    0.2283020
   2.1800000    0.2162358
   2.2000000    0.2009549
   2.2200000    0.1830615
   2.2400000    0.1632242
   2.2600000    0.1421453
   2.2800000    0.1205280
   2.3000000    0.0990441
   2.3200000    0.0783044
   2.3400000    0.0588339
   2.3600000    0.0410523
   2.3800000    0.0252624
   2.4000000    0.0116449
   2.4200000    0.0002613
   2.4400000   -0.0089362
   2.4600000   -0.0160905
   2.4800000   -0.0214196
   2.5000000   -0.0251957
   2.5200000   -0.0277225
   2.5400000   -0.0293141
   2.5600000   -0.0302749
   2.5800000   -0.0308843
   2.6000000   -0.0313835
   2.6200000   -0.0319684
   2.6400000   -0.0327855
   2.6600000   -0.0339335
   2.6800000   -0.0354680
   2.7000000   -0.0374090
   2.7200000   -0.0397505
   2.7400000   -0.0424698
   2.7600000   -0.0455373
   2.7800000   -0.0489225
   2.8000000   -0.0525991
   2.8200000   -0.0565469
   2.8400000   -0.0607508
   2.8600000   -0.0651995
   2.8800000   -0.0698822
   2.9000000   -0.0747861
   2.9200000   -0.0798942
   2.9400000   -0.0851844
   2.9600000   -0.0906286
   2.9800000   -0.0961918
   3.0000000   -0.1018314
   3.0200000   -0.1074946
   3.0400000   -0.1131148
   3.0600000   -0.1186081
   3.0800000   -0.1238691
   3.1000000   -0.1287684
   3.1200000   -0.1331522
   3.1400000   -0.1368462
   3.1600000   -0.1396623
   3.1800000   -0.1414096
   3.2000000   -0.1419075
   3.2200000   -0.1410007
   3.2400000   -0.1385727
   3.2600000   -0.1345576
   3.2800000   -0.1289482
   3.3000000   -0.1217990
   3.3200000   -0.1132249
   3.3400000   -0.1033947
   3.3600000   -0.0925216
   3.3800000   -0.0808502
   3.4000000   -0.0686432
   3.4200000   -0.0561671
   3.4400000   -0.0436800
   3.4600000   -0.0314199
   3.4800000   -0.0195965
   3.5000000   -0.0083853
   3.5200000    0.0020753
   3.5400000    0.0116848
   3.5600000    0.0203775
   3.5800000    0.0281189
   3.6000000    0.0348998
   3.6200000    0.0407298
   3.6400000    0.0456314
   3.6600000    0.0496340
   3.6800000    0.0527706
   3.7000000    0.0550755
   3.7200000    0.0565837
   3.7400000    0.0573328
   3.7600000    0.0573654
   3.7800000    0.0567324
   3.8000000    0.0554951
   3.8200000    0.0537271
   3.8400000    0.0515139
   3.8600000    0.0489506
   3.8800000    0.0461371
   3.9000000    0.0431722
   3.9200000    0.0401459
   3.9400000    0.0371319
   3.9600000    0.0341801
   3.9800000    0.0313122
   4.0000000    0.0285180
   4.0200000    0.0257565
   4.0400000    0.0229595
   4.0600000    0.0200385
   4.0800000    0.0168944
   4.1000000    0.0134288
   4.1200000    0.0095553
   4.1400000    0.0052107
   4.1600000    0.0003636
   4.1800000   -0.0049800
   4.2000000   -0.0107741
   4.2200000   -0.0169345
   4.2400000   -0.0233436
   4.2600000   -0.0298576
   4.2800000   -0.0363157
   4.3000000   -0.0425494
   4.3200000   -0.0483926
   4.3400000   -0.0536890
   4.3600000   -0.0582990
   4.3800000   -0.0621050
   4.4000000   -0.0650151
   4.4200000   -0.0669655
   4.4400000   -0.0679227
   4.4600000   -0.0678852
   4.4800000   -0.0668847
   4.5000000   -0.0649873
   4.5200000   -0.0622930
   4.5400000   -0.0589345
   4.5600000   -0.0550735
   4.5800000   -0.0508945
   4.6000000   -0.0465962
   4.6200000   -0.0423806
   4.6400000   -0.0384405
   4.6600000   -0.0349472
   4.6800000   -0.0320381
   4.7000000   -0.0298080
   4.7200000   -0.0283030
   4.7400000   -0.0275183
   4.7600000   -0.0274011
   4.7800000   -0.0278567
   4.8000000   -0.0287581
   4.8200000   -0.0299574
   4.8400000   -0.0312980
   4.8600000   -0.0326260
   4.8800000   -0.0338009
   4.9000000   -0.0347030
   4.9200000   -0.0352403
   4.9400000   -0.0353514
   4.9600000   -0.0350071
   4.9800000   -0.0342104
   5.0000000   -0.0329940
   5.0200000   -0.0314173
   5.0400000   -0.0295618
   5.0600000   -0.0275251
   5.0800000   -0.0254149
   5.1000000   -0.0233413
   5.1200000   -0.0214100
   5.1400000   -0.0197144
   5.1600000   -0.0183301
   5.1800000   -0.0173095
   5.2000000   -0.0166791
   5.2200000   -0.0164385
   5.2400000   -0.0165619
   5.2600000   -0.0170016
   5.2800000   -0.0176931
   5.3000000   -0.0185612
   5.3200000   -0.0195269
   5.3400000   -0.0205130
   5.3600000   -0.0214501
   5.3800000   -0.0222798
   5.4000000   -0.0229576
   5.4200000   -0.0234526
   5.4400000   -0.0237471
   5.4600000   -0.0238341
   5.4800000   -0.0237141
   5.5000000   -0.0233911
   5.5200000   -0.0228700
   5.5400000   -0.0221525
   5.5600000   -0.0212357
   5.5800000   -0.0201110
   5.6000000   -0.0187644
   5.6200000   -0.0171786
   5.6400000   -0.0153365
   5.6600000   -0.0132255
   5.6800000   -0.0108428
   5.7000000   -0.0082004
   5.7200000   -0.0053290
   5.7400000   -0.0022803
   5.7600000    0.0008732
   5.7800000    0.0040415
   5.8000000    0.0071227
   5.8200000    0.0100120
   5.8400000    0.0126110
   5.8600000    0.0148377
   5.8800000    0.0166351
   5.9000000    0.0179767
   5.9200000    0.0188681
   5.9400000    0.0193458
   5.9600000    0.0194704
   5.9800000    0.0193178
   6.0000000    0.0189697
   6.0200000    0.0185021
   6.0400000    0.0179778
   6.0600000    0.0174392
   6.0800000    0.0169063
   6.1000000    0.0163766
   6.1200000    0.0158281
   6.1400000    0.0152247
   6.1600000    0.0145215
   6.1800000    0.0136705
   6.2000000    0.0126258
   6.2200000    0.0113468
   6.2400000    0.0098011
   6.2600000    0.0079659
   6.2800000    0.0058289
   6.3000000    0.0033889
   6.3200000    0.0006560
   6.3400000   -0.0023480
   6.3600000   -0.0055892
   6.3800000   -0.0090218
   6.4000000   -0.0125882
   6.4200000   -0.0162205
   6.4400000   -0.0198416
   6.4600000   -0.0233685
   6.4800000   -0.0267151
   6.5000000   -0.0297965
   6.5200000   -0.0325335
   6.5400000   -0.0348572
   6.5600000   -0.0367137
   6.5800000   -0.0380687
   6.6000000   -0.0389102
   6.6200000   -0.0392507
   6.6400000   -0.0391273
   6.6600000   -0.0385994
   6.6800000   -0.0377437
   6.7000000   -0.0366478
   6.7200000   -0.0354008
   6.7400000   -0.0340843
   6.7600000   -0.0327625
   6.7800000   -0.0314743
   6.8000000   -0.0302279
   6.8200000   -0.0289993
   6.8400000   -0.0277341
   6.8600000   -0.0263545
   6.8800000   -0.0247684
   6.9000000   -0.0228816
   6.9200000   -0.0206100
   6.9400000   -0.0178916
   6.9600000   -0.0146954
   6.9800000   -0.0110273
   7.0000000   -0.0069320
   7.0200000   -0.0024912
   7.0400000    0.0021820
   7.0600000    0.0069507
   7.0800000    0.0116629
   7.1000000    0.0161602
   7.1200000    0.0202857
   7.1400000    0.0238899
   7.1600000    0.0268354
   7.1800000    0.0289995
   7.2000000    0.0302762
   7.2200000    0.0305780
   7.2400000    0.0298373
   7.2600000    0.0280096
   7.2800000    0.0250773
   7.3000000    0.0210535
   7.3200000    0.0159868
   7.3400000    0.0099648
   7.3600000    0.0031160
   7.3800000   -0.0043907
   7.4000000   -0.0123501
   7.4200000   -0.0205272
   7.4400000   -0.0286680
   7.4600000   -0.0365119
   7.4800000   -0.0438050
   7.5000000   -0.0503147
   7.5200000   -0.0558417
   7.5400000   -0.0602296
   7.5600000   -0.0633714
   7.5800000   -0.0652111
   7.6000000   -0.0657419
   7.6200000   -0.0649999
   7.6400000   -0.0630552
   7.6600000   -0.0600018
   7.6800000   -0.0559466
   7.7000000   -0.0510004
   7.7200000   -0.0452704
   7.7400000   -0.0388569
   7.7600000   -0.0318527
   7.7800000   -0.0243465
   7.8000000   -0.0164288
   7.8200000   -0.0081994
   7.8400000    0.0002251
   7.8600000    0.0087051
   7.8800000    0.0170752
   7.9000000    0.0251447
   7.9200000    0.0327031
   7.9400000    0.0395301
   7.9600000    0.0454089
   7.9800000    0.0501418
   8.0000000    0.0535666
   8.0200000    0.0555707
   8.0400000    0.0561022
   8.0600000    0.0551755
   8.0800000    0.0528724
   8.1000000    0.0493356
   8.1200000    0.0447597
   8.1400000    0.0393770
   8.1600000    0.0334424
   8.1800000    0.0272193
   8.2000000    0.0209662
   8.2200000    0.0149271
   8.2400000    0.0093240
   8.2600000    0.0043538
   8.2800000    0.0001857
   8.3000000   -0.0030394
   8.3200000   -0.0052093
   8.3400000   -0.0062419
   8.3600000   -0.0060867
   8.3800000   -0.0047268
   8.4000000   -0.0021810
   8.4200000    0.0014954
   8.4400000    0.0062108
   8.4600000    0.0118395
   8.4800000    0.0182259
   8.5000000    0.0251898
   8.5200000    0.0325326
   8.5400000    0.0400443
   8.5600000    0.0475094
   8.5800000    0.0547126
   8.6000000    0.0614435
   8.6200000    0.0675010
   8.6400000    0.0726976
   8.6600000    0.0768631
   8.6800000    0.0798492
   8.7000000    0.0815348
   8.7200000    0.0818305
   8.7400000    0.0806832
   8.7600000    0.0780798
   8.7800000    0.0740490
   8.8000000    0.0686611
   8.8200000    0.0620261
   8.8400000    0.0542894
   8.8600000    0.0456265
   8.8800000    0.0362358
   8.9000000    0.0263328
   8.9200000    0.0161433
   8.9400000    0.0058979
   8.9600000   -0.0041720
   8.9800000   -0.0138382
   9.0000000   -0.0228788
   9.0200000   -0.0310817
   9.0400000   -0.0382481
   9.0600000   -0.0441972
   9.0800000   -0.0487727
   9.1000000   -0.0518491
   9.1200000   -0.0533391
   9.1400000   -0.0532009
   9.1600000   -0.0514445
   9.1800000   -0.0481354
   9.2000000   -0.0433964
   9.2200000   -0.0374057
   9.2400000   -0.0303909
   9.2600000   -0.0226207
   9.2800000   -0.0143923
   9.3000000   -0.0060172
   9.3200000    0.0021937
   9.3400000    0.0099457
   9.3600000    0.0169739
   9.3800000    0.0230550
   9.4000000    0.0280157
   9.4200000    0.0317375
   9.4400000    0.0341575
   9.4600000    0.0352671
   9.4800000    0.0351062
   9.5000000    0.0337568
   9.5200000    0.0313351
   9.5400000    0.0279837
   9.5600000    0.0238636
   9.5800000    0.0191486
   9.6000000    0.0140196
   9.6200000    0.0086608
   9.6400000    0.0032564
   9.6600000   -0.0020119
   9.6800000   -0.0069678
   9.7000000   -0.0114428
   9.7200000   -0.0152806
   9.7400000   -0.0183400
   9.7600000   -0.0204996
   9.7800000   -0.0216619
   9.8000000   -0.0217568
   9.8200000   -0.0207447
   9.8400000   -0.0186182
   9.8600000   -0.0154025
   9.8800000   -0.0111546
   9.9000000   -0.0059617
   9.9200000    0.0000619
   9.9400000    0.0067782
   9.9600000    0.0140293
   9.9800000    0.0216410
  10.0000000    0.0294270
  10.0200000    0.0371923
  10.0400000    0.0447376
  10.0600000    0.0518634
  10.0800000    0.0583743
  10.1000000    0.0640850
  10.1200000    0.0688259
  10.1400000    0.0724500
  10.1600000    0.0748403
  10.1800000    0.0759164
  10.2000000    0.0756413
  10.2200000    0.0740267
  10.2400000    0.0711351
  10.2600000    0.0670810
  10.2800000    0.0620267
  10.3000000    0.0561759
  10.3200000    0.0497635
  10.3400000    0.0430423
  10.3600000    0.0362680
  10.3800000    0.0296835
  10.4000000    0.0235041
  10.4200000    0.0179051
  10.4400000    0.0130123
  10.4600000    0.0088980
  10.4800000    0.0055812
  10.5000000    0.0030322
  10.5200000    0.0011825
  10.5400000   -0.0000642
  10.5600000   -0.0008179
  10.5800000   -0.0011898
  10.6000000   -0.0012803
  10.6200000   -0.0011714
  10.6400000   -0.0009211
  10.6600000   -0.0005632
  10.6800000   -0.0001101
  10.7000000    0.0004411
  10.7200000    0.0011008
  10.7400000    0.0018783
  10.7600000    0.0027742
  10.7800000    0.0037737
  10.8000000    0.0048437
  10.8200000    0.0059318
  10.8400000    0.0069693
  10.8600000    0.0078763
  10.8800000    0.0085688
  10.9000000    0.0089671
  10.9200000    0.0090038
  10.9400000    0.0086306
  10.9600000    0.0078235
  10.9800000    0.0065851
  11.0000000    0.0049447
  11.0200000    0.0029550
  11.0400000    0.0006881
  11.0600000   -0.0017713
  11.0800000   -0.0043321
  11.1000000   -0.0069036
  11.1200000   -0.0094005
  11.1400000   -0.0117474
  11.1600000   -0.0138815
  11.1800000   -0.0157533
  11.2000000   -0.0173269
  11.2200000   -0.0185788
  11.2400000   -0.0194964
  11.2600000   -0.0200764
  11.2800000   -0.0203229
  11.3000000   -0.0202470
  11.3200000   -0.0198654
  11.3400000   -0.0192004
  11.3600000   -0.0182797
  11.3800000   -0.0171365
  11.4000000   -0.0158093
  11.4200000   -0.0143421
  11.4400000   -0.0127836
  11.4600000   -0.0111869
  11.4800000   -0.0096080
  11.5000000   -0.0081048
  11.5200000   -0.0067354
  11.5400000   -0.0055558
  11.5600000   -0.0046177
  11.5800000   -0.0039666
  11.6000000   -0.0036385
  11.6200000   -0.0036584
  11.6400000   -0.0040378
  11.6600000   -0.0047737
  11.6800000   -0.0058469
  11.7000000   -0.0072229
  11.7200000   -0.0088516
  11.7400000   -0.0106687
  11.7600000   -0.0125972
  11.7800000   -0.0145492
  11.8000000   -0.0164282
  11.8200000   -0.0181314
  11.8400000   -0.0195523
  11.8600000   -0.0205842
  11.8800000   -0.0211233
  11.9000000   -0.0210732
  11.9200000   -0.0203489
  11.9400000   -0.0188812
  11.9600000   -0.0166205
  11.9800000   -0.0135397
  12.0000000   -0.0096361
  12.0200000   -0.0049312
  12.0400000    0.0005302
  12.0600000    0.0066831
  12.0800000    0.0134451
  12.1000000    0.0207205
  12.1200000    0.0284028
  12.1400000    0.0363773
  12.1600000    0.0445223
  12.1800000    0.0527084
  12.2000000    0.0607985
  12.2200000    0.0686463
  12.2400000    0.0760962
  12.2600000    0.0829840
  12.2800000    0.0891391
  12.3000000    0.0943890
  12.3200000    0.0985651
  12.3400000    0.1015104
  12.3600000    0.1030877
  12.3800000    0.1031878
  12.4000000    0.1017367
  12.4200000    0.0987017
  12.4400000    0.0940945
  12.4600000    0.0879729
  12.4800000    0.0804385
  12.5000000    0.0716325
  12.5200000    0.0617297
  12.5400000    0.0509300
  12.5600000    0.0394493
  12.5800000    0.0275098
  12.6000000    0.0153311
  12.6200000    0.0031211
  12.6400000   -0.0089301
  12.6600000   -0.0206559
  12.6800000   -0.0319162
  12.7000000   -0.0425979
  12.7200000   -0.0526143
  12.7400000   -0.0619021
  12.7600000   -0.0704179
  12.7800000   -0.0781334
  12.8000000   -0.0850317
  12.8200000   -0.0911033
  12.8400000   -0.0963433
  12.8600000   -0.1007496
  12.8800000   -0.1043223
  12.9000000   -0.1070634
  12.9200000   -0.1089774
  12.9400000   -0.1100713
  12.9600000   -0.1103552
  12.9800000   -0.1098418
  13.0000000   -0.1085459
  13.0200000   -0.1064843
  13.0400000   -0.1036758
  13.0600000   -0.1001411
  13.0800000   -0.0959046
  13.1000000   -0.0909966
  13.1200000   -0.0854556
  13.1400000   -0.0793318
  13.1600000   -0.0726896
  13.1800000   -0.0656100
  13.2000000   -0.0581915
  13.2200000   -0.0505497
  13.2400000   -0.0428158
  13.2600000   -0.0351330
  13.2800000   -0.0276525
  13.3000000   -0.0205275
  13.3200000   -0.0139079
  13.3400000   -0.0079333
  13.3600000   -0.0027268
  13.3800000    0.0016109
  13.4000000    0.0050069
  13.4200000    0.0074200
  13.4400000    0.0088433
  13.4600000    0.0093039
  13.4800000    0.0088612
  13.5000000    0.0076027
  13.5200000    0.0056383
  13.5400000    0.0030927
  13.5600000    0.0000978
  13.5800000   -0.0032138
  13.6000000   -0.0067155
  13.6200000   -0.0102905
  13.6400000   -0.0138339
  13.6600000   -0.0172529
  13.6800000   -0.0204657
  13.7000000   -0.0233994
  13.7200000   -0.0259877
  13.7400000   -0.0281699
  13.7600000   -0.0298900
  13.7800000   -0.0310984
  13.8000000   -0.0317540
  13.8200000   -0.0318272
  13.8400000   -0.0313043
  13.8600000   -0.0301903
  13.8800000   -0.0285111
  13.9000000   -0.0263147
  13.9200000   -0.0236702
  13.9400000   -0.0206650
  13.9600000   -0.0174011
  13.9800000   -0.0139904
  14.0000000   -0.0105495
  14.0200000   -0.0071950
  14.0400000   -0.0040393
  14.0600000   -0.0011877
  14.0800000    0.0012643
  14.1000000    0.0032329
  14.1200000    0.0046481
  14.1400000    0.0054554
  14.1600000    0.0056189
  14.1800000    0.0051243
  14.2000000    0.0039819
  14.2200000    0.0022296
  14.2400000   -0.0000658
  14.2600000   -0.0028091
  14.2800000   -0.0058802
  14.3000000   -0.0091401
  14.3200000   -0.0124409
  14.3400000   -0.0156367
  14.3600000   -0.0185969
  14.3800000   -0.0212186
  14.4000000   -0.0234370
  14.4200000   -0.0252333
  14.4400000   -0.0266363
  14.4600000   -0.0277209
  14.4800000   -0.0285992
  14.5000000   -0.0294091
  14.5200000   -0.0302984
  14.5400000   -0.0314086
  14.5600000   -0.0328586
  14.5800000   -0.0347318
  14.6000000   -0.0370671
  14.6200000   -0.0398544
  14.6400000   -0.0430359
  14.6600000   -0.0465128
  14.6800000   -0.0501543
  14.7000000   -0.0538108
  14.7200000   -0.0573266
  14.7400000   -0.0605526
  14.7600000   -0.0633573
  14.7800000   -0.0656339
  14.8000000   -0.0673055
  14.8200000   -0.0683258
  14.8400000   -0.0686781
  14.8600000   -0.0683716
  14.8800000   -0.0674368
  14.9000000   -0.0659199
  14.9200000   -0.0638782
  14.9400000   -0.0613756
  14.9600000   -0.0584791
  14.9800000   -0.0552569
  15.0000000   -0.0517768
  15.0200000   -0.0481051
  15.0400000   -0.0443065
  15.0600000   -0.0404439
  15.0800000   -0.0365781
  15.1000000   -0.0327678
  15.1200000   -0.0290693
  15.1400000   -0.0255364
  15.1600000   -0.0222200
  15.1800000   -0.0191675
  15.2000000   -0.0164225
  15.2200000   -0.0140233
  15.2400000   -0.0120017
  15.2600000   -0.0103808
  15.2800000   -0.0091732
  15.3000000   -0.0083787
  15.3200000   -0.0079821
  15.3400000   -0.0079525
  15.3600000   -0.0082424
  15.3800000   -0.0087889
  15.4000000   -0.0095151
  15.4200000   -0.0103333
  15.4400000   -0.0111480
  15.4600000   -0.0118602
  15.4800000   -0.0123709
  15.5000000   -0.0125859
  15.5200000   -0.0124190
  15.5400000   -0.0117967
  15.5600000   -0.0106620
  15.5800000   -0.0089787
  15.6000000   -0.0067358
  15.6200000   -0.0039515
  15.6400000   -0.0006766
  15.6600000    0.0030032
  15.6800000    0.0069673
  15.7000000    0.0110627
  15.7200000    0.0151098
  15.7400000    0.0189110
  15.7600000    0.0222623
  15.7800000    0.0249676
  15.8000000    0.0268528
  15.8200000    0.0277803
  15.8400000    0.0276610
  15.8600000    0.0264622
  15.8800000    0.0242115
  15.9000000    0.0209950
  15.9200000    0.0169499
  15.9400000    0.0122535
  15.9600000    0.0071084
  15.9800000    0.0017271
  16.0000000   -0.0036830
  16.0200000   -0.0089330
  16.0400000   -0.0138617
  16.0600000   -0.0183405
  16.0800000   -0.0222756
  16.1000000   -0.0256054
  16.1200000   -0.0282966
  16.1400000   -0.0303388
  16.1600000   -0.0317396
  16.1800000   -0.0325199
  16.2000000   -0.0327117
  16.2200000   -0.0323559
  16.2400000   -0.0315023
  16.2600000   -0.0302096
  16.2800000   -0.0285443
  16.3000000   -0.0265802
  16.3200000   -0.0243963
  16.3400000   -0.0220734
  16.3600000   -0.0196916
  16.3800000   -0.0173259
  16.4000000   -0.0150439
  16.4200000   -0.0129038
  16.4400000   -0.0109531
  16.4600000   -0.0092287
  16.4800000   -0.0077576
  16.5000000   -0.0065577
  16.5200000   -0.0056388
  16.5400000   -0.0050029
  16.5600000   -0.0046446
  16.5800000   -0.0045508
  16.6000000   -0.0047011
  16.6200000   -0.0050680
  16.6400000   -0.0056183
  16.6600000   -0.0063153
  16.6800000   -0.0071217
  16.7000000   -0.0080022
  16.7200000   -0.0089270
  16.7400000   -0.0098728
  16.7600000   -0.0108241
  16.7800000   -0.0117719
  16.8000000   -0.0127111
  16.8200000   -0.0136373
  16.8400000   -0.0145432
  16.8600000   -0.0154146
  16.8800000   -0.0162292
  16.9000000   -0.0169555
  16.9200000   -0.0175546
  16.9400000   -0.0179836
  16.9600000   -0.0181995
  16.9800000   -0.0181645
  17.0000000   -0.0178501
  17.0200000   -0.0172406
  17.0400000   -0.0163347
  17.0600000   -0.0151455
  17.0800000   -0.0136982
  17.1000000   -0.0120278
  17.1200000   -0.0101742
  17.1400000   -0.0081781
  17.1600000   -0.0060774
  17.1800000   -0.0039030
  17.2000000   -0.0016771
  17.2200000    0.0005894
  17.2400000    0.0028963
  17.2600000    0.0052547
  17.2800000    0.0076847
  17.3000000    0.0102140
  17.3200000    0.0128741
  17.3400000    0.0156974
  17.3600000    0.0187128
  17.3800000    0.0219425
  17.4000000    0.0253986
  17.4200000    0.0290813
  17.4400000    0.0329782
  17.4600000    0.0370648
  17.4800000    0.0413063
  17.5000000    0.0456603
  17.5200000    0.0500792
  17.5400000    0.0545124
  17.5600000    0.0589071
  17.5800000    0.0632081
  17.6000000    0.0673566
  17.6200000    0.0712881
  17.6400000    0.0749305
  17.6600000    0.0782039
  17.6800000    0.0810209
  17.7000000    0.0832898
  17.7200000    0.0849196
  17.7400000    0.0858263
  17.7600000    0.0859402
  17.7800000    0.0852124
  17.8000000    0.0836200
  17.8200000    0.0811695
  17.8400000    0.0778970
  17.8600000    0.0738659
  17.8800000    0.0691622
  17.9000000    0.0638891
  17.9200000    0.0581596
  17.9400000    0.0520905
  17.9600000    0.0457967
  17.9800000    0.0393868
  18.0000000    0.0329599
  18.0200000    0.0266043
  18.0400000    0.0203962
  18.0600000    0.0143991
  18.0800000    0.0086645
  18.1000000    0.0032305
  18.1200000   -0.0018774
  18.1400000   -0.0066467
  18.1600000   -0.0110775
  18.1800000   -0.0151815
  18.2000000   -0.0189797
  18.2200000   -0.0224996
  18.2400000   -0.0257715
  18.2600000   -0.0288240
  18.2800000   -0.0316796
  18.3000000   -0.0343510
  18.3200000   -0.0368379
  18.3400000   -0.0391263
  18.3600000   -0.0411884
  18.3800000   -0.0429850
  18.4000000   -0.0444691
  18.4200000   -0.0455911
  18.4400000   -0.0463031
  18.4600000   -0.0465644
  18.4800000   -0.0463450
  18.5000000   -0.0456284
  18.5200000   -0.0444128
  18.5400000   -0.0427108
  18.5600000   -0.0405481
  18.5800000   -0.0379608
  18.6000000   -0.0349934
  18.6200000   -0.0316957
  18.6400000   -0.0281206
  18.6600000   -0.0243224
  18.6800000   -0.0203544
  18.7000000   -0.0162682
  18.7200000   -0.0121118
  18.7400000   -0.0079278
  18.7600000   -0.0037522
  18.7800000    0.0003877
  18.8000000    0.0044754
  18.8200000    0.0085053
  18.8400000    0.0124838
  18.8600000    0.0164278
  18.8800000    0.0203617
  18.9000000    0.0243140
  18.9200000    0.0283107
  18.9400000    0.0323698
  18.9600000    0.0364945
  18.9800000    0.0406677
  19.0000000    0.0448475
  19.0200000    0.0489663
  19.0400000    0.0529311
  19.0600000    0.0566277
  19.0800000    0.0599276
  19.1000000    0.0626961
  19.1200000    0.0648029
  19.1400000    0.0661319
  19.1600000    0.0665912
  19.1800000    0.0661212
  19.2000000    0.0647007
  19.2200000    0.0623509
  19.2400000    0.0591357
  19.2600000    0.0551599
  19.2800000    0.0505644
  19.3000000    0.0455191
  19.3200000    0.0402135
  19.3400000    0.0348456
  19.3600000    0.0296110
  19.3800000    0.0246904
  19.4000000    0.0202394
  19.4200000    0.0163788
  19.4400000    0.0131887
  19.4600000    0.0107046
  19.4800000    0.0089171
  19.5000000    0.0077762
  19.5200000    0.0071969
  19.5400000    0.0070687
  19.5600000    0.0072659
  19.5800000    0.0076586
  19.6000000    0.0081234
  19.6200000    0.0085524
  19.6400000    0.0088601
  19.6600000    0.0089878
  19.6800000    0.0089045
  19.7000000    0.0086058
  19.7200000    0.0081097
  19.7400000    0.0074507
  19.7600000    0.0066730
  19.7800000    0.0058236
  19.8000000    0.0049457
  19.8200000    0.0040745
  19.8400000    0.0032337
  19.8600000    0.0024359
  19.8800000    0.0016839
  19.9000000    0.0009737
  19.9200000    0.0002992
  19.9400000   -0.0003444
  19.9600000   -0.0009572
  19.9800000   -0.0015333
  20.0000000   -0.0020612
  20.0200000   -0.0025265
  20.0400000   -0.0029156
  20.0600000   -0.0032198
  20.0800000   -0.0034403
  20.1000000   -0.0035910
  20.1200000   -0.0037000
  20.1400000   -0.0038091
  20.1600000   -0.0039710
  20.1800000   -0.0042446
  20.2000000   -0.0046890
  20.2200000   -0.0053574
  20.2400000   -0.0062907
  20.2600000   -0.0075127
  20.2800000   -0.0090264
  20.3000000   -0.0108125
  20.3200000   -0.0128297
  20.3400000   -0.0150165
  20.3600000   -0.0172949
  20.3800000   -0.0195751
  20.4000000   -0.0217603
  20.4200000   -0.0237523
  20.4400000   -0.0254563
  20.4600000   -0.0267859
  20.4800000   -0.0276667
  20.5000000   -0.0280395
  20.5200000   -0.0278621
  20.5400000   -0.0271114
  20.5600000   -0.0257833
  20.5800000   -0.0238925
  20.6000000   -0.0214714
  20.6200000   -0.0185687
  20.6400000   -0.0152463
  20.6600000   -0.0115766
  20.6800000   -0.0076388
  20.7000000   -0.0035151
  20.7200000    0.0007135
  20.7400000    0.0049704
  20.7600000    0.0091867
  20.7800000    0.0133033
  20.8000000    0.0172719
  20.8200000    0.0210547
  20.8400000    0.0246229
  20.8600000    0.0279548
  20.8800000    0.0310327
  20.9000000    0.0338404
  20.9200000    0.0363607
  20.9400000    0.0385743
  20.9600000    0.0404595
  20.9800000    0.0419925
  21.0000000    0.0431492
  21.0200000    0.0439068
  21.0400000    0.0442464
  21.0600000    0.0441536
  21.0800000    0.0436203
  21.1000000    0.0426444
  21.1200000    0.0412297
  21.1400000    0.0393850
  21.1600000    0.0371233
  21.1800000    0.0344610
  21.2000000    0.0314177
  21.2200000    0.0280162
  21.2400000    0.0242828
  21.2600000    0.0202482
  21.2800000    0.0159482
  21.3000000    0.0114249
  21.3200000    0.0067269
  21.3400000    0.0019100
  21.3600000   -0.0029625
  21.3800000   -0.0078202
  21.4000000   -0.0125864
  21.4200000   -0.0171795
  21.4400000   -0.0215156
  21.4600000   -0.0255115
  21.4800000   -0.0290892
  21.5000000   -0.0321803
  21.5200000   -0.0347310
  21.5400000   -0.0367064
  21.5600000   -0.0380941
  21.5800000   -0.0389060
  21.6000000   -0.0391778
  21.6200000   -0.0389670
  21.6400000   -0.0383487
  21.6600000   -0.0374102
  21.6800000   -0.0362446
  21.7000000   -0.0349449
  21.7200000   -0.0335987
  21.7400000   -0.0322838
  21.7600000   -0.0310658
  21.7800000   -0.0299964
  21.8000000   -0.0291139
  21.8200000   -0.0284430
  21.8400000   -0.0279958
  21.8600000   -0.0277723
  21.8800000   -0.0277608
  21.9000000   -0.0279378
  21.9200000   -0.0282687
  21.9400000   -0.0287078
  21.9600000   -0.0292003
  21.9800000   -0.0296846
  22.0000000   -0.0300956
  22.0200000   -0.0303688
  22.0400000   -0.0304448
  22.0600000   -0.0302737
  22.0800000   -0.0298177
  22.1000000   -0.0290539
  22.1200000   -0.0279747
  22.1400000   -0.0265870
  22.1600000   -0.0249105
  22.1800000   -0.0229754
  22.2000000   -0.0208197
  22.2200000   -0.0184873
  22.2400000   -0.0160258
  22.2600000   -0.0134855
  22.2800000   -0.0109187
  22.3000000   -0.0083788
  22.3200000   -0.0059195
  22.3400000   -0.0035934
  22.3600000   -0.0014500
  22.3800000    0.0004664
  22.4000000    0.0021189
  22.4200000    0.0034806
  22.4400000    0.0045352
  22.4600000    0.0052774
  22.4800000    0.0057122
  22.5000000    0.0058527
  22.5200000    0.0057180
  22.5400000    0.0053306
  22.5600000    0.0047148
  22.5800000    0.0038955
  22.6000000    0.0028987
  22.6200000    0.0017525
  22.6400000    0.0004891
  22.6600000   -0.0008535
  22.6800000   -0.0022302
  22.7000000   -0.0035893
  22.7200000   -0.0048731
  22.7400000   -0.0060218
  22.7600000   -0.0069764
  22.7800000   -0.0076831
  22.8000000   -0.0080973
  22.8200000   -0.0081852
  22.8400000   -0.0079252
  22.8600000   -0.0073062
  22.8800000   -0.0063251
  22.9000000   -0.0049833
  22.9200000   -0.0032827
  22.9400000   -0.0012230
  22.9600000    0.0011987
  22.9800000    0.0039866
  23.0000000    0.0071420
  23.0200000    0.0106573
  23.0400000    0.0145089
  23.0600000    0.0186499
  23.0800000    0.0230051
  23.1000000    0.0274686
  23.1200000    0.0319042
  23.1400000    0.0361516
  23.1600000    0.0400345
  23.1800000    0.0433732
  23.2000000    0.0459976
  23.2200000    0.0477607
  23.2400000    0.0485506
  23.2600000    0.0482995
  23.2800000    0.0469890
  23.3000000    0.0446513
  23.3200000    0.0413670
  23.3400000    0.0372589
  23.3600000    0.0324839
  23.3800000    0.0272239
  23.4000000    0.0216757
  23.4200000    0.0160423
  23.4400000    0.0105242
  23.4600000    0.0053128
  23.4800000    0.0005844
  23.5000000   -0.0035045
  23.5200000   -0.0068213
  23.5400000   -0.0092608
  23.5600000   -0.0107486
  23.5800000   -0.0112435
  23.6000000   -0.0107399
  23.6200000   -0.0092692
  23.6400000   -0.0068990
  23.6600000   -0.0037322
  23.6800000    0.0000971
  23.7000000    0.0044288
  23.7200000    0.0090838
  23.7400000    0.0138729
  23.7600000    0.0186055
  23.7800000    0.0230996
  23.8000000    0.0271902
  23.8200000    0.0307380
  23.8400000    0.0336355
  23.8600000    0.0358117
  23.8800000    0.0372350
  23.9000000    0.0379136
  23.9200000    0.0378945
  23.9400000    0.0372596
  23.9600000    0.0361212
  23.9800000    0.0346151
  24.0000000    0.0328932
  24.0200000    0.0311141
  24.0400000    0.0294343
  24.0600000    0.0279990
  24.0800000    0.0269330
  24.1000000    0.0263340
  24.1200000    0.0262664
  24.1400000    0.0267582
  24.1600000    0.0278007
  24.1800000    0.0293502
  24.2000000    0.0313325
  24.2200000    0.0336494
  24.2400000    0.0361862
  24.2600000    0.0388200
  24.2800000    0.0414273
  24.3000000    0.0438905
  24.3200000    0.0461026
  24.3400000    0.0479710
  24.3600000    0.0494179
  24.3800000    0.0503804
  24.4000000    0.0508097
  24.4200000    0.0506693
  24.4400000    0.0499339
  24.4600000    0.0485893
  24.4800000    0.0466325
  24.5000000    0.0440725
  24.5200000    0.0409322
  24.5400000    0.0372492
  24.5600000    0.0330762
  24.5800000    0.0284807
  24.6000000    0.0235429
  24.6200000    0.0183530
  24.6400000    0.0130078
  24.6600000    0.0076072
  24.6800000    0.0022510
  24.7000000   -0.0029632
  24.7200000   -0.0079411
  24.7400000   -0.0125921
  24.7600000   -0.0168288
  24.7800000   -0.0205672
  24.8000000   -0.0237272
  24.8200000   -0.0262348
  24.8400000   -0.0280259
  24.8600000   -0.0290510
  24.8800000   -0.0292813
  24.9000000   -0.0287150
  24.9200000   -0.0273821
  24.9400000   -0.0253482
  24.9600000   -0.0227150
  24.9800000   -0.0196178
  25.0000000   -0.0162204
  25.0200000   -0.0127066
  25.0400000   -0.0092698
  25.0600000   -0.0061020
  25.0800000   -0.0033826
  25.1000000   -0.0012683
  25.1200000    0.0001143
  25.1400000    0.0006740
  25.1600000    0.0003568
  25.1800000   -0.0008550
  25.2000000   -0.0029462
  25.2200000   -0.0058735
  25.2400000   -0.0095716
  25.2600000   -0.0139590
  25.2800000   -0.0189429
  25.3000000   -0.0244232
  25.3200000   -0.0302942
  25.3400000   -0.0364456
  25.3600000   -0.0427612
  25.3800000   -0.0491175
  25.4000000   -0.0553825
  25.4200000   -0.0614143
  25.4400000   -0.0670622
  25.4600000   -0.0721687
  25.4800000   -0.0765748
  25.5000000   -0.0801258
  25.5200000   -0.0826800
  25.5400000   -0.0841177
  25.5600000   -0.0843494
  25.5800000   -0.0833238
  25.6000000   -0.0810334
  25.6200000   -0.0775164
  25.6400000   -0.0728565
  25.6600000   -0.0671790
  25.6800000   -0.0606443
  25.7000000   -0.0534388
  25.7200000   -0.0457659
  25.7400000   -0.0378351
  25.7600000   -0.0298537
  25.7800000   -0.0220183
  25.8000000   -0.0145085
  25.8200000   -0.0074827
  25.8400000   -0.0010753
  25.8600000    0.0046050
  25.8800000    0.0094757
  25.9000000    0.0134800
  25.9200000    0.0165866
  25.9400000    0.0187885
  25.9600000    0.0201019
  25.9800000    0.0205643
  26.0000000    0.0202324
  26.0200000    0.0191792
  26.0400000    0.0174912
  26.0600000    0.0152644
  26.0800000    0.0126013
  26.1000000    0.0096078
  26.1200000    0.0063902
  26.1400000    0.0030536
  26.1600000   -0.0002997
  26.1800000   -0.0035717
  26.2000000   -0.0066697
  26.2200000   -0.0095086
  26.2400000   -0.0120131
  26.2600000   -0.0141211
  26.2800000   -0.0157877
  26.3000000   -0.0169884
  26.3200000   -0.0177225
  26.3400000   -0.0180144
  26.3600000   -0.0179126
  26.3800000   -0.0174868
  26.4000000   -0.0168214
  26.4200000   -0.0160081
  26.4400000   -0.0151362
  26.4600000   -0.0142836
  26.4800000   -0.0135082
  26.5000000   -0.0128425
  26.5200000   -0.0122907
  26.5400000   -0.0118296
  26.5600000   -0.0114130
  26.5800000   -0.0109794
  26.6000000   -0.0104605
  26.6200000   -0.0097919
  26.6400000   -0.0089216
  26.6600000   -0.0078179
  26.6800000   -0.0064738
  26.7000000   -0.0049091
  26.7200000   -0.0031684
  26.7400000   -0.0013173
  26.7600000    0.0005641
  26.7800000    0.0023892
  26.8000000    0.0040729
  26.8200000    0.0055393
  26.8400000    0.0067288
  26.8600000    0.0076032
  26.8800000    0.0081485
  26.9000000    0.0083762
  26.9200000    0.0083220
  26.9400000    0.0080419
  26.9600000    0.0076069
  26.9800000    0.0070965
  27.0000000    0.0065906
  27.0200000    0.0061613
  27.0400000    0.0058663
  27.0600000    0.0057422
  27.0800000    0.0058009
  27.1000000    0.0060276
  27.1200000    0.0063828
  27.1400000    0.0068049
  27.1600000    0.0072171
  27.1800000    0.0075344
  27.2000000    0.0076720
  27.2200000    0.0075532
  27.2400000    0.0071169
  27.2600000    0.0063231
  27.2800000    0.0051564
  27.3000000    0.0036270
  27.3200000    0.0017706
  27.3400000   -0.0003549
  27.3600000   -0.0026732
  27.3800000   -0.0050942
  27.4000000   -0.0075199
  27.4200000   -0.0098487
  27.4400000   -0.0119810
  27.4600000   -0.0138230
  27.4800000   -0.0152912
  27.5000000   -0.0163152
  27.5200000   -0.0168414
  27.5400000   -0.0168356
  27.5600000   -0.0162855
  27.5800000   -0.0152020
  27.6000000   -0.0136203
  27.6200000   -0.0115991
  27.6400000   -0.0092189
  27.6600000   -0.0065776
  27.6800000   -0.0037864
  27.7000000   -0.0009622
  27.7200000    0.0017786
  27.7400000    0.0043277
  27.7600000    0.0065917
  27.7800000    0.0084973
  27.8000000    0.0099952
  27.8200000    0.0110622
  27.8400000    0.0117010
  27.8600000    0.0119383
  27.8800000    0.0118213
  27.9000000    0.0114134
  27.9200000    0.0107893
  27.9400000    0.0100294
  27.9600000    0.0092154
  27.9800000    0.0084260
  28.0000000    0.0077330
  28.0200000    0.0071993
  28.0400000    0.0068771
  28.0600000    0.0068070
  28.0800000    0.0070179
  28.1000000    0.0075275
  28.1200000    0.0083428
  28.1400000    0.0094609
  28.1600000    0.0108696
  28.1800000    0.0125474
  28.2000000    0.0144638
  28.2200000    0.0165787
  28.2400000    0.0188421
  28.2600000    0.0211936
  28.2800000    0.0235619
  28.3000000    0.0258661
  28.3200000    0.0280170
  28.3400000    0.0299199
  28.3600000    0.0314792
  28.3800000    0.0326034
  28.4000000    0.0332122
  28.4200000    0.0332427
  28.4400000    0.0326557
  28.4600000    0.0314414
  28.4800000    0.0296221
  28.5000000    0.0272528
  28.5200000    0.0244198
  28.5400000    0.0212352
  28.5600000    0.0178298
  28.5800000    0.0143439
  28.6000000    0.0109174
  28.6200000    0.0076800
  28.6400000    0.0047422
  28.6600000    0.0021883
  28.6800000    0.0000721
  28.7000000   -0.0015853
  28.7200000   -0.0027948
  28.7400000   -0.0035960
  28.7600000   -0.0040530
  28.7800000   -0.0042478
  28.8000000   -0.0042743
  28.8200000   -0.0042317
  28.8400000   -0.0042181
  28.8600000   -0.0043256
  28.8800000   -0.0046349
  28.9000000   -0.0052120
  28.9200000   -0.0061048
  28.9400000   -0.0073400
  28.9600000   -0.0089220
  28.9800000   -0.0108309
  29.0000000   -0.0130233
  29.0200000   -0.0154331
  29.0400000   -0.0179752
  29.0600000   -0.0205500
  29.0800000   -0.0230502
  29.1000000   -0.0253688
  29.1200000   -0.0274070
  29.1400000   -0.0290825
  29.1600000   -0.0303354
  29.1800000   -0.0311325
  29.2000000   -0.0314674
  29.2200000   -0.0313586
  29.2400000   -0.0308435
  29.2600000   -0.0299719
  29.2800000   -0.0287968
  29.3000000   -0.0273677
  29.3200000   -0.0257243
  29.3400000   -0.0238936
  29.3600000   -0.0218899
  29.3800000   -0.0197175
  29.4000000   -0.0173753
  29.4200000   -0.0148631
  29.4400000   -0.0121865
  29.4600000   -0.0093615
  29.4800000   -0.0064163
  29.5000000   -0.0033906
  29.5200000   -0.0003334
  29.5400000    0.0027021
  29.5600000    0.0056630
  29.5800000    0.0085022
  29.6000000    0.0111827
  29.6200000    0.0136797
  29.6400000    0.0159818
  29.6600000    0.0180904
  29.6800000    0.0200173
  29.7000000    0.0217816
  29.7200000    0.0234062
  29.7400000    0.0249143
  29.7600000    0.0263261
  29.7800000    0.0276564
  29.8000000    0.0289121
  29.8200000    0.0300915
  29.8400000    0.0311831
  29.8600000    0.0321664
  29.8800000    0.0330126
  29.9000000    0.0336864
  29.9200000    0.0341489
  29.9400000    0.0343606
  29.9600000    0.0342853
  29.9800000    0.0338945
  30.0000000    0.0331709
