 -10.0000000   -0.0074930
  -9.9800000   -0.0042717
  -9.9600000    0.0000044
  -9.9400000    0.0052386
  -9.9200000    0.0112948
  -9.9000000    0.0180031
  -9.8800000    0.0251644
  -9.8600000    0.0325559
  -9.8400000    0.0399357
  -9.8200000    0.0470501
  -9.8000000    0.0536405
  -9.7800000    0.0594522
  -9.7600000    0.0642448
  -9.7400000    0.0678026
  -9.7200000    0.0699451
  -9.7000000    0.0705365
  -9.6800000    0.0694929
  -9.6600000    0.0667865
  -9.6400000    0.0624467
  -9.6200000    0.0565577
  -9.6000000    0.0492530
  -9.5800000    0.0407085
  -9.5600000    0.0311338
  -9.5400000    0.0207642
  -9.5200000    0.0098525
  -9.5000000   -0.0013375
  -9.4800000   -0.0125376
  -9.4600000   -0.0234810
  -9.4400000   -0.0339091
  -9.4200000   -0.0435785
  -9.4000000   -0.0522694
  -9.3800000   -0.0597951
  -9.3600000   -0.0660106
  -9.3400000   -0.0708210
  -9.3200000   -0.0741868
  -9.3000000   -0.0761268
  -9.2800000   -0.0767163
  -9.2600000   -0.0760816
  -9.2400000   -0.0743916
  -9.2200000   -0.0718455
  -9.2000000   -0.0686608
  -9.1800000   -0.0650600
  -9.1600000   -0.0612586
  -9.1400000   -0.0574548
  -9.1200000   -0.0538213
  -9.1000000   -0.0504981
  -9.0800000   -0.0475879
  -9.0600000   -0.0451528
  -9.0400000   -0.0432119
  -9.0200000   -0.0417405
  -9.0000000   -0.0406720
  -8.9800000   -0.0399007
  -8.9600000   -0.0392884
  -8.9400000   -0.0386730
  -8.9200000   -0.0378800
  -8.9000000   -0.0367352
  -8.8800000   -0.0350783
  -8.8600000   -0.0327761
  -8.8400000   -0.0297323
  -8.8200000   -0.0258946
  -8.8000000   -0.0212580
  -8.7800000   -0.0158635
  -8.7600000   -0.0097925
  -8.7400000   -0.0031600
  -8.7200000    0.0038945
  -8.7000000    0.0112163
  -8.6800000    0.0186432
  -8.6600000    0.0260119
  -8.6400000    0.0331635
  -8.6200000    0.0399464
  -8.6000000    0.0462200
  -8.5800000    0.0518575
  -8.5600000    0.0567493
  -8.5400000    0.0608072
  -8.5200000    0.0639672
  -8.5000000    0.0661930
  -8.4800000    0.0674768
  -8.4600000    0.0678373
  -8.4400000    0.0673161
  -8.4200000    0.0659699
  -8.4000000    0.0638624
  -8.3800000    0.0610539
  -8.3600000    0.0575934
  -8.3400000    0.0535122
  -8.3200000    0.0488213
  -8.3000000    0.0435128
  -8.2800000    0.0375655
  -8.2600000    0.0309536
  -8.2400000    0.0236578
  -8.2200000    0.0156760
  -8.2000000    0.0070338
  -8.1800000   -0.0022073
  -8.1600000   -0.0119455
  -8.1400000   -0.0220376
  -8.1200000   -0.0323005
  -8.1000000   -0.0425177
  -8.0800000   -0.0524466
  -8.0600000   -0.0618285
  -8.0400000   -0.0704003
  -8.0200000   -0.0779054
  -8.0000000   -0.0841059
  -7.9800000   -0.0887937
  -7.9600000   -0.0918001
  -7.9400000   -0.0930045
  -7.9200000   -0.0923409
  -7.9000000   -0.0898020
  -7.8800000   -0.0854407
  -7.8600000   -0.0793700
  -7.8400000   -0.0717591
  -7.8200000   -0.0628285
  -7.8000000   -0.0528421
  -7.7800000   -0.0420978
  -7.7600000   -0.0309169
  -7.7400000   -0.0196311
  -7.7200000   -0.0085695
  -7.7000000    0.0019556
  -7.6800000    0.0116624
  -7.6600000    0.0203130
  -7.6400000    0.0277251
  -7.6200000    0.0337809
  -7.6000000    0.0384328
  -7.5800000    0.0417055
  -7.5600000    0.0436927
  -7.5400000    0.0445502
  -7.5200000    0.0444836
  -7.5000000    0.0437335
  -7.4800000    0.0425571
  -7.4600000    0.0412090
  -7.4400000    0.0399220
  -7.4200000    0.0388897
  -7.4000000    0.0382521
  -7.3800000    0.0380852
  -7.3600000    0.0383964
  -7.3400000    0.0391245
  -7.3200000    0.0401457
  -7.3000000    0.0412846
  -7.2800000    0.0423291
  -7.2600000    0.0430484
  -7.2400000    0.0432118
  -7.2200000    0.0426084
  -7.2000000    0.0410644
  -7.1800000    0.0384575
  -7.1600000    0.0347267
  -7.1400000    0.0298778
  -7.1200000    0.0239826
  -7.1000000    0.0171727
  -7.0800000    0.0096291
  -7.0600000    0.0015671
  -7.0400000   -0.0067811
  -7.0200000   -0.0151842
  -7.0000000   -0.0234286
  -6.9800000   -0.0313331
  -6.9600000   -0.0387587
  -6.9400000   -0.0456140
  -6.9200000   -0.0518551
  -6.9000000   -0.0574805
  -6.8800000   -0.0625219
  -6.8600000   -0.0670330
  -6.8400000   -0.0710760
  -6.8200000   -0.0747097
  -6.8000000   -0.0779792
  -6.7800000   -0.0809080
  -6.7600000   -0.0834942
  -6.7400000   -0.0857102
  -6.7200000   -0.0875054
  -6.7000000   -0.0888114
  -6.6800000   -0.0895489
  -6.6600000   -0.0896356
  -6.6400000   -0.0889929
  -6.6200000   -0.0875530
  -6.6000000   -0.0852633
  -6.5800000   -0.0820902
  -6.5600000   -0.0780204
  -6.5400000   -0.0730619
  -6.5200000   -0.0672430
  -6.5000000   -0.0606110
  -6.4800000   -0.0532303
  -6.4600000   -0.0451811
  -6.4400000   -0.0365567
  -6.4200000   -0.0274617
  -6.4000000   -0.0180100
  -6.3800000   -0.0083216
  -6.3600000    0.0014799
  -6.3400000    0.0112705
  -6.3200000    0.0209296
  -6.3000000    0.0303425
  -6.2800000    0.0394029
  -6.2600000    0.0480151
  -6.2400000    0.0560934
  -6.2200000    0.0635626
  -6.2000000    0.0703561
  -6.1800000    0.0764141
  -6.1600000    0.0816821
  -6.1400000    0.0861095
  -6.1200000    0.0896494
  -6.1000000    0.0922589
  -6.0800000    0.0939004
  -6.0600000    0.0945437
  -6.0400000    0.0941670
  -6.0200000    0.0927590
  -6.0000000    0.0903196
  -5.9800000    0.0868594
  -5.9600000    0.0823996
  -5.9400000    0.0769712
  -5.9200000    0.0706133
  -5.9000000    0.0633732
  -5.8800000    0.0553058
  -5.8600000    0.0464736
  -5.8400000    0.0369471
  -5.8200000    0.0268053
  -5.8000000    0.0161350
  -5.7800000    0.0050297
  -5.7600000   -0.0064126
  -5.7400000   -0.0180924
  -5.7200000   -0.0299124
  -5.7000000   -0.0417810
  -5.6800000   -0.0536157
  -5.6600000   -0.0653442
  -5.6400000   -0.0769038
  -5.6200000   -0.0882391
  -5.6000000   -0.0992963
  -5.5800000   -0.1100169
  -5.5600000   -0.1203296
  -5.5400000   -0.1301430
  -5.5200000   -0.1393395
  -5.5000000   -0.1477724
  -5.4800000   -0.1552663
  -5.4600000   -0.1616225
  -5.4400000   -0.1666282
  -5.4200000   -0.1700696
  -5.4000000   -0.1717481
  -5.3800000   -0.1714967
  -5.3600000   -0.1691968
  -5.3400000   -0.1647913
  -5.3200000   -0.1582949
  -5.3000000   -0.1497982
  -5.2800000   -0.1394656
  -5.2600000   -0.1275275
  -5.2400000   -0.1142668
  -5.2200000   -0.1000007
  -5.2000000   -0.0850599
  -5.1800000   -0.0697668
  -5.1600000   -0.0544158
  -5.1400000   -0.0392565
  -5.1200000   -0.0244829
  -5.1000000   -0.0102284
  -5.0800000    0.0034316
  -5.0600000    0.0164716
  -5.0400000    0.0289015
  -5.0200000    0.0407504
  -5.0000000    0.0520484
  -4.9800000    0.0628105
  -4.9600000    0.0730234
  -4.9400000    0.0826387
  -4.9200000    0.0915706
  -4.9000000    0.0997004
  -4.8800000    0.1068864
  -4.8600000    0.1129764
  -4.8400000    0.1178236
  -4.8200000    0.1213018
  -4.8000000    0.1233197
  -4.7800000    0.1238316
  -4.7600000    0.1228451
  -4.7400000    0.1204241
  -4.7200000    0.1166863
  -4.7000000    0.1117978
  -4.6800000    0.1059622
  -4.6600000    0.0994071
  -4.6400000    0.0923686
  -4.6200000    0.0850739
  -4.6000000    0.0777245
  -4.5800000    0.0704820
  -4.5600000    0.0634554
  -4.5400000    0.0566944
  -4.5200000    0.0501869
  -4.5000000    0.0438620
  -4.4800000    0.0375984
  -4.4600000    0.0312368
  -4.4400000    0.0245953
  -4.4200000    0.0174863
  -4.4000000    0.0097334
  -4.3800000    0.0011866
  -4.3600000   -0.0082647
  -4.3400000   -0.0186816
  -4.3200000   -0.0300696
  -4.3000000   -0.0423751
  -4.2800000   -0.0554857
  -4.2600000   -0.0692333
  -4.2400000   -0.0833991
  -4.2200000   -0.0977225
  -4.2000000   -0.1119105
  -4.1800000   -0.1256505
  -4.1600000   -0.1386232
  -4.1400000   -0.1505169
  -4.1200000   -0.1610416
  -4.1000000   -0.1699413
  -4.0800000   -0.1770056
  -4.0600000   -0.1820766
  -4.0400000   -0.1850536
  -4.0200000   -0.1858933
  -4.0000000   -0.1846067
  -3.9800000   -0.1812522
  -3.9600000   -0.1759268
  -3.9400000   -0.1687554
  -3.9200000   -0.1598808
  -3.9000000   -0.1494526
  -3.8800000   -0.1376198
  -3.8600000   -0.1245238
  -3.8400000   -0.1102957
  -3.8200000   -0.0950553
  -3.8000000   -0.0789133
  -3.7800000   -0.0619756
  -3.7600000   -0.0443492
  -3.7400000   -0.0261493
  -3.7200000   -0.0075057
  -3.7000000    0.0114304
  -3.6800000    0.0304825
  -3.6600000    0.0494454
  -3.6400000    0.0680852
  -3.6200000    0.0861415
  -3.6000000    0.1033324
  -3.5800000    0.1193610
  -3.5600000    0.1339251
  -3.5400000    0.1467278
  -3.5200000    0.1574891
  -3.5000000    0.1659583
  -3.4800000    0.1719258
  -3.4600000    0.1752339
  -3.4400000    0.1757867
  -3.4200000    0.1735562
  -3.4000000    0.1685869
  -3.3800000    0.1609968
  -3.3600000    0.1509747
  -3.3400000    0.1387752
  -3.3200000    0.1247098
  -3.3000000    0.1091368
  -3.2800000    0.0924484
  -3.2600000    0.0750572
  -3.2400000    0.0573815
  -3.2200000    0.0398303
  -3.2000000    0.0227883
  -3.1800000    0.0066020
  -3.1600000   -0.0084347
  -3.1400000   -0.0220913
  -3.1200000   -0.0342116
  -3.1000000   -0.0447197
  -3.0800000   -0.0536236
  -3.0600000   -0.0610138
  -3.0400000   -0.0670568
  -3.0200000   -0.0719840
  -3.0000000   -0.0760749
  -2.9800000   -0.0796359
  -2.9600000   -0.0829761
  -2.9400000   -0.0863810
  -2.9200000   -0.0900871
  -2.9000000   -0.0942588
  -2.8800000   -0.0989712
  -2.8600000   -0.1042010
  -2.8400000   -0.1098254
  -2.8200000   -0.1156326
  -2.8000000   -0.1213406
  -2.7800000   -0.1266252
  -2.7600000   -0.1311519
  -2.7400000   -0.1346096
  -2.7200000   -0.1367419
  -2.7000000   -0.1373708
  -2.6800000   -0.1364118
  -2.6600000   -0.1338767
  -2.6400000   -0.1298649
  -2.6200000   -0.1245449
  -2.6000000   -0.1181280
  -2.5800000   -0.1108387
  -2.5600000   -0.1028854
  -2.5400000   -0.0944362
  -2.5200000   -0.0856013
  -2.5000000   -0.0764251
  -2.4800000   -0.0668876
  -2.4600000   -0.0569149
  -2.4400000   -0.0463964
  -2.4200000   -0.0352057
  -2.4000000   -0.0232242
  -2.3800000   -0.0103628
  -2.3600000    0.0034199
  -2.3400000    0.0181034
  -2.3200000    0.0335976
  -2.3000000    0.0497412
  -2.2800000    0.0663052
  -2.2600000    0.0830019
  -2.2400000    0.0994985
  -2.2200000    0.1154324
  -2.2000000    0.1304290
  -2.1800000    0.1441197
  -2.1600000    0.1561579
  -2.1400000    0.1662340
  -2.1200000    0.1740869
  -2.1000000    0.1795112
  -2.0800000    0.1823613
  -2.0600000    0.1825510
  -2.0400000    0.1800502
  -2.0200000    0.1748787
  -2.0000000    0.1670985
  -1.9800000    0.1568064
  -1.9600000    0.1441259
  -1.9400000    0.1292022
  -1.9200000    0.1121986
  -1.9000000    0.0932945
  -1.8800000    0.0726871
  -1.8600000    0.0505929
  -1.8400000    0.0272511
  -1.8200000    0.0029258
  -1.8000000   -0.0220920
  -1.7800000   -0.0474844
  -1.7600000   -0.0729094
  -1.7400000   -0.0980053
  -1.7200000   -0.1223972
  -1.7000000   -0.1457063
  -1.6800000   -0.1675594
  -1.6600000   -0.1876008
  -1.6400000   -0.2055035
  -1.6200000   -0.2209806
  -1.6000000   -0.2337966
  -1.5800000   -0.2437762
  -1.5600000   -0.2508115
  -1.5400000   -0.2548668
  -1.5200000   -0.2559782
  -1.5000000   -0.2542507
  -1.4800000   -0.2498499
  -1.4600000   -0.2429897
  -1.4400000   -0.2339174
  -1.4200000   -0.2228953
  -1.4000000   -0.2101832
  -1.3800000   -0.1960212
  -1.3600000   -0.1806159
  -1.3400000   -0.1641305
  -1.3200000   -0.1466813
  -1.3000000   -0.1283388
  -1.2800000   -0.1091349
  -1.2600000   -0.0890748
  -1.2400000   -0.0681513
  -1.2200000   -0.0463605
  -1.2000000   -0.0237171
  -1.1800000   -0.0002662
  -1.1600000    0.0239076
  -1.1400000    0.0486769
  -1.1200000    0.0738719
  -1.1000000    0.0992850
  -1.0800000    0.1246780
  -1.0600000    0.1497895
  -1.0400000    0.1743421
  -1.0200000    0.1980470
  -1.0000000    0.2206058
  -0.9800000    0.2417109
  -0.9600000    0.2610435
  -0.9400000    0.2782731
  -0.9200000    0.2930593
  -0.9000000    0.3050581
  -0.8800000    0.3139337
  -0.8600000    0.3193754
  -0.8400000    0.3211186
  -0.8200000    0.3189677
  -0.8000000    0.3128170
  -0.7800000    0.3026668
  -0.7600000    0.2886310
  -0.7400000    0.2709347
  -0.7200000    0.2499001
  -0.7000000    0.2259223
  -0.6800000    0.1994360
  -0.6600000    0.1708775
  -0.6400000    0.1406455
  -0.6200000    0.1090658
  -0.6000000    0.0763645
  -0.5800000    0.0426534
  -0.5600000    0.0079322
  -0.5400000   -0.0278931
  -0.5200000   -0.0649732
  -0.5000000   -0.1034633
  -0.4800000   -0.1434613
  -0.4600000   -0.1849408
  -0.4400000   -0.2276900
  -0.4200000   -0.2712640
  -0.4000000   -0.3149607
  -0.3800000   -0.3578258
  -0.3600000   -0.3986912
  -0.3400000   -0.4362458
  -0.3200000   -0.4691310
  -0.3000000   -0.4960523
  -0.2800000   -0.5158919
  -0.2600000   -0.5278081
  -0.2400000   -0.5313073
  -0.2200000   -0.5262793
  -0.2000000   -0.5129895
  -0.1800000   -0.4920319
  -0.1600000   -0.4642456
  -0.1400000   -0.4306116
  -0.1200000   -0.3921391
  -0.1000000   -0.3497605
  -0.0800000   -0.3042453
  -0.0600000   -0.2561448
  -0.0400000   -0.2057719
  -0.0200000   -0.1532175
   0.0000000   -0.0983998
   0.0200000   -0.0411399
   0.0400000    0.0187463
   0.0600000    0.0813499
   0.0800000    0.1465767
   0.1000000    0.2140700
   0.1200000    0.2831587
   0.1400000    0.3528372
   0.1600000    0.4217809
   0.1800000    0.4883990
   0.2000000    0.5509203
   0.2200000    0.6075070
   0.2400000    0.6563840
   0.2600000    0.6959726
   0.2800000    0.7250139
   0.3000000    0.7426688
   0.3200000    0.7485818
   0.3400000    0.7429044
   0.3600000    0.7262717
   0.3800000    0.6997396
   0.4000000    0.6646875
   0.4200000    0.6226998
   0.4400000    0.5754408
   0.4600000    0.5245346
   0.4800000    0.4714640
   0.5000000    0.4174959
   0.5200000    0.3636378
   0.5400000    0.3106243
   0.5600000    0.2589322
   0.5800000    0.2088157
   0.6000000    0.1603560
   0.6200000    0.1135175
   0.6400000    0.0682032
   0.6600000    0.0243055
   0.6800000   -0.0182515
   0.7000000   -0.0594806
   0.7200000   -0.0993110
   0.7400000   -0.1375792
   0.7600000   -0.1740309
   0.7800000   -0.2083324
   0.8000000   -0.2400917
   0.8200000   -0.2688857
   0.8400000   -0.2942934
   0.8600000   -0.3159311
   0.8800000   -0.3334862
   0.9000000   -0.3467471
   0.9200000   -0.3556256
   0.9400000   -0.3601693
   0.9600000   -0.3605617
   0.9800000   -0.3571121
   1.0000000   -0.3502346
   1.0200000   -0.3404190
   1.0400000   -0.3281978
   1.0600000   -0.3141119
   1.0800000   -0.2986783
   1.1000000   -0.2823628
   1.1200000   -0.2655600
   1.1400000   -0.2485799
   1.1600000   -0.2316429
   1.1800000   -0.2148814
   1.2000000   -0.1983477
   1.2200000   -0.1820261
   1.2400000   -0.1658486
   1.2600000   -0.1497125
   1.2800000   -0.1334995
   1.3000000   -0.1170932
   1.3200000   -0.1003965
   1.3400000   -0.0833456
   1.3600000   -0.0659208
   1.3800000   -0.0481536
   1.4000000   -0.0301286
   1.4200000   -0.0119816
   1.4400000    0.0061064
   1.4600000    0.0239191
   1.4800000    0.0412164
   1.5000000    0.0577478
   1.5200000    0.0732656
   1.5400000    0.0875381
   1.5600000    0.1003608
   1.5800000    0.1115660
   1.6000000    0.1210311
   1.6200000    0.1286833
   1.6400000    0.1345029
   1.6600000    0.1385237
   1.6800000    0.1408308
   1.7000000    0.1415550
   1.7200000    0.1408657
   1.7400000    0.1389594
   1.7600000    0.1360480
   1.7800000    0.1323438
   1.8000000    0.1280457
   1.8200000    0.1233256
   1.8400000    0.1183169
   1.8600000    0.1131070
   1.8800000    0.1077335
   1.9000000    0.1021854
   1.9200000    0.0964092
   1.9400000    0.0903192
   1.9600000    0.0838109
   1.9800000    0.0767768
   2.0000000    0.0691219
   2.0200000    0.0607787
   2.0400000    0.0517197
   2.0600000    0.0419658
   2.0800000    0.0315914
   2.1000000    0.0207242
   2.1200000    0.0095414
   2.1400000   -0.0017385
   2.1600000   -0.0128674
   2.1800000   -0.0235807
   2.2000000   -0.0336134
   2.2200000   -0.0427156
   2.2400000   -0.0506681
   2.2600000   -0.0572962
   2.2800000   -0.0624812
   2.3000000   -0.0661678
   2.3200000   -0.0683683
   2.3400000   -0.0691611
   2.3600000   -0.0686842
   2.3800000   -0.0671250
   2.4000000   -0.0647051
   2.4200000   -0.0616627
   2.4400000   -0.0582336
   2.4600000   -0.0546321
   2.4800000   -0.0510346
   2.5000000   -0.0475661
   2.5200000   -0.0442922
   2.5400000   -0.0412167
   2.5600000   -0.0382856
   2.5800000   -0.0353964
   2.6000000   -0.0324126
   2.6200000   -0.0291821
   2.6400000   -0.0255562
   2.6600000   -0.0214097
   2.6800000   -0.0166573
   2.7000000   -0.0112667
   2.7200000   -0.0052669
   2.7400000    0.0012510
   2.7600000    0.0081375
   2.7800000    0.0151955
   2.8000000    0.0221942
   2.8200000    0.0288866
   2.8400000    0.0350275
   2.8600000    0.0403904
   2.8800000    0.0447816
   2.9000000    0.0480505
   2.9200000    0.0500951
   2.9400000    0.0508635
   2.9600000    0.0503505
   2.9800000    0.0485932
   3.0000000    0.0456639
   3.0200000    0.0416635
   3.0400000    0.0367156
   3.0600000    0.0309616
   3.0800000    0.0245578
   3.1000000    0.0176719
   3.1200000    0.0104807
   3.1400000    0.0031668
   3.1600000   -0.0040865
   3.1800000   -0.0111005
   3.2000000   -0.0177087
   3.2200000   -0.0237641
   3.2400000   -0.0291468
   3.2600000   -0.0337695
   3.2800000   -0.0375825
   3.3000000   -0.0405751
   3.3200000   -0.0427744
   3.3400000   -0.0442419
   3.3600000   -0.0450671
   3.3800000   -0.0453602
   3.4000000   -0.0452419
   3.4200000   -0.0448350
   3.4400000   -0.0442538
   3.4600000   -0.0435967
   3.4800000   -0.0429385
   3.5000000   -0.0423271
   3.5200000   -0.0417808
   3.5400000   -0.0412906
   3.5600000   -0.0408243
   3.5800000   -0.0403341
   3.6000000   -0.0397660
   3.6200000   -0.0390696
   3.6400000   -0.0382089
   3.6600000   -0.0371699
   3.6800000   -0.0359655
   3.7000000   -0.0346373
   3.7200000   -0.0332512
   3.7400000   -0.0318901
   3.7600000   -0.0306422
   3.7800000   -0.0295877
   3.8000000   -0.0287847
   3.8200000   -0.0282574
   3.8400000   -0.0279864
   3.8600000   -0.0279051
   3.8800000   -0.0279002
   3.9000000   -0.0278188
   3.9200000   -0.0274793
   3.9400000   -0.0266867
   3.9600000   -0.0252497
   3.9800000   -0.0229986
   4.0000000   -0.0198015
   4.0200000   -0.0155776
   4.0400000   -0.0103062
   4.0600000   -0.0040312
   4.0800000    0.0031402
   4.1000000    0.0110436
   4.1200000    0.0194679
   4.1400000    0.0281694
   4.1600000    0.0368863
   4.1800000    0.0453549
   4.2000000    0.0533228
   4.2200000    0.0605607
   4.2400000    0.0668690
   4.2600000    0.0720816
   4.2800000    0.0760654
   4.3000000    0.0787161
   4.3200000    0.0799532
   4.3400000    0.0797136
   4.3600000    0.0779458
   4.3800000    0.0746067
   4.4000000    0.0696614
   4.4200000    0.0630860
   4.4400000    0.0548735
   4.4600000    0.0450432
   4.4800000    0.0336505
   4.5000000    0.0207976
   4.5200000    0.0066416
   4.5400000   -0.0085995
   4.5600000   -0.0246464
   4.5800000   -0.0411624
   4.6000000   -0.0577634
   4.6200000   -0.0740318
   4.6400000   -0.0895359
   4.6600000   -0.1038494
   4.6800000   -0.1165730
   4.7000000   -0.1273539
   4.7200000   -0.1359014
   4.7400000   -0.1419993
   4.7600000   -0.1455120
   4.7800000   -0.1463858
   4.8000000   -0.1446458
   4.8200000   -0.1403878
   4.8400000   -0.1337692
   4.8600000   -0.1249973
   4.8800000   -0.1143187
   4.9000000   -0.1020093
   4.9200000   -0.0883655
   4.9400000   -0.0736973
   4.9600000   -0.0583230
   4.9800000   -0.0425646
   5.0000000   -0.0267437
   5.0200000   -0.0111774
   5.0400000    0.0038261
   5.0600000    0.0179725
   5.0800000    0.0309867
   5.1000000    0.0426192
   5.1200000    0.0526515
   5.1400000    0.0609027
   5.1600000    0.0672352
   5.1800000    0.0715613
   5.2000000    0.0738477
   5.2200000    0.0741211
   5.2400000    0.0724711
   5.2600000    0.0690518
   5.2800000    0.0640805
   5.3000000    0.0578332
   5.3200000    0.0506355
   5.3400000    0.0428506
   5.3600000    0.0348631
   5.3800000    0.0270611
   5.4000000    0.0198165
   5.4200000    0.0134668
   5.4400000    0.0082985
   5.4600000    0.0045336
   5.4800000    0.0023211
   5.5000000    0.0017316
   5.5200000    0.0027566
   5.5400000    0.0053104
   5.5600000    0.0092351
   5.5800000    0.0143064
   5.6000000    0.0202422
   5.6200000    0.0267113
   5.6400000    0.0333449
   5.6600000    0.0397504
   5.6800000    0.0455269
   5.7000000    0.0502836
   5.7200000    0.0536607
   5.7400000    0.0553490
   5.7600000    0.0551105
   5.7800000    0.0527937
   5.8000000    0.0483457
   5.8200000    0.0418160
   5.8400000    0.0333538
   5.8600000    0.0231971
   5.8800000    0.0116552
   5.9000000   -0.0009134
   5.9200000   -0.0141266
   5.9400000   -0.0276036
   5.9600000   -0.0409877
   5.9800000   -0.0539639
   6.0000000   -0.0662705
   6.0200000   -0.0777037
   6.0400000   -0.0881150
   6.0600000   -0.0974030
   6.0800000   -0.1055010
   6.1000000   -0.1123633
   6.1200000   -0.1179515
   6.1400000   -0.1222233
   6.1600000   -0.1251255
   6.1800000   -0.1265919
   6.2000000   -0.1265455
   6.2200000   -0.1249053
   6.2400000   -0.1215951
   6.2600000   -0.1165545
   6.2800000   -0.1097490
   6.3000000   -0.1011787
   6.3200000   -0.0908857
   6.3400000   -0.0789589
   6.3600000   -0.0655358
   6.3800000   -0.0508041
   6.4000000   -0.0350001
   6.4200000   -0.0184060
   6.4400000   -0.0013460
   6.4600000    0.0158212
   6.4800000    0.0327113
   6.5000000    0.0489269
   6.5200000    0.0640729
   6.5400000    0.0777736
   6.5600000    0.0896913
   6.5800000    0.0995439
   6.6000000    0.1071200
   6.6200000    0.1122903
   6.6400000    0.1150124
   6.6600000    0.1153302
   6.6800000    0.1133673
   6.7000000    0.1093148
   6.7200000    0.1034161
   6.7400000    0.0959501
   6.7600000    0.0872151
   6.7800000    0.0775142
   6.8000000    0.0671448
   6.8200000    0.0563909
   6.8400000    0.0455188
   6.8600000    0.0347758
   6.8800000    0.0243890
   6.9000000    0.0145656
   6.9200000    0.0054910
   6.9400000   -0.0026735
   6.9600000   -0.0097948
   6.9800000   -0.0157730
   7.0000000   -0.0205472
   7.0200000   -0.0241000
   7.0400000   -0.0264609
   7.0600000   -0.0277070
   7.0800000   -0.0279608
   7.1000000   -0.0273842
   7.1200000   -0.0261705
   7.1400000   -0.0245316
   7.1600000   -0.0226856
   7.1800000   -0.0208412
   7.2000000   -0.0191845
   7.2200000   -0.0178665
   7.2400000   -0.0169935
   7.2600000   -0.0166225
   7.2800000   -0.0167604
   7.3000000   -0.0173692
   7.3200000   -0.0183748
   7.3400000   -0.0196800
   7.3600000   -0.0211795
   7.3800000   -0.0227747
   7.4000000   -0.0243877
   7.4200000   -0.0259706
   7.4400000   -0.0275114
   7.4600000   -0.0290330
   7.4800000   -0.0305875
   7.5000000   -0.0322451
   7.5200000   -0.0340795
   7.5400000   -0.0361522
   7.5600000   -0.0384966
   7.5800000   -0.0411056
   7.6000000   -0.0439229
   7.6200000   -0.0468404
   7.6400000   -0.0497021
   7.6600000   -0.0523136
   7.6800000   -0.0544575
   7.7000000   -0.0559123
   7.7200000   -0.0564732
   7.7400000   -0.0559722
   7.7600000   -0.0542961
   7.7800000   -0.0513993
   7.8000000   -0.0473102
   7.8200000   -0.0421311
   7.8400000   -0.0360303
   7.8600000   -0.0292277
   7.8800000   -0.0219763
   7.9000000   -0.0145402
   7.9200000   -0.0071732
   7.9400000   -0.0000996
   7.9600000    0.0065001
   7.9800000    0.0124973
   8.0000000    0.0178164
   8.0200000    0.0224290
   8.0400000    0.0263433
   8.0600000    0.0295888
   8.0800000    0.0322011
   8.1000000    0.0342074
   8.1200000    0.0356151
   8.1400000    0.0364062
   8.1600000    0.0365364
   8.1800000    0.0359411
   8.2000000    0.0345448
   8.2200000    0.0322747
   8.2400000    0.0290756
   8.2600000    0.0249229
   8.2800000    0.0198350
   8.3000000    0.0138795
   8.3200000    0.0071762
   8.3400000   -0.0001067
   8.3600000   -0.0077605
   8.3800000   -0.0155482
   8.4000000   -0.0232198
   8.4200000   -0.0305283
   8.4400000   -0.0372452
   8.4600000   -0.0431736
   8.4800000   -0.0481571
   8.5000000   -0.0520855
   8.5200000   -0.0548945
   8.5400000   -0.0565620
   8.5600000   -0.0571007
   8.5800000   -0.0565490
   8.6000000   -0.0549618
   8.6200000   -0.0524019
   8.6400000   -0.0489345
   8.6600000   -0.0446236
   8.6800000   -0.0395326
   8.7000000   -0.0337262
   8.7200000   -0.0272751
   8.7400000   -0.0202607
   8.7600000   -0.0127798
   8.7800000   -0.0049480
   8.8000000    0.0030992
   8.8200000    0.0112069
   8.8400000    0.0192033
   8.8600000    0.0269053
   8.8800000    0.0341242
   8.9000000    0.0406739
   8.9200000    0.0463789
   8.9400000    0.0510831
   8.9600000    0.0546586
   8.9800000    0.0570129
   9.0000000    0.0580961
   9.0200000    0.0579045
   9.0400000    0.0564832
   9.0600000    0.0539249
   9.0800000    0.0503659
   9.1000000    0.0459790
   9.1200000    0.0409645
   9.1400000    0.0355386
   9.1600000    0.0299216
   9.1800000    0.0243258
   9.2000000    0.0189451
   9.2200000    0.0139451
   9.2400000    0.0094566
   9.2600000    0.0055705
   9.2800000    0.0023361
   9.3000000   -0.0002396
   9.3200000   -0.0021890
   9.3400000   -0.0035805
   9.3600000   -0.0045132
   9.3800000   -0.0051091
   9.4000000   -0.0055060
   9.4200000   -0.0058474
   9.4400000   -0.0062732
   9.4600000   -0.0069099
   9.4800000   -0.0078606
   9.5000000   -0.0091973
   9.5200000   -0.0109545
   9.5400000   -0.0131252
   9.5600000   -0.0156605
   9.5800000   -0.0184719
   9.6000000   -0.0214373
   9.6200000   -0.0244092
   9.6400000   -0.0272251
   9.6600000   -0.0297188
   9.6800000   -0.0317320
   9.7000000   -0.0331249
   9.7200000   -0.0337850
   9.7400000   -0.0336339
   9.7600000   -0.0326309
   9.7800000   -0.0307746
   9.8000000   -0.0281017
   9.8200000   -0.0246835
   9.8400000   -0.0206213
   9.8600000   -0.0160400
   9.8800000   -0.0110818
   9.9000000   -0.0058986
   9.9200000   -0.0006451
   9.9400000    0.0045280
   9.9600000    0.0094813
   9.9800000    0.0140923
  10.0000000    0.0182611
  10.0200000    0.0219148
  10.0400000    0.0250101
  10.0600000    0.0275348
  10.0800000    0.0295062
  10.1000000    0.0309683
  10.1200000    0.0319858
  10.1400000    0.0326363
  10.1600000    0.0330009
  10.1800000    0.0331549
  10.2000000    0.0331576
  10.2200000    0.0330454
  10.2400000    0.0328261
  10.2600000    0.0324781
  10.2800000    0.0319531
  10.3000000    0.0311833
  10.3200000    0.0300916
  10.3400000    0.0286046
  10.3600000    0.0266661
  10.3800000    0.0242487
  10.4000000    0.0213632
  10.4200000    0.0180629
  10.4400000    0.0144423
  10.4600000    0.0106305
  10.4800000    0.0067801
  10.5000000    0.0030521
  10.5200000   -0.0003995
  10.5400000   -0.0034422
  10.5600000   -0.0059770
  10.5800000   -0.0079452
  10.6000000   -0.0093300
  10.6200000   -0.0101533
  10.6400000   -0.0104683
  10.6600000   -0.0103494
  10.6800000   -0.0098816
  10.7000000   -0.0091500
  10.7200000   -0.0082323
  10.7400000   -0.0071930
  10.7600000   -0.0060808
  10.7800000   -0.0049283
  10.8000000   -0.0037527
  10.8200000   -0.0025580
  10.8400000   -0.0013366
  10.8600000   -0.0000721
  10.8800000    0.0012595
  10.9000000    0.0026866
  10.9200000    0.0042402
  10.9400000    0.0059495
  10.9600000    0.0078388
  10.9800000    0.0099226
  11.0000000    0.0122021
  11.0200000    0.0146626
  11.0400000    0.0172717
  11.0600000    0.0199811
  11.0800000    0.0227284
  11.1000000    0.0254425
  11.1200000    0.0280487
  11.1400000    0.0304745
  11.1600000    0.0326543
  11.1800000    0.0345333
  11.2000000    0.0360687
  11.2200000    0.0372295
  11.2400000    0.0379945
  11.2600000    0.0383492
  11.2800000    0.0382819
  11.3000000    0.0377815
  11.3200000    0.0368348
  11.3400000    0.0354273
  11.3600000    0.0335449
  11.3800000    0.0311777
  11.4000000    0.0283259
  11.4200000    0.0250050
  11.4400000    0.0212522
  11.4600000    0.0171299
  11.4800000    0.0127282
  11.5000000    0.0081634
  11.5200000    0.0035743
  11.5400000   -0.0008845
  11.5600000   -0.0050519
  11.5800000   -0.0087689
  11.6000000   -0.0118892
  11.6200000   -0.0142863
  11.6400000   -0.0158600
  11.6600000   -0.0165397
  11.6800000   -0.0162859
  11.7000000   -0.0150896
  11.7200000   -0.0129709
  11.7400000   -0.0099773
  11.7600000   -0.0061827
  11.7800000   -0.0016867
  11.8000000    0.0033852
  11.8200000    0.0088817
  11.8400000    0.0146264
  11.8600000    0.0204201
  11.8800000    0.0260466
  11.9000000    0.0312798
  11.9200000    0.0358948
  11.9400000    0.0396813
  11.9600000    0.0424569
  11.9800000    0.0440812
  12.0000000    0.0444663
  12.0200000    0.0435853
  12.0400000    0.0414734
  12.0600000    0.0382261
  12.0800000    0.0339901
  12.1000000    0.0289508
  12.1200000    0.0233170
  12.1400000    0.0173049
  12.1600000    0.0111226
  12.1800000    0.0049585
  12.2000000   -0.0010266
  12.2200000   -0.0067026
  12.2400000   -0.0119691
  12.2600000   -0.0167503
  12.2800000   -0.0209876
  12.3000000   -0.0246327
  12.3200000   -0.0276401
  12.3400000   -0.0299631
  12.3600000   -0.0315522
  12.3800000   -0.0323569
  12.4000000   -0.0323315
  12.4200000   -0.0314419
  12.4400000   -0.0296751
  12.4600000   -0.0270480
  12.4800000   -0.0236148
  12.5000000   -0.0194717
  12.5200000   -0.0147570
  12.5400000   -0.0096477
  12.5600000   -0.0043500
  12.5800000    0.0009137
  12.6000000    0.0059212
  12.6200000    0.0104682
  12.6400000    0.0143853
  12.6600000    0.0175519
  12.6800000    0.0199058
  12.7000000    0.0214458
  12.7200000    0.0222286
  12.7400000    0.0223588
  12.7600000    0.0219739
  12.7800000    0.0212268
  12.8000000    0.0202678
  12.8200000    0.0192281
  12.8400000    0.0182079
  12.8600000    0.0172702
  12.8800000    0.0164406
  12.9000000    0.0157124
  12.9200000    0.0150572
  12.9400000    0.0144376
  12.9600000    0.0138205
  12.9800000    0.0131896
  13.0000000    0.0125533
  13.0200000    0.0119497
  13.0400000    0.0114448
  13.0600000    0.0111273
  13.0800000    0.0110982
  13.1000000    0.0114588
  13.1200000    0.0122968
  13.1400000    0.0136737
  13.1600000    0.0156152
  13.1800000    0.0181043
  13.2000000    0.0210802
  13.2200000    0.0244420
  13.2400000    0.0280560
  13.2600000    0.0317684
  13.2800000    0.0354182
  13.3000000    0.0388523
  13.3200000    0.0419377
  13.3400000    0.0445720
  13.3600000    0.0466885
  13.3800000    0.0482575
  13.4000000    0.0492828
  13.4200000    0.0497942
  13.4400000    0.0498380
  13.4600000    0.0494662
  13.4800000    0.0487275
  13.5000000    0.0476596
  13.5200000    0.0462852
  13.5400000    0.0446114
  13.5600000    0.0426317
  13.5800000    0.0403306
  13.6000000    0.0376888
  13.6200000    0.0346891
  13.6400000    0.0313205
  13.6600000    0.0275816
  13.6800000    0.0234814
  13.7000000    0.0190406
  13.7200000    0.0142901
  13.7400000    0.0092712
  13.7600000    0.0040356
  13.7800000   -0.0013544
  13.8000000   -0.0068239
  13.8200000   -0.0122848
  13.8400000   -0.0176344
  13.8600000   -0.0227567
  13.8800000   -0.0275245
  13.9000000   -0.0318045
  13.9200000   -0.0354634
  13.9400000   -0.0383768
  13.9600000   -0.0404374
  13.9800000   -0.0415634
  14.0000000   -0.0417050
  14.0200000   -0.0408488
  14.0400000   -0.0390188
  14.0600000   -0.0362758
  14.0800000   -0.0327121
  14.1000000   -0.0284466
  14.1200000   -0.0236173
  14.1400000   -0.0183740
  14.1600000   -0.0128720
  14.1800000   -0.0072669
  14.2000000   -0.0017104
  14.2200000    0.0036516
  14.2400000    0.0086800
  14.2600000    0.0132424
  14.2800000    0.0172129
  14.3000000    0.0204725
  14.3200000    0.0229092
  14.3400000    0.0244209
  14.3600000    0.0249187
  14.3800000    0.0243315
  14.4000000    0.0226121
  14.4200000    0.0197433
  14.4400000    0.0157440
  14.4600000    0.0106747
  14.4800000    0.0046400
  14.5000000   -0.0022095
  14.5200000   -0.0096797
  14.5400000   -0.0175379
  14.5600000   -0.0255216
  14.5800000   -0.0333496
  14.6000000   -0.0407364
  14.6200000   -0.0474077
  14.6400000   -0.0531165
  14.6600000   -0.0576587
  14.6800000   -0.0608856
  14.7000000   -0.0627140
  14.7200000   -0.0631302
  14.7400000   -0.0621900
  14.7600000   -0.0600125
  14.7800000   -0.0567686
  14.8000000   -0.0526667
  14.8200000   -0.0479349
  14.8400000   -0.0428028
  14.8600000   -0.0374844
  14.8800000   -0.0321639
  14.9000000   -0.0269855
  14.9200000   -0.0220480
  14.9400000   -0.0174045
  14.9600000   -0.0130677
  14.9800000   -0.0090188
  15.0000000   -0.0052194
  15.0200000   -0.0016253
  15.0400000    0.0018001
  15.0600000    0.0050745
  15.0800000    0.0081880
  15.1000000    0.0110998
  15.1200000    0.0137386
  15.1400000    0.0160098
  15.1600000    0.0178055
  15.1800000    0.0190182
  15.2000000    0.0195566
  15.2200000    0.0193591
  15.2400000    0.0184060
  15.2600000    0.0167268
  15.2800000    0.0144010
  15.3000000    0.0115543
  15.3200000    0.0083479
  15.3400000    0.0049639
  15.3600000    0.0015879
  15.3800000   -0.0016085
  15.4000000   -0.0044836
  15.4200000   -0.0069376
  15.4400000   -0.0089190
  15.4600000   -0.0104251
  15.4800000   -0.0114967
  15.5000000   -0.0122077
  15.5200000   -0.0126514
  15.5400000   -0.0129252
  15.5600000   -0.0131167
  15.5800000   -0.0132917
  15.6000000   -0.0134875
  15.6200000   -0.0137100
  15.6400000   -0.0139370
  15.6600000   -0.0141253
  15.6800000   -0.0142210
  15.7000000   -0.0141708
  15.7200000   -0.0139331
  15.7400000   -0.0134861
  15.7600000   -0.0128325
  15.7800000   -0.0120002
  15.8000000   -0.0110378
  15.8200000   -0.0100082
  15.8400000   -0.0089786
  15.8600000   -0.0080108
  15.8800000   -0.0071529
  15.9000000   -0.0064329
  15.9200000   -0.0058554
  15.9400000   -0.0054029
  15.9600000   -0.0050396
  15.9800000   -0.0047180
  16.0000000   -0.0043868
  16.0200000   -0.0039993
  16.0400000   -0.0035204
  16.0600000   -0.0029323
  16.0800000   -0.0022372
  16.1000000   -0.0014577
  16.1200000   -0.0006342
  16.1400000    0.0001800
  16.1600000    0.0009248
  16.1800000    0.0015413
  16.2000000    0.0019796
  16.2200000    0.0022062
  16.2400000    0.0022102
  16.2600000    0.0020077
  16.2800000    0.0016436
  16.3000000    0.0011897
  16.3200000    0.0007411
  16.3400000    0.0004076
  16.3600000    0.0003043
  16.3800000    0.0005386
  16.4000000    0.0011981
  16.4200000    0.0023376
  16.4400000    0.0039697
  16.4600000    0.0060574
  16.4800000    0.0085123
  16.5000000    0.0111973
  16.5200000    0.0139355
  16.5400000    0.0165229
  16.5600000    0.0187462
  16.5800000    0.0204016
  16.6000000    0.0213147
  16.6200000    0.0213575
  16.6400000    0.0204624
  16.6600000    0.0186295
  16.6800000    0.0159288
  16.7000000    0.0124939
  16.7200000    0.0085114
  16.7400000    0.0042041
  16.7600000   -0.0001881
  16.7800000   -0.0044283
  16.8000000   -0.0083014
  16.8200000   -0.0116302
  16.8400000   -0.0142863
  16.8600000   -0.0161972
  16.8800000   -0.0173469
  16.9000000   -0.0177724
  16.9200000   -0.0175563
  16.9400000   -0.0168157
  16.9600000   -0.0156908
  16.9800000   -0.0143315
  17.0000000   -0.0128861
  17.0200000   -0.0114901
  17.0400000   -0.0102585
  17.0600000   -0.0092796
  17.0800000   -0.0086114
  17.1000000   -0.0082811
  17.1200000   -0.0082865
  17.1400000   -0.0085987
  17.1600000   -0.0091668
  17.1800000   -0.0099229
  17.2000000   -0.0107880
  17.2200000   -0.0116775
  17.2400000   -0.0125074
  17.2600000   -0.0131994
  17.2800000   -0.0136867
  17.3000000   -0.0139188
  17.3200000   -0.0138659
  17.3400000   -0.0135226
  17.3600000   -0.0129091
  17.3800000   -0.0120723
  17.4000000   -0.0110829
  17.4200000   -0.0100310
  17.4400000   -0.0090191
  17.4600000   -0.0081529
  17.4800000   -0.0075309
  17.5000000   -0.0072338
  17.5200000   -0.0073150
  17.5400000   -0.0077933
  17.5600000   -0.0086488
  17.5800000   -0.0098239
  17.6000000   -0.0112276
  17.6200000   -0.0127444
  17.6400000   -0.0142470
  17.6600000   -0.0156099
  17.6800000   -0.0167226
  17.7000000   -0.0175019
  17.7200000   -0.0178992
  17.7400000   -0.0179034
  17.7600000   -0.0175381
  17.7800000   -0.0168546
  17.8000000   -0.0159202
  17.8200000   -0.0148062
  17.8400000   -0.0135753
  17.8600000   -0.0122723
  17.8800000   -0.0109191
  17.9000000   -0.0095137
  17.9200000   -0.0080350
  17.9400000   -0.0064507
  17.9600000   -0.0047272
  17.9800000   -0.0028404
  18.0000000   -0.0007843
  18.0200000    0.0014225
  18.0400000    0.0037345
  18.0600000    0.0060794
  18.0800000    0.0083627
  18.1000000    0.0104737
  18.1200000    0.0122934
  18.1400000    0.0137034
  18.1600000    0.0145951
  18.1800000    0.0148786
  18.2000000    0.0144913
  18.2200000    0.0134058
  18.2400000    0.0116358
  18.2600000    0.0092405
  18.2800000    0.0063256
  18.3000000    0.0030404
  18.3200000   -0.0004286
  18.3400000   -0.0038693
  18.3600000   -0.0070586
  18.3800000   -0.0097790
  18.4000000   -0.0118369
  18.4200000   -0.0130781
  18.4400000   -0.0134006
  18.4600000   -0.0127620
  18.4800000   -0.0111806
  18.5000000   -0.0087304
  18.5200000   -0.0055314
  18.5400000   -0.0017351
  18.5600000    0.0024911
  18.5800000    0.0069787
  18.6000000    0.0115712
  18.6200000    0.0161330
  18.6400000    0.0205534
  18.6600000    0.0247471
  18.6800000    0.0286500
  18.7000000    0.0322139
  18.7200000    0.0353988
  18.7400000    0.0381668
  18.7600000    0.0404769
  18.7800000    0.0422822
  18.8000000    0.0435297
  18.8200000    0.0441617
  18.8400000    0.0441201
  18.8600000    0.0433505
  18.8800000    0.0418083
  18.9000000    0.0394632
  18.9200000    0.0363044
  18.9400000    0.0323442
  18.9600000    0.0276202
  18.9800000    0.0221968
  19.0000000    0.0161649
  19.0200000    0.0096402
  19.0400000    0.0027604
  19.0600000   -0.0043193
  19.0800000   -0.0114309
  19.1000000   -0.0183999
  19.1200000   -0.0250511
  19.1400000   -0.0312155
  19.1600000   -0.0367356
  19.1800000   -0.0414710
  19.2000000   -0.0453024
  19.2200000   -0.0481350
  19.2400000   -0.0499005
  19.2600000   -0.0505578
  19.2800000   -0.0500927
  19.3000000   -0.0485176
  19.3200000   -0.0458698
  19.3400000   -0.0422097
  19.3600000   -0.0376196
  19.3800000   -0.0322014
  19.4000000   -0.0260753
  19.4200000   -0.0193771
  19.4400000   -0.0122561
  19.4600000   -0.0048716
  19.4800000    0.0026110
  19.5000000    0.0100249
  19.5200000    0.0172073
  19.5400000    0.0240048
  19.5600000    0.0302789
  19.5800000    0.0359103
  19.6000000    0.0408023
  19.6200000    0.0448827
  19.6400000    0.0481037
  19.6600000    0.0504407
  19.6800000    0.0518894
  19.7000000    0.0524621
  19.7200000    0.0521834
  19.7400000    0.0510866
  19.7600000    0.0492101
  19.7800000    0.0465953
  19.8000000    0.0432860
  19.8200000    0.0393281
  19.8400000    0.0347724
  19.8600000    0.0296766
  19.8800000    0.0241091
  19.9000000    0.0181521
  19.9200000    0.0119043
  19.9400000    0.0054818
  19.9600000   -0.0009823
  19.9800000   -0.0073408
  20.0000000   -0.0134382
  20.0200000   -0.0191177
  20.0400000   -0.0242305
  20.0600000   -0.0286457
  20.0800000   -0.0322594
  20.1000000   -0.0350032
  20.1200000   -0.0368495
  20.1400000   -0.0378141
  20.1600000   -0.0379548
  20.1800000   -0.0373667
  20.2000000   -0.0361742
  20.2200000   -0.0345213
  20.2400000   -0.0325601
  20.2600000   -0.0304406
  20.2800000   -0.0283011
  20.3000000   -0.0262607
  20.3200000   -0.0244150
  20.3400000   -0.0228338
  20.3600000   -0.0215616
  20.3800000   -0.0206196
  20.4000000   -0.0200082
  20.4200000   -0.0197109
  20.4400000   -0.0196968
  20.4600000   -0.0199228
  20.4800000   -0.0203352
  20.5000000   -0.0208710
  20.5200000   -0.0214583
  20.5400000   -0.0220172
  20.5600000   -0.0224614
  20.5800000   -0.0227005
  20.6000000   -0.0226434
  20.6200000   -0.0222020
  20.6400000   -0.0212969
  20.6600000   -0.0198618
  20.6800000   -0.0178486
  20.7000000   -0.0152312
  20.7200000   -0.0120084
  20.7400000   -0.0082042
  20.7600000   -0.0038674
  20.7800000    0.0009316
  20.8000000    0.0061045
  20.8200000    0.0115509
  20.8400000    0.0171633
  20.8600000    0.0228327
  20.8800000    0.0284533
  20.9000000    0.0339263
  20.9200000    0.0391619
  20.9400000    0.0440808
  20.9600000    0.0486147
  20.9800000    0.0527061
  21.0000000    0.0563076
  21.0200000    0.0593821
  21.0400000    0.0619025
  21.0600000    0.0638525
  21.0800000    0.0652266
  21.1000000    0.0660311
  21.1200000    0.0662835
  21.1400000    0.0660118
  21.1600000    0.0652521
  21.1800000    0.0640457
  21.2000000    0.0624342
  21.2200000    0.0604554
  21.2400000    0.0581387
  21.2600000    0.0555012
  21.2800000    0.0525461
  21.3000000    0.0492628
  21.3200000    0.0456302
  21.3400000    0.0416214
  21.3600000    0.0372109
  21.3800000    0.0323830
  21.4000000    0.0271398
  21.4200000    0.0215082
  21.4400000    0.0155451
  21.4600000    0.0093387
  21.4800000    0.0030073
  21.5000000   -0.0033064
  21.5200000   -0.0094433
  21.5400000   -0.0152392
  21.5600000   -0.0205365
  21.5800000   -0.0251969
  21.6000000   -0.0291119
  21.6200000   -0.0322118
  21.6400000   -0.0344700
  21.6600000   -0.0359050
  21.6800000   -0.0365773
  21.7000000   -0.0365830
  21.7200000   -0.0360447
  21.7400000   -0.0351000
  21.7600000   -0.0338897
  21.7800000   -0.0325461
  21.8000000   -0.0311834
  21.8200000   -0.0298898
  21.8400000   -0.0287230
  21.8600000   -0.0277084
  21.8800000   -0.0268405
  21.9000000   -0.0260869
  21.9200000   -0.0253935
  21.9400000   -0.0246920
  21.9600000   -0.0239076
  21.9800000   -0.0229661
  22.0000000   -0.0218018
  22.0200000   -0.0203628
  22.0400000   -0.0186166
  22.0600000   -0.0165524
  22.0800000   -0.0141832
  22.1000000   -0.0115451
  22.1200000   -0.0086950
  22.1400000   -0.0057068
  22.1600000   -0.0026665
  22.1800000    0.0003338
  22.2000000    0.0032016
  22.2200000    0.0058500
  22.2400000    0.0082027
  22.2600000    0.0101978
  22.2800000    0.0117906
  22.3000000    0.0129542
  22.3200000    0.0136798
  22.3400000    0.0139741
  22.3600000    0.0138573
  22.3800000    0.0133585
  22.4000000    0.0125123
  22.4200000    0.0113540
  22.4400000    0.0099164
  22.4600000    0.0082266
  22.4800000    0.0063047
  22.5000000    0.0041640
  22.5200000    0.0018125
  22.5400000   -0.0007443
  22.5600000   -0.0034995
  22.5800000   -0.0064412
  22.6000000   -0.0095491
  22.6200000   -0.0127919
  22.6400000   -0.0161275
  22.6600000   -0.0195028
  22.6800000   -0.0228570
  22.7000000   -0.0261245
  22.7200000   -0.0292388
  22.7400000   -0.0321360
  22.7600000   -0.0347574
  22.7800000   -0.0370513
  22.8000000   -0.0389737
  22.8200000   -0.0404870
  22.8400000   -0.0415597
  22.8600000   -0.0421643
  22.8800000   -0.0422767
  22.9000000   -0.0418754
  22.9200000   -0.0409415
  22.9400000   -0.0394587
  22.9600000   -0.0374147
  22.9800000   -0.0348013
  23.0000000   -0.0316155
  23.0200000   -0.0278594
  23.0400000   -0.0235411
  23.0600000   -0.0186752
  23.0800000   -0.0132836
  23.1000000   -0.0073979
  23.1200000   -0.0010619
  23.1400000    0.0056651
  23.1600000    0.0127047
  23.1800000    0.0199561
  23.2000000    0.0272948
  23.2200000    0.0345733
  23.2400000    0.0416240
  23.2600000    0.0482661
  23.2800000    0.0543148
  23.3000000    0.0595928
  23.3200000    0.0639426
  23.3400000    0.0672392
  23.3600000    0.0693992
  23.3800000    0.0703884
  23.4000000    0.0702239
  23.4200000    0.0689722
  23.4400000    0.0667422
  23.4600000    0.0636749
  23.4800000    0.0599308
  23.5000000    0.0556759
  23.5200000    0.0510692
  23.5400000    0.0462510
  23.5600000    0.0413362
  23.5800000    0.0364091
  23.6000000    0.0315235
  23.6200000    0.0267054
  23.6400000    0.0219576
  23.6600000    0.0172669
  23.6800000    0.0126109
  23.7000000    0.0079664
  23.7200000    0.0033151
  23.7400000   -0.0013492
  23.7600000   -0.0060159
  23.7800000   -0.0106538
  23.8000000   -0.0152079
  23.8200000   -0.0195990
  23.8400000   -0.0237251
  23.8600000   -0.0274651
  23.8800000   -0.0306857
  23.9000000   -0.0332513
  23.9200000   -0.0350353
  23.9400000   -0.0359334
  23.9600000   -0.0358762
  23.9800000   -0.0348394
  24.0000000   -0.0328504
  24.0200000   -0.0299904
  24.0400000   -0.0263896
  24.0600000   -0.0222182
  24.0800000   -0.0176716
  24.1000000   -0.0129544
  24.1200000   -0.0082635
  24.1400000   -0.0037724
  24.1600000    0.0003789
  24.1800000    0.0040910
  24.2000000    0.0073053
  24.2200000    0.0100001
  24.2400000    0.0121841
  24.2600000    0.0138870
  24.2800000    0.0151513
  24.3000000    0.0160254
  24.3200000    0.0165585
  24.3400000    0.0167987
  24.3600000    0.0167926
  24.3800000    0.0165862
  24.4000000    0.0162255
  24.4200000    0.0157567
  24.4400000    0.0152252
  24.4600000    0.0146729
  24.4800000    0.0141353
  24.5000000    0.0136386
  24.5200000    0.0131967
  24.5400000    0.0128107
  24.5600000    0.0124693
  24.5800000    0.0121509
  24.6000000    0.0118273
  24.6200000    0.0114679
  24.6400000    0.0110438
  24.6600000    0.0105311
  24.6800000    0.0099142
  24.7000000    0.0091864
  24.7200000    0.0083506
  24.7400000    0.0074183
  24.7600000    0.0064081
  24.7800000    0.0053441
  24.8000000    0.0042529
  24.8200000    0.0031622
  24.8400000    0.0020983
  24.8600000    0.0010840
  24.8800000    0.0001377
  24.9000000   -0.0007284
  24.9200000   -0.0015087
  24.9400000   -0.0022045
  24.9600000   -0.0028248
  24.9800000   -0.0033855
  25.0000000   -0.0039096
  25.0200000   -0.0044271
  25.0400000   -0.0049745
  25.0600000   -0.0055943
  25.0800000   -0.0063339
  25.1000000   -0.0072437
  25.1200000   -0.0083749
  25.1400000   -0.0097763
  25.1600000   -0.0114898
  25.1800000   -0.0135465
  25.2000000   -0.0159624
  25.2200000   -0.0187347
  25.2400000   -0.0218395
  25.2600000   -0.0252304
  25.2800000   -0.0288395
  25.3000000   -0.0325797
  25.3200000   -0.0363478
  25.3400000   -0.0400301
  25.3600000   -0.0435071
  25.3800000   -0.0466598
  25.4000000   -0.0493744
  25.4200000   -0.0515481
  25.4400000   -0.0530930
  25.4600000   -0.0539401
  25.4800000   -0.0540421
  25.5000000   -0.0533757
  25.5200000   -0.0519431
  25.5400000   -0.0497717
  25.5600000   -0.0469133
  25.5800000   -0.0434418
  25.6000000   -0.0394493
  25.6200000   -0.0350409
  25.6400000   -0.0303288
  25.6600000   -0.0254255
  25.6800000   -0.0204374
  25.7000000   -0.0154589
  25.7200000   -0.0105677
  25.7400000   -0.0058223
  25.7600000   -0.0012608
  25.7800000    0.0030971
  25.8000000    0.0072474
  25.8200000    0.0111960
  25.8400000    0.0149532
  25.8600000    0.0185266
  25.8800000    0.0219154
  25.9000000    0.0251043
  25.9200000    0.0280610
  25.9400000    0.0307348
  25.9600000    0.0330585
  25.9800000    0.0349534
  26.0000000    0.0363369
  26.0200000    0.0371322
  26.0400000    0.0372789
  26.0600000    0.0367440
  26.0800000    0.0355308
  26.1000000    0.0336851
  26.1200000    0.0312977
  26.1400000    0.0285020
  26.1600000    0.0254668
  26.1800000    0.0223858
  26.2000000    0.0194625
  26.2200000    0.0168946
  26.2400000    0.0148574
  26.2600000    0.0134895
  26.2800000    0.0128807
  26.3000000    0.0130656
  26.3200000    0.0140207
  26.3400000    0.0156675
  26.3600000    0.0178799
  26.3800000    0.0204959
  26.4000000    0.0233310
  26.4200000    0.0261932
  26.4400000    0.0288976
  26.4600000    0.0312796
  26.4800000    0.0332048
  26.5000000    0.0345759
  26.5200000    0.0353361
  26.5400000    0.0354683
  26.5600000    0.0349912
  26.5800000    0.0339524
  26.6000000    0.0324202
  26.6200000    0.0304730
  26.6400000    0.0281902
  26.6600000    0.0256429
  26.6800000    0.0228866
  26.7000000    0.0199566
  26.7200000    0.0168660
  26.7400000    0.0136072
  26.7600000    0.0101554
  26.7800000    0.0064758
  26.8000000    0.0025307
  26.8200000   -0.0017111
  26.8400000   -0.0062670
  26.8600000   -0.0111333
  26.8800000   -0.0162817
  26.9000000   -0.0216570
  26.9200000   -0.0271786
  26.9400000   -0.0327441
  26.9600000   -0.0382347
  26.9800000   -0.0435220
  27.0000000   -0.0484748
  27.0200000   -0.0529658
  27.0400000   -0.0568772
  27.0600000   -0.0601057
  27.0800000   -0.0625664
  27.1000000   -0.0641958
  27.1200000   -0.0649549
  27.1400000   -0.0648314
  27.1600000   -0.0638425
  27.1800000   -0.0620360
  27.2000000   -0.0594915
  27.2200000   -0.0563186
  27.2400000   -0.0526538
  27.2600000   -0.0486537
  27.2800000   -0.0444860
  27.3000000   -0.0403180
  27.3200000   -0.0363042
  27.3400000   -0.0325738
  27.3600000   -0.0292204
  27.3800000   -0.0262951
  27.4000000   -0.0238039
  27.4200000   -0.0217108
  27.4400000   -0.0199451
  27.4600000   -0.0184129
  27.4800000   -0.0170106
  27.5000000   -0.0156389
  27.5200000   -0.0142153
  27.5400000   -0.0126825
  27.5600000   -0.0110144
  27.5800000   -0.0092154
  27.6000000   -0.0073177
  27.6200000   -0.0053739
  27.6400000   -0.0034493
  27.6600000   -0.0016131
  27.6800000    0.0000694
  27.7000000    0.0015420
  27.7200000    0.0027614
  27.7400000    0.0036983
  27.7600000    0.0043372
  27.7800000    0.0046747
  27.8000000    0.0047175
  27.8200000    0.0044801
  27.8400000    0.0039832
  27.8600000    0.0032520
  27.8800000    0.0023149
  27.9000000    0.0012014
  27.9200000   -0.0000589
  27.9400000   -0.0014389
  27.9600000   -0.0029160
  27.9800000   -0.0044741
  28.0000000   -0.0061047
  28.0200000   -0.0078070
  28.0400000   -0.0095872
  28.0600000   -0.0114551
  28.0800000   -0.0134208
  28.1000000   -0.0154905
  28.1200000   -0.0176617
  28.1400000   -0.0199197
  28.1600000   -0.0222356
  28.1800000   -0.0245660
  28.2000000   -0.0268543
  28.2200000   -0.0290341
  28.2400000   -0.0310339
  28.2600000   -0.0327826
  28.2800000   -0.0342146
  28.3000000   -0.0352751
  28.3200000   -0.0359244
  28.3400000   -0.0361406
  28.3600000   -0.0359218
  28.3800000   -0.0352864
  28.4000000   -0.0342724
  28.4200000   -0.0329354
  28.4400000   -0.0313458
  28.4600000   -0.0295845
  28.4800000   -0.0277380
  28.5000000   -0.0258933
  28.5200000   -0.0241316
  28.5400000   -0.0225231
  28.5600000   -0.0211217
  28.5800000   -0.0199610
  28.6000000   -0.0190523
  28.6200000   -0.0183832
  28.6400000   -0.0179194
  28.6600000   -0.0176075
  28.6800000   -0.0173799
  28.7000000   -0.0171601
  28.7200000   -0.0168698
  28.7400000   -0.0164349
  28.7600000   -0.0157918
  28.7800000   -0.0148920
  28.8000000   -0.0137056
  28.8200000   -0.0122238
  28.8400000   -0.0104583
  28.8600000   -0.0084402
  28.8800000   -0.0062172
  28.9000000   -0.0038491
  28.9200000   -0.0014034
  28.9400000    0.0010503
  28.9600000    0.0034445
  28.9800000    0.0057185
  29.0000000    0.0078208
  29.0200000    0.0097110
  29.0400000    0.0113590
  29.0600000    0.0127433
  29.0800000    0.0138485
  29.1000000    0.0146608
  29.1200000    0.0151647
  29.1400000    0.0153397
  29.1600000    0.0151587
  29.1800000    0.0145879
  29.2000000    0.0135891
  29.2200000    0.0121238
  29.2400000    0.0101599
  29.2600000    0.0076781
  29.2800000    0.0046802
  29.3000000    0.0011952
  29.3200000   -0.0027149
  29.3400000   -0.0069526
  29.3600000   -0.0113854
  29.3800000   -0.0158497
  29.4000000   -0.0201580
  29.4200000   -0.0241099
  29.4400000   -0.0275043
  29.4600000   -0.0301545
  29.4800000   -0.0319022
  29.5000000   -0.0326309
  29.5200000   -0.0322770
  29.5400000   -0.0308373
  29.5600000   -0.0283725
  29.5800000   -0.0250064
  29.6000000   -0.0209195
  29.6200000   -0.0163391
  29.6400000   -0.0115252
  29.6600000   -0.0067538
  29.6800000   -0.0022976
  29.7000000    0.0015925
  29.7200000    0.0047058
  29.7400000    0.0068869
  29.7600000    0.0080477
  29.7800000    0.0081737
  29.8000000    0.0073249
  29.8200000    0.0056309
  29.8400000    0.0032812
  29.8600000    0.0005099
  29.8800000   -0.0024210
  29.9000000   -0.0052404
  29.9200000   -0.0076863
  29.9400000   -0.0095216
  29.9600000   -0.0105466
  29.9800000   -0.0106087
  30.0000000   -0.0096067
