 -10.0000000    0.0094969
  -9.9800000    0.0097267
  -9.9600000    0.0096444
  -9.9400000    0.0093146
  -9.9200000    0.0088158
  -9.9000000    0.0082318
  -9.8800000    0.0076449
  -9.8600000    0.0071289
  -9.8400000    0.0067444
  -9.8200000    0.0065354
  -9.8000000    0.0065298
  -9.7800000    0.0067400
  -9.7600000    0.0071661
  -9.7400000    0.0078001
  -9.7200000    0.0086292
  -9.7000000    0.0096392
  -9.6800000    0.0108166
  -9.6600000    0.0121489
  -9.6400000    0.0136236
  -9.6200000    0.0152261
  -9.6000000    0.0169365
  -9.5800000    0.0187268
  -9.5600000    0.0205584
  -9.5400000    0.0223805
  -9.5200000    0.0241310
  -9.5000000    0.0257384
  -9.4800000    0.0271256
  -9.4600000    0.0282156
  -9.4400000    0.0289367
  -9.4200000    0.0292296
  -9.4000000    0.0290519
  -9.3800000    0.0283829
  -9.3600000    0.0272251
  -9.3400000    0.0256048
  -9.3200000    0.0235697
  -9.3000000    0.0211847
  -9.2800000    0.0185275
  -9.2600000    0.0156817
  -9.2400000    0.0127319
  -9.2200000    0.0097581
  -9.2000000    0.0068324
  -9.1800000    0.0040161
  -9.1600000    0.0013596
  -9.1400000   -0.0010978
  -9.1200000   -0.0033259
  -9.1000000   -0.0053019
  -9.0800000   -0.0070088
  -9.0600000   -0.0084331
  -9.0400000   -0.0095643
  -9.0200000   -0.0103942
  -9.0000000   -0.0109172
  -8.9800000   -0.0111309
  -8.9600000   -0.0110368
  -8.9400000   -0.0106412
  -8.9200000   -0.0099557
  -8.9000000   -0.0089970
  -8.8800000   -0.0077869
  -8.8600000   -0.0063514
  -8.8400000   -0.0047199
  -8.8200000   -0.0029240
  -8.8000000   -0.0009969
  -8.7800000    0.0010269
  -8.7600000    0.0031119
  -8.7400000    0.0052210
  -8.7200000    0.0073147
  -8.7000000    0.0093507
  -8.6800000    0.0112832
  -8.6600000    0.0130637
  -8.6400000    0.0146414
  -8.6200000    0.0159653
  -8.6000000    0.0169867
  -8.5800000    0.0176624
  -8.5600000    0.0179580
  -8.5400000    0.0178506
  -8.5200000    0.0173320
  -8.5000000    0.0164094
  -8.4800000    0.0151064
  -8.4600000    0.0134622
  -8.4400000    0.0115300
  -8.4200000    0.0093743
  -8.4000000    0.0070683
  -8.3800000    0.0046907
  -8.3600000    0.0023224
  -8.3400000    0.0000437
  -8.3200000   -0.0020683
  -8.3000000   -0.0039421
  -8.2800000   -0.0055145
  -8.2600000   -0.0067318
  -8.2400000   -0.0075528
  -8.2200000   -0.0079495
  -8.2000000   -0.0079090
  -8.1800000   -0.0074343
  -8.1600000   -0.0065442
  -8.1400000   -0.0052725
  -8.1200000   -0.0036664
  -8.1000000   -0.0017839
  -8.0800000    0.0003095
  -8.0600000    0.0025446
  -8.0400000    0.0048516
  -8.0200000    0.0071633
  -8.0000000    0.0094179
  -7.9800000    0.0115598
  -7.9600000    0.0135414
  -7.9400000    0.0153222
  -7.9200000    0.0168695
  -7.9000000    0.0181576
  -7.8800000    0.0191682
  -7.8600000    0.0198906
  -7.8400000    0.0203235
  -7.8200000    0.0204757
  -7.8000000    0.0203676
  -7.7800000    0.0200329
  -7.7600000    0.0195184
  -7.7400000    0.0188835
  -7.7200000    0.0181982
  -7.7000000    0.0175400
  -7.6800000    0.0169890
  -7.6600000    0.0166228
  -7.6400000    0.0165108
  -7.6200000    0.0167087
  -7.6000000    0.0172537
  -7.5800000    0.0181614
  -7.5600000    0.0194238
  -7.5400000    0.0210098
  -7.5200000    0.0228671
  -7.5000000    0.0249264
  -7.4800000    0.0271057
  -7.4600000    0.0293172
  -7.4400000    0.0314722
  -7.4200000    0.0334875
  -7.4000000    0.0352894
  -7.3800000    0.0368177
  -7.3600000    0.0380268
  -7.3400000    0.0388867
  -7.3200000    0.0393819
  -7.3000000    0.0395099
  -7.2800000    0.0392782
  -7.2600000    0.0387022
  -7.2400000    0.0378029
  -7.2200000    0.0366044
  -7.2000000    0.0351332
  -7.1800000    0.0334169
  -7.1600000    0.0314850
  -7.1400000    0.0293684
  -7.1200000    0.0271012
  -7.1000000    0.0247207
  -7.0800000    0.0222687
  -7.0600000    0.0197910
  -7.0400000    0.0173370
  -7.0200000    0.0149585
  -7.0000000    0.0127069
  -6.9800000    0.0106302
  -6.9600000    0.0087696
  -6.9400000    0.0071553
  -6.9200000    0.0058038
  -6.9000000    0.0047150
  -6.8800000    0.0038719
  -6.8600000    0.0032412
  -6.8400000    0.0027764
  -6.8200000    0.0024221
  -6.8000000    0.0021204
  -6.7800000    0.0018169
  -6.7600000    0.0014668
  -6.7400000    0.0010403
  -6.7200000    0.0005259
  -6.7000000   -0.0000684
  -6.6800000   -0.0007161
  -6.6600000   -0.0013754
  -6.6400000   -0.0019938
  -6.6200000   -0.0025133
  -6.6000000   -0.0028767
  -6.5800000   -0.0030322
  -6.5600000   -0.0029375
  -6.5400000   -0.0025627
  -6.5200000   -0.0018918
  -6.5000000   -0.0009224
  -6.4800000    0.0003347
  -6.4600000    0.0018567
  -6.4400000    0.0036101
  -6.4200000    0.0055520
  -6.4000000    0.0076307
  -6.3800000    0.0097863
  -6.3600000    0.0119519
  -6.3400000    0.0140537
  -6.3200000    0.0160136
  -6.3000000    0.0177514
  -6.2800000    0.0191886
  -6.2600000    0.0202531
  -6.2400000    0.0208852
  -6.2200000    0.0210424
  -6.2000000    0.0207060
  -6.1800000    0.0198846
  -6.1600000    0.0186175
  -6.1400000    0.0169749
  -6.1200000    0.0150566
  -6.1000000    0.0129873
  -6.0800000    0.0109105
  -6.0600000    0.0089800
  -6.0400000    0.0073506
  -6.0200000    0.0061677
  -6.0000000    0.0055582
  -5.9800000    0.0056216
  -5.9600000    0.0064225
  -5.9400000    0.0079855
  -5.9200000    0.0102924
  -5.9000000    0.0132811
  -5.8800000    0.0168476
  -5.8600000    0.0208497
  -5.8400000    0.0251133
  -5.8200000    0.0294401
  -5.8000000    0.0336180
  -5.7800000    0.0374312
  -5.7600000    0.0406728
  -5.7400000    0.0431560
  -5.7200000    0.0447257
  -5.7000000    0.0452680
  -5.6800000    0.0447177
  -5.6600000    0.0430623
  -5.6400000    0.0403429
  -5.6200000    0.0366509
  -5.6000000    0.0321223
  -5.5800000    0.0269281
  -5.5600000    0.0212640
  -5.5400000    0.0153386
  -5.5200000    0.0093628
  -5.5000000    0.0035397
  -5.4800000   -0.0019427
  -5.4600000   -0.0069178
  -5.4400000   -0.0112437
  -5.4200000   -0.0148058
  -5.4000000   -0.0175173
  -5.3800000   -0.0193202
  -5.3600000   -0.0201854
  -5.3400000   -0.0201127
  -5.3200000   -0.0191306
  -5.3000000   -0.0172961
  -5.2800000   -0.0146931
  -5.2600000   -0.0114303
  -5.2400000   -0.0076379
  -5.2200000   -0.0034631
  -5.2000000    0.0009354
  -5.1800000    0.0053929
  -5.1600000    0.0097451
  -5.1400000    0.0138343
  -5.1200000    0.0175144
  -5.1000000    0.0206564
  -5.0800000    0.0231524
  -5.0600000    0.0249193
  -5.0400000    0.0259013
  -5.0200000    0.0260723
  -5.0000000    0.0254362
  -4.9800000    0.0240272
  -4.9600000    0.0219085
  -4.9400000    0.0191690
  -4.9200000    0.0159197
  -4.9000000    0.0122881
  -4.8800000    0.0084122
  -4.8600000    0.0044335
  -4.8400000    0.0004901
  -4.8200000   -0.0032890
  -4.8000000   -0.0067900
  -4.7800000   -0.0099180
  -4.7600000   -0.0125995
  -4.7400000   -0.0147844
  -4.7200000   -0.0164452
  -4.7000000   -0.0175769
  -4.6800000   -0.0181946
  -4.6600000   -0.0183315
  -4.6400000   -0.0180369
  -4.6200000   -0.0173729
  -4.6000000   -0.0164123
  -4.5800000   -0.0152358
  -4.5600000   -0.0139287
  -4.5400000   -0.0125787
  -4.5200000   -0.0112726
  -4.5000000   -0.0100934
  -4.4800000   -0.0091177
  -4.4600000   -0.0084130
  -4.4400000   -0.0080355
  -4.4200000   -0.0080287
  -4.4000000   -0.0084216
  -4.3800000   -0.0092285
  -4.3600000   -0.0104484
  -4.3400000   -0.0120658
  -4.3200000   -0.0140512
  -4.3000000   -0.0163626
  -4.2800000   -0.0189469
  -4.2600000   -0.0217424
  -4.2400000   -0.0246804
  -4.2200000   -0.0276883
  -4.2000000   -0.0306917
  -4.1800000   -0.0336169
  -4.1600000   -0.0363938
  -4.1400000   -0.0389574
  -4.1200000   -0.0412501
  -4.1000000   -0.0432235
  -4.0800000   -0.0448399
  -4.0600000   -0.0460726
  -4.0400000   -0.0469073
  -4.0200000   -0.0473420
  -4.0000000   -0.0473865
  -3.9800000   -0.0470621
  -3.9600000   -0.0464000
  -3.9400000   -0.0454399
  -3.9200000   -0.0442285
  -3.9000000   -0.0428169
  -3.8800000   -0.0412591
  -3.8600000   -0.0396104
  -3.8400000   -0.0379253
  -3.8200000   -0.0362564
  -3.8000000   -0.0346527
  -3.7800000   -0.0331584
  -3.7600000   -0.0318109
  -3.7400000   -0.0306394
  -3.7200000   -0.0296627
  -3.7000000   -0.0288871
  -3.6800000   -0.0283057
  -3.6600000   -0.0278975
  -3.6400000   -0.0276278
  -3.6200000   -0.0274506
  -3.6000000   -0.0273112
  -3.5800000   -0.0271511
  -3.5600000   -0.0269127
  -3.5400000   -0.0265449
  -3.5200000   -0.0260080
  -3.5000000   -0.0252777
  -3.4800000   -0.0243477
  -3.4600000   -0.0232313
  -3.4400000   -0.0219599
  -3.4200000   -0.0205811
  -3.4000000   -0.0191553
  -3.3800000   -0.0177501
  -3.3600000   -0.0164360
  -3.3400000   -0.0152806
  -3.3200000   -0.0143437
  -3.3000000   -0.0136734
  -3.2800000   -0.0133025
  -3.2600000   -0.0132466
  -3.2400000   -0.0135035
  -3.2200000   -0.0140533
  -3.2000000   -0.0148596
  -3.1800000   -0.0158723
  -3.1600000   -0.0170299
  -3.1400000   -0.0182630
  -3.1200000   -0.0194976
  -3.1000000   -0.0206587
  -3.0800000   -0.0216734
  -3.0600000   -0.0224741
  -3.0400000   -0.0230012
  -3.0200000   -0.0232054
  -3.0000000   -0.0230499
  -2.9800000   -0.0225117
  -2.9600000   -0.0215828
  -2.9400000   -0.0202706
  -2.9200000   -0.0185974
  -2.9000000   -0.0165994
  -2.8800000   -0.0143255
  -2.8600000   -0.0118342
  -2.8400000   -0.0091910
  -2.8200000   -0.0064647
  -2.8000000   -0.0037243
  -2.7800000   -0.0010355
  -2.7600000    0.0015422
  -2.7400000    0.0039573
  -2.7200000    0.0061678
  -2.7000000    0.0081412
  -2.6800000    0.0098542
  -2.6600000    0.0112917
  -2.6400000    0.0124453
  -2.6200000    0.0133129
  -2.6000000    0.0138972
  -2.5800000    0.0142059
  -2.5600000    0.0142517
  -2.5400000    0.0140524
  -2.5200000    0.0136316
  -2.5000000    0.0130178
  -2.4800000    0.0122444
  -2.4600000    0.0113475
  -2.4400000    0.0103644
  -2.4200000    0.0093310
  -2.4000000    0.0082800
  -2.3800000    0.0072389
  -2.3600000    0.0062297
  -2.3400000    0.0052686
  -2.3200000    0.0043679
  -2.3000000    0.0035371
  -2.2800000    0.0027859
  -2.2600000    0.0021253
  -2.2400000    0.0015700
  -2.2200000    0.0011379
  -2.2000000    0.0008504
  -2.1800000    0.0007302
  -2.1600000    0.0007995
  -2.1400000    0.0010775
  -2.1200000    0.0015780
  -2.1000000    0.0023074
  -2.0800000    0.0032636
  -2.0600000    0.0044352
  -2.0400000    0.0058020
  -2.0200000    0.0073346
  -2.0000000    0.0089959
  -1.9800000    0.0107413
  -1.9600000    0.0125198
  -1.9400000    0.0142748
  -1.9200000    0.0159456
  -1.9000000    0.0174690
  -1.8800000    0.0187820
  -1.8600000    0.0198251
  -1.8400000    0.0205465
  -1.8200000    0.0209054
  -1.8000000    0.0208768
  -1.7800000    0.0204537
  -1.7600000    0.0196492
  -1.7400000    0.0184961
  -1.7200000    0.0170451
  -1.7000000    0.0153611
  -1.6800000    0.0135180
  -1.6600000    0.0115937
  -1.6400000    0.0096643
  -1.6200000    0.0077992
  -1.6000000    0.0060581
  -1.5800000    0.0044889
  -1.5600000    0.0031272
  -1.5400000    0.0019974
  -1.5200000    0.0011151
  -1.5000000    0.0004891
  -1.4800000    0.0001245
  -1.4600000    0.0000251
  -1.4400000    0.0001951
  -1.4200000    0.0006403
  -1.4000000    0.0013684
  -1.3800000    0.0023885
  -1.3600000    0.0037103
  -1.3400000    0.0053415
  -1.3200000    0.0072863
  -1.3000000    0.0095417
  -1.2800000    0.0120946
  -1.2600000    0.0149183
  -1.2400000    0.0179689
  -1.2200000    0.0211820
  -1.2000000    0.0244710
  -1.1800000    0.0277253
  -1.1600000    0.0308115
  -1.1400000    0.0335762
  -1.1200000    0.0358508
  -1.1000000    0.0374594
  -1.0800000    0.0382284
  -1.0600000    0.0379980
  -1.0400000    0.0366342
  -1.0200000    0.0340409
  -1.0000000    0.0301708
  -0.9800000    0.0250333
  -0.9600000    0.0187006
  -0.9400000    0.0113086
  -0.9200000    0.0030554
  -0.9000000   -0.0058053
  -0.8800000   -0.0149726
  -0.8600000   -0.0241109
  -0.8400000   -0.0328628
  -0.8200000   -0.0408643
  -0.8000000   -0.0477599
  -0.7800000   -0.0532176
  -0.7600000   -0.0569436
  -0.7400000   -0.0586969
  -0.7200000   -0.0583020
  -0.7000000   -0.0556609
  -0.6800000   -0.0507630
  -0.6600000   -0.0436926
  -0.6400000   -0.0346326
  -0.6200000   -0.0238644
  -0.6000000   -0.0117623
  -0.5800000    0.0012176
  -0.5600000    0.0145546
  -0.5400000    0.0276863
  -0.5200000    0.0400369
  -0.5000000    0.0510479
  -0.4800000    0.0602123
  -0.4600000    0.0671065
  -0.4400000    0.0714208
  -0.4200000    0.0729835
  -0.4000000    0.0717793
  -0.3800000    0.0679574
  -0.3600000    0.0618317
  -0.3400000    0.0538700
  -0.3200000    0.0446752
  -0.3000000    0.0349570
  -0.2800000    0.0254990
  -0.2600000    0.0171194
  -0.2400000    0.0106312
  -0.2200000    0.0068014
  -0.2000000    0.0063132
  -0.1800000    0.0097313
  -0.1600000    0.0174736
  -0.1400000    0.0297877
  -0.1200000    0.0467349
  -0.1000000    0.0681798
  -0.0800000    0.0937862
  -0.0600000    0.1230194
  -0.0400000    0.1551545
  -0.0200000    0.1892922
   0.0000000    0.2243833
   0.0200000    0.2592624
   0.0400000    0.2926922
   0.0600000    0.3234177
   0.0800000    0.3502283
   0.1000000    0.3720255
   0.1200000    0.3878888
   0.1400000    0.3971365
   0.1600000    0.3993736
   0.1800000    0.3945206
   0.2000000    0.3828215
   0.2200000    0.3648278
   0.2400000    0.3413604
   0.2600000    0.3134538
   0.2800000    0.2822870
   0.3000000    0.2491089
   0.3200000    0.2151653
   0.3400000    0.1816322
   0.3600000    0.1495613
   0.3800000    0.1198394
   0.4000000    0.0931630
   0.4200000    0.0700278
   0.4400000    0.0507302
   0.4600000    0.0353791
   0.4800000    0.0239155
   0.5000000    0.0161360
   0.5200000    0.0117201
   0.5400000    0.0102572
   0.5600000    0.0112741
   0.5800000    0.0142608
   0.6000000    0.0186939
   0.6200000    0.0240590
   0.6400000    0.0298691
   0.6600000    0.0356815
   0.6800000    0.0411112
   0.7000000    0.0458416
   0.7200000    0.0496321
   0.7400000    0.0523225
   0.7600000    0.0538335
   0.7800000    0.0541642
   0.8000000    0.0533854
   0.8200000    0.0516299
   0.8400000    0.0490802
   0.8600000    0.0459535
   0.8800000    0.0424861
   0.9000000    0.0389172
   0.9200000    0.0354746
   0.9400000    0.0323620
   0.9600000    0.0297496
   0.9800000    0.0277679
   1.0000000    0.0265053
   1.0200000    0.0260085
   1.0400000    0.0262852
   1.0600000    0.0273085
   1.0800000    0.0290220
   1.1000000    0.0313448
   1.1200000    0.0341755
   1.1400000    0.0373966
   1.1600000    0.0408774
   1.1800000    0.0444777
   1.2000000    0.0480506
   1.2200000    0.0514470
   1.2400000    0.0545200
   1.2600000    0.0571299
   1.2800000    0.0591497
   1.3000000    0.0604703
   1.3200000    0.0610045
   1.3400000    0.0606913
   1.3600000    0.0594974
   1.3800000    0.0574187
   1.4000000    0.0544803
   1.4200000    0.0507354
   1.4400000    0.0462637
   1.4600000    0.0411691
   1.4800000    0.0355771
   1.5000000    0.0296303
   1.5200000    0.0234845
   1.5400000    0.0173021
   1.5600000    0.0112450
   1.5800000    0.0054666
   1.6000000    0.0001031
   1.6200000   -0.0047349
   1.6400000   -0.0089694
   1.6600000   -0.0125599
   1.6800000   -0.0155058
   1.7000000   -0.0178451
   1.7200000   -0.0196505
   1.7400000   -0.0210225
   1.7600000   -0.0220810
   1.7800000   -0.0229558
   1.8000000   -0.0237782
   1.8200000   -0.0246726
   1.8400000   -0.0257510
   1.8600000   -0.0271077
   1.8800000   -0.0288164
   1.9000000   -0.0309270
   1.9200000   -0.0334628
   1.9400000   -0.0364180
   1.9600000   -0.0397538
   1.9800000   -0.0433955
   2.0000000   -0.0472307
   2.0200000   -0.0511096
   2.0400000   -0.0548481
   2.0600000   -0.0582354
   2.0800000   -0.0610450
   2.1000000   -0.0630492
   2.1200000   -0.0640359
   2.1400000   -0.0638252
   2.1600000   -0.0622848
   2.1800000   -0.0593420
   2.2000000   -0.0549900
   2.2200000   -0.0492894
   2.2400000   -0.0423632
   2.2600000   -0.0343873
   2.2800000   -0.0255767
   2.3000000   -0.0161703
   2.3200000   -0.0064146
   2.3400000    0.0034498
   2.3600000    0.0132008
   2.3800000    0.0226427
   2.4000000    0.0316107
   2.4200000    0.0399730
   2.4400000    0.0476283
   2.4600000    0.0545037
   2.4800000    0.0605498
   2.5000000    0.0657371
   2.5200000    0.0700523
   2.5400000    0.0734959
   2.5600000    0.0760813
   2.5800000    0.0778339
   2.6000000    0.0787915
   2.6200000    0.0790042
   2.6400000    0.0785339
   2.6600000    0.0774530
   2.6800000    0.0758418
   2.7000000    0.0737853
   2.7200000    0.0713691
   2.7400000    0.0686747
   2.7600000    0.0657766
   2.7800000    0.0627386
   2.8000000    0.0596125
   2.8200000    0.0564382
   2.8400000    0.0532447
   2.8600000    0.0500528
   2.8800000    0.0468781
   2.9000000    0.0437341
   2.9200000    0.0406348
   2.9400000    0.0375958
   2.9600000    0.0346347
   2.9800000    0.0317688
   3.0000000    0.0290124
   3.0200000    0.0263728
   3.0400000    0.0238461
   3.0600000    0.0214136
   3.0800000    0.0190391
   3.1000000    0.0166684
   3.1200000    0.0142305
   3.1400000    0.0116415
   3.1600000    0.0088098
   3.1800000    0.0056430
   3.2000000    0.0020559
   3.2200000   -0.0020220
   3.2400000   -0.0066388
   3.2600000   -0.0118144
   3.2800000   -0.0175359
   3.3000000   -0.0237552
   3.3200000   -0.0303883
   3.3400000   -0.0373173
   3.3600000   -0.0443949
   3.3800000   -0.0514498
   3.4000000   -0.0582952
   3.4200000   -0.0647382
   3.4400000   -0.0705902
   3.4600000   -0.0756769
   3.4800000   -0.0798491
   3.5000000   -0.0829905
   3.5200000   -0.0850246
   3.5400000   -0.0859190
   3.5600000   -0.0856861
   3.5800000   -0.0843817
   3.6000000   -0.0821005
   3.6200000   -0.0789699
   3.6400000   -0.0751417
   3.6600000   -0.0707835
   3.6800000   -0.0660693
   3.7000000   -0.0611710
   3.7200000   -0.0562506
   3.7400000   -0.0514535
   3.7600000   -0.0469042
   3.7800000   -0.0427026
   3.8000000   -0.0389234
   3.8200000   -0.0356160
   3.8400000   -0.0328070
   3.8600000   -0.0305026
   3.8800000   -0.0286925
   3.9000000   -0.0273537
   3.9200000   -0.0264537
   3.9400000   -0.0259537
   3.9600000   -0.0258103
   3.9800000   -0.0259770
   4.0000000   -0.0264045
   4.0200000   -0.0270413
   4.0400000   -0.0278338
   4.0600000   -0.0287264
   4.0800000   -0.0296633
   4.1000000   -0.0305896
   4.1200000   -0.0314540
   4.1400000   -0.0322108
   4.1600000   -0.0328229
   4.1800000   -0.0332642
   4.2000000   -0.0335212
   4.2200000   -0.0335943
   4.2400000   -0.0334977
   4.2600000   -0.0332586
   4.2800000   -0.0329155
   4.3000000   -0.0325153
   4.3200000   -0.0321098
   4.3400000   -0.0317520
   4.3600000   -0.0314914
   4.3800000   -0.0313700
   4.4000000   -0.0314180
   4.4200000   -0.0316513
   4.4400000   -0.0320689
   4.4600000   -0.0326527
   4.4800000   -0.0333684
   4.5000000   -0.0341680
   4.5200000   -0.0349932
   4.5400000   -0.0357801
   4.5600000   -0.0364629
   4.5800000   -0.0369789
   4.6000000   -0.0372709
   4.6200000   -0.0372906
   4.6400000   -0.0369998
   4.6600000   -0.0363715
   4.6800000   -0.0353907
   4.7000000   -0.0340548
   4.7200000   -0.0323747
   4.7400000   -0.0303745
   4.7600000   -0.0280929
   4.7800000   -0.0255824
   4.8000000   -0.0229084
   4.8200000   -0.0201475
   4.8400000   -0.0173831
   4.8600000   -0.0147016
   4.8800000   -0.0121864
   4.9000000   -0.0099118
   4.9200000   -0.0079375
   4.9400000   -0.0063036
   4.9600000   -0.0050269
   4.9800000   -0.0041000
   5.0000000   -0.0034919
   5.0200000   -0.0031509
   5.0400000   -0.0030099
   5.0600000   -0.0029934
   5.0800000   -0.0030249
   5.1000000   -0.0030350
   5.1200000   -0.0029688
   5.1400000   -0.0027916
   5.1600000   -0.0024929
   5.1800000   -0.0020878
   5.2000000   -0.0016161
   5.2200000   -0.0011388
   5.2400000   -0.0007330
   5.2600000   -0.0004857
   5.2800000   -0.0004859
   5.3000000   -0.0008183
   5.3200000   -0.0015561
   5.3400000   -0.0027555
   5.3600000   -0.0044513
   5.3800000   -0.0066539
   5.4000000   -0.0093474
   5.4200000   -0.0124895
   5.4400000   -0.0160128
   5.4600000   -0.0198268
   5.4800000   -0.0238222
   5.5000000   -0.0278749
   5.5200000   -0.0318520
   5.5400000   -0.0356179
   5.5600000   -0.0390398
   5.5800000   -0.0419947
   5.6000000   -0.0443750
   5.6200000   -0.0460936
   5.6400000   -0.0470890
   5.6600000   -0.0473288
   5.6800000   -0.0468126
   5.7000000   -0.0455733
   5.7200000   -0.0436771
   5.7400000   -0.0412209
   5.7600000   -0.0383281
   5.7800000   -0.0351413
   5.8000000   -0.0318140
   5.8200000   -0.0284992
   5.8400000   -0.0253392
   5.8600000   -0.0224549
   5.8800000   -0.0199371
   5.9000000   -0.0178412
   5.9200000   -0.0161849
   5.9400000   -0.0149510
   5.9600000   -0.0140925
   5.9800000   -0.0135416
   6.0000000   -0.0132194
   6.0200000   -0.0130468
   6.0400000   -0.0129530
   6.0600000   -0.0128835
   6.0800000   -0.0128033
   6.1000000   -0.0126987
   6.1200000   -0.0125754
   6.1400000   -0.0124536
   6.1600000   -0.0123630
   6.1800000   -0.0123350
   6.2000000   -0.0123961
   6.2200000   -0.0125614
   6.2400000   -0.0128296
   6.2600000   -0.0131792
   6.2800000   -0.0135681
   6.3000000   -0.0139346
   6.3200000   -0.0142012
   6.3400000   -0.0142811
   6.3600000   -0.0140856
   6.3800000   -0.0135336
   6.4000000   -0.0125608
   6.4200000   -0.0111287
   6.4400000   -0.0092308
   6.4600000   -0.0068976
   6.4800000   -0.0041976
   6.5000000   -0.0012343
   6.5200000    0.0018594
   6.5400000    0.0049306
   6.5600000    0.0078178
   6.5800000    0.0103642
   6.6000000    0.0124292
   6.6200000    0.0139010
   6.6400000    0.0147045
   6.6600000    0.0148074
   6.6800000    0.0142225
   6.7000000    0.0130053
   6.7200000    0.0112503
   6.7400000    0.0090828
   6.7600000    0.0066508
   6.7800000    0.0041150
   6.8000000    0.0016398
   6.8200000   -0.0006152
   6.8400000   -0.0025032
   6.8600000   -0.0038961
   6.8800000   -0.0046897
   6.9000000   -0.0048080
   6.9200000   -0.0042060
   6.9400000   -0.0028723
   6.9600000   -0.0008295
   6.9800000    0.0018652
   7.0000000    0.0051222
   7.0200000    0.0088225
   7.0400000    0.0128224
   7.0600000    0.0169602
   7.0800000    0.0210633
   7.1000000    0.0249572
   7.1200000    0.0284737
   7.1400000    0.0314591
   7.1600000    0.0337820
   7.1800000    0.0353391
   7.2000000    0.0360595
   7.2200000    0.0359079
   7.2400000    0.0348850
   7.2600000    0.0330273
   7.2800000    0.0304046
   7.3000000    0.0271167
   7.3200000    0.0232895
   7.3400000    0.0190693
   7.3600000    0.0146177
   7.3800000    0.0101054
   7.4000000    0.0057057
   7.4200000    0.0015879
   7.4400000   -0.0020890
   7.4600000   -0.0051826
   7.4800000   -0.0075731
   7.5000000   -0.0091684
   7.5200000   -0.0099076
   7.5400000   -0.0097644
   7.5600000   -0.0087479
   7.5800000   -0.0069024
   7.6000000   -0.0043060
   7.6200000   -0.0010669
   7.6400000    0.0026808
   7.6600000    0.0067824
   7.6800000    0.0110691
   7.7000000    0.0153646
   7.7200000    0.0194918
   7.7400000    0.0232802
   7.7600000    0.0265725
   7.7800000    0.0292305
   7.8000000    0.0311412
   7.8200000    0.0322216
   7.8400000    0.0324222
   7.8600000    0.0317304
   7.8800000    0.0301713
   7.9000000    0.0278087
   7.9200000    0.0247435
   7.9400000    0.0211114
   7.9600000    0.0170786
   7.9800000    0.0128362
   8.0000000    0.0085931
   8.0200000    0.0045675
   8.0400000    0.0009771
   8.0600000   -0.0019711
   8.0800000   -0.0040914
   8.1000000   -0.0052293
   8.1200000   -0.0052709
   8.1400000   -0.0041499
   8.1600000   -0.0018526
   8.1800000    0.0015792
   8.2000000    0.0060496
   8.2200000    0.0114121
   8.2400000    0.0174762
   8.2600000    0.0240165
   8.2800000    0.0307847
   8.3000000    0.0375223
   8.3200000    0.0439742
   8.3400000    0.0499026
   8.3600000    0.0550995
   8.3800000    0.0593973
   8.4000000    0.0626770
   8.4200000    0.0648729
   8.4400000    0.0659734
   8.4600000    0.0660184
   8.4800000    0.0650939
   8.5000000    0.0633231
   8.5200000    0.0608564
   8.5400000    0.0578603
   8.5600000    0.0545074
   8.5800000    0.0509661
   8.6000000    0.0473932
   8.6200000    0.0439278
   8.6400000    0.0406871
   8.6600000    0.0377640
   8.6800000    0.0352261
   8.7000000    0.0331158
   8.7200000    0.0314511
   8.7400000    0.0302277
   8.7600000    0.0294208
   8.7800000    0.0289887
   8.8000000    0.0288764
   8.8200000    0.0290194
   8.8400000    0.0293491
   8.8600000    0.0297969
   8.8800000    0.0302983
   8.9000000    0.0307969
   8.9200000    0.0312464
   8.9400000    0.0316118
   8.9600000    0.0318693
   8.9800000    0.0320053
   9.0000000    0.0320144
   9.0200000    0.0318971
   9.0400000    0.0316581
   9.0600000    0.0313043
   9.0800000    0.0308441
   9.1000000    0.0302869
   9.1200000    0.0296436
   9.1400000    0.0289265
   9.1600000    0.0281498
   9.1800000    0.0273294
   9.2000000    0.0264817
   9.2200000    0.0256222
   9.2400000    0.0247633
   9.2600000    0.0239119
   9.2800000    0.0230673
   9.3000000    0.0222203
   9.3200000    0.0213526
   9.3400000    0.0204390
   9.3600000    0.0194492
   9.3800000    0.0183524
   9.4000000    0.0171212
   9.4200000    0.0157356
   9.4400000    0.0141870
   9.4600000    0.0124799
   9.4800000    0.0106324
   9.5000000    0.0086749
   9.5200000    0.0066479
   9.5400000    0.0045980
   9.5600000    0.0025736
   9.5800000    0.0006214
   9.6000000   -0.0012173
   9.6200000   -0.0029091
   9.6400000   -0.0044298
   9.6600000   -0.0057651
   9.6800000   -0.0069099
   9.7000000   -0.0078675
   9.7200000   -0.0086482
   9.7400000   -0.0092685
   9.7600000   -0.0097495
   9.7800000   -0.0101163
   9.8000000   -0.0103978
   9.8200000   -0.0106253
   9.8400000   -0.0108328
   9.8600000   -0.0110555
   9.8800000   -0.0113288
   9.9000000   -0.0116861
   9.9200000   -0.0121571
   9.9400000   -0.0127643
   9.9600000   -0.0135208
   9.9800000   -0.0144273
  10.0000000   -0.0154697
  10.0200000   -0.0166183
  10.0400000   -0.0178270
  10.0600000   -0.0190340
  10.0800000   -0.0201645
  10.1000000   -0.0211336
  10.1200000   -0.0218507
  10.1400000   -0.0222251
  10.1600000   -0.0221723
  10.1800000   -0.0216202
  10.2000000   -0.0205156
  10.2200000   -0.0188306
  10.2400000   -0.0165669
  10.2600000   -0.0137590
  10.2800000   -0.0104749
  10.3000000   -0.0068139
  10.3200000   -0.0029015
  10.3400000    0.0011178
  10.3600000    0.0050904
  10.3800000    0.0088639
  10.4000000    0.0122976
  10.4200000    0.0152721
  10.4400000    0.0176955
  10.4600000    0.0195085
  10.4800000    0.0206845
  10.5000000    0.0212285
  10.5200000    0.0211729
  10.5400000    0.0205719
  10.5600000    0.0194954
  10.5800000    0.0180233
  10.6000000    0.0162397
  10.6200000    0.0142290
  10.6400000    0.0120722
  10.6600000    0.0098446
  10.6800000    0.0076131
  10.7000000    0.0054353
  10.7200000    0.0033577
  10.7400000    0.0014155
  10.7600000   -0.0003686
  10.7800000   -0.0019833
  10.8000000   -0.0034285
  10.8200000   -0.0047134
  10.8400000   -0.0058549
  10.8600000   -0.0068748
  10.8800000   -0.0077982
  10.9000000   -0.0086511
  10.9200000   -0.0094583
  10.9400000   -0.0102426
  10.9600000   -0.0110237
  10.9800000   -0.0118165
  11.0000000   -0.0126314
  11.0200000   -0.0134727
  11.0400000   -0.0143381
  11.0600000   -0.0152182
  11.0800000   -0.0160954
  11.1000000   -0.0169446
  11.1200000   -0.0177328
  11.1400000   -0.0184209
  11.1600000   -0.0189651
  11.1800000   -0.0193193
  11.2000000   -0.0194383
  11.2200000   -0.0192805
  11.2400000   -0.0188116
  11.2600000   -0.0180068
  11.2800000   -0.0168538
  11.3000000   -0.0153545
  11.3200000   -0.0135253
  11.3400000   -0.0113979
  11.3600000   -0.0090177
  11.3800000   -0.0064425
  11.4000000   -0.0037394
  11.4200000   -0.0009820
  11.4400000    0.0017540
  11.4600000    0.0043938
  11.4800000    0.0068686
  11.5000000    0.0091185
  11.5200000    0.0110963
  11.5400000    0.0127696
  11.5600000    0.0141224
  11.5800000    0.0151552
  11.6000000    0.0158843
  11.6200000    0.0163393
  11.6400000    0.0165595
  11.6600000    0.0165902
  11.6800000    0.0164776
  11.7000000    0.0162644
  11.7200000    0.0159857
  11.7400000    0.0156659
  11.7600000    0.0153174
  11.7800000    0.0149408
  11.8000000    0.0145268
  11.8200000    0.0140594
  11.8400000    0.0135206
  11.8600000    0.0128945
  11.8800000    0.0121723
  11.9000000    0.0113546
  11.9200000    0.0104540
  11.9400000    0.0094945
  11.9600000    0.0085102
  11.9800000    0.0075418
  12.0000000    0.0066334
  12.0200000    0.0058273
  12.0400000    0.0051607
  12.0600000    0.0046617
  12.0800000    0.0043472
  12.1000000    0.0042210
  12.1200000    0.0042732
  12.1400000    0.0044808
  12.1600000    0.0048077
  12.1800000    0.0052063
  12.2000000    0.0056188
  12.2200000    0.0059788
  12.2400000    0.0062143
  12.2600000    0.0062497
  12.2800000    0.0060104
  12.3000000    0.0054261
  12.3200000    0.0044369
  12.3400000    0.0029975
  12.3600000    0.0010831
  12.3800000   -0.0013062
  12.4000000   -0.0041419
  12.4200000   -0.0073654
  12.4400000   -0.0108889
  12.4600000   -0.0145982
  12.4800000   -0.0183586
  12.5000000   -0.0220232
  12.5200000   -0.0254425
  12.5400000   -0.0284758
  12.5600000   -0.0310018
  12.5800000   -0.0329276
  12.6000000   -0.0341964
  12.6200000   -0.0347913
  12.6400000   -0.0347350
  12.6600000   -0.0340865
  12.6800000   -0.0329343
  12.7000000   -0.0313875
  12.7200000   -0.0295646
  12.7400000   -0.0275841
  12.7600000   -0.0255553
  12.7800000   -0.0235713
  12.8000000   -0.0217051
  12.8200000   -0.0200086
  12.8400000   -0.0185132
  12.8600000   -0.0172334
  12.8800000   -0.0161698
  12.9000000   -0.0153134
  12.9200000   -0.0146485
  12.9400000   -0.0141551
  12.9600000   -0.0138101
  12.9800000   -0.0135876
  13.0000000   -0.0134593
  13.0200000   -0.0133943
  13.0400000   -0.0133607
  13.0600000   -0.0133266
  13.0800000   -0.0132629
  13.1000000   -0.0131464
  13.1200000   -0.0129631
  13.1400000   -0.0127106
  13.1600000   -0.0123997
  13.1800000   -0.0120549
  13.2000000   -0.0117120
  13.2200000   -0.0114159
  13.2400000   -0.0112152
  13.2600000   -0.0111579
  13.2800000   -0.0112858
  13.3000000   -0.0116302
  13.3200000   -0.0122084
  13.3400000   -0.0130223
  13.3600000   -0.0140577
  13.3800000   -0.0152858
  13.4000000   -0.0166649
  13.4200000   -0.0181435
  13.4400000   -0.0196632
  13.4600000   -0.0211604
  13.4800000   -0.0225692
  13.5000000   -0.0238223
  13.5200000   -0.0248517
  13.5400000   -0.0255905
  13.5600000   -0.0259728
  13.5800000   -0.0259359
  13.6000000   -0.0254221
  13.6200000   -0.0243810
  13.6400000   -0.0227731
  13.6600000   -0.0205723
  13.6800000   -0.0177689
  13.7000000   -0.0143723
  13.7200000   -0.0104118
  13.7400000   -0.0059372
  13.7600000   -0.0010185
  13.7800000    0.0042556
  13.8000000    0.0097801
  13.8200000    0.0154360
  13.8400000    0.0210936
  13.8600000    0.0266159
  13.8800000    0.0318628
  13.9000000    0.0366959
  13.9200000    0.0409838
  13.9400000    0.0446075
  13.9600000    0.0474672
  13.9800000    0.0494869
  14.0000000    0.0506195
  14.0200000    0.0508493
  14.0400000    0.0501926
  14.0600000    0.0486956
  14.0800000    0.0464294
  14.1000000    0.0434838
  14.1200000    0.0399587
  14.1400000    0.0359559
  14.1600000    0.0315721
  14.1800000    0.0268929
  14.2000000    0.0219902
  14.2200000    0.0169224
  14.2400000    0.0117365
  14.2600000    0.0064733
  14.2800000    0.0011732
  14.3000000   -0.0041185
  14.3200000   -0.0093468
  14.3400000   -0.0144447
  14.3600000   -0.0193331
  14.3800000   -0.0239236
  14.4000000   -0.0281234
  14.4200000   -0.0318418
  14.4400000   -0.0349969
  14.4600000   -0.0375232
  14.4800000   -0.0393762
  14.5000000   -0.0405367
  14.5200000   -0.0410123
  14.5400000   -0.0408362
  14.5600000   -0.0400646
  14.5800000   -0.0387727
  14.6000000   -0.0370486
  14.6200000   -0.0349885
  14.6400000   -0.0326908
  14.6600000   -0.0302511
  14.6800000   -0.0277591
  14.7000000   -0.0252950
  14.7200000   -0.0229283
  14.7400000   -0.0207163
  14.7600000   -0.0187040
  14.7800000   -0.0169240
  14.8000000   -0.0153966
  14.8200000   -0.0141300
  14.8400000   -0.0131206
  14.8600000   -0.0123530
  14.8800000   -0.0118009
  14.9000000   -0.0114275
  14.9200000   -0.0111866
  14.9400000   -0.0110247
  14.9600000   -0.0108835
  14.9800000   -0.0107031
  15.0000000   -0.0104259
  15.0200000   -0.0100011
  15.0400000   -0.0093884
  15.0600000   -0.0085619
  15.0800000   -0.0075128
  15.1000000   -0.0062499
  15.1200000   -0.0047991
  15.1400000   -0.0032006
  15.1600000   -0.0015043
  15.1800000    0.0002360
  15.2000000    0.0019690
  15.2200000    0.0036516
  15.2400000    0.0052543
  15.2600000    0.0067634
  15.2800000    0.0081823
  15.3000000    0.0095288
  15.3200000    0.0108314
  15.3400000    0.0121227
  15.3600000    0.0134332
  15.3800000    0.0147838
  15.4000000    0.0161811
  15.4200000    0.0176129
  15.4400000    0.0190475
  15.4600000    0.0204353
  15.4800000    0.0217126
  15.5000000    0.0228079
  15.5200000    0.0236494
  15.5400000    0.0241730
  15.5600000    0.0243295
  15.5800000    0.0240902
  15.6000000    0.0234510
  15.6200000    0.0224335
  15.6400000    0.0210835
  15.6600000    0.0194675
  15.6800000    0.0176673
  15.7000000    0.0157736
  15.7200000    0.0138791
  15.7400000    0.0120727
  15.7600000    0.0104343
  15.7800000    0.0090314
  15.8000000    0.0079170
  15.8200000    0.0071296
  15.8400000    0.0066939
  15.8600000    0.0066228
  15.8800000    0.0069188
  15.9000000    0.0075765
  15.9200000    0.0085837
  15.9400000    0.0099223
  15.9600000    0.0115682
  15.9800000    0.0134912
  16.0000000    0.0156537
  16.0200000    0.0180099
  16.0400000    0.0205049
  16.0600000    0.0230746
  16.0800000    0.0256455
  16.1000000    0.0281356
  16.1200000    0.0304568
  16.1400000    0.0325170
  16.1600000    0.0342241
  16.1800000    0.0354896
  16.2000000    0.0362342
  16.2200000    0.0363917
  16.2400000    0.0359139
  16.2600000    0.0347748
  16.2800000    0.0329731
  16.3000000    0.0305340
  16.3200000    0.0275092
  16.3400000    0.0239753
  16.3600000    0.0200302
  16.3800000    0.0157886
  16.4000000    0.0113762
  16.4200000    0.0069230
  16.4400000    0.0025570
  16.4600000   -0.0016024
  16.4800000   -0.0054490
  16.5000000   -0.0088945
  16.5200000   -0.0118703
  16.5400000   -0.0143288
  16.5600000   -0.0162422
  16.5800000   -0.0176006
  16.6000000   -0.0184094
  16.6200000   -0.0186857
  16.6400000   -0.0184554
  16.6600000   -0.0177510
  16.6800000   -0.0166091
  16.7000000   -0.0150706
  16.7200000   -0.0131797
  16.7400000   -0.0109852
  16.7600000   -0.0085407
  16.7800000   -0.0059051
  16.8000000   -0.0031428
  16.8200000   -0.0003227
  16.8400000    0.0024829
  16.8600000    0.0052006
  16.8800000    0.0077584
  16.9000000    0.0100880
  16.9200000    0.0121285
  16.9400000    0.0138282
  16.9600000    0.0151474
  16.9800000    0.0160605
  17.0000000    0.0165578
  17.0200000    0.0166459
  17.0400000    0.0163485
  17.0600000    0.0157050
  17.0800000    0.0147688
  17.1000000    0.0136044
  17.1200000    0.0122827
  17.1400000    0.0108766
  17.1600000    0.0094558
  17.1800000    0.0080822
  17.2000000    0.0068056
  17.2200000    0.0056618
  17.2400000    0.0046708
  17.2600000    0.0038374
  17.2800000    0.0031530
  17.3000000    0.0025977
  17.3200000    0.0021432
  17.3400000    0.0017555
  17.3600000    0.0013974
  17.3800000    0.0010302
  17.4000000    0.0006161
  17.4200000    0.0001194
  17.4400000   -0.0004912
  17.4600000   -0.0012410
  17.4800000   -0.0021464
  17.5000000   -0.0032132
  17.5200000   -0.0044345
  17.5400000   -0.0057906
  17.5600000   -0.0072491
  17.5800000   -0.0087678
  17.6000000   -0.0102975
  17.6200000   -0.0117873
  17.6400000   -0.0131890
  17.6600000   -0.0144616
  17.6800000   -0.0155743
  17.7000000   -0.0165082
  17.7200000   -0.0172561
  17.7400000   -0.0178200
  17.7600000   -0.0182088
  17.7800000   -0.0184348
  17.8000000   -0.0185105
  17.8200000   -0.0184468
  17.8400000   -0.0182523
  17.8600000   -0.0179343
  17.8800000   -0.0174999
  17.9000000   -0.0169588
  17.9200000   -0.0163253
  17.9400000   -0.0156198
  17.9600000   -0.0148694
  17.9800000   -0.0141072
  18.0000000   -0.0133697
  18.0200000   -0.0126946
  18.0400000   -0.0121165
  18.0600000   -0.0116637
  18.0800000   -0.0113549
  18.1000000   -0.0111965
  18.1200000   -0.0111818
  18.1400000   -0.0112901
  18.1600000   -0.0114882
  18.1800000   -0.0117322
  18.2000000   -0.0119698
  18.2200000   -0.0121443
  18.2400000   -0.0121974
  18.2600000   -0.0120736
  18.2800000   -0.0117235
  18.3000000   -0.0111070
  18.3200000   -0.0101969
  18.3400000   -0.0089807
  18.3600000   -0.0074623
  18.3800000   -0.0056630
  18.4000000   -0.0036210
  18.4200000   -0.0013899
  18.4400000    0.0009632
  18.4600000    0.0033612
  18.4800000    0.0057202
  18.5000000    0.0079541
  18.5200000    0.0099778
  18.5400000    0.0117116
  18.5600000    0.0130841
  18.5800000    0.0140347
  18.6000000    0.0145164
  18.6200000    0.0144970
  18.6400000    0.0139605
  18.6600000    0.0129080
  18.6800000    0.0113584
  18.7000000    0.0093485
  18.7200000    0.0069333
  18.7400000    0.0041856
  18.7600000    0.0011944
  18.7800000   -0.0019362
  18.8000000   -0.0050903
  18.8200000   -0.0081434
  18.8400000   -0.0109681
  18.8600000   -0.0134386
  18.8800000   -0.0154384
  18.9000000   -0.0168661
  18.9200000   -0.0176422
  18.9400000   -0.0177156
  18.9600000   -0.0170673
  18.9800000   -0.0157138
  19.0000000   -0.0137073
  19.0200000   -0.0111338
  19.0400000   -0.0081089
  19.0600000   -0.0047706
  19.0800000   -0.0012719
  19.1000000    0.0022293
  19.1200000    0.0055787
  19.1400000    0.0086345
  19.1600000    0.0112747
  19.1800000    0.0134018
  19.2000000    0.0149460
  19.2200000    0.0158660
  19.2400000    0.0161478
  19.2600000    0.0158014
  19.2800000    0.0148579
  19.3000000    0.0133647
  19.3200000    0.0113816
  19.3400000    0.0089768
  19.3600000    0.0062239
  19.3800000    0.0031992
  19.4000000   -0.0000201
  19.4200000   -0.0033579
  19.4400000   -0.0067397
  19.4600000   -0.0100943
  19.4800000   -0.0133538
  19.5000000   -0.0164549
  19.5200000   -0.0193392
  19.5400000   -0.0219542
  19.5600000   -0.0242542
  19.5800000   -0.0262008
  19.6000000   -0.0277639
  19.6200000   -0.0289231
  19.6400000   -0.0296685
  19.6600000   -0.0300013
  19.6800000   -0.0299351
  19.7000000   -0.0294956
  19.7200000   -0.0287205
  19.7400000   -0.0276585
  19.7600000   -0.0263682
  19.7800000   -0.0249152
  19.8000000   -0.0233703
  19.8200000   -0.0218059
  19.8400000   -0.0202937
  19.8600000   -0.0189017
  19.8800000   -0.0176915
  19.9000000   -0.0167162
  19.9200000   -0.0160185
  19.9400000   -0.0156293
  19.9600000   -0.0155666
  19.9800000   -0.0158343
  20.0000000   -0.0164219
  20.0200000   -0.0173036
  20.0400000   -0.0184388
  20.0600000   -0.0197716
  20.0800000   -0.0212327
  20.1000000   -0.0227405
  20.1200000   -0.0242043
  20.1400000   -0.0255279
  20.1600000   -0.0266138
  20.1800000   -0.0273693
  20.2000000   -0.0277111
  20.2200000   -0.0275715
  20.2400000   -0.0269019
  20.2600000   -0.0256768
  20.2800000   -0.0238945
  20.3000000   -0.0215768
  20.3200000   -0.0187665
  20.3400000   -0.0155231
  20.3600000   -0.0119175
  20.3800000   -0.0080274
  20.4000000   -0.0039317
  20.4200000    0.0002928
  20.4400000    0.0045738
  20.4600000    0.0088441
  20.4800000    0.0130404
  20.5000000    0.0171021
  20.5200000    0.0209689
  20.5400000    0.0245797
  20.5600000    0.0278715
  20.5800000    0.0307811
  20.6000000    0.0332469
  20.6200000    0.0352133
  20.6400000    0.0366354
  20.6600000    0.0374835
  20.6800000    0.0377479
  20.7000000    0.0374417
  20.7200000    0.0366023
  20.7400000    0.0352896
  20.7600000    0.0335839
  20.7800000    0.0315796
  20.8000000    0.0293794
  20.8200000    0.0270867
  20.8400000    0.0247987
  20.8600000    0.0225999
  20.8800000    0.0205584
  20.9000000    0.0187229
  20.9200000    0.0171227
  20.9400000    0.0157695
  20.9600000    0.0146612
  20.9800000    0.0137862
  21.0000000    0.0131276
  21.0200000    0.0126678
  21.0400000    0.0123907
  21.0600000    0.0122827
  21.0800000    0.0123317
  21.1000000    0.0125251
  21.1200000    0.0128461
  21.1400000    0.0132701
  21.1600000    0.0137627
  21.1800000    0.0142773
  21.2000000    0.0147566
  21.2200000    0.0151349
  21.2400000    0.0153430
  21.2600000    0.0153142
  21.2800000    0.0149916
  21.3000000    0.0143335
  21.3200000    0.0133197
  21.3400000    0.0119538
  21.3600000    0.0102651
  21.3800000    0.0083062
  21.4000000    0.0061503
  21.4200000    0.0038847
  21.4400000    0.0016055
  21.4600000   -0.0005899
  21.4800000   -0.0026092
  21.5000000   -0.0043702
  21.5200000   -0.0058058
  21.5400000   -0.0068663
  21.5600000   -0.0075209
  21.5800000   -0.0077582
  21.6000000   -0.0075849
  21.6200000   -0.0070245
  21.6400000   -0.0061154
  21.6600000   -0.0049085
  21.6800000   -0.0034651
  21.7000000   -0.0018544
  21.7200000   -0.0001516
  21.7400000    0.0015648
  21.7600000    0.0032156
  21.7800000    0.0047237
  21.8000000    0.0060173
  21.8200000    0.0070332
  21.8400000    0.0077201
  21.8600000    0.0080424
  21.8800000    0.0079820
  21.9000000    0.0075408
  21.9200000    0.0067408
  21.9400000    0.0056238
  21.9600000    0.0042483
  21.9800000    0.0026858
  22.0000000    0.0010156
  22.0200000   -0.0006816
  22.0400000   -0.0023302
  22.0600000   -0.0038658
  22.0800000   -0.0052402
  22.1000000   -0.0064250
  22.1200000   -0.0074127
  22.1400000   -0.0082156
  22.1600000   -0.0088632
  22.1800000   -0.0093965
  22.2000000   -0.0098626
  22.2200000   -0.0103079
  22.2400000   -0.0107722
  22.2600000   -0.0112838
  22.2800000   -0.0118565
  22.3000000   -0.0124887
  22.3200000   -0.0131644
  22.3400000   -0.0138568
  22.3600000   -0.0145321
  22.3800000   -0.0151553
  22.4000000   -0.0156949
  22.4200000   -0.0161277
  22.4400000   -0.0164414
  22.4600000   -0.0166361
  22.4800000   -0.0167236
  22.5000000   -0.0167246
  22.5200000   -0.0166651
  22.5400000   -0.0165715
  22.5600000   -0.0164658
  22.5800000   -0.0163618
  22.6000000   -0.0162618
  22.6200000   -0.0161553
  22.6400000   -0.0160202
  22.6600000   -0.0158242
  22.6800000   -0.0155285
  22.7000000   -0.0150919
  22.7200000   -0.0144742
  22.7400000   -0.0136401
  22.7600000   -0.0125613
  22.7800000   -0.0112180
  22.8000000   -0.0095986
  22.8200000   -0.0077001
  22.8400000   -0.0055263
  22.8600000   -0.0030884
  22.8800000   -0.0004037
  22.9000000    0.0025031
  22.9200000    0.0055994
  22.9400000    0.0088434
  22.9600000    0.0121835
  22.9800000    0.0155580
  23.0000000    0.0188966
  23.0200000    0.0221224
  23.0400000    0.0251561
  23.0600000    0.0279206
  23.0800000    0.0303465
  23.1000000    0.0323773
  23.1200000    0.0339744
  23.1400000    0.0351198
  23.1600000    0.0358181
  23.1800000    0.0360963
  23.2000000    0.0360016
  23.2200000    0.0355973
  23.2400000    0.0349585
  23.2600000    0.0341661
  23.2800000    0.0333008
  23.3000000    0.0324380
  23.3200000    0.0316420
  23.3400000    0.0309628
  23.3600000    0.0304331
  23.3800000    0.0300665
  23.4000000    0.0298577
  23.4200000    0.0297834
  23.4400000    0.0298046
  23.4600000    0.0298698
  23.4800000    0.0299195
  23.5000000    0.0298902
  23.5200000    0.0297201
  23.5400000    0.0293532
  23.5600000    0.0287436
  23.5800000    0.0278589
  23.6000000    0.0266821
  23.6200000    0.0252118
  23.6400000    0.0234613
  23.6600000    0.0214566
  23.6800000    0.0192325
  23.7000000    0.0168300
  23.7200000    0.0142922
  23.7400000    0.0116619
  23.7600000    0.0089807
  23.7800000    0.0062882
  23.8000000    0.0036240
  23.8200000    0.0010289
  23.8400000   -0.0014526
  23.8600000   -0.0037704
  23.8800000   -0.0058690
  23.9000000   -0.0076883
  23.9200000   -0.0091670
  23.9400000   -0.0102476
  23.9600000   -0.0108824
  23.9800000   -0.0110402
  24.0000000   -0.0107122
  24.0200000   -0.0099171
  24.0400000   -0.0087027
  24.0600000   -0.0071455
  24.0800000   -0.0053474
  24.1000000   -0.0034283
  24.1200000   -0.0015182
  24.1400000    0.0002533
  24.1600000    0.0017670
  24.1800000    0.0029234
  24.2000000    0.0036504
  24.2200000    0.0039079
  24.2400000    0.0036896
  24.2600000    0.0030223
  24.2800000    0.0019618
  24.3000000    0.0005875
  24.3200000   -0.0010052
  24.3400000   -0.0027119
  24.3600000   -0.0044270
  24.3800000   -0.0060499
  24.4000000   -0.0074913
  24.4200000   -0.0086766
  24.4400000   -0.0095491
  24.4600000   -0.0100715
  24.4800000   -0.0102262
  24.5000000   -0.0100141
  24.5200000   -0.0094537
  24.5400000   -0.0085776
  24.5600000   -0.0074301
  24.5800000   -0.0060631
  24.6000000   -0.0045331
  24.6200000   -0.0028973
  24.6400000   -0.0012112
  24.6600000    0.0004734
  24.6800000    0.0021098
  24.7000000    0.0036561
  24.7200000    0.0050754
  24.7400000    0.0063350
  24.7600000    0.0074057
  24.7800000    0.0082620
  24.8000000    0.0088819
  24.8200000    0.0092482
  24.8400000    0.0093497
  24.8600000    0.0091826
  24.8800000    0.0087517
  24.9000000    0.0080711
  24.9200000    0.0071639
  24.9400000    0.0060616
  24.9600000    0.0048019
  24.9800000    0.0034271
  25.0000000    0.0019808
  25.0200000    0.0005055
  25.0400000   -0.0009592
  25.0600000   -0.0023786
  25.0800000   -0.0037238
  25.1000000   -0.0049716
  25.1200000   -0.0061045
  25.1400000   -0.0071090
  25.1600000   -0.0079752
  25.1800000   -0.0086947
  25.2000000   -0.0092598
  25.2200000   -0.0096631
  25.2400000   -0.0098964
  25.2600000   -0.0099517
  25.2800000   -0.0098212
  25.3000000   -0.0094991
  25.3200000   -0.0089821
  25.3400000   -0.0082720
  25.3600000   -0.0073761
  25.3800000   -0.0063094
  25.4000000   -0.0050954
  25.4200000   -0.0037666
  25.4400000   -0.0023644
  25.4600000   -0.0009382
  25.4800000    0.0004563
  25.5000000    0.0017603
  25.5200000    0.0029152
  25.5400000    0.0038674
  25.5600000    0.0045723
  25.5800000    0.0049993
  25.6000000    0.0051347
  25.6200000    0.0049837
  25.6400000    0.0045706
  25.6600000    0.0039367
  25.6800000    0.0031357
  25.7000000    0.0022287
  25.7200000    0.0012763
  25.7400000    0.0003324
  25.7600000   -0.0005628
  25.7800000   -0.0013872
  25.8000000   -0.0021395
  25.8200000   -0.0028387
  25.8400000   -0.0035212
  25.8600000   -0.0042352
  25.8800000   -0.0050333
  25.9000000   -0.0059638
  25.9200000   -0.0070627
  25.9400000   -0.0083461
  25.9600000   -0.0098048
  25.9800000   -0.0114019
  26.0000000   -0.0130729
  26.0200000   -0.0147295
  26.0400000   -0.0162659
  26.0600000   -0.0175677
  26.0800000   -0.0185209
  26.1000000   -0.0190228
  26.1200000   -0.0189905
  26.1400000   -0.0183692
  26.1600000   -0.0171366
  26.1800000   -0.0153060
  26.2000000   -0.0129258
  26.2200000   -0.0100762
  26.2400000   -0.0068649
  26.2600000   -0.0034195
  26.2800000    0.0001195
  26.3000000    0.0036069
  26.3200000    0.0069008
  26.3400000    0.0098701
  26.3600000    0.0124005
  26.3800000    0.0144006
  26.4000000    0.0158060
  26.4200000    0.0165822
  26.4400000    0.0167266
  26.4600000    0.0162681
  26.4800000    0.0152658
  26.5000000    0.0138059
  26.5200000    0.0119966
  26.5400000    0.0099617
  26.5600000    0.0078338
  26.5800000    0.0057461
  26.6000000    0.0038245
  26.6200000    0.0021804
  26.6400000    0.0009045
  26.6600000    0.0000623
  26.6800000   -0.0003086
  26.7000000   -0.0001992
  26.7200000    0.0003720
  26.7400000    0.0013622
  26.7600000    0.0027077
  26.7800000    0.0043293
  26.8000000    0.0061363
  26.8200000    0.0080320
  26.8400000    0.0099172
  26.8600000    0.0116937
  26.8800000    0.0132673
  26.9000000    0.0145494
  26.9200000    0.0154594
  26.9400000    0.0159261
  26.9600000    0.0158893
  26.9800000    0.0153028
  27.0000000    0.0141361
  27.0200000    0.0123775
  27.0400000    0.0100366
  27.0600000    0.0071461
  27.0800000    0.0037635
  27.1000000   -0.0000299
  27.1200000   -0.0041297
  27.1400000   -0.0084129
  27.1600000   -0.0127422
  27.1800000   -0.0169730
  27.2000000   -0.0209608
  27.2200000   -0.0245689
  27.2400000   -0.0276760
  27.2600000   -0.0301833
  27.2800000   -0.0320197
  27.3000000   -0.0331454
  27.3200000   -0.0335534
  27.3400000   -0.0332693
  27.3600000   -0.0323482
  27.3800000   -0.0308703
  27.4000000   -0.0289346
  27.4200000   -0.0266516
  27.4400000   -0.0241354
  27.4600000   -0.0214960
  27.4800000   -0.0188324
  27.5000000   -0.0162263
  27.5200000   -0.0137390
  27.5400000   -0.0114093
  27.5600000   -0.0092546
  27.5800000   -0.0072731
  27.6000000   -0.0054487
  27.6200000   -0.0037562
  27.6400000   -0.0021668
  27.6600000   -0.0006529
  27.6800000    0.0008072
  27.7000000    0.0022281
  27.7200000    0.0036157
  27.7400000    0.0049684
  27.7600000    0.0062792
  27.7800000    0.0075382
  27.8000000    0.0087356
  27.8200000    0.0098640
  27.8400000    0.0109202
  27.8600000    0.0119065
  27.8800000    0.0128302
  27.9000000    0.0137032
  27.9200000    0.0145402
  27.9400000    0.0153565
  27.9600000    0.0161663
  27.9800000    0.0169794
  28.0000000    0.0177996
  28.0200000    0.0186223
  28.0400000    0.0194335
  28.0600000    0.0202087
  28.0800000    0.0209133
  28.1000000    0.0215041
  28.1200000    0.0219313
  28.1400000    0.0221418
  28.1600000    0.0220826
  28.1800000    0.0217050
  28.2000000    0.0209687
  28.2200000    0.0198447
  28.2400000    0.0183185
  28.2600000    0.0163913
  28.2800000    0.0140810
  28.3000000    0.0114209
  28.3200000    0.0084589
  28.3400000    0.0052547
  28.3600000    0.0018775
  28.3800000   -0.0015976
  28.4000000   -0.0050925
  28.4200000   -0.0085288
  28.4400000   -0.0118314
  28.4600000   -0.0149305
  28.4800000   -0.0177638
  28.5000000   -0.0202792
  28.5200000   -0.0224356
  28.5400000   -0.0242044
  28.5600000   -0.0255702
  28.5800000   -0.0265309
  28.6000000   -0.0270971
  28.6200000   -0.0272913
  28.6400000   -0.0271460
  28.6600000   -0.0267017
  28.6800000   -0.0260045
  28.7000000   -0.0251036
  28.7200000   -0.0240493
  28.7400000   -0.0228905
  28.7600000   -0.0216734
  28.7800000   -0.0204409
  28.8000000   -0.0192312
  28.8200000   -0.0180783
  28.8400000   -0.0170111
  28.8600000   -0.0160537
  28.8800000   -0.0152242
  28.9000000   -0.0145344
  28.9200000   -0.0139886
  28.9400000   -0.0135826
  28.9600000   -0.0133033
  28.9800000   -0.0131283
  29.0000000   -0.0130264
  29.0200000   -0.0129600
  29.0400000   -0.0128870
  29.0600000   -0.0127644
  29.0800000   -0.0125520
  29.1000000   -0.0122165
  29.1200000   -0.0117344
  29.1400000   -0.0110948
  29.1600000   -0.0103004
  29.1800000   -0.0093674
  29.2000000   -0.0083238
  29.2200000   -0.0072064
  29.2400000   -0.0060574
  29.2600000   -0.0049200
  29.2800000   -0.0038348
  29.3000000   -0.0028367
  29.3200000   -0.0019527
  29.3400000   -0.0012017
  29.3600000   -0.0005946
  29.3800000   -0.0001367
  29.4000000    0.0001705
  29.4200000    0.0003267
  29.4400000    0.0003306
  29.4600000    0.0001793
  29.4800000   -0.0001317
  29.5000000   -0.0006072
  29.5200000   -0.0012493
  29.5400000   -0.0020550
  29.5600000   -0.0030121
  29.5800000   -0.0040976
  29.6000000   -0.0052751
  29.6200000   -0.0064952
  29.6400000   -0.0076967
  29.6600000   -0.0088099
  29.6800000   -0.0097604
  29.7000000   -0.0104752
  29.7200000   -0.0108879
  29.7400000   -0.0109447
  29.7600000   -0.0106096
  29.7800000   -0.0098679
  29.8000000   -0.0087295
  29.8200000   -0.0072291
  29.8400000   -0.0054254
  29.8600000   -0.0033975
  29.8800000   -0.0012406
  29.9000000    0.0009413
  29.9200000    0.0030424
  29.9400000    0.0049637
  29.9600000    0.0066203
  29.9800000    0.0079485
  30.0000000    0.0089105
