 -10.0000000    0.0512388
  -9.9800000    0.0523624
  -9.9600000    0.0525584
  -9.9400000    0.0519254
  -9.9200000    0.0505931
  -9.9000000    0.0487086
  -9.8800000    0.0464235
  -9.8600000    0.0438822
  -9.8400000    0.0412134
  -9.8200000    0.0385258
  -9.8000000    0.0359076
  -9.7800000    0.0334289
  -9.7600000    0.0311471
  -9.7400000    0.0291134
  -9.7200000    0.0273776
  -9.7000000    0.0259923
  -9.6800000    0.0250132
  -9.6600000    0.0244968
  -9.6400000    0.0244941
  -9.6200000    0.0250430
  -9.6000000    0.0261591
  -9.5800000    0.0278274
  -9.5600000    0.0299959
  -9.5400000    0.0325728
  -9.5200000    0.0354277
  -9.5000000    0.0383979
  -9.4800000    0.0412977
  -9.4600000    0.0439319
  -9.4400000    0.0461102
  -9.4200000    0.0476621
  -9.4000000    0.0484500
  -9.3800000    0.0483798
  -9.3600000    0.0474068
  -9.3400000    0.0455385
  -9.3200000    0.0428322
  -9.3000000    0.0393901
  -9.2800000    0.0353505
  -9.2600000    0.0308783
  -9.2400000    0.0261545
  -9.2200000    0.0213654
  -9.2000000    0.0166941
  -9.1800000    0.0123113
  -9.1600000    0.0083690
  -9.1400000    0.0049953
  -9.1200000    0.0022899
  -9.1000000    0.0003215
  -9.0800000   -0.0008737
  -9.0600000   -0.0012923
  -9.0400000   -0.0009628
  -9.0200000    0.0000562
  -9.0000000    0.0016798
  -8.9800000    0.0038009
  -8.9600000    0.0062958
  -8.9400000    0.0090297
  -8.9200000    0.0118634
  -8.9000000    0.0146597
  -8.8800000    0.0172898
  -8.8600000    0.0196392
  -8.8400000    0.0216133
  -8.8200000    0.0231421
  -8.8000000    0.0241841
  -8.7800000    0.0247281
  -8.7600000    0.0247941
  -8.7400000    0.0244315
  -8.7200000    0.0237159
  -8.7000000    0.0227428
  -8.6800000    0.0216207
  -8.6600000    0.0204613
  -8.6400000    0.0193708
  -8.6200000    0.0184404
  -8.6000000    0.0177388
  -8.5800000    0.0173059
  -8.5600000    0.0171507
  -8.5400000    0.0172507
  -8.5200000    0.0175556
  -8.5000000    0.0179927
  -8.4800000    0.0184752
  -8.4600000    0.0189103
  -8.4400000    0.0192089
  -8.4200000    0.0192929
  -8.4000000    0.0191023
  -8.3800000    0.0185998
  -8.3600000    0.0177734
  -8.3400000    0.0166362
  -8.3200000    0.0152257
  -8.3000000    0.0136001
  -8.2800000    0.0118341
  -8.2600000    0.0100137
  -8.2400000    0.0082305
  -8.2200000    0.0065763
  -8.2000000    0.0051367
  -8.1800000    0.0039867
  -8.1600000    0.0031859
  -8.1400000    0.0027753
  -8.1200000    0.0027748
  -8.1000000    0.0031826
  -8.0800000    0.0039749
  -8.0600000    0.0051078
  -8.0400000    0.0065187
  -8.0200000    0.0081294
  -8.0000000    0.0098493
  -7.9800000    0.0115791
  -7.9600000    0.0132145
  -7.9400000    0.0146513
  -7.9200000    0.0157907
  -7.9000000    0.0165446
  -7.8800000    0.0168423
  -7.8600000    0.0166369
  -7.8400000    0.0159107
  -7.8200000    0.0146799
  -7.8000000    0.0129968
  -7.7800000    0.0109498
  -7.7600000    0.0086601
  -7.7400000    0.0062749
  -7.7200000    0.0039583
  -7.7000000    0.0018802
  -7.6800000    0.0002036
  -7.6600000   -0.0009276
  -7.6400000   -0.0013995
  -7.6200000   -0.0011368
  -7.6000000   -0.0001084
  -7.5800000    0.0016713
  -7.5600000    0.0041438
  -7.5400000    0.0072115
  -7.5200000    0.0107459
  -7.5000000    0.0145963
  -7.4800000    0.0186003
  -7.4600000    0.0225928
  -7.4400000    0.0264156
  -7.4200000    0.0299239
  -7.4000000    0.0329921
  -7.3800000    0.0355174
  -7.3600000    0.0374219
  -7.3400000    0.0386531
  -7.3200000    0.0391837
  -7.3000000    0.0390102
  -7.2800000    0.0381514
  -7.2600000    0.0366460
  -7.2400000    0.0345496
  -7.2200000    0.0319314
  -7.2000000    0.0288705
  -7.1800000    0.0254521
  -7.1600000    0.0217629
  -7.1400000    0.0178875
  -7.1200000    0.0139053
  -7.1000000    0.0098883
  -7.0800000    0.0058998
  -7.0600000    0.0019954
  -7.0400000   -0.0017765
  -7.0200000   -0.0053722
  -7.0000000   -0.0087507
  -6.9800000   -0.0118725
  -6.9600000   -0.0146990
  -6.9400000   -0.0171935
  -6.9200000   -0.0193234
  -6.9000000   -0.0210634
  -6.8800000   -0.0223991
  -6.8600000   -0.0233305
  -6.8400000   -0.0238738
  -6.8200000   -0.0240619
  -6.8000000   -0.0239425
  -6.7800000   -0.0235746
  -6.7600000   -0.0230224
  -6.7400000   -0.0223495
  -6.7200000   -0.0216121
  -6.7000000   -0.0208534
  -6.6800000   -0.0200998
  -6.6600000   -0.0193588
  -6.6400000   -0.0186204
  -6.6200000   -0.0178594
  -6.6000000   -0.0170409
  -6.5800000   -0.0161257
  -6.5600000   -0.0150765
  -6.5400000   -0.0138637
  -6.5200000   -0.0124697
  -6.5000000   -0.0108911
  -6.4800000   -0.0091402
  -6.4600000   -0.0072440
  -6.4400000   -0.0052418
  -6.4200000   -0.0031833
  -6.4000000   -0.0011246
  -6.3800000    0.0008740
  -6.3600000    0.0027504
  -6.3400000    0.0044433
  -6.3200000    0.0058929
  -6.3000000    0.0070436
  -6.2800000    0.0078452
  -6.2600000    0.0082560
  -6.2400000    0.0082457
  -6.2200000    0.0077999
  -6.2000000    0.0069244
  -6.1800000    0.0056496
  -6.1600000    0.0040342
  -6.1400000    0.0021676
  -6.1200000    0.0001702
  -6.1000000   -0.0018090
  -6.0800000   -0.0035978
  -6.0600000   -0.0050090
  -6.0400000   -0.0058520
  -6.0200000   -0.0059461
  -6.0000000   -0.0051347
  -5.9800000   -0.0033007
  -5.9600000   -0.0003788
  -5.9400000    0.0036336
  -5.9200000    0.0086706
  -5.9000000    0.0145965
  -5.8800000    0.0212098
  -5.8600000    0.0282530
  -5.8400000    0.0354268
  -5.8200000    0.0424077
  -5.8000000    0.0488676
  -5.7800000    0.0544946
  -5.7600000    0.0590111
  -5.7400000    0.0621903
  -5.7200000    0.0638684
  -5.7000000    0.0639511
  -5.6800000    0.0624165
  -5.6600000    0.0593117
  -5.6400000    0.0547459
  -5.6200000    0.0488804
  -5.6000000    0.0419160
  -5.5800000    0.0340802
  -5.5600000    0.0256156
  -5.5400000    0.0167696
  -5.5200000    0.0077865
  -5.5000000   -0.0010973
  -5.4800000   -0.0096562
  -5.4600000   -0.0176765
  -5.4400000   -0.0249571
  -5.4200000   -0.0313101
  -5.4000000   -0.0365635
  -5.3800000   -0.0405651
  -5.3600000   -0.0431884
  -5.3400000   -0.0443396
  -5.3200000   -0.0439653
  -5.3000000   -0.0420596
  -5.2800000   -0.0386689
  -5.2600000   -0.0338940
  -5.2400000   -0.0278890
  -5.2200000   -0.0208563
  -5.2000000   -0.0130386
  -5.1800000   -0.0047089
  -5.1600000    0.0038421
  -5.1400000    0.0123174
  -5.1200000    0.0204260
  -5.1000000    0.0278927
  -5.0800000    0.0344679
  -5.0600000    0.0399346
  -5.0400000    0.0441148
  -5.0200000    0.0468746
  -5.0000000    0.0481289
  -4.9800000    0.0478438
  -4.9600000    0.0460393
  -4.9400000    0.0427897
  -4.9200000    0.0382220
  -4.9000000    0.0325122
  -4.8800000    0.0258793
  -4.8600000    0.0185764
  -4.8400000    0.0108808
  -4.8200000    0.0030822
  -4.8000000   -0.0045300
  -4.7800000   -0.0116785
  -4.7600000   -0.0181096
  -4.7400000   -0.0236037
  -4.7200000   -0.0279839
  -4.7000000   -0.0311230
  -4.6800000   -0.0329490
  -4.6600000   -0.0334480
  -4.6400000   -0.0326650
  -4.6200000   -0.0307025
  -4.6000000   -0.0277159
  -4.5800000   -0.0239066
  -4.5600000   -0.0195119
  -4.5400000   -0.0147936
  -4.5200000   -0.0100245
  -4.5000000   -0.0054740
  -4.4800000   -0.0013952
  -4.4600000    0.0019878
  -4.4400000    0.0044897
  -4.4200000    0.0059711
  -4.4000000    0.0063429
  -4.3800000    0.0055667
  -4.3600000    0.0036540
  -4.3400000    0.0006615
  -4.3200000   -0.0033145
  -4.3000000   -0.0081447
  -4.2800000   -0.0136748
  -4.2600000   -0.0197325
  -4.2400000   -0.0261352
  -4.2200000   -0.0326967
  -4.2000000   -0.0392331
  -4.1800000   -0.0455679
  -4.1600000   -0.0515372
  -4.1400000   -0.0569931
  -4.1200000   -0.0618071
  -4.1000000   -0.0658734
  -4.0800000   -0.0691114
  -4.0600000   -0.0714672
  -4.0400000   -0.0729157
  -4.0200000   -0.0734603
  -4.0000000   -0.0731326
  -3.9800000   -0.0719904
  -3.9600000   -0.0701142
  -3.9400000   -0.0676029
  -3.9200000   -0.0645687
  -3.9000000   -0.0611314
  -3.8800000   -0.0574131
  -3.8600000   -0.0535336
  -3.8400000   -0.0496062
  -3.8200000   -0.0457348
  -3.8000000   -0.0420113
  -3.7800000   -0.0385142
  -3.7600000   -0.0353066
  -3.7400000   -0.0324349
  -3.7200000   -0.0299270
  -3.7000000   -0.0277913
  -3.6800000   -0.0260160
  -3.6600000   -0.0245693
  -3.6400000   -0.0234015
  -3.6200000   -0.0224483
  -3.6000000   -0.0216358
  -3.5800000   -0.0208872
  -3.5600000   -0.0201289
  -3.5400000   -0.0192979
  -3.5200000   -0.0183469
  -3.5000000   -0.0172483
  -3.4800000   -0.0159967
  -3.4600000   -0.0146080
  -3.4400000   -0.0131180
  -3.4200000   -0.0115790
  -3.4000000   -0.0100549
  -3.3800000   -0.0086173
  -3.3600000   -0.0073406
  -3.3400000   -0.0062981
  -3.3200000   -0.0055585
  -3.3000000   -0.0051831
  -3.2800000   -0.0052230
  -3.2600000   -0.0057172
  -3.2400000   -0.0066905
  -3.2200000   -0.0081520
  -3.2000000   -0.0100931
  -3.1800000   -0.0124874
  -3.1600000   -0.0152890
  -3.1400000   -0.0184337
  -3.1200000   -0.0218389
  -3.1000000   -0.0254056
  -3.0800000   -0.0290202
  -3.0600000   -0.0325580
  -3.0400000   -0.0358861
  -3.0200000   -0.0388677
  -3.0000000   -0.0413672
  -2.9800000   -0.0432554
  -2.9600000   -0.0444155
  -2.9400000   -0.0447499
  -2.9200000   -0.0441861
  -2.9000000   -0.0426834
  -2.8800000   -0.0402381
  -2.8600000   -0.0368867
  -2.8400000   -0.0327077
  -2.8200000   -0.0278199
  -2.8000000   -0.0223781
  -2.7800000   -0.0165657
  -2.7600000   -0.0105852
  -2.7400000   -0.0046473
  -2.7200000    0.0010412
  -2.7000000    0.0062880
  -2.6800000    0.0109252
  -2.6600000    0.0148169
  -2.6400000    0.0178643
  -2.6200000    0.0200079
  -2.6000000    0.0212288
  -2.5800000    0.0215468
  -2.5600000    0.0210178
  -2.5400000    0.0197306
  -2.5200000    0.0178025
  -2.5000000    0.0153739
  -2.4800000    0.0126031
  -2.4600000    0.0096600
  -2.4400000    0.0067191
  -2.4200000    0.0039520
  -2.4000000    0.0015201
  -2.3800000   -0.0004323
  -2.3600000   -0.0017853
  -2.3400000   -0.0024479
  -2.3200000   -0.0023623
  -2.3000000   -0.0015065
  -2.2800000    0.0001060
  -2.2600000    0.0024265
  -2.2400000    0.0053737
  -2.2200000    0.0088383
  -2.2000000    0.0126873
  -2.1800000    0.0167703
  -2.1600000    0.0209263
  -2.1400000    0.0249906
  -2.1200000    0.0288023
  -2.1000000    0.0322111
  -2.0800000    0.0350837
  -2.0600000    0.0373088
  -2.0400000    0.0388006
  -2.0200000    0.0395005
  -2.0000000    0.0393773
  -1.9800000    0.0384256
  -1.9600000    0.0366635
  -1.9400000    0.0341293
  -1.9200000    0.0308788
  -1.9000000    0.0269824
  -1.8800000    0.0225235
  -1.8600000    0.0175970
  -1.8400000    0.0123087
  -1.8200000    0.0067741
  -1.8000000    0.0011173
  -1.7800000   -0.0045310
  -1.7600000   -0.0100369
  -1.7400000   -0.0152668
  -1.7200000   -0.0200921
  -1.7000000   -0.0243936
  -1.6800000   -0.0280653
  -1.6600000   -0.0310177
  -1.6400000   -0.0331791
  -1.6200000   -0.0344968
  -1.6000000   -0.0349362
  -1.5800000   -0.0344809
  -1.5600000   -0.0331310
  -1.5400000   -0.0309045
  -1.5200000   -0.0278367
  -1.5000000   -0.0239830
  -1.4800000   -0.0194202
  -1.4600000   -0.0142484
  -1.4400000   -0.0085919
  -1.4200000   -0.0025984
  -1.4000000    0.0035641
  -1.3800000    0.0097126
  -1.3600000    0.0156564
  -1.3400000    0.0212063
  -1.3200000    0.0261842
  -1.3000000    0.0304333
  -1.2800000    0.0338272
  -1.2600000    0.0362764
  -1.2400000    0.0377341
  -1.2200000    0.0381987
  -1.2000000    0.0377132
  -1.1800000    0.0363638
  -1.1600000    0.0342749
  -1.1400000    0.0316028
  -1.1200000    0.0285291
  -1.1000000    0.0252516
  -1.0800000    0.0219758
  -1.0600000    0.0189056
  -1.0400000    0.0162336
  -1.0200000    0.0141322
  -1.0000000    0.0127437
  -0.9800000    0.0121714
  -0.9600000    0.0124709
  -0.9400000    0.0136426
  -0.9200000    0.0156260
  -0.9000000    0.0182960
  -0.8800000    0.0214631
  -0.8600000    0.0248778
  -0.8400000    0.0282395
  -0.8200000    0.0312103
  -0.8000000    0.0334333
  -0.7800000    0.0345541
  -0.7600000    0.0342443
  -0.7400000    0.0322248
  -0.7200000    0.0282875
  -0.7000000    0.0223135
  -0.6800000    0.0142860
  -0.6600000    0.0042984
  -0.6400000   -0.0074440
  -0.6200000   -0.0206276
  -0.6000000   -0.0348393
  -0.5800000   -0.0495799
  -0.5600000   -0.0642815
  -0.5400000   -0.0783282
  -0.5200000   -0.0910796
  -0.5000000   -0.1018955
  -0.4800000   -0.1101620
  -0.4600000   -0.1153163
  -0.4400000   -0.1168686
  -0.4200000   -0.1144204
  -0.4000000   -0.1076775
  -0.3800000   -0.0964563
  -0.3600000   -0.0806847
  -0.3400000   -0.0603975
  -0.3200000   -0.0357279
  -0.3000000   -0.0068965
  -0.2800000    0.0258004
  -0.2600000    0.0620034
  -0.2400000    0.1013019
  -0.2200000    0.1432450
  -0.2000000    0.1873533
  -0.1800000    0.2331289
  -0.1600000    0.2800643
  -0.1400000    0.3276482
  -0.1200000    0.3753666
  -0.1000000    0.4226972
  -0.0800000    0.4690967
  -0.0600000    0.5139819
  -0.0400000    0.5567082
  -0.0200000    0.5965492
   0.0000000    0.6326848
   0.0200000    0.6642045
   0.0400000    0.6901301
   0.0600000    0.7094612
   0.0800000    0.7212420
   0.1000000    0.7246430
   0.1200000    0.7190510
   0.1400000    0.7041518
   0.1600000    0.6799980
   0.1800000    0.6470472
   0.2000000    0.6061667
   0.2200000    0.5585997
   0.2400000    0.5058969
   0.2600000    0.4498214
   0.2800000    0.3922347
   0.3000000    0.3349800
   0.3200000    0.2797716
   0.3400000    0.2281019
   0.3600000    0.1811744
   0.3800000    0.1398640
   0.4000000    0.1047064
   0.4200000    0.0759126
   0.4400000    0.0534039
   0.4600000    0.0368607
   0.4800000    0.0257780
   0.5000000    0.0195223
   0.5200000    0.0173843
   0.5400000    0.0186242
   0.5600000    0.0225084
   0.5800000    0.0283359
   0.6000000    0.0354565
   0.6200000    0.0432817
   0.6400000    0.0512908
   0.6600000    0.0590336
   0.6800000    0.0661318
   0.7000000    0.0722812
   0.7200000    0.0772528
   0.7400000    0.0808948
   0.7600000    0.0831348
   0.7800000    0.0839791
   0.8000000    0.0835108
   0.8200000    0.0818841
   0.8400000    0.0793145
   0.8600000    0.0760658
   0.8800000    0.0724335
   0.9000000    0.0687260
   0.9200000    0.0652454
   0.9400000    0.0622687
   0.9600000    0.0600309
   0.9800000    0.0587128
   1.0000000    0.0584316
   1.0200000    0.0592368
   1.0400000    0.0611106
   1.0600000    0.0639723
   1.0800000    0.0676850
   1.1000000    0.0720652
   1.1200000    0.0768938
   1.1400000    0.0819272
   1.1600000    0.0869088
   1.1800000    0.0915806
   1.2000000    0.0956944
   1.2200000    0.0990220
   1.2400000    0.1013652
   1.2600000    0.1025649
   1.2800000    0.1025074
   1.3000000    0.1011293
   1.3200000    0.0984200
   1.3400000    0.0944199
   1.3600000    0.0892172
   1.3800000    0.0829408
   1.4000000    0.0757527
   1.4200000    0.0678381
   1.4400000    0.0593970
   1.4600000    0.0506358
   1.4800000    0.0417606
   1.5000000    0.0329721
   1.5200000    0.0244614
   1.5400000    0.0164072
   1.5600000    0.0089723
   1.5800000    0.0023001
   1.6000000   -0.0034905
   1.6200000   -0.0083106
   1.6400000   -0.0121079
   1.6600000   -0.0148725
   1.6800000   -0.0166428
   1.7000000   -0.0175085
   1.7200000   -0.0176119
   1.7400000   -0.0171452
   1.7600000   -0.0163452
   1.7800000   -0.0154843
   1.8000000   -0.0148585
   1.8200000   -0.0147732
   1.8400000   -0.0155265
   1.8600000   -0.0173908
   1.8800000   -0.0205943
   1.9000000   -0.0253020
   1.9200000   -0.0315978
   1.9400000   -0.0394699
   1.9600000   -0.0487995
   1.9800000   -0.0593561
   2.0000000   -0.0708005
   2.0200000   -0.0826957
   2.0400000   -0.0945270
   2.0600000   -0.1057299
   2.0800000   -0.1157242
   2.1000000   -0.1239507
   2.1200000   -0.1299082
   2.1400000   -0.1331867
   2.1600000   -0.1334922
   2.1800000   -0.1306636
   2.2000000   -0.1246771
   2.2200000   -0.1156415
   2.2400000   -0.1037832
   2.2600000   -0.0894253
   2.2800000   -0.0729622
   2.3000000   -0.0548337
   2.3200000   -0.0355017
   2.3400000   -0.0154290
   2.3600000    0.0049351
   2.3800000    0.0251661
   2.4000000    0.0448699
   2.4200000    0.0636857
   2.4400000    0.0812865
   2.4600000    0.0973798
   2.4800000    0.1117084
   2.5000000    0.1240522
   2.5200000    0.1342323
   2.5400000    0.1421169
   2.5600000    0.1476274
   2.5800000    0.1507447
   2.6000000    0.1515148
   2.6200000    0.1500508
   2.6400000    0.1465327
   2.6600000    0.1412021
   2.6800000    0.1343533
   2.7000000    0.1263205
   2.7200000    0.1174621
   2.7400000    0.1081446
   2.7600000    0.0987248
   2.7800000    0.0895348
   2.8000000    0.0808685
   2.8200000    0.0729714
   2.8400000    0.0660330
   2.8600000    0.0601830
   2.8800000    0.0554892
   2.9000000    0.0519581
   2.9200000    0.0495372
   2.9400000    0.0481184
   2.9600000    0.0475430
   2.9800000    0.0476082
   3.0000000    0.0480745
   3.0200000    0.0486752
   3.0400000    0.0491269
   3.0600000    0.0491413
   3.0800000    0.0484375
   3.1000000    0.0467549
   3.1200000    0.0438648
   3.1400000    0.0395813
   3.1600000    0.0337702
   3.1800000    0.0263554
   3.2000000    0.0173231
   3.2200000    0.0067238
   3.2400000   -0.0053284
   3.2600000   -0.0186576
   3.2800000   -0.0330298
   3.3000000   -0.0481574
   3.3200000   -0.0637059
   3.3400000   -0.0793013
   3.3600000   -0.0945398
   3.3800000   -0.1090000
   3.4000000   -0.1222579
   3.4200000   -0.1339043
   3.4400000   -0.1435648
   3.4600000   -0.1509207
   3.4800000   -0.1557290
   3.5000000   -0.1578406
   3.5200000   -0.1572131
   3.5400000   -0.1539169
   3.5600000   -0.1481346
   3.5800000   -0.1401503
   3.6000000   -0.1303332
   3.6200000   -0.1191133
   3.6400000   -0.1069548
   3.6600000   -0.0943272
   3.6800000   -0.0816797
   3.7000000   -0.0694188
   3.7200000   -0.0578925
   3.7400000   -0.0473811
   3.7600000   -0.0380952
   3.7800000   -0.0301788
   3.8000000   -0.0237166
   3.8200000   -0.0187435
   3.8400000   -0.0152549
   3.8600000   -0.0132145
   3.8800000   -0.0125613
   3.9000000   -0.0132128
   3.9200000   -0.0150659
   3.9400000   -0.0179951
   3.9600000   -0.0218507
   3.9800000   -0.0264554
   4.0000000   -0.0316030
   4.0200000   -0.0370591
   4.0400000   -0.0425650
   4.0600000   -0.0478454
   4.0800000   -0.0526197
   4.1000000   -0.0566175
   4.1200000   -0.0595961
   4.1400000   -0.0613587
   4.1600000   -0.0617721
   4.1800000   -0.0607815
   4.2000000   -0.0584204
   4.2200000   -0.0548137
   4.2400000   -0.0501740
   4.2600000   -0.0447904
   4.2800000   -0.0390108
   4.3000000   -0.0332176
   4.3200000   -0.0278016
   4.3400000   -0.0231333
   4.3600000   -0.0195358
   4.3800000   -0.0172603
   4.4000000   -0.0164674
   4.4200000   -0.0172148
   4.4400000   -0.0194515
   4.4600000   -0.0230215
   4.4800000   -0.0276740
   4.5000000   -0.0330810
   4.5200000   -0.0388610
   4.5400000   -0.0446054
   4.5600000   -0.0499077
   4.5800000   -0.0543913
   4.6000000   -0.0577349
   4.6200000   -0.0596923
   4.6400000   -0.0601062
   4.6600000   -0.0589147
   4.6800000   -0.0561503
   4.7000000   -0.0519320
   4.7200000   -0.0464523
   4.7400000   -0.0399594
   4.7600000   -0.0327381
   4.7800000   -0.0250901
   4.8000000   -0.0173155
   4.8200000   -0.0096972
   4.8400000   -0.0024884
   4.8600000    0.0040959
   4.8800000    0.0098839
   4.9000000    0.0147486
   4.9200000    0.0186074
   4.9400000    0.0214192
   4.9600000    0.0231807
   4.9800000    0.0239222
   5.0000000    0.0237030
   5.0200000    0.0226063
   5.0400000    0.0207345
   5.0600000    0.0182039
   5.0800000    0.0151392
   5.1000000    0.0116681
   5.1200000    0.0079157
   5.1400000    0.0040002
   5.1600000    0.0000278
   5.1800000   -0.0039093
   5.2000000   -0.0077354
   5.2200000   -0.0113918
   5.2400000   -0.0148362
   5.2600000   -0.0180421
   5.2800000   -0.0209978
   5.3000000   -0.0237052
   5.3200000   -0.0261789
   5.3400000   -0.0284457
   5.3600000   -0.0305439
   5.3800000   -0.0325215
   5.4000000   -0.0344344
   5.4200000   -0.0363429
   5.4400000   -0.0383082
   5.4600000   -0.0403867
   5.4800000   -0.0426256
   5.5000000   -0.0450576
   5.5200000   -0.0476973
   5.5400000   -0.0505384
   5.5600000   -0.0535526
   5.5800000   -0.0566909
   5.6000000   -0.0598855
   5.6200000   -0.0630544
   5.6400000   -0.0661064
   5.6600000   -0.0689476
   5.6800000   -0.0714876
   5.7000000   -0.0736462
   5.7200000   -0.0753591
   5.7400000   -0.0765823
   5.7600000   -0.0772941
   5.7800000   -0.0774953
   5.8000000   -0.0772069
   5.8200000   -0.0764656
   5.8400000   -0.0753179
   5.8600000   -0.0738141
   5.8800000   -0.0720028
   5.9000000   -0.0699272
   5.9200000   -0.0676235
   5.9400000   -0.0651227
   5.9600000   -0.0624528
   5.9800000   -0.0596434
   6.0000000   -0.0567290
   6.0200000   -0.0537521
   6.0400000   -0.0507627
   6.0600000   -0.0478164
   6.0800000   -0.0449700
   6.1000000   -0.0422751
   6.1200000   -0.0397727
   6.1400000   -0.0374883
   6.1600000   -0.0354289
   6.1800000   -0.0335835
   6.2000000   -0.0319256
   6.2200000   -0.0304182
   6.2400000   -0.0290193
   6.2600000   -0.0276884
   6.2800000   -0.0263914
   6.3000000   -0.0251039
   6.3200000   -0.0238131
   6.3400000   -0.0225178
   6.3600000   -0.0212266
   6.3800000   -0.0199559
   6.4000000   -0.0187278
   6.4200000   -0.0175669
   6.4400000   -0.0164990
   6.4600000   -0.0155482
   6.4800000   -0.0147355
   6.5000000   -0.0140763
   6.5200000   -0.0135774
   6.5400000   -0.0132350
   6.5600000   -0.0130318
   6.5800000   -0.0129350
   6.6000000   -0.0128954
   6.6200000   -0.0128483
   6.6400000   -0.0127155
   6.6600000   -0.0124097
   6.6800000   -0.0118402
   6.7000000   -0.0109193
   6.7200000   -0.0095694
   6.7400000   -0.0077290
   6.7600000   -0.0053582
   6.7800000   -0.0024410
   6.8000000    0.0010126
   6.8200000    0.0049688
   6.8400000    0.0093718
   6.8600000    0.0141490
   6.8800000    0.0192150
   6.9000000    0.0244768
   6.9200000    0.0298374
   6.9400000    0.0351991
   6.9600000    0.0404650
   6.9800000    0.0455392
   7.0000000    0.0503259
   7.0200000    0.0547289
   7.0400000    0.0586497
   7.0600000    0.0619869
   7.0800000    0.0646371
   7.1000000    0.0664966
   7.1200000    0.0674644
   7.1400000    0.0674479
   7.1600000    0.0663682
   7.1800000    0.0641673
   7.2000000    0.0608141
   7.2200000    0.0563109
   7.2400000    0.0506971
   7.2600000    0.0440520
   7.2800000    0.0364953
   7.3000000    0.0281850
   7.3200000    0.0193138
   7.3400000    0.0101034
   7.3600000    0.0007981
   7.3800000   -0.0083434
   7.4000000   -0.0170556
   7.4200000   -0.0250744
   7.4400000   -0.0321456
   7.4600000   -0.0380331
   7.4800000   -0.0425272
   7.5000000   -0.0454526
   7.5200000   -0.0466771
   7.5400000   -0.0461192
   7.5600000   -0.0437555
   7.5800000   -0.0396263
   7.6000000   -0.0338399
   7.6200000   -0.0265733
   7.6400000   -0.0180696
   7.6600000   -0.0086317
   7.6800000    0.0013885
   7.7000000    0.0116045
   7.7200000    0.0216128
   7.7400000    0.0310121
   7.7600000    0.0394233
   7.7800000    0.0465085
   7.8000000    0.0519877
   7.8200000    0.0556516
   7.8400000    0.0573707
   7.8600000    0.0571004
   7.8800000    0.0548805
   7.9000000    0.0508326
   7.9200000    0.0451530
   7.9400000    0.0381038
   7.9600000    0.0300024
   7.9800000    0.0212089
   8.0000000    0.0121132
   8.0200000    0.0031211
   8.0400000   -0.0053608
   8.0600000   -0.0129392
   8.0800000   -0.0192503
   8.1000000   -0.0239740
   8.1200000   -0.0268486
   8.1400000   -0.0276840
   8.1600000   -0.0263720
   8.1800000   -0.0228951
   8.2000000   -0.0173307
   8.2200000   -0.0098518
   8.2400000   -0.0007219
   8.2600000    0.0097147
   8.2800000    0.0210480
   8.3000000    0.0328227
   8.3200000    0.0445615
   8.3400000    0.0557915
   8.3600000    0.0660714
   8.3800000    0.0750162
   8.4000000    0.0823186
   8.4200000    0.0877653
   8.4400000    0.0912457
   8.4600000    0.0927537
   8.4800000    0.0923826
   8.5000000    0.0903133
   8.5200000    0.0867981
   8.5400000    0.0821411
   8.5600000    0.0766783
   8.5800000    0.0707569
   8.6000000    0.0647171
   8.6200000    0.0588750
   8.6400000    0.0535095
   8.6600000    0.0488514
   8.6800000    0.0450754
   8.7000000    0.0422956
   8.7200000    0.0405639
   8.7400000    0.0398723
   8.7600000    0.0401575
   8.7800000    0.0413091
   8.8000000    0.0431805
   8.8200000    0.0456010
   8.8400000    0.0483891
   8.8600000    0.0513641
   8.8800000    0.0543578
   8.9000000    0.0572221
   8.9200000    0.0598339
   8.9400000    0.0620979
   8.9600000    0.0639452
   8.9800000    0.0653308
   9.0000000    0.0662304
   9.0200000    0.0666362
   9.0400000    0.0665538
   9.0600000    0.0660009
   9.0800000    0.0650055
   9.1000000    0.0636066
   9.1200000    0.0618542
   9.1400000    0.0598089
   9.1600000    0.0575402
   9.1800000    0.0551232
   9.2000000    0.0526336
   9.2200000    0.0501414
   9.2400000    0.0477039
   9.2600000    0.0453598
   9.2800000    0.0431250
   9.3000000    0.0409916
   9.3200000    0.0389297
   9.3400000    0.0368941
   9.3600000    0.0348319
   9.3800000    0.0326932
   9.4000000    0.0304407
   9.4200000    0.0280578
   9.4400000    0.0255533
   9.4600000    0.0229621
   9.4800000    0.0203417
   9.5000000    0.0177646
   9.5200000    0.0153096
   9.5400000    0.0130509
   9.5600000    0.0110491
   9.5800000    0.0093441
   9.6000000    0.0079516
   9.6200000    0.0068632
   9.6400000    0.0060494
   9.6600000    0.0054654
   9.6800000    0.0050587
   9.7000000    0.0047759
   9.7200000    0.0045692
   9.7400000    0.0044008
   9.7600000    0.0042451
   9.7800000    0.0040882
   9.8000000    0.0039258
   9.8200000    0.0037593
   9.8400000    0.0035914
   9.8600000    0.0034222
   9.8800000    0.0032459
   9.9000000    0.0030494
   9.9200000    0.0028134
   9.9400000    0.0025144
   9.9600000    0.0021295
   9.9800000    0.0016411
  10.0000000    0.0010432
  10.0200000    0.0003455
  10.0400000   -0.0004225
  10.0600000   -0.0012100
  10.0800000   -0.0019458
  10.1000000   -0.0025417
  10.1200000   -0.0028980
  10.1400000   -0.0029105
  10.1600000   -0.0024800
  10.1800000   -0.0015211
  10.2000000    0.0000286
  10.2200000    0.0022010
  10.2400000    0.0049911
  10.2600000    0.0083545
  10.2800000    0.0122074
  10.3000000    0.0164310
  10.3200000    0.0208788
  10.3400000    0.0253873
  10.3600000    0.0297885
  10.3800000    0.0339229
  10.4000000    0.0376525
  10.4200000    0.0408699
  10.4400000    0.0435055
  10.4600000    0.0455291
  10.4800000    0.0469476
  10.5000000    0.0477989
  10.5200000    0.0481427
  10.5400000    0.0480503
  10.5600000    0.0475939
  10.5800000    0.0468382
  10.6000000    0.0458337
  10.6200000    0.0446140
  10.6400000    0.0431955
  10.6600000    0.0415795
  10.6800000    0.0397570
  10.7000000    0.0377134
  10.7200000    0.0354344
  10.7400000    0.0329101
  10.7600000    0.0301389
  10.7800000    0.0271291
  10.8000000    0.0238998
  10.8200000    0.0204798
  10.8400000    0.0169056
  10.8600000    0.0132191
  10.8800000    0.0094647
  10.9000000    0.0056869
  10.9200000    0.0019289
  10.9400000   -0.0017685
  10.9600000   -0.0053658
  10.9800000   -0.0088234
  11.0000000   -0.0120996
  11.0200000   -0.0151482
  11.0400000   -0.0179170
  11.0600000   -0.0203475
  11.0800000   -0.0223764
  11.1000000   -0.0239380
  11.1200000   -0.0249695
  11.1400000   -0.0254156
  11.1600000   -0.0252343
  11.1800000   -0.0244014
  11.2000000   -0.0229140
  11.2200000   -0.0207917
  11.2400000   -0.0180760
  11.2600000   -0.0148280
  11.2800000   -0.0111244
  11.3000000   -0.0070530
  11.3200000   -0.0027080
  11.3400000    0.0018145
  11.3600000    0.0064198
  11.3800000    0.0110179
  11.4000000    0.0155251
  11.4200000    0.0198659
  11.4400000    0.0239741
  11.4600000    0.0277939
  11.4800000    0.0312810
  11.5000000    0.0344041
  11.5200000    0.0371461
  11.5400000    0.0395045
  11.5600000    0.0414918
  11.5800000    0.0431350
  11.6000000    0.0444734
  11.6200000    0.0455560
  11.6400000    0.0464377
  11.6600000    0.0471747
  11.6800000    0.0478197
  11.7000000    0.0484178
  11.7200000    0.0490028
  11.7400000    0.0495949
  11.7600000    0.0501994
  11.7800000    0.0508082
  11.8000000    0.0514011
  11.8200000    0.0519489
  11.8400000    0.0524174
  11.8600000    0.0527701
  11.8800000    0.0529714
  11.9000000    0.0529887
  11.9200000    0.0527931
  11.9400000    0.0523596
  11.9600000    0.0516669
  11.9800000    0.0506959
  12.0000000    0.0494299
  12.0200000    0.0478532
  12.0400000    0.0459519
  12.0600000    0.0437135
  12.0800000    0.0411269
  12.1000000    0.0381829
  12.1200000    0.0348731
  12.1400000    0.0311891
  12.1600000    0.0271214
  12.1800000    0.0226579
  12.2000000    0.0177838
  12.2200000    0.0124821
  12.2400000    0.0067359
  12.2600000    0.0005325
  12.2800000   -0.0061310
  12.3000000   -0.0132407
  12.3200000   -0.0207593
  12.3400000   -0.0286194
  12.3600000   -0.0367190
  12.3800000   -0.0449205
  12.4000000   -0.0530516
  12.4200000   -0.0609119
  12.4400000   -0.0682816
  12.4600000   -0.0749344
  12.4800000   -0.0806517
  12.5000000   -0.0852382
  12.5200000   -0.0885360
  12.5400000   -0.0904373
  12.5600000   -0.0908932
  12.5800000   -0.0899182
  12.6000000   -0.0875895
  12.6200000   -0.0840420
  12.6400000   -0.0794575
  12.6600000   -0.0740521
  12.6800000   -0.0680597
  12.7000000   -0.0617162
  12.7200000   -0.0552438
  12.7400000   -0.0488388
  12.7600000   -0.0426624
  12.7800000   -0.0368356
  12.8000000   -0.0314396
  12.8200000   -0.0265184
  12.8400000   -0.0220859
  12.8600000   -0.0181328
  12.8800000   -0.0146351
  12.9000000   -0.0115607
  12.9200000   -0.0088737
  12.9400000   -0.0065376
  12.9600000   -0.0045145
  12.9800000   -0.0027648
  13.0000000   -0.0012444
  13.0200000    0.0000962
  13.0400000    0.0013130
  13.0600000    0.0024659
  13.0800000    0.0036163
  13.1000000    0.0048215
  13.1200000    0.0061292
  13.1400000    0.0075716
  13.1600000    0.0091612
  13.1800000    0.0108874
  13.2000000    0.0127166
  13.2200000    0.0145928
  13.2400000    0.0164421
  13.2600000    0.0181766
  13.2800000    0.0197003
  13.3000000    0.0209146
  13.3200000    0.0217235
  13.3400000    0.0220383
  13.3600000    0.0217829
  13.3800000    0.0208979
  13.4000000    0.0193459
  13.4200000    0.0171172
  13.4400000    0.0142348
  13.4600000    0.0107607
  13.4800000    0.0067995
  13.5000000    0.0025013
  13.5200000   -0.0019393
  13.5400000   -0.0062876
  13.5600000   -0.0102768
  13.5800000   -0.0136209
  13.6000000   -0.0160296
  13.6200000   -0.0172260
  13.6400000   -0.0169638
  13.6600000   -0.0150437
  13.6800000   -0.0113267
  13.7000000   -0.0057440
  13.7200000    0.0016981
  13.7400000    0.0109166
  13.7600000    0.0217548
  13.7800000    0.0339874
  13.8000000    0.0473287
  13.8200000    0.0614415
  13.8400000    0.0759471
  13.8600000    0.0904368
  13.8800000    0.1044840
  13.9000000    0.1176582
  13.9200000    0.1295400
  13.9400000    0.1397373
  13.9600000    0.1479019
  13.9800000    0.1537454
  14.0000000    0.1570520
  14.0200000    0.1576890
  14.0400000    0.1556110
  14.0600000    0.1508598
  14.0800000    0.1435588
  14.1000000    0.1339024
  14.1200000    0.1221437
  14.1400000    0.1085796
  14.1600000    0.0935373
  14.1800000    0.0773624
  14.2000000    0.0604091
  14.2200000    0.0430332
  14.2400000    0.0255876
  14.2600000    0.0084179
  14.2800000   -0.0081413
  14.3000000   -0.0237721
  14.3200000   -0.0381795
  14.3400000   -0.0511015
  14.3600000   -0.0623183
  14.3800000   -0.0716637
  14.4000000   -0.0790341
  14.4200000   -0.0843958
  14.4400000   -0.0877873
  14.4600000   -0.0893181
  14.4800000   -0.0891613
  14.5000000   -0.0875419
  14.5200000   -0.0847215
  14.5400000   -0.0809808
  14.5600000   -0.0766012
  14.5800000   -0.0718488
  14.6000000   -0.0669602
  14.6200000   -0.0621332
  14.6400000   -0.0575219
  14.6600000   -0.0532364
  14.6800000   -0.0493466
  14.7000000   -0.0458886
  14.7200000   -0.0428730
  14.7400000   -0.0402933
  14.7600000   -0.0381334
  14.7800000   -0.0363736
  14.8000000   -0.0349937
  14.8200000   -0.0339743
  14.8400000   -0.0332961
  14.8600000   -0.0329376
  14.8800000   -0.0328720
  14.9000000   -0.0330648
  14.9200000   -0.0334716
  14.9400000   -0.0340378
  14.9600000   -0.0346994
  14.9800000   -0.0353864
  15.0000000   -0.0360264
  15.0200000   -0.0365509
  15.0400000   -0.0369009
  15.0600000   -0.0370322
  15.0800000   -0.0369202
  15.1000000   -0.0365620
  15.1200000   -0.0359765
  15.1400000   -0.0352017
  15.1600000   -0.0342891
  15.1800000   -0.0332962
  15.2000000   -0.0322784
  15.2200000   -0.0312808
  15.2400000   -0.0303304
  15.2600000   -0.0294324
  15.2800000   -0.0285689
  15.3000000   -0.0277007
  15.3200000   -0.0267734
  15.3400000   -0.0257255
  15.3600000   -0.0244979
  15.3800000   -0.0230436
  15.4000000   -0.0213359
  15.4200000   -0.0193739
  15.4400000   -0.0171850
  15.4600000   -0.0148229
  15.4800000   -0.0123632
  15.5000000   -0.0098956
  15.5200000   -0.0075145
  15.5400000   -0.0053097
  15.5600000   -0.0033573
  15.5800000   -0.0017132
  15.6000000   -0.0004085
  15.6200000    0.0005508
  15.6400000    0.0011828
  15.6600000    0.0015245
  15.6800000    0.0016265
  15.7000000    0.0015457
  15.7200000    0.0013388
  15.7400000    0.0010566
  15.7600000    0.0007402
  15.7800000    0.0004183
  15.8000000    0.0001082
  15.8200000   -0.0001834
  15.8400000   -0.0004563
  15.8600000   -0.0007127
  15.8800000   -0.0009531
  15.9000000   -0.0011716
  15.9200000   -0.0013530
  15.9400000   -0.0014710
  15.9600000   -0.0014882
  15.9800000   -0.0013585
  16.0000000   -0.0010313
  16.0200000   -0.0004572
  16.0400000    0.0004043
  16.0600000    0.0015773
  16.0800000    0.0030621
  16.1000000    0.0048291
  16.1200000    0.0068157
  16.1400000    0.0089261
  16.1600000    0.0110349
  16.1800000    0.0129951
  16.2000000    0.0146489
  16.2200000    0.0158408
  16.2400000    0.0164319
  16.2600000    0.0163133
  16.2800000    0.0154169
  16.3000000    0.0137234
  16.3200000    0.0112643
  16.3400000    0.0081207
  16.3600000    0.0044159
  16.3800000    0.0003056
  16.4000000   -0.0040351
  16.4200000   -0.0084251
  16.4400000   -0.0126908
  16.4600000   -0.0166767
  16.4800000   -0.0202539
  16.5000000   -0.0233239
  16.5200000   -0.0258196
  16.5400000   -0.0277023
  16.5600000   -0.0289565
  16.5800000   -0.0295828
  16.6000000   -0.0295909
  16.6200000   -0.0289934
  16.6400000   -0.0278018
  16.6600000   -0.0260249
  16.6800000   -0.0236708
  16.7000000   -0.0207501
  16.7200000   -0.0172824
  16.7400000   -0.0133027
  16.7600000   -0.0088672
  16.7800000   -0.0040576
  16.8000000    0.0010170
  16.8200000    0.0062217
  16.8400000    0.0113999
  16.8600000    0.0163803
  16.8800000    0.0209852
  16.9000000    0.0250399
  16.9200000    0.0283824
  16.9400000    0.0308717
  16.9600000    0.0323954
  16.9800000    0.0328755
  17.0000000    0.0322727
  17.0200000    0.0305886
  17.0400000    0.0278665
  17.0600000    0.0241898
  17.0800000    0.0196785
  17.1000000    0.0144836
  17.1200000    0.0087801
  17.1400000    0.0027574
  17.1600000   -0.0033897
  17.1800000   -0.0094714
  17.2000000   -0.0153113
  17.2200000   -0.0207540
  17.2400000   -0.0256706
  17.2600000   -0.0299617
  17.2800000   -0.0335580
  17.3000000   -0.0364202
  17.3200000   -0.0385367
  17.3400000   -0.0399213
  17.3600000   -0.0406101
  17.3800000   -0.0406591
  17.4000000   -0.0401406
  17.4200000   -0.0391404
  17.4400000   -0.0377537
  17.4600000   -0.0360806
  17.4800000   -0.0342209
  17.5000000   -0.0322697
  17.5200000   -0.0303116
  17.5400000   -0.0284180
  17.5600000   -0.0266438
  17.5800000   -0.0250271
  17.6000000   -0.0235899
  17.6200000   -0.0223403
  17.6400000   -0.0212749
  17.6600000   -0.0203820
  17.6800000   -0.0196432
  17.7000000   -0.0190350
  17.7200000   -0.0185287
  17.7400000   -0.0180906
  17.7600000   -0.0176813
  17.7800000   -0.0172561
  17.8000000   -0.0167659
  17.8200000   -0.0161603
  17.8400000   -0.0153913
  17.8600000   -0.0144180
  17.8800000   -0.0132121
  17.9000000   -0.0117615
  17.9200000   -0.0100744
  17.9400000   -0.0081802
  17.9600000   -0.0061286
  17.9800000   -0.0039871
  18.0000000   -0.0018362
  18.0200000    0.0002362
  18.0400000    0.0021412
  18.0600000    0.0037950
  18.0800000    0.0051251
  18.1000000    0.0060751
  18.1200000    0.0066093
  18.1400000    0.0067150
  18.1600000    0.0064051
  18.1800000    0.0057176
  18.2000000    0.0047152
  18.2200000    0.0034826
  18.2400000    0.0021216
  18.2600000    0.0007461
  18.2800000   -0.0005251
  18.3000000   -0.0015766
  18.3200000   -0.0023034
  18.3400000   -0.0026188
  18.3600000   -0.0024605
  18.3800000   -0.0017945
  18.4000000   -0.0006173
  18.4200000    0.0010439
  18.4400000    0.0031333
  18.4600000    0.0055701
  18.4800000    0.0082529
  18.5000000    0.0110648
  18.5200000    0.0138784
  18.5400000    0.0165608
  18.5600000    0.0189782
  18.5800000    0.0210011
  18.6000000    0.0225085
  18.6200000    0.0233936
  18.6400000    0.0235695
  18.6600000    0.0229745
  18.6800000    0.0215785
  18.7000000    0.0193872
  18.7200000    0.0164467
  18.7400000    0.0128444
  18.7600000    0.0087085
  18.7800000    0.0042042
  18.8000000   -0.0004726
  18.8200000   -0.0051050
  18.8400000   -0.0094665
  18.8600000   -0.0133334
  18.8800000   -0.0164984
  18.9000000   -0.0187832
  18.9200000   -0.0200495
  18.9400000   -0.0202081
  18.9600000   -0.0192247
  18.9800000   -0.0171219
  19.0000000   -0.0139786
  19.0200000   -0.0099247
  19.0400000   -0.0051337
  19.0600000    0.0001878
  19.0800000    0.0058118
  19.1000000    0.0115015
  19.1200000    0.0170241
  19.1400000    0.0221610
  19.1600000    0.0267181
  19.1800000    0.0305319
  19.2000000    0.0334745
  19.2200000    0.0354549
  19.2400000    0.0364187
  19.2600000    0.0363461
  19.2800000    0.0352484
  19.3000000    0.0331639
  19.3200000    0.0301537
  19.3400000    0.0262977
  19.3600000    0.0216915
  19.3800000    0.0164426
  19.4000000    0.0106689
  19.4200000    0.0044959
  19.4400000   -0.0019451
  19.4600000   -0.0085184
  19.4800000   -0.0150872
  19.5000000   -0.0215154
  19.5200000   -0.0276716
  19.5400000   -0.0334325
  19.5600000   -0.0386872
  19.5800000   -0.0433413
  19.6000000   -0.0473208
  19.6200000   -0.0505747
  19.6400000   -0.0530770
  19.6600000   -0.0548273
  19.6800000   -0.0558496
  19.7000000   -0.0561896
  19.7200000   -0.0559120
  19.7400000   -0.0550959
  19.7600000   -0.0538306
  19.7800000   -0.0522114
  19.8000000   -0.0503362
  19.8200000   -0.0483016
  19.8400000   -0.0462010
  19.8600000   -0.0441215
  19.8800000   -0.0421426
  19.9000000   -0.0403341
  19.9200000   -0.0387544
  19.9400000   -0.0374488
  19.9600000   -0.0364478
  19.9800000   -0.0357659
  20.0000000   -0.0354004
  20.0200000   -0.0353307
  20.0400000   -0.0355187
  20.0600000   -0.0359090
  20.0800000   -0.0364314
  20.1000000   -0.0370034
  20.1200000   -0.0375347
  20.1400000   -0.0379319
  20.1600000   -0.0381048
  20.1800000   -0.0379724
  20.2000000   -0.0374693
  20.2200000   -0.0365500
  20.2400000   -0.0351923
  20.2600000   -0.0333971
  20.2800000   -0.0311861
  20.3000000   -0.0285961
  20.3200000   -0.0256714
  20.3400000   -0.0224548
  20.3600000   -0.0189796
  20.3800000   -0.0152628
  20.4000000   -0.0113015
  20.4200000   -0.0070739
  20.4400000   -0.0025434
  20.4600000    0.0023320
  20.4800000    0.0075894
  20.5000000    0.0132490
  20.5200000    0.0193027
  20.5400000    0.0257064
  20.5600000    0.0323758
  20.5800000    0.0391868
  20.6000000    0.0459814
  20.6200000    0.0525771
  20.6400000    0.0587799
  20.6600000    0.0643984
  20.6800000    0.0692580
  20.7000000    0.0732128
  20.7200000    0.0761549
  20.7400000    0.0780200
  20.7600000    0.0787884
  20.7800000    0.0784825
  20.8000000    0.0771614
  20.8200000    0.0749121
  20.8400000    0.0718416
  20.8600000    0.0680672
  20.8800000    0.0637095
  20.9000000    0.0588868
  20.9200000    0.0537119
  20.9400000    0.0482920
  20.9600000    0.0427294
  20.9800000    0.0371240
  21.0000000    0.0315761
  21.0200000    0.0261870
  21.0400000    0.0210587
  21.0600000    0.0162907
  21.0800000    0.0119745
  21.1000000    0.0081867
  21.1200000    0.0049805
  21.1400000    0.0023791
  21.1600000    0.0003707
  21.1800000   -0.0010934
  21.2000000   -0.0020959
  21.2200000   -0.0027471
  21.2400000   -0.0031746
  21.2600000   -0.0035105
  21.2800000   -0.0038785
  21.3000000   -0.0043815
  21.3200000   -0.0050916
  21.3400000   -0.0060449
  21.3600000   -0.0072395
  21.3800000   -0.0086383
  21.4000000   -0.0101753
  21.4200000   -0.0117646
  21.4400000   -0.0133100
  21.4600000   -0.0147148
  21.4800000   -0.0158902
  21.5000000   -0.0167613
  21.5200000   -0.0172713
  21.5400000   -0.0173830
  21.5600000   -0.0170787
  21.5800000   -0.0163589
  21.6000000   -0.0152401
  21.6200000   -0.0137530
  21.6400000   -0.0119411
  21.6600000   -0.0098591
  21.6800000   -0.0075722
  21.7000000   -0.0051557
  21.7200000   -0.0026941
  21.7400000   -0.0002789
  21.7600000    0.0019933
  21.7800000    0.0040244
  21.8000000    0.0057200
  21.8200000    0.0069941
  21.8400000    0.0077754
  21.8600000    0.0080123
  21.8800000    0.0076781
  21.9000000    0.0067736
  21.9200000    0.0053287
  21.9400000    0.0034005
  21.9600000    0.0010704
  21.9800000   -0.0015627
  22.0000000   -0.0043898
  22.0200000   -0.0073013
  22.0400000   -0.0101958
  22.0600000   -0.0129892
  22.0800000   -0.0156213
  22.1000000   -0.0180603
  22.1200000   -0.0203043
  22.1400000   -0.0223792
  22.1600000   -0.0243337
  22.1800000   -0.0262323
  22.2000000   -0.0281451
  22.2200000   -0.0301388
  22.2400000   -0.0322666
  22.2600000   -0.0345605
  22.2800000   -0.0370261
  22.3000000   -0.0396398
  22.3200000   -0.0423500
  22.3400000   -0.0450816
  22.3600000   -0.0477423
  22.3800000   -0.0502318
  22.4000000   -0.0524514
  22.4200000   -0.0543135
  22.4400000   -0.0557497
  22.4600000   -0.0567172
  22.4800000   -0.0572016
  22.5000000   -0.0572176
  22.5200000   -0.0568063
  22.5400000   -0.0560293
  22.5600000   -0.0549625
  22.5800000   -0.0536869
  22.6000000   -0.0522813
  22.6200000   -0.0508138
  22.6400000   -0.0493367
  22.6600000   -0.0478817
  22.6800000   -0.0464587
  22.7000000   -0.0450561
  22.7200000   -0.0436427
  22.7400000   -0.0421722
  22.7600000   -0.0405877
  22.7800000   -0.0388267
  22.8000000   -0.0368265
  22.8200000   -0.0345287
  22.8400000   -0.0318831
  22.8600000   -0.0288511
  22.8800000   -0.0254082
  22.9000000   -0.0215460
  22.9200000   -0.0172730
  22.9400000   -0.0126158
  22.9600000   -0.0076185
  22.9800000   -0.0023425
  23.0000000    0.0031357
  23.0200000    0.0087270
  23.0400000    0.0143339
  23.0600000    0.0198545
  23.0800000    0.0251882
  23.1000000    0.0302409
  23.1200000    0.0349298
  23.1400000    0.0391875
  23.1600000    0.0429649
  23.1800000    0.0462317
  23.2000000    0.0489763
  23.2200000    0.0512032
  23.2400000    0.0529297
  23.2600000    0.0541817
  23.2800000    0.0549894
  23.3000000    0.0553830
  23.3200000    0.0553895
  23.3400000    0.0550305
  23.3600000    0.0543205
  23.3800000    0.0532678
  23.4000000    0.0518749
  23.4200000    0.0501413
  23.4400000    0.0480660
  23.4600000    0.0456505
  23.4800000    0.0429022
  23.5000000    0.0398372
  23.5200000    0.0364826
  23.5400000    0.0328774
  23.5600000    0.0290726
  23.5800000    0.0251303
  23.6000000    0.0211204
  23.6200000    0.0171173
  23.6400000    0.0131950
  23.6600000    0.0094226
  23.6800000    0.0058591
  23.7000000    0.0025505
  23.7200000   -0.0004726
  23.7400000   -0.0031952
  23.7600000   -0.0056159
  23.7800000   -0.0077431
  23.8000000   -0.0095899
  23.8200000   -0.0111684
  23.8400000   -0.0124841
  23.8600000   -0.0135320
  23.8800000   -0.0142945
  23.9000000   -0.0147421
  23.9200000   -0.0148365
  23.9400000   -0.0145373
  23.9600000   -0.0138099
  23.9800000   -0.0126337
  24.0000000   -0.0110111
  24.0200000   -0.0089738
  24.0400000   -0.0065858
  24.0600000   -0.0039436
  24.0800000   -0.0011715
  24.1000000    0.0015872
  24.1200000    0.0041815
  24.1400000    0.0064659
  24.1600000    0.0083142
  24.1800000    0.0096318
  24.2000000    0.0103641
  24.2200000    0.0105022
  24.2400000    0.0100830
  24.2600000    0.0091851
  24.2800000    0.0079206
  24.3000000    0.0064238
  24.3200000    0.0048391
  24.3400000    0.0033087
  24.3600000    0.0019615
  24.3800000    0.0009048
  24.4000000    0.0002197
  24.4200000   -0.0000414
  24.4400000    0.0001471
  24.4600000    0.0007871
  24.4800000    0.0018624
  24.5000000    0.0033433
  24.5200000    0.0051921
  24.5400000    0.0073662
  24.5600000    0.0098202
  24.5800000    0.0125060
  24.6000000    0.0153710
  24.6200000    0.0183561
  24.6400000    0.0213928
  24.6600000    0.0244014
  24.6800000    0.0272903
  24.7000000    0.0299572
  24.7200000    0.0322933
  24.7400000    0.0341893
  24.7600000    0.0355433
  24.7800000    0.0362704
  24.8000000    0.0363119
  24.8200000    0.0356436
  24.8400000    0.0342816
  24.8600000    0.0322850
  24.8800000    0.0297543
  24.9000000    0.0268258
  24.9200000    0.0236620
  24.9400000    0.0204392
  24.9600000    0.0173333
  24.9800000    0.0145058
  25.0000000    0.0120902
  25.0200000    0.0101824
  25.0400000    0.0088337
  25.0600000    0.0080483
  25.0800000    0.0077855
  25.1000000    0.0079649
  25.1200000    0.0084750
  25.1400000    0.0091837
  25.1600000    0.0099493
  25.1800000    0.0106317
  25.2000000    0.0111022
  25.2200000    0.0112518
  25.2400000    0.0109969
  25.2600000    0.0102838
  25.2800000    0.0090901
  25.3000000    0.0074249
  25.3200000    0.0053263
  25.3400000    0.0028588
  25.3600000    0.0001078
  25.3800000   -0.0028261
  25.4000000   -0.0058333
  25.4200000   -0.0088030
  25.4400000   -0.0116299
  25.4600000   -0.0142209
  25.4800000   -0.0165003
  25.5000000   -0.0184137
  25.5200000   -0.0199294
  25.5400000   -0.0210380
  25.5600000   -0.0217496
  25.5800000   -0.0220897
  25.6000000   -0.0220940
  25.6200000   -0.0218029
  25.6400000   -0.0212574
  25.6600000   -0.0204955
  25.6800000   -0.0195513
  25.7000000   -0.0184552
  25.7200000   -0.0172364
  25.7400000   -0.0159264
  25.7600000   -0.0145625
  25.7800000   -0.0131914
  25.8000000   -0.0118716
  25.8200000   -0.0106741
  25.8400000   -0.0096805
  25.8600000   -0.0089798
  25.8800000   -0.0086622
  25.9000000   -0.0088119
  25.9200000   -0.0094986
  25.9400000   -0.0107690
  25.9600000   -0.0126391
  25.9800000   -0.0150880
  26.0000000   -0.0180548
  26.0200000   -0.0214384
  26.0400000   -0.0251013
  26.0600000   -0.0288764
  26.0800000   -0.0325777
  26.1000000   -0.0360127
  26.1200000   -0.0389963
  26.1400000   -0.0413648
  26.1600000   -0.0429876
  26.1800000   -0.0437778
  26.2000000   -0.0436978
  26.2200000   -0.0427623
  26.2400000   -0.0410360
  26.2600000   -0.0386287
  26.2800000   -0.0356863
  26.3000000   -0.0323806
  26.3200000   -0.0288968
  26.3400000   -0.0254215
  26.3600000   -0.0221313
  26.3800000   -0.0191824
  26.4000000   -0.0167028
  26.4200000   -0.0147860
  26.4400000   -0.0134882
  26.4600000   -0.0128275
  26.4800000   -0.0127853
  26.5000000   -0.0133102
  26.5200000   -0.0143240
  26.5400000   -0.0157280
  26.5600000   -0.0174111
  26.5800000   -0.0192569
  26.6000000   -0.0211509
  26.6200000   -0.0229860
  26.6400000   -0.0246665
  26.6600000   -0.0261107
  26.6800000   -0.0272514
  26.7000000   -0.0280350
  26.7200000   -0.0284209
  26.7400000   -0.0283802
  26.7600000   -0.0278953
  26.7800000   -0.0269606
  26.8000000   -0.0255846
  26.8200000   -0.0237926
  26.8400000   -0.0216299
  26.8600000   -0.0191646
  26.8800000   -0.0164883
  26.9000000   -0.0137162
  26.9200000   -0.0109825
  26.9400000   -0.0084349
  26.9600000   -0.0062256
  26.9800000   -0.0045010
  27.0000000   -0.0033901
  27.0200000   -0.0029943
  27.0400000   -0.0033783
  27.0600000   -0.0045628
  27.0800000   -0.0065219
  27.1000000   -0.0091835
  27.1200000   -0.0124326
  27.1400000   -0.0161194
  27.1600000   -0.0200680
  27.1800000   -0.0240883
  27.2000000   -0.0279874
  27.2200000   -0.0315811
  27.2400000   -0.0347044
  27.2600000   -0.0372195
  27.2800000   -0.0390226
  27.3000000   -0.0400473
  27.3200000   -0.0402658
  27.3400000   -0.0396881
  27.3600000   -0.0383582
  27.3800000   -0.0363487
  27.4000000   -0.0337541
  27.4200000   -0.0306820
  27.4400000   -0.0272454
  27.4600000   -0.0235533
  27.4800000   -0.0197040
  27.5000000   -0.0157789
  27.5200000   -0.0118392
  27.5400000   -0.0079247
  27.5600000   -0.0040557
  27.5800000   -0.0002370
  27.6000000    0.0035364
  27.6200000    0.0072730
  27.6400000    0.0109777
  27.6600000    0.0146470
  27.6800000    0.0182645
  27.7000000    0.0217999
  27.7200000    0.0252092
  27.7400000    0.0284374
  27.7600000    0.0314231
  27.7800000    0.0341033
  27.8000000    0.0364202
  27.8200000    0.0383260
  27.8400000    0.0397883
  27.8600000    0.0407940
  27.8800000    0.0413516
  27.9000000    0.0414916
  27.9200000    0.0412654
  27.9400000    0.0407420
  27.9600000    0.0400028
  27.9800000    0.0391353
  28.0000000    0.0382256
  28.0200000    0.0373510
  28.0400000    0.0365727
  28.0600000    0.0359306
  28.0800000    0.0354393
  28.1000000    0.0350879
  28.1200000    0.0348410
  28.1400000    0.0346432
  28.1600000    0.0344255
  28.1800000    0.0341119
  28.2000000    0.0336274
  28.2200000    0.0329049
  28.2400000    0.0318912
  28.2600000    0.0305507
  28.2800000    0.0288681
  28.3000000    0.0268490
  28.3200000    0.0245187
  28.3400000    0.0219201
  28.3600000    0.0191108
  28.3800000    0.0161595
  28.4000000    0.0131421
  28.4200000    0.0101378
  28.4400000    0.0072249
  28.4600000    0.0044776
  28.4800000    0.0019614
  28.5000000   -0.0002695
  28.5200000   -0.0021756
  28.5400000   -0.0037340
  28.5600000   -0.0049402
  28.5800000   -0.0058084
  28.6000000   -0.0063709
  28.6200000   -0.0066761
  28.6400000   -0.0067858
  28.6600000   -0.0067715
  28.6800000   -0.0067095
  28.7000000   -0.0066762
  28.7200000   -0.0067430
  28.7400000   -0.0069716
  28.7600000   -0.0074104
  28.7800000   -0.0080910
  28.8000000   -0.0090265
  28.8200000   -0.0102110
  28.8400000   -0.0116203
  28.8600000   -0.0132134
  28.8800000   -0.0149355
  28.9000000   -0.0167211
  28.9200000   -0.0184983
  28.9400000   -0.0201926
  28.9600000   -0.0217311
  28.9800000   -0.0230458
  29.0000000   -0.0240776
  29.0200000   -0.0247789
  29.0400000   -0.0251156
  29.0600000   -0.0250693
  29.0800000   -0.0246371
  29.1000000   -0.0238324
  29.1200000   -0.0226830
  29.1400000   -0.0212300
  29.1600000   -0.0195242
  29.1800000   -0.0176233
  29.2000000   -0.0155877
  29.2200000   -0.0134767
  29.2400000   -0.0113453
  29.2600000   -0.0092415
  29.2800000   -0.0072050
  29.3000000   -0.0052674
  29.3200000   -0.0034535
  29.3400000   -0.0017843
  29.3600000   -0.0002802
  29.3800000    0.0010353
  29.4000000    0.0021331
  29.4200000    0.0029769
  29.4400000    0.0035245
  29.4600000    0.0037311
  29.4800000    0.0035542
  29.5000000    0.0029617
  29.5200000    0.0019396
  29.5400000    0.0005003
  29.5600000   -0.0013117
  29.5800000   -0.0034159
  29.6000000   -0.0056958
  29.6200000   -0.0080030
  29.6400000   -0.0101650
  29.6600000   -0.0119965
  29.6800000   -0.0133122
  29.7000000   -0.0139412
  29.7200000   -0.0137403
  29.7400000   -0.0126058
  29.7600000   -0.0104825
  29.7800000   -0.0073692
  29.8000000   -0.0033212
  29.8200000    0.0015524
  29.8400000    0.0070932
  29.8600000    0.0131028
  29.8800000    0.0193539
  29.9000000    0.0256039
  29.9200000    0.0316097
  29.9400000    0.0371430
  29.9600000    0.0420044
  29.9800000    0.0460363
  30.0000000    0.0491316
