 -10.0000000    0.0708121
  -9.9800000    0.0796291
  -9.9600000    0.0882902
  -9.9400000    0.0966286
  -9.9200000    0.1045254
  -9.9000000    0.1119143
  -9.8800000    0.1187801
  -9.8600000    0.1251507
  -9.8400000    0.1310844
  -9.8200000    0.1366549
  -9.8000000    0.1419365
  -9.7800000    0.1469909
  -9.7600000    0.1518584
  -9.7400000    0.1565533
  -9.7200000    0.1610633
  -9.7000000    0.1653528
  -9.6800000    0.1693679
  -9.6600000    0.1730427
  -9.6400000    0.1763060
  -9.6200000    0.1790870
  -9.6000000    0.1813222
  -9.5800000    0.1829611
  -9.5600000    0.1839743
  -9.5400000    0.1843610
  -9.5200000    0.1841573
  -9.5000000    0.1834427
  -9.4800000    0.1823438
  -9.4600000    0.1810326
  -9.4400000    0.1797181
  -9.4200000    0.1786306
  -9.4000000    0.1779984
  -9.3800000    0.1780207
  -9.3600000    0.1788394
  -9.3400000    0.1805146
  -9.3200000    0.1830081
  -9.3000000    0.1861802
  -9.2800000    0.1898011
  -9.2600000    0.1935768
  -9.2400000    0.1971879
  -9.2200000    0.2003361
  -9.2000000    0.2027915
  -9.1800000    0.2044334
  -9.1600000    0.2052783
  -9.1400000    0.2054904
  -9.1200000    0.2053700
  -9.1000000    0.2053234
  -9.0800000    0.2058145
  -9.0600000    0.2073068
  -9.0400000    0.2102017
  -9.0200000    0.2147818
  -9.0000000    0.2211676
  -8.9800000    0.2292921
  -8.9600000    0.2388977
  -8.9400000    0.2495560
  -8.9200000    0.2607080
  -8.9000000    0.2717190
  -8.8800000    0.2819429
  -8.8600000    0.2907856
  -8.8400000    0.2977609
  -8.8200000    0.3025329
  -8.8000000    0.3049380
  -8.7800000    0.3049872
  -8.7600000    0.3028492
  -8.7400000    0.2988173
  -8.7200000    0.2932684
  -8.7000000    0.2866187
  -8.6800000    0.2792840
  -8.6600000    0.2716491
  -8.6400000    0.2640492
  -8.6200000    0.2567634
  -8.6000000    0.2500179
  -8.5800000    0.2439959
  -8.5600000    0.2388487
  -8.5400000    0.2347048
  -8.5200000    0.2316732
  -8.5000000    0.2298409
  -8.4800000    0.2292650
  -8.4600000    0.2299611
  -8.4400000    0.2318931
  -8.4200000    0.2349672
  -8.4000000    0.2390317
  -8.3800000    0.2438872
  -8.3600000    0.2493040
  -8.3400000    0.2550467
  -8.3200000    0.2609021
  -8.3000000    0.2667063
  -8.2800000    0.2723680
  -8.2600000    0.2778832
  -8.2400000    0.2833401
  -8.2200000    0.2889141
  -8.2000000    0.2948528
  -8.1800000    0.3014547
  -8.1600000    0.3090440
  -8.1400000    0.3179456
  -8.1200000    0.3284629
  -8.1000000    0.3408597
  -8.0800000    0.3553491
  -8.0600000    0.3720858
  -8.0400000    0.3911622
  -8.0200000    0.4126062
  -8.0000000    0.4363762
  -7.9800000    0.4623564
  -7.9600000    0.4903478
  -7.9400000    0.5200611
  -7.9200000    0.5511111
  -7.9000000    0.5830190
  -7.8800000    0.6152242
  -7.8600000    0.6471106
  -7.8400000    0.6780449
  -7.8200000    0.7074275
  -7.8000000    0.7347493
  -7.7800000    0.7596472
  -7.7600000    0.7819521
  -7.7400000    0.8017186
  -7.7200000    0.8192333
  -7.7000000    0.8349978
  -7.6800000    0.8496874
  -7.6600000    0.8640922
  -7.6400000    0.8790467
  -7.6200000    0.8953585
  -7.6000000    0.9137448
  -7.5800000    0.9347844
  -7.5600000    0.9588873
  -7.5400000    0.9862851
  -7.5200000    1.0170355
  -7.5000000    1.0510394
  -7.4800000    1.0880612
  -7.4600000    1.1277487
  -7.4400000    1.1696492
  -7.4200000    1.2132197
  -7.4000000    1.2578333
  -7.3800000    1.3027861
  -7.3600000    1.3473080
  -7.3400000    1.3905801
  -7.3200000    1.4317641
  -7.3000000    1.4700405
  -7.2800000    1.5046538
  -7.2600000    1.5349611
  -7.2400000    1.5604757
  -7.2200000    1.5809025
  -7.2000000    1.5961573
  -7.1800000    1.6063700
  -7.1600000    1.6118705
  -7.1400000    1.6131625
  -7.1200000    1.6108894
  -7.1000000    1.6057987
  -7.0800000    1.5987122
  -7.0600000    1.5905024
  -7.0400000    1.5820751
  -7.0200000    1.5743555
  -7.0000000    1.5682673
  -6.9800000    1.5646991
  -6.9600000    1.5644492
  -6.9400000    1.5681487
  -6.9200000    1.5761643
  -6.9000000    1.5884941
  -6.8800000    1.6046713
  -6.8600000    1.6236979
  -6.8400000    1.6440284
  -6.8200000    1.6636169
  -6.8000000    1.6800368
  -6.7800000    1.6906641
  -6.7600000    1.6929115
  -6.7400000    1.6844822
  -6.7200000    1.6636155
  -6.7000000    1.6292906
  -6.6800000    1.5813646
  -6.6600000    1.5206289
  -6.6400000    1.4487827
  -6.6200000    1.3683344
  -6.6000000    1.2824502
  -6.5800000    1.1947727
  -6.5600000    1.1092361
  -6.5400000    1.0298919
  -6.5200000    0.9607555
  -6.5000000    0.9056717
  -6.4800000    0.8681905
  -6.4600000    0.8514364
  -6.4400000    0.8579599
  -6.4200000    0.8895621
  -6.4000000    0.9470940
  -6.3800000    1.0302451
  -6.3600000    1.1373493
  -6.3400000    1.2652437
  -6.3200000    1.4092211
  -6.3000000    1.5631142
  -6.2800000    1.7195362
  -6.2600000    1.8702833
  -6.2400000    2.0068842
  -6.2200000    2.1212531
  -6.2000000    2.2063861
  -6.1800000    2.2570251
  -6.1600000    2.2702143
  -6.1400000    2.2456835
  -6.1200000    2.1860117
  -6.1000000    2.0965553
  -6.0800000    1.9851470
  -6.0600000    1.8616041
  -6.0400000    1.7370961
  -6.0200000    1.6234302
  -6.0000000    1.5323070
  -5.9800000    1.4745945
  -5.9600000    1.4596468
  -5.9400000    1.4946905
  -5.9200000    1.5842894
  -5.9000000    1.7299077
  -5.8800000    1.9295933
  -5.8600000    2.1778172
  -5.8400000    2.4655145
  -5.8200000    2.7803681
  -5.8000000    3.1073680
  -5.7800000    3.4296508
  -5.7600000    3.7295910
  -5.7400000    3.9900717
  -5.7200000    4.1958258
  -5.7000000    4.3347148
  -5.6800000    4.3988001
  -5.6600000    4.3850839
  -5.6400000    4.2958223
  -5.6200000    4.1383726
  -5.6000000    3.9245883
  -5.5800000    3.6698324
  -5.5600000    3.3917151
  -5.5400000    3.1086956
  -5.5200000    2.8386761
  -5.5000000    2.5977161
  -5.4800000    2.3989556
  -5.4600000    2.2518139
  -5.4400000    2.1614911
  -5.4200000    2.1287812
  -5.4000000    2.1501836
  -5.3800000    2.2182914
  -5.3600000    2.3224262
  -5.3400000    2.4494806
  -5.3200000    2.5849207
  -5.3000000    2.7138856
  -5.2800000    2.8223083
  -5.2600000    2.8979711
  -5.2400000    2.9314016
  -5.2200000    2.9165264
  -5.2000000    2.8510178
  -5.1800000    2.7362959
  -5.1600000    2.5771966
  -5.1400000    2.3813465
  -5.1200000    2.1583247
  -5.1000000    1.9187184
  -5.0800000    1.6731747
  -5.0600000    1.4315589
  -5.0400000    1.2022926
  -5.0200000    0.9919221
  -5.0000000    0.8049307
  -4.9800000    0.6437758
  -4.9600000    0.5091101
  -4.9400000    0.4001327
  -4.9200000    0.3150099
  -4.9000000    0.2513178
  -4.8800000    0.2064648
  -4.8600000    0.1780729
  -4.8400000    0.1643052
  -4.8200000    0.1641413
  -4.8000000    0.1776039
  -4.7800000    0.2059395
  -4.7600000    0.2517492
  -4.7400000    0.3190561
  -4.7200000    0.4132828
  -4.7000000    0.5411074
  -4.6800000    0.7101591
  -4.6600000    0.9285219
  -4.6400000    1.2040324
  -4.6200000    1.5433805
  -4.6000000    1.9510616
  -4.5800000    2.4282667
  -4.5600000    2.9718383
  -4.5400000    3.5734419
  -4.5200000    4.2191178
  -4.5000000    4.8893510
  -4.4800000    5.5597575
  -4.4600000    6.2024073
  -4.4400000    6.7877139
  -4.4200000    7.2867220
  -4.4000000    7.6735637
  -4.3800000    7.9277792
  -4.3600000    8.0362165
  -4.3400000    7.9942526
  -4.3200000    7.8061748
  -4.3000000    7.4846678
  -4.2800000    7.0494833
  -4.2600000    6.5254773
  -4.2400000    5.9402784
  -4.2200000    5.3218961
  -4.2000000    4.6965382
  -4.1800000    4.0868843
  -4.1600000    3.5109441
  -4.1400000    2.9815515
  -4.1200000    2.5064442
  -4.1000000    2.0888153
  -4.0800000    1.7281783
  -4.0600000    1.4213803
  -4.0400000    1.1636186
  -4.0200000    0.9493488
  -4.0000000    0.7730221
  -3.9800000    0.6296286
  -3.9600000    0.5150614
  -3.9400000    0.4263369
  -3.9200000    0.3617124
  -3.9000000    0.3207406
  -3.8800000    0.3042843
  -3.8600000    0.3144970
  -3.8400000    0.3547574
  -3.8200000    0.4295300
  -3.8000000    0.5441178
  -3.7800000    0.7042728
  -3.7600000    0.9156442
  -3.7400000    1.1830644
  -3.7200000    1.5097044
  -3.7000000    1.8961659
  -3.6800000    2.3396074
  -3.6600000    2.8330291
  -3.6400000    3.3648511
  -3.6200000    3.9189040
  -3.6000000    4.4749190
  -3.5800000    5.0095493
  -3.5600000    5.4978745
  -3.5400000    5.9152745
  -3.5200000    6.2394809
  -3.5000000    6.4525783
  -3.4800000    6.5427164
  -3.4600000    6.5053111
  -3.4400000    6.3435905
  -3.4200000    6.0684141
  -3.4000000    5.6974012
  -3.3800000    5.2534930
  -3.3600000    4.7631318
  -3.3400000    4.2542869
  -3.3200000    3.7545431
  -3.3000000    3.2894311
  -3.2800000    2.8811176
  -3.2600000    2.5475082
  -3.2400000    2.3017398
  -3.2200000    2.1520095
  -3.2000000    2.1016509
  -3.1800000    2.1493826
  -3.1600000    2.2896731
  -3.1400000    2.5131997
  -3.1200000    2.8074054
  -3.1000000    3.1571820
  -3.0800000    3.5456957
  -3.0600000    3.9553564
  -3.0400000    4.3688884
  -3.0200000    4.7704192
  -3.0000000    5.1464718
  -2.9800000    5.4867188
  -2.9600000    5.7843812
  -2.9400000    6.0361911
  -2.9200000    6.2419034
  -2.9000000    6.4034218
  -2.8800000    6.5236820
  -2.8600000    6.6054760
  -2.8400000    6.6504447
  -2.8200000    6.6584062
  -2.8000000    6.6271648
  -2.7800000    6.5528330
  -2.7600000    6.4306037
  -2.7400000    6.2558346
  -2.7200000    6.0252465
  -2.7000000    5.7380008
  -2.6800000    5.3964797
  -2.6600000    5.0066234
  -2.6400000    4.5777761
  -2.6200000    4.1220761
  -2.6000000    3.6535009
  -2.5800000    3.1867271
  -2.5600000    2.7359762
  -2.5400000    2.3140065
  -2.5200000    1.9313680
  -2.5000000    1.5959793
  -2.4800000    1.3130292
  -2.4600000    1.0851545
  -2.4400000    0.9128118
  -2.4200000    0.7947471
  -2.4000000    0.7284695
  -2.3800000    0.7106564
  -2.3600000    0.7374452
  -2.3400000    0.8045989
  -2.3200000    0.9075615
  -2.3000000    1.0414419
  -2.2800000    1.2009772
  -2.2600000    1.3805253
  -2.2400000    1.5741297
  -2.2200000    1.7756778
  -2.2000000    1.9791551
  -2.1800000    2.1789672
  -2.1600000    2.3702918
  -2.1400000    2.5494012
  -2.1200000    2.7138977
  -2.1000000    2.8628186
  -2.0800000    2.9965791
  -2.0600000    3.1167528
  -2.0400000    3.2257156
  -2.0200000    3.3262012
  -2.0000000    3.4208369
  -1.9800000    3.5117269
  -1.9600000    3.6001449
  -1.9400000    3.6863806
  -1.9200000    3.7697607
  -1.9000000    3.8488302
  -1.8800000    3.9216661
  -1.8600000    3.9862704
  -1.8400000    4.0409904
  -1.8200000    4.0849082
  -1.8000000    4.1181574
  -1.7800000    4.1421440
  -1.7600000    4.1596507
  -1.7400000    4.1748292
  -1.7200000    4.1930855
  -1.7000000    4.2208687
  -1.6800000    4.2653646
  -1.6600000    4.3341021
  -1.6400000    4.4344732
  -1.6200000    4.5731709
  -1.6000000    4.7555634
  -1.5800000    4.9850358
  -1.5600000    5.2623482
  -1.5400000    5.5850843
  -1.5200000    5.9472669
  -1.5000000    6.3392258
  -1.4800000    6.7477885
  -1.4600000    7.1568327
  -1.4400000    7.5481972
  -1.4200000    7.9029061
  -1.4000000    8.2025928
  -1.3800000    8.4309915
  -1.3600000    8.5753254
  -1.3400000    8.6274233
  -1.3200000    8.5844314
  -1.3000000    8.4490337
  -1.2800000    8.2291470
  -1.2600000    7.9371450
  -1.2400000    7.5887126
  -1.2200000    7.2014724
  -1.2000000    6.7935568
  -1.1800000    6.3822796
  -1.1600000    5.9830335
  -1.1400000    5.6085004
  -1.1200000    5.2682039
  -1.1000000    4.9683871
  -1.0800000    4.7121732
  -1.0600000    4.4999257
  -1.0400000    4.3297324
  -1.0200000    4.1979469
  -1.0000000    4.0997153
  -0.9800000    4.0294639
  -0.9600000    3.9813111
  -0.9400000    3.9494040
  -0.9200000    3.9281758
  -0.9000000    3.9125287
  -0.8800000    3.8979521
  -0.8600000    3.8805810
  -0.8400000    3.8572036
  -0.8200000    3.8252266
  -0.8000000    3.7826136
  -0.7800000    3.7278046
  -0.7600000    3.6596395
  -0.7400000    3.5772958
  -0.7200000    3.4802561
  -0.7000000    3.3683126
  -0.6800000    3.2416020
  -0.6600000    3.1006700
  -0.6400000    2.9465368
  -0.6200000    2.7807419
  -0.6000000    2.6053374
  -0.5800000    2.4228011
  -0.5600000    2.2358417
  -0.5400000    2.0470825
  -0.5200000    1.8586167
  -0.5000000    1.6714439
  -0.4800000    1.4848096
  -0.4600000    1.2954877
  -0.4400000    1.0970588
  -0.4200000    0.8792564
  -0.4000000    0.6274660
  -0.3800000    0.3224839
  -0.3600000   -0.0593527
  -0.3400000   -0.5455410
  -0.3200000   -1.1661890
  -0.3000000   -1.9521144
  -0.2800000   -2.9322511
  -0.2600000   -4.1304409
  -0.2400000   -5.5617942
  -0.2200000   -7.2289388
  -0.2000000   -9.1185806
  -0.1800000  -11.1989029
  -0.1600000  -13.4183225
  -0.1400000  -15.7060606
  -0.1200000  -17.9748486
  -0.1000000  -20.1257883
  -0.0800000  -22.0551359
  -0.0600000  -23.6624098
  -0.0400000  -24.8590074
  -0.0200000  -25.5762936
   0.0000000  -25.7721920
   0.0200000  -25.4353629
   0.0400000  -24.5864044
   0.0600000  -23.2759201
   0.0800000  -21.5796771
   0.1000000  -19.5915074
   0.1200000  -17.4148669
   0.1400000  -15.1541163
   0.1600000  -12.9065201
   0.1800000  -10.7557940
   0.2000000   -8.7677501
   0.2200000   -6.9882049
   0.2400000   -5.4430660
   0.2600000   -4.1401973
   0.2800000   -3.0725457
   0.3000000   -2.2219293
   0.3200000   -1.5629528
   0.3400000   -1.0666028
   0.3600000   -0.7032299
   0.3800000   -0.4447717
   0.4000000   -0.2661939
   0.4200000   -0.1462345
   0.4400000   -0.0675847
   0.4600000   -0.0166683
   0.4800000    0.0168242
   0.5000000    0.0405146
   0.5200000    0.0599280
   0.5400000    0.0790267
   0.5600000    0.1006471
   0.5800000    0.1268245
   0.6000000    0.1590052
   0.6200000    0.1981585
   0.6400000    0.2448087
   0.6600000    0.2990113
   0.6800000    0.3603003
   0.7000000    0.4276339
   0.7200000    0.4993658
   0.7400000    0.5732611
   0.7600000    0.6465741
   0.7800000    0.7161919
   0.8000000    0.7788386
   0.8200000    0.8313242
   0.8400000    0.8708121
   0.8600000    0.8950744
   0.8800000    0.9027026
   0.9000000    0.8932457
   0.9200000    0.8672562
   0.9400000    0.8262378
   0.9600000    0.7725021
   0.9800000    0.7089513
   1.0000000    0.6388178
   1.0200000    0.5653922
   1.0400000    0.4917702
   1.0600000    0.4206473
   1.0800000    0.3541759
   1.1000000    0.2938936
   1.1200000    0.2407193
   1.1400000    0.1950047
   1.1600000    0.1566277
   1.1800000    0.1251073
   1.2000000    0.0997238
   1.2200000    0.0796317
   1.2400000    0.0639548
   1.2600000    0.0518579
   1.2800000    0.0425971
   1.3000000    0.0355473
   1.3200000    0.0302134
   1.3400000    0.0262275
   1.3600000    0.0233390
   1.3800000    0.0213974
   1.4000000    0.0203347
   1.4200000    0.0201456
   1.4400000    0.0208682
   1.4600000    0.0225659
   1.4800000    0.0253102
   1.5000000    0.0291654
   1.5200000    0.0341747
   1.5400000    0.0403503
   1.5600000    0.0476653
   1.5800000    0.0560506
   1.6000000    0.0653957
   1.6200000    0.0755532
   1.6400000    0.0863480
   1.6600000    0.0975889
   1.6800000    0.1090818
   1.7000000    0.1206429
   1.7200000    0.1321106
   1.7400000    0.1433534
   1.7600000    0.1542745
   1.7800000    0.1648100
   1.8000000    0.1749240
   1.8200000    0.1845991
   1.8400000    0.1938248
   1.8600000    0.2025865
   1.8800000    0.2108554
   1.9000000    0.2185827
   1.9200000    0.2256978
   1.9400000    0.2321114
   1.9600000    0.2377224
   1.9800000    0.2424282
   2.0000000    0.2461349
   2.0200000    0.2487676
   2.0400000    0.2502780
   2.0600000    0.2506491
   2.0800000    0.2498962
   2.1000000    0.2480648
   2.1200000    0.2452278
   2.1400000    0.2414797
   2.1600000    0.2369328
   2.1800000    0.2317128
   2.2000000    0.2259555
   2.2200000    0.2198037
   2.2400000    0.2134049
   2.2600000    0.2069065
   2.2800000    0.2004520
   2.3000000    0.1941744
   2.3200000    0.1881901
   2.3400000    0.1825927
   2.3600000    0.1774483
   2.3800000    0.1727926
   2.4000000    0.1686318
   2.4200000    0.1649457
   2.4400000    0.1616938
   2.4600000    0.1588237
   2.4800000    0.1562798
   2.5000000    0.1540113
   2.5200000    0.1519795
   2.5400000    0.1501614
   2.5600000    0.1485522
   2.5800000    0.1471643
   2.6000000    0.1460247
   2.6200000    0.1451720
   2.6400000    0.1446529
   2.6600000    0.1445206
   2.6800000    0.1448363
   2.7000000    0.1456766
   2.7200000    0.1471499
   2.7400000    0.1494295
   2.7600000    0.1528129
   2.7800000    0.1578230
   2.8000000    0.1653759
   2.8200000    0.1770482
   2.8400000    0.1954900
   2.8600000    0.2250401
   2.8800000    0.2726133
   2.9000000    0.3489316
   2.9200000    0.4701660
   2.9400000    0.6600284
   2.9600000    0.9523029
   2.9800000    1.3937182
   3.0000000    2.0469387
   3.0200000    2.9933027
   3.0400000    4.3347588
   3.0600000    6.1942910
   3.0800000    8.7140218
   3.1000000   12.0501631
   3.1200000   16.3641461
   3.1400000   21.8095810
   3.1600000   28.5152598
   3.1800000   36.5651119
   3.2000000   45.9768068
   3.2200000   56.6815281
   3.2400000   68.5078412
   3.2600000   81.1729555
   3.2800000   94.2841138
   3.3000000  107.3520879
   3.3200000  119.8172776
   3.3400000  131.0870941
   3.3600000  140.5815104
   3.3800000  147.7820544
   3.4000000  152.2785477
   3.4200000  153.8078234
   3.4400000  152.2791462
   3.4600000  147.7832165
   3.4800000  140.5831801
   3.5000000  131.0892202
   3.5200000  119.8198481
   3.5400000  107.3551680
   3.5600000   94.2878795
   3.5800000   81.1777153
   3.6000000   68.5140382
   3.6200000   56.6897151
   3.6400000   45.9875910
   3.6600000   36.5790699
   3.6800000   28.5328292
   3.7000000   21.8309416
   3.7200000   16.3891053
   3.7400000   12.0780669
   3.7600000    8.7437088
   3.7800000    6.2241053
   3.8000000    4.3626303
   3.8200000    3.0168933
   3.8400000    2.0638459
   3.8600000    1.4017152
   3.8800000    0.9495898
   3.9000000    0.6454645
   3.9200000    0.4434555
   3.9400000    0.3107379
   3.9600000    0.2245872
   3.9800000    0.1697568
   4.0000000    0.1362990
   4.0200000    0.1178520
   4.0400000    0.1103585
   4.0600000    0.1111549
   4.0800000    0.1183574
   4.1000000    0.1304756
   4.1200000    0.1461917
   4.1400000    0.1642529
   4.1600000    0.1834389
   4.1800000    0.2025742
   4.2000000    0.2205653
   4.2200000    0.2364474
   4.2400000    0.2494327
   4.2600000    0.2589520
   4.2800000    0.2646856
   4.3000000    0.2665795
   4.3200000    0.2648452
   4.3400000    0.2599393
   4.3600000    0.2525253
   4.3800000    0.2434178
   4.4000000    0.2335143
   4.4200000    0.2237189
   4.4400000    0.2148685
   4.4600000    0.2076661
   4.4800000    0.2026313
   4.5000000    0.2000742
   4.5200000    0.2000938
   4.5400000    0.2026042
   4.5600000    0.2073822
   4.5800000    0.2141315
   4.6000000    0.2225535
   4.6200000    0.2324147
   4.6400000    0.2435996
   4.6600000    0.2561417
   4.6800000    0.2702269
   4.7000000    0.2861677
   4.7200000    0.3043510
   4.7400000    0.3251676
   4.7600000    0.3489337
   4.7800000    0.3758155
   4.8000000    0.4057719
   4.8200000    0.4385226
   4.8400000    0.4735495
   4.8600000    0.5101338
   4.8800000    0.5474215
   4.9000000    0.5845119
   4.9200000    0.6205524
   4.9400000    0.6548269
   4.9600000    0.6868248
   4.9800000    0.7162781
   5.0000000    0.7431643
   5.0200000    0.7676745
   5.0400000    0.7901545
   5.0600000    0.8110294
   5.0800000    0.8307239
   5.1000000    0.8495908
   5.1200000    0.8678549
   5.1400000    0.8855778
   5.1600000    0.9026431
   5.1800000    0.9187604
   5.2000000    0.9334822
   5.2200000    0.9462333
   5.2400000    0.9563488
   5.2600000    0.9631229
   5.2800000    0.9658699
   5.3000000    0.9639973
   5.3200000    0.9570900
   5.3400000    0.9449988
   5.3600000    0.9279215
   5.3800000    0.9064630
   5.4000000    0.8816578
   5.4200000    0.8549424
   5.4400000    0.8280694
   5.4600000    0.8029655
   5.4800000    0.7815433
   5.5000000    0.7654879
   5.5200000    0.7560445
   5.5400000    0.7538380
   5.5600000    0.7587505
   5.5800000    0.7698806
   5.6000000    0.7855936
   5.6200000    0.8036628
   5.6400000    0.8214878
   5.6600000    0.8363646
   5.6800000    0.8457756
   5.7000000    0.8476641
   5.7200000    0.8406600
   5.7400000    0.8242308
   5.7600000    0.7987440
   5.7800000    0.7654366
   5.8000000    0.7263028
   5.8200000    0.6839201
   5.8400000    0.6412402
   5.8600000    0.6013738
   5.8800000    0.5673925
   5.9000000    0.5421682
   5.9200000    0.5282551
   5.9400000    0.5278152
   5.9600000    0.5425746
   5.9800000    0.5737951
   6.0000000    0.6222460
   6.0200000    0.6881620
   6.0400000    0.7711843
   6.0600000    0.8702900
   6.0800000    0.9837271
   6.1000000    1.1089787
   6.1200000    1.2427847
   6.1400000    1.3812427
   6.1600000    1.5200033
   6.1800000    1.6545545
   6.2000000    1.7805743
   6.2200000    1.8943096
   6.2400000    1.9929278
   6.2600000    2.0747842
   6.2800000    2.1395508
   6.3000000    2.1881769
   6.3200000    2.2226699
   6.3400000    2.2457231
   6.3600000    2.2602410
   6.3800000    2.2688366
   6.4000000    2.2733853
   6.4200000    2.2747111
   6.4400000    2.2724678
   6.4600000    2.2652401
   6.4800000    2.2508605
   6.5000000    2.2268969
   6.5200000    2.1912424
   6.5400000    2.1427168
   6.5600000    2.0815915
   6.5800000    2.0099554
   6.6000000    1.9318637
   6.6200000    1.8532377
   6.6400000    1.7815144
   6.6600000    1.7250750
   6.6800000    1.6925009
   6.7000000    1.6917279
   6.7200000    1.7291768
   6.7400000    1.8089439
   6.7600000    1.9321362
   6.7800000    2.0964243
   6.8000000    2.2958799
   6.8200000    2.5211340
   6.8400000    2.7598764
   6.8600000    2.9976710
   6.8800000    3.2190325
   6.9000000    3.4086682
   6.9200000    3.5527639
   6.9400000    3.6401755
   6.9600000    3.6633893
   6.9800000    3.6191415
   7.0000000    3.5086248
   7.0200000    3.3372582
   7.0400000    3.1140604
   7.0600000    2.8507146
   7.0800000    2.5604426
   7.1000000    2.2568319
   7.1200000    1.9527498
   7.1400000    1.6594539
   7.1600000    1.3859726
   7.1800000    1.1387860
   7.2000000    0.9217925
   7.2200000    0.7365183
   7.2400000    0.5824983
   7.2600000    0.4577568
   7.2800000    0.3593133
   7.3000000    0.2836579
   7.3200000    0.2271540
   7.3400000    0.1863498
   7.3600000    0.1581932
   7.3800000    0.1401627
   7.4000000    0.1303299
   7.4200000    0.1273778
   7.4400000    0.1305929
   7.4600000    0.1398493
   7.4800000    0.1555933
   7.5000000    0.1788312
   7.5200000    0.2111172
   7.5400000    0.2545284
   7.5600000    0.3116159
   7.5800000    0.3853149
   7.6000000    0.4788009
   7.6200000    0.5952863
   7.6400000    0.7377567
   7.6600000    0.9086610
   7.6800000    1.1095783
   7.7000000    1.3408938
   7.7200000    1.6015265
   7.7400000    1.8887464
   7.7600000    2.1981191
   7.7800000    2.5235986
   7.8000000    2.8577778
   7.8200000    3.1922762
   7.8400000    3.5182380
   7.8600000    3.8268873
   7.8800000    4.1100840
   7.9000000    4.3608295
   7.9200000    4.5736721
   7.9400000    4.7449916
   7.9600000    4.8731452
   7.9800000    4.9584956
   8.0000000    5.0033344
   8.0200000    5.0117310
   8.0400000    4.9893245
   8.0600000    4.9430692
   8.0800000    4.8809301
   8.1000000    4.8115094
   8.1200000    4.7435925
   8.1400000    4.6856050
   8.1600000    4.6449919
   8.1800000    4.6275599
   8.2000000    4.6368480
   8.2200000    4.6736136
   8.2400000    4.7355230
   8.2600000    4.8171263
   8.2800000    4.9101614
   8.3000000    5.0041859
   8.3200000    5.0874860
   8.3400000    5.1481572
   8.3600000    5.1752329
   8.3800000    5.1597090
   8.4000000    5.0953424
   8.4200000    4.9791299
   8.4400000    4.8114277
   8.4600000    4.5957220
   8.4800000    4.3381222
   8.5000000    4.0466639
   8.5200000    3.7305372
   8.5400000    3.3993386
   8.5600000    3.0624279
   8.5800000    2.7284355
   8.6000000    2.4049385
   8.6200000    2.0982878
   8.6400000    1.8135627
   8.6600000    1.5546158
   8.6800000    1.3241767
   8.7000000    1.1239916
   8.7200000    0.9549867
   8.7400000    0.8174492
   8.7600000    0.7112242
   8.7800000    0.6359213
   8.8000000    0.5911226
   8.8200000    0.5765692
   8.8400000    0.5923030
   8.8600000    0.6387314
   8.8800000    0.7165882
   8.9000000    0.8267702
   8.9200000    0.9700476
   8.9400000    1.1466627
   8.9600000    1.3558589
   8.9800000    1.5953994
   9.0000000    1.8611542
   9.0200000    2.1468375
   9.0400000    2.4439738
   9.0600000    2.7421468
   9.0800000    3.0295546
   9.1000000    3.2938537
   9.1200000    3.5232210
   9.1400000    3.7075337
   9.1600000    3.8395279
   9.1800000    3.9157920
   9.2000000    3.9374525
   9.2200000    3.9104494
   9.2400000    3.8453273
   9.2600000    3.7565397
   9.2800000    3.6613036
   9.3000000    3.5781037
   9.3200000    3.5249787
   9.3400000    3.5177528
   9.3600000    3.5683826
   9.3800000    3.6835844
   9.4000000    3.8638882
   9.4200000    4.1032336
   9.4400000    4.3891697
   9.4600000    4.7036659
   9.4800000    5.0244877
   9.5000000    5.3270071
   9.5200000    5.5862789
   9.5400000    5.7791557
   9.5600000    5.8862088
   9.5800000    5.8932328
   9.6000000    5.7921521
   9.6200000    5.5812338
   9.6400000    5.2646000
   9.6600000    4.8511380
   9.6800000    4.3529877
   9.7000000    3.7838615
   9.7200000    3.1574664
   9.7400000    2.4862835
   9.7600000    1.7809030
   9.7800000    1.0500134
   9.8000000    0.3010344
   9.8200000   -0.4587346
   9.8400000   -1.2206854
   9.8600000   -1.9734859
   9.8800000   -2.7020081
   9.9000000   -3.3868878
   9.9200000   -4.0049244
   9.9400000   -4.5304002
   9.9600000   -4.9372395
   9.9800000   -5.2017642
  10.0000000   -5.3056867
  10.0200000   -5.2388719
  10.0400000   -5.0014306
  10.0600000   -4.6047476
  10.0800000   -4.0712246
  10.1000000   -3.4326812
  10.1200000   -2.7275997
  10.1400000   -1.9975522
  10.1600000   -1.2832916
  10.1800000   -0.6210120
  10.2000000   -0.0392603
  10.2200000    0.4431776
  10.2400000    0.8182325
  10.2600000    1.0883504
  10.2800000    1.2653245
  10.3000000    1.3684176
  10.3200000    1.4221068
  10.3400000    1.4537494
  10.3600000    1.4913998
  10.3800000    1.5619198
  10.4000000    1.6894147
  10.4200000    1.8939666
  10.4400000    2.1905906
  10.4600000    2.5883434
  10.4800000    3.0895550
  10.5000000    3.6892107
  10.5200000    4.3745786
  10.5400000    5.1252124
  10.5600000    5.9134829
  10.5800000    6.7057493
  10.6000000    7.4642157
  10.6200000    8.1494164
  10.6400000    8.7231507
  10.6600000    9.1515914
  10.6800000    9.4082324
  10.7000000    9.4762995
  10.7200000    9.3503189
  10.7400000    9.0366257
  10.7600000    8.5527320
  10.7800000    7.9256275
  10.8000000    7.1892438
  10.8200000    6.3813881
  10.8400000    5.5405451
  10.8600000    4.7028925
  10.8800000    3.8998606
  10.9000000    3.1564280
  10.9200000    2.4902462
  10.9400000    1.9115661
  10.9600000    1.4238412
  10.9800000    1.0248218
  11.0000000    0.7079303
  11.0200000    0.4637153
  11.0400000    0.2812158
  11.0600000    0.1491168
  11.0800000    0.0566323
  11.1000000   -0.0059031
  11.1200000   -0.0467101
  11.1400000   -0.0724645
  11.1600000   -0.0883606
  11.1800000   -0.0982801
  11.2000000   -0.1050150
  11.2200000   -0.1105007
  11.2400000   -0.1160338
  11.2600000   -0.1224539
  11.2800000   -0.1302852
  11.3000000   -0.1398364
  11.3200000   -0.1512644
  11.3400000   -0.1646096
  11.3600000   -0.1798126
  11.3800000   -0.1967196
  11.4000000   -0.2150855
  11.4200000   -0.2345808
  11.4400000   -0.2548052
  11.4600000   -0.2753117
  11.4800000   -0.2956378
  11.5000000   -0.3153429
  11.5200000   -0.3340456
  11.5400000   -0.3514546
  11.5600000   -0.3673862
  11.5800000   -0.3817617
  11.6000000   -0.3945779
  11.6200000   -0.4058484
  11.6400000   -0.4155126
  11.6600000   -0.4233141
  11.6800000   -0.4286515
  11.7000000   -0.4304069
  11.7200000   -0.4267623
  11.7400000   -0.4150142
  11.7600000   -0.3914041
  11.7800000   -0.3509856
  11.8000000   -0.2875576
  11.8200000   -0.1936956
  11.8400000   -0.0609207
  11.8600000    0.1199569
  11.8800000    0.3582914
  11.9000000    0.6628369
  11.9200000    1.0407825
  11.9400000    1.4966370
  11.9600000    2.0310574
  11.9800000    2.6397539
  12.0000000    3.3126336
  12.0200000    4.0333547
  12.0400000    4.7794445
  12.0600000    5.5230836
  12.0800000    6.2325832
  12.1000000    6.8744835
  12.1200000    7.4160994
  12.1400000    7.8282574
  12.1600000    8.0879022
  12.1800000    8.1802543
  12.2000000    8.1002381
  12.2200000    7.8529820
  12.2400000    7.4533290
  12.2600000    6.9244155
  12.2800000    6.2955123
  12.3000000    5.5994082
  12.3200000    4.8696552
  12.3400000    4.1379989
  12.3600000    3.4322566
  12.3800000    2.7748198
  12.4000000    2.1818583
  12.4200000    1.6632036
  12.4400000    1.2228067
  12.4600000    0.8596186
  12.4800000    0.5687174
  12.5000000    0.3425153
  12.5200000    0.1719086
  12.5400000    0.0472736
  12.5600000   -0.0407465
  12.5800000   -0.1006775
  12.6000000   -0.1398609
  12.6200000   -0.1642776
  12.6400000   -0.1785114
  12.6600000   -0.1858105
  12.6800000   -0.1882140
  12.7000000   -0.1867174
  12.7200000   -0.1814582
  12.7400000   -0.1719114
  12.7600000   -0.1570890
  12.7800000   -0.1357404
  12.8000000   -0.1065535
  12.8200000   -0.0683535
  12.8400000   -0.0202958
  12.8600000    0.0379524
  12.8800000    0.1060538
  12.9000000    0.1828774
  12.9200000    0.2664275
  12.9400000    0.3538387
  12.9600000    0.4414523
  12.9800000    0.5249802
  13.0000000    0.5997542
  13.0200000    0.6610478
  13.0400000    0.7044447
  13.0600000    0.7262179
  13.0800000    0.7236796
  13.1000000    0.6954589
  13.1200000    0.6416734
  13.1400000    0.5639707
  13.1600000    0.4654331
  13.1800000    0.3503561
  13.2000000    0.2239249
  13.2200000    0.0918258
  13.2400000   -0.0401646
  13.2600000   -0.1665750
  13.2800000   -0.2825798
  13.3000000   -0.3842637
  13.3200000   -0.4687931
  13.3400000   -0.5344909
  13.3600000   -0.5808207
  13.3800000   -0.6082915
  13.4000000   -0.6183006
  13.4200000   -0.6129344
  13.4400000   -0.5947466
  13.4600000   -0.5665357
  13.4800000   -0.5311384
  13.5000000   -0.4912546
  13.5200000   -0.4493154
  13.5400000   -0.4073986
  13.5600000   -0.3671919
  13.5800000   -0.3299987
  13.6000000   -0.2967772
  13.6200000   -0.2682003
  13.6400000   -0.2447262
  13.6600000   -0.2266667
  13.6800000   -0.2142494
  13.7000000   -0.2076701
  13.7200000   -0.2071387
  13.7400000   -0.2129261
  13.7600000   -0.2254222
  13.7800000   -0.2452148
  13.8000000   -0.2732014
  13.8200000   -0.3107366
  13.8400000   -0.3598144
  13.8600000   -0.4232736
  13.8800000   -0.5050035
  13.9000000   -0.6101124
  13.9200000   -0.7450159
  13.9400000   -0.9173862
  13.9600000   -1.1359122
  13.9800000   -1.4098215
  14.0000000   -1.7481416
  14.0200000   -2.1587084
  14.0400000   -2.6469757
  14.0600000   -3.2147277
  14.0800000   -3.8588426
  14.1000000   -4.5702891
  14.1200000   -5.3335495
  14.1400000   -6.1266346
  14.1600000   -6.9218138
  14.1800000   -7.6870805
  14.2000000   -8.3882849
  14.2200000   -8.9917389
  14.2400000   -9.4670209
  14.2600000   -9.7896487
  14.2800000   -9.9432822
  14.3000000   -9.9211621
  14.3200000   -9.7266146
  14.3400000   -9.3725437
  14.3600000   -8.8800202
  14.3800000   -8.2761565
  14.4000000   -7.5915708
  14.4200000   -6.8577728
  14.4400000   -6.1047764
  14.4600000   -5.3591796
  14.4800000   -4.6428686
  14.5000000   -3.9723779
  14.5200000   -3.3588616
  14.5400000   -2.8085470
  14.5600000   -2.3235121
  14.5800000   -1.9026187
  14.6000000   -1.5424584
  14.6200000   -1.2382025
  14.6400000   -0.9842944
  14.6600000   -0.7749634
  14.6800000   -0.6045680
  14.7000000   -0.4678004
  14.7200000   -0.3597870
  14.7400000   -0.2761237
  14.7600000   -0.2128729
  14.7800000   -0.1665455
  14.8000000   -0.1340772
  14.8200000   -0.1128055
  14.8400000   -0.1004489
  14.8600000   -0.0950836
  14.8800000   -0.0951199
  14.9000000   -0.0992716
  14.9200000   -0.1065225
  14.9400000   -0.1160860
  14.9600000   -0.1273626
  14.9800000   -0.1398954
  15.0000000   -0.1533268
  15.0200000   -0.1673591
  15.0400000   -0.1817220
  15.0600000   -0.1961479
  15.0800000   -0.2103569
  15.1000000   -0.2240504
  15.1200000   -0.2369141
  15.1400000   -0.2486264
  15.1600000   -0.2588716
  15.1800000   -0.2673553
  15.2000000   -0.2738188
  15.2200000   -0.2780533
  15.2400000   -0.2799101
  15.2600000   -0.2793095
  15.2800000   -0.2762460
  15.3000000   -0.2707913
  15.3200000   -0.2630944
  15.3400000   -0.2533802
  15.3600000   -0.2419439
  15.3800000   -0.2291437
  15.4000000   -0.2153901
  15.4200000   -0.2011322
  15.4400000   -0.1868419
  15.4600000   -0.1729963
  15.4800000   -0.1600595
  15.5000000   -0.1484643
  15.5200000   -0.1385953
  15.5400000   -0.1307741
  15.5600000   -0.1252467
  15.5800000   -0.1221744
  15.6000000   -0.1216287
  15.6200000   -0.1235894
  15.6400000   -0.1279490
  15.6600000   -0.1345213
  15.6800000   -0.1430554
  15.7000000   -0.1532562
  15.7200000   -0.1648088
  15.7400000   -0.1774081
  15.7600000   -0.1907912
  15.7800000   -0.2047727
  15.8000000   -0.2192818
  15.8200000   -0.2344002
  15.8400000   -0.2504015
  15.8600000   -0.2677919
  15.8800000   -0.2873481
  15.9000000   -0.3101522
  15.9200000   -0.3376136
  15.9400000   -0.3714703
  15.9600000   -0.4137553
  15.9800000   -0.4667162
  16.0000000   -0.5326744
  16.0200000   -0.6138193
  16.0400000   -0.7119419
  16.0600000   -0.8281220
  16.0800000   -0.9624025
  16.1000000   -1.1134923
  16.1200000   -1.2785502
  16.1400000   -1.4530994
  16.1600000   -1.6311168
  16.1800000   -1.8053165
  16.2000000   -1.9676257
  16.2200000   -2.1098147
  16.2400000   -2.2242189
  16.2600000   -2.3044660
  16.2800000   -2.3461140
  16.3000000   -2.3471094
  16.3200000   -2.3080052
  16.3400000   -2.2318967
  16.3600000   -2.1240884
  16.3800000   -1.9915326
  16.4000000   -1.8421184
  16.4200000   -1.6839034
  16.4400000   -1.5243899
  16.4600000   -1.3699288
  16.4800000   -1.2253152
  16.5000000   -1.0936063
  16.5200000   -0.9761592
  16.5400000   -0.8728567
  16.5600000   -0.7824678
  16.5800000   -0.7030755
  16.6000000   -0.6325071
  16.6200000   -0.5687068
  16.6400000   -0.5100109
  16.6600000   -0.4552997
  16.6800000   -0.4040293
  16.7000000   -0.3561560
  16.7200000   -0.3119882
  16.7400000   -0.2720002
  16.7600000   -0.2366479
  16.7800000   -0.2062177
  16.8000000   -0.1807295
  16.8200000   -0.1599045
  16.8400000   -0.1431914
  16.8600000   -0.1298413
  16.8800000   -0.1190072
  16.9000000   -0.1098520
  16.9200000   -0.1016408
  16.9400000   -0.0938091
  16.9600000   -0.0859962
  16.9800000   -0.0780461
  17.0000000   -0.0699810
  17.0200000   -0.0619553
  17.0400000   -0.0542022
  17.0600000   -0.0469800
  17.0800000   -0.0405270
  17.1000000   -0.0350289
  17.1200000   -0.0306001
  17.1400000   -0.0272791
  17.1600000   -0.0250346
  17.1800000   -0.0237808
  17.2000000   -0.0233965
  17.2200000   -0.0237470
  17.2400000   -0.0247034
  17.2600000   -0.0261597
  17.2800000   -0.0280441
  17.3000000   -0.0303252
  17.3200000   -0.0330115
  17.3400000   -0.0361461
  17.3600000   -0.0397971
  17.3800000   -0.0440460
  17.4000000   -0.0489761
  17.4200000   -0.0546642
  17.4400000   -0.0611775
  17.4600000   -0.0685782
  17.4800000   -0.0769370
  17.5000000   -0.0863548
  17.5200000   -0.0969910
  17.5400000   -0.1090936
  17.5600000   -0.1230259
  17.5800000   -0.1392824
  17.6000000   -0.1584867
  17.6200000   -0.1813635
  17.6400000   -0.2086821
  17.6600000   -0.2411698
  17.6800000   -0.2794004
  17.7000000   -0.3236674
  17.7200000   -0.3738572
  17.7400000   -0.4293408
  17.7600000   -0.4889051
  17.7800000   -0.5507385
  17.8000000   -0.6124872
  17.8200000   -0.6713817
  17.8400000   -0.7244310
  17.8600000   -0.7686635
  17.8800000   -0.8013912
  17.9000000   -0.8204647
  17.9200000   -0.8244855
  17.9400000   -0.8129492
  17.9600000   -0.7862998
  17.9800000   -0.7458872
  18.0000000   -0.6938363
  18.0200000   -0.6328440
  18.0400000   -0.5659329
  18.0600000   -0.4961917
  18.0800000   -0.4265338
  18.1000000   -0.3594983
  18.1200000   -0.2971124
  18.1400000   -0.2408186
  18.1600000   -0.1914683
  18.1800000   -0.1493685
  18.2000000   -0.1143689
  18.2200000   -0.0859710
  18.2400000   -0.0634440
  18.2600000   -0.0459339
  18.2800000   -0.0325569
  18.3000000   -0.0224709
  18.3200000   -0.0149245
  18.3400000   -0.0092851
  18.3600000   -0.0050483
  18.3800000   -0.0018345
  18.4000000    0.0006245
  18.4200000    0.0025034
  18.4400000    0.0039033
  18.4600000    0.0048712
  18.4800000    0.0054167
  18.5000000    0.0055269
  18.5200000    0.0051768
  18.5400000    0.0043382
  18.5600000    0.0029857
  18.5800000    0.0011012
  18.6000000   -0.0013221
  18.6200000   -0.0042768
  18.6400000   -0.0077389
  18.6600000   -0.0116656
  18.6800000   -0.0159953
  18.7000000   -0.0206484
  18.7200000   -0.0255303
  18.7400000   -0.0305378
  18.7600000   -0.0355660
  18.7800000   -0.0405182
  18.8000000   -0.0453152
  18.8200000   -0.0499042
  18.8400000   -0.0542649
  18.8600000   -0.0584130
  18.8800000   -0.0623980
  18.9000000   -0.0662972
  18.9200000   -0.0702053
  18.9400000   -0.0742209
  18.9600000   -0.0784308
  18.9800000   -0.0828958
  19.0000000   -0.0876374
  19.0200000   -0.0926288
  19.0400000   -0.0977915
  19.0600000   -0.1029969
  19.0800000   -0.1080743
  19.1000000   -0.1128232
  19.1200000   -0.1170307
  19.1400000   -0.1204894
  19.1600000   -0.1230168
  19.1800000   -0.1244724
  19.2000000   -0.1247706
  19.2200000   -0.1238899
  19.2400000   -0.1218753
  19.2600000   -0.1188357
  19.2800000   -0.1149358
  19.3000000   -0.1103842
  19.3200000   -0.1054190
  19.3400000   -0.1002928
  19.3600000   -0.0952595
  19.3800000   -0.0905641
  19.4000000   -0.0864376
  19.4200000   -0.0830984
  19.4400000   -0.0807604
  19.4600000   -0.0796498
  19.4800000   -0.0800283
  19.5000000   -0.0822229
  19.5200000   -0.0866591
  19.5400000   -0.0938942
  19.5600000   -0.1046446
  19.5800000   -0.1198009
  19.6000000   -0.1404233
  19.6200000   -0.1677086
  19.6400000   -0.2029235
  19.6600000   -0.2473006
  19.6800000   -0.3018977
  19.7000000   -0.3674294
  19.7200000   -0.4440838
  19.7400000   -0.5313468
  19.7600000   -0.6278587
  19.7800000   -0.7313304
  19.8000000   -0.8385440
  19.8200000   -0.9454537
  19.8400000   -1.0473914
  19.8600000   -1.1393676
  19.8800000   -1.2164393
  19.9000000   -1.2741098
  19.9200000   -1.3087087
  19.9400000   -1.3177097
  19.9600000   -1.2999397
  19.9800000   -1.2556584
  20.0000000   -1.1864959
  20.0200000   -1.0952648
  20.0400000   -0.9856760
  20.0600000   -0.8620019
  20.0800000   -0.7287357
  20.1000000   -0.5902918
  20.1200000   -0.4507781
  20.1400000   -0.3138595
  20.1600000   -0.1827091
  20.1800000   -0.0600310
  20.2000000    0.0518754
  20.2200000    0.1510407
  20.2400000    0.2357726
  20.2600000    0.3046444
  20.2800000    0.3565339
  20.3000000    0.3907066
  20.3200000    0.4069251
  20.3400000    0.4055586
  20.3600000    0.3876639
  20.3800000    0.3550129
  20.4000000    0.3100501
  20.4200000    0.2557758
  20.4400000    0.1955635
  20.4600000    0.1329305
  20.4800000    0.0712893
  20.5000000    0.0137092
  20.5200000   -0.0372833
  20.5400000   -0.0798432
  20.5600000   -0.1128735
  20.5800000   -0.1360170
  20.6000000   -0.1495803
  20.6200000   -0.1544078
  20.6400000   -0.1517240
  20.6600000   -0.1429667
  20.6800000   -0.1296309
  20.7000000   -0.1131392
  20.7200000   -0.0947476
  20.7400000   -0.0754921
  20.7600000   -0.0561722
  20.7800000   -0.0373667
  20.8000000   -0.0194721
  20.8200000   -0.0027516
  20.8400000    0.0126132
  20.8600000    0.0264786
  20.8800000    0.0387071
  20.9000000    0.0491525
  20.9200000    0.0576600
  20.9400000    0.0640790
  20.9600000    0.0682847
  20.9800000    0.0702004
  21.0000000    0.0698187
  21.0200000    0.0672128
  21.0400000    0.0625398
  21.0600000    0.0560322
  21.0800000    0.0479814
  21.1000000    0.0387155
  21.1200000    0.0285764
  21.1400000    0.0178989
  21.1600000    0.0069967
  21.1800000   -0.0038442
  21.2000000   -0.0143643
  21.2200000   -0.0243222
  21.2400000   -0.0334834
  21.2600000   -0.0416077
  21.2800000   -0.0484403
  21.3000000   -0.0537089
  21.3200000   -0.0571280
  21.3400000   -0.0584131
  21.3600000   -0.0573025
  21.3800000   -0.0535857
  21.4000000   -0.0471363
  21.4200000   -0.0379440
  21.4400000   -0.0261434
  21.4600000   -0.0120339
  21.4800000    0.0039130
  21.5000000    0.0210616
  21.5200000    0.0386377
  21.5400000    0.0557710
  21.5600000    0.0715526
  21.5800000    0.0851017
  21.6000000    0.0956368
  21.6200000    0.1025417
  21.6400000    0.1054196
  21.6600000    0.1041288
  21.6800000    0.0987945
  21.7000000    0.0897951
  21.7200000    0.0777254
  21.7400000    0.0633398
  21.7600000    0.0474836
  21.7800000    0.0310190
  21.8000000    0.0147555
  21.8200000   -0.0006099
  21.8400000   -0.0145369
  21.8600000   -0.0266679
  21.8800000   -0.0368352
  21.9000000   -0.0450517
  21.9200000   -0.0514867
  21.9400000   -0.0564316
  21.9600000   -0.0602585
  21.9800000   -0.0633762
  22.0000000   -0.0661866
  22.0200000   -0.0690443
  22.0400000   -0.0722235
  22.0600000   -0.0758935
  22.0800000   -0.0801051
  22.1000000   -0.0847904
  22.1200000   -0.0897751
  22.1400000   -0.0948048
  22.1600000   -0.0995821
  22.1800000   -0.1038130
  22.2000000   -0.1072579
  22.2200000   -0.1097819
  22.2400000   -0.1113991
  22.2600000   -0.1123042
  22.2800000   -0.1128852
  22.3000000   -0.1137130
  22.3200000   -0.1155056
  22.3400000   -0.1190661
  22.3600000   -0.1251993
  22.3800000   -0.1346146
  22.4000000   -0.1478268
  22.4200000   -0.1650678
  22.4400000   -0.1862234
  22.4600000   -0.2108087
  22.4800000   -0.2379863
  22.5000000   -0.2666322
  22.5200000   -0.2954402
  22.5400000   -0.3230535
  22.5600000   -0.3482030
  22.5800000   -0.3698350
  22.6000000   -0.3872073
  22.6200000   -0.3999405
  22.6400000   -0.4080204
  22.6600000   -0.4117522
  22.6800000   -0.4116773
  22.7000000   -0.4084690
  22.7200000   -0.4028245
  22.7400000   -0.3953706
  22.7600000   -0.3865948
  22.7800000   -0.3768098
  22.8000000   -0.3661516
  22.8200000   -0.3546058
  22.8400000   -0.3420551
  22.8600000   -0.3283363
  22.8800000   -0.3132989
  22.9000000   -0.2968557
  22.9200000   -0.2790206
  22.9400000   -0.2599300
  22.9600000   -0.2398478
  22.9800000   -0.2191535
  23.0000000   -0.1983163
  23.0200000   -0.1778591
  23.0400000   -0.1583144
  23.0600000   -0.1401787
  23.0800000   -0.1238707
  23.1000000   -0.1096964
  23.1200000   -0.0978285
  23.1400000   -0.0883020
  23.1600000   -0.0810270
  23.1800000   -0.0758195
  23.2000000   -0.0724446
  23.2200000   -0.0706684
  23.2400000   -0.0703116
  23.2600000   -0.0712965
  23.2800000   -0.0736828
  23.3000000   -0.0776854
  23.3200000   -0.0836720
  23.3400000   -0.0921389
  23.3600000   -0.1036667
  23.3800000   -0.1188594
  23.4000000   -0.1382707
  23.4200000   -0.1623270
  23.4400000   -0.1912519
  23.4600000   -0.2250026
  23.4800000   -0.2632261
  23.5000000   -0.3052414
  23.5200000   -0.3500549
  23.5400000   -0.3964086
  23.5600000   -0.4428605
  23.5800000   -0.4878899
  23.6000000   -0.5300179
  23.6200000   -0.5679273
  23.6400000   -0.6005692
  23.6600000   -0.6272411
  23.6800000   -0.6476254
  23.7000000   -0.6617840
  23.7200000   -0.6701097
  23.7400000   -0.6732416
  23.7600000   -0.6719589
  23.7800000   -0.6670676
  23.8000000   -0.6592982
  23.8200000   -0.6492280
  23.8400000   -0.6372375
  23.8600000   -0.6235040
  23.8800000   -0.6080307
  23.9000000   -0.5907017
  23.9200000   -0.5713514
  23.9400000   -0.5498376
  23.9600000   -0.5261042
  23.9800000   -0.5002271
  24.0000000   -0.4724381
  24.0200000   -0.4431261
  24.0400000   -0.4128186
  24.0600000   -0.3821489
  24.0800000   -0.3518134
  24.1000000   -0.3225268
  24.1200000   -0.2949769
  24.1400000   -0.2697848
  24.1600000   -0.2474701
  24.1800000   -0.2284234
  24.2000000   -0.2128849
  24.2200000   -0.2009317
  24.2400000   -0.1924708
  24.2600000   -0.1872421
  24.2800000   -0.1848296
  24.3000000   -0.1846828
  24.3200000   -0.1861478
  24.3400000   -0.1885068
  24.3600000   -0.1910247
  24.3800000   -0.1929988
  24.4000000   -0.1938073
  24.4200000   -0.1929524
  24.4400000   -0.1900928
  24.4600000   -0.1850635
  24.4800000   -0.1778798
  24.5000000   -0.1687265
  24.5200000   -0.1579335
  24.5400000   -0.1459437
  24.5600000   -0.1332740
  24.5800000   -0.1204790
  24.6000000   -0.1081170
  24.6200000   -0.0967248
  24.6400000   -0.0868003
  24.6600000   -0.0787934
  24.6800000   -0.0731032
  24.7000000   -0.0700792
  24.7200000   -0.0700225
  24.7400000   -0.0731862
  24.7600000   -0.0797717
  24.7800000   -0.0899217
  24.8000000   -0.1037094
  24.8200000   -0.1211259
  24.8400000   -0.1420681
  24.8600000   -0.1663279
  24.8800000   -0.1935863
  24.9000000   -0.2234115
  24.9200000   -0.2552633
  24.9400000   -0.2885020
  24.9600000   -0.3224035
  24.9800000   -0.3561768
  25.0000000   -0.3889867
  25.0200000   -0.4199794
  25.0400000   -0.4483111
  25.0600000   -0.4731810
  25.0800000   -0.4938664
  25.1000000   -0.5097608
  25.1200000   -0.5204113
  25.1400000   -0.5255548
  25.1600000   -0.5251473
  25.1800000   -0.5193843
  25.2000000   -0.5087086
  25.2200000   -0.4938027
  25.2400000   -0.4755640
  25.2600000   -0.4550648
  25.2800000   -0.4334958
  25.3000000   -0.4120988
  25.3200000   -0.3920905
  25.3400000   -0.3745835
  25.3600000   -0.3605091
  25.3800000   -0.3505482
  25.4000000   -0.3450758
  25.4200000   -0.3441246
  25.4400000   -0.3473725
  25.4600000   -0.3541579
  25.4800000   -0.3635223
  25.5000000   -0.3742795
  25.5200000   -0.3851071
  25.5400000   -0.3946516
  25.5600000   -0.4016380
  25.5800000   -0.4049731
  25.6000000   -0.4038317
  25.6200000   -0.3977177
  25.6400000   -0.3864932
  25.6600000   -0.3703761
  25.6800000   -0.3499052
  25.7000000   -0.3258815
  25.7200000   -0.2992919
  25.7400000   -0.2712251
  25.7600000   -0.2427882
  25.7800000   -0.2150322
  25.8000000   -0.1888914
  25.8200000   -0.1651393
  25.8400000   -0.1443628
  25.8600000   -0.1269510
  25.8800000   -0.1130997
  25.9000000   -0.1028247
  25.9200000   -0.0959841
  25.9400000   -0.0923049
  25.9600000   -0.0914122
  25.9800000   -0.0928595
  26.0000000   -0.0961582
  26.0200000   -0.1008055
  26.0400000   -0.1063082
  26.0600000   -0.1122032
  26.0800000   -0.1180718
  26.1000000   -0.1235488
  26.1200000   -0.1283249
  26.1400000   -0.1321448
  26.1600000   -0.1348008
  26.1800000   -0.1361238
  26.2000000   -0.1359742
  26.2200000   -0.1342350
  26.2400000   -0.1308071
  26.2600000   -0.1256092
  26.2800000   -0.1185830
  26.3000000   -0.1097018
  26.3200000   -0.0989831
  26.3400000   -0.0865029
  26.3600000   -0.0724096
  26.3800000   -0.0569364
  26.4000000   -0.0404079
  26.4200000   -0.0232409
  26.4400000   -0.0059359
  26.4600000    0.0109409
  26.4800000    0.0267852
  26.5000000    0.0409904
  26.5200000    0.0529901
  26.5400000    0.0623007
  26.5600000    0.0685628
  26.5800000    0.0715730
  26.6000000    0.0713042
  26.6200000    0.0679100
  26.6400000    0.0617123
  26.6600000    0.0531725
  26.6800000    0.0428502
  26.7000000    0.0313541
  26.7200000    0.0192897
  26.7400000    0.0072116
  26.7600000   -0.0044156
  26.7800000   -0.0152436
  26.8000000   -0.0250514
  26.8200000   -0.0337417
  26.8400000   -0.0413239
  26.8600000   -0.0478880
  26.8800000   -0.0535720
  26.9000000   -0.0585291
  26.9200000   -0.0628978
  26.9400000   -0.0667785
  26.9600000   -0.0702189
  26.9800000   -0.0732094
  27.0000000   -0.0756871
  27.0200000   -0.0775482
  27.0400000   -0.0786659
  27.0600000   -0.0789105
  27.0800000   -0.0781707
  27.1000000   -0.0763711
  27.1200000   -0.0734867
  27.1400000   -0.0695512
  27.1600000   -0.0646595
  27.1800000   -0.0589647
  27.2000000   -0.0526700
  27.2200000   -0.0460163
  27.2400000   -0.0392676
  27.2600000   -0.0326946
  27.2800000   -0.0265579
  27.3000000   -0.0210916
  27.3200000   -0.0164899
  27.3400000   -0.0128946
  27.3600000   -0.0103880
  27.3800000   -0.0089881
  27.4000000   -0.0086497
  27.4200000   -0.0092697
  27.4400000   -0.0106959
  27.4600000   -0.0127402
  27.4800000   -0.0151933
  27.5000000   -0.0178403
  27.5200000   -0.0204755
  27.5400000   -0.0229155
  27.5600000   -0.0250084
  27.5800000   -0.0266400
  27.6000000   -0.0277363
  27.6200000   -0.0282619
  27.6400000   -0.0282168
  27.6600000   -0.0276308
  27.6800000   -0.0265571
  27.7000000   -0.0250663
  27.7200000   -0.0232400
  27.7400000   -0.0211658
  27.7600000   -0.0189330
  27.7800000   -0.0166285
  27.8000000   -0.0143348
  27.8200000   -0.0121274
  27.8400000   -0.0100738
  27.8600000   -0.0082328
  27.8800000   -0.0066549
  27.9000000   -0.0053829
  27.9200000   -0.0044531
  27.9400000   -0.0038970
  27.9600000   -0.0037432
  27.9800000   -0.0040187
  28.0000000   -0.0047505
  28.0200000   -0.0059659
  28.0400000   -0.0076932
  28.0600000   -0.0099603
  28.0800000   -0.0127935
  28.1000000   -0.0162146
  28.1200000   -0.0202381
  28.1400000   -0.0248669
  28.1600000   -0.0300878
  28.1800000   -0.0358680
  28.2000000   -0.0421515
  28.2200000   -0.0488576
  28.2400000   -0.0558824
  28.2600000   -0.0631028
  28.2800000   -0.0703846
  28.3000000   -0.0775942
  28.3200000   -0.0846126
  28.3400000   -0.0913508
  28.3600000   -0.0977643
  28.3800000   -0.1038640
  28.4000000   -0.1097220
  28.4200000   -0.1154696
  28.4400000   -0.1212872
  28.4600000   -0.1273866
  28.4800000   -0.1339855
  28.5000000   -0.1412793
  28.5200000   -0.1494111
  28.5400000   -0.1584450
  28.5600000   -0.1683453
  28.5800000   -0.1789653
  28.6000000   -0.1900473
  28.6200000   -0.2012341
  28.6400000   -0.2120928
  28.6600000   -0.2221483
  28.6800000   -0.2309239
  28.7000000   -0.2379861
  28.7200000   -0.2429873
  28.7400000   -0.2457048
  28.7600000   -0.2460678
  28.7800000   -0.2441716
  28.8000000   -0.2402749
  28.8200000   -0.2347784
  28.8400000   -0.2281887
  28.8600000   -0.2210672
  28.8800000   -0.2139730
  28.9000000   -0.2074037
  28.9200000   -0.2017429
  28.9400000   -0.1972212
  28.9600000   -0.1938948
  28.9800000   -0.1916451
  29.0000000   -0.1901992
  29.0200000   -0.1891677
  29.0400000   -0.1880951
  29.0600000   -0.1865151
  29.0800000   -0.1840035
  29.1000000   -0.1802230
  29.1200000   -0.1749536
  29.1400000   -0.1681068
  29.1600000   -0.1597239
  29.1800000   -0.1499597
  29.2000000   -0.1390561
  29.2200000   -0.1273105
  29.2400000   -0.1150433
  29.2600000   -0.1025689
  29.2800000   -0.0901732
  29.3000000   -0.0780986
  29.3200000   -0.0665365
  29.3400000   -0.0556269
  29.3600000   -0.0454626
  29.3800000   -0.0360968
  29.4000000   -0.0275510
  29.4200000   -0.0198245
  29.4400000   -0.0129009
  29.4600000   -0.0067547
  29.4800000   -0.0013561
  29.5000000    0.0033261
  29.5200000    0.0073223
  29.5400000    0.0106608
  29.5600000    0.0133680
  29.5800000    0.0154697
  29.6000000    0.0169930
  29.6200000    0.0179695
  29.6400000    0.0184395
  29.6600000    0.0184562
  29.6800000    0.0180898
  29.7000000    0.0174307
  29.7200000    0.0165915
  29.7400000    0.0157072
  29.7600000    0.0149321
  29.7800000    0.0144355
  29.8000000    0.0143937
  29.8200000    0.0149808
  29.8400000    0.0163565
  29.8600000    0.0186549
  29.8800000    0.0219719
  29.9000000    0.0263552
  29.9200000    0.0317973
  29.9400000    0.0382321
  29.9600000    0.0455374
  29.9800000    0.0535427
  30.0000000    0.0620423
