 -10.0000000   -3.0259301
  -9.9800000   -3.1759607
  -9.9600000   -3.2694227
  -9.9400000   -3.3008264
  -9.9200000   -3.2683895
  -9.9000000   -3.1742373
  -9.8800000   -3.0242198
  -9.8600000   -2.8273730
  -9.8400000   -2.5950956
  -9.8200000   -2.3401521
  -9.8000000   -2.0756278
  -9.7800000   -1.8139606
  -9.7600000   -1.5661512
  -9.7400000   -1.3412200
  -9.7200000   -1.1459391
  -9.7000000   -0.9848215
  -9.6800000   -0.8603210
  -9.6600000   -0.7731698
  -9.6400000   -0.7227734
  -9.6200000   -0.7075872
  -9.6000000   -0.7254134
  -9.5800000   -0.7735815
  -9.5600000   -0.8490038
  -9.5400000   -0.9481242
  -9.5200000   -1.0667996
  -9.5000000   -1.2001710
  -9.4800000   -1.3425825
  -9.4600000   -1.4876017
  -9.4400000   -1.6281767
  -9.4200000   -1.7569418
  -9.4000000   -1.8666523
  -9.3800000   -1.9507057
  -9.3600000   -2.0036829
  -9.3400000   -2.0218345
  -9.3200000   -2.0034403
  -9.3000000   -1.9489866
  -9.2800000   -1.8611285
  -9.2600000   -1.7444402
  -9.2400000   -1.6049858
  -9.2200000   -1.4497628
  -9.2000000   -1.2860936
  -9.1800000   -1.1210369
  -9.1600000   -0.9608841
  -9.1400000   -0.8107885
  -9.1200000   -0.6745502
  -9.1000000   -0.5545600
  -9.0800000   -0.4518807
  -9.0600000   -0.3664351
  -9.0400000   -0.2972582
  -9.0200000   -0.2427761
  -9.0000000   -0.2010753
  -8.9800000   -0.1701364
  -8.9600000   -0.1480180
  -8.9400000   -0.1329816
  -8.9200000   -0.1235617
  -8.9000000   -0.1185871
  -8.8800000   -0.1171638
  -8.8600000   -0.1186320
  -8.8400000   -0.1225100
  -8.8200000   -0.1284334
  -8.8000000   -0.1361006
  -8.7800000   -0.1452301
  -8.7600000   -0.1555325
  -8.7400000   -0.1666997
  -8.7200000   -0.1784080
  -8.7000000   -0.1903334
  -8.6800000   -0.2021717
  -8.6600000   -0.2136601
  -8.6400000   -0.2245926
  -8.6200000   -0.2348265
  -8.6000000   -0.2442780
  -8.5800000   -0.2529063
  -8.5600000   -0.2606907
  -8.5400000   -0.2676045
  -8.5200000   -0.2735919
  -8.5000000   -0.2785543
  -8.4800000   -0.2823487
  -8.4600000   -0.2848017
  -8.4400000   -0.2857366
  -8.4200000   -0.2850113
  -8.4000000   -0.2825604
  -8.3800000   -0.2784332
  -8.3600000   -0.2728238
  -8.3400000   -0.2660836
  -8.3200000   -0.2587161
  -8.3000000   -0.2513510
  -8.2800000   -0.2447010
  -8.2600000   -0.2395046
  -8.2400000   -0.2364621
  -8.2200000   -0.2361716
  -8.2000000   -0.2390709
  -8.1800000   -0.2453925
  -8.1600000   -0.2551353
  -8.1400000   -0.2680555
  -8.1200000   -0.2836771
  -8.1000000   -0.3013210
  -8.0800000   -0.3201485
  -8.0600000   -0.3392165
  -8.0400000   -0.3575386
  -8.0200000   -0.3741491
  -8.0000000   -0.3881630
  -7.9800000   -0.3988314
  -7.9600000   -0.4055860
  -7.9400000   -0.4080737
  -7.9200000   -0.4061755
  -7.9000000   -0.4000116
  -7.8800000   -0.3899298
  -7.8600000   -0.3764786
  -7.8400000   -0.3603648
  -7.8200000   -0.3424001
  -7.8000000   -0.3234402
  -7.7800000   -0.3043229
  -7.7600000   -0.2858107
  -7.7400000   -0.2685472
  -7.7200000   -0.2530293
  -7.7000000   -0.2396006
  -7.6800000   -0.2284653
  -7.6600000   -0.2197167
  -7.6400000   -0.2133768
  -7.6200000   -0.2094355
  -7.6000000   -0.2078830
  -7.5800000   -0.2087266
  -7.5600000   -0.2119904
  -7.5400000   -0.2176968
  -7.5200000   -0.2258347
  -7.5000000   -0.2363229
  -7.4800000   -0.2489779
  -7.4600000   -0.2634944
  -7.4400000   -0.2794444
  -7.4200000   -0.2962991
  -7.4000000   -0.3134685
  -7.3800000   -0.3303542
  -7.3600000   -0.3464051
  -7.3400000   -0.3611665
  -7.3200000   -0.3743137
  -7.3000000   -0.3856653
  -7.2800000   -0.3951746
  -7.2600000   -0.4029035
  -7.2400000   -0.4089850
  -7.2200000   -0.4135826
  -7.2000000   -0.4168557
  -7.1800000   -0.4189363
  -7.1600000   -0.4199214
  -7.1400000   -0.4198793
  -7.1200000   -0.4188684
  -7.1000000   -0.4169623
  -7.0800000   -0.4142781
  -7.0600000   -0.4110009
  -7.0400000   -0.4074040
  -7.0200000   -0.4038614
  -7.0000000   -0.4008535
  -6.9800000   -0.3989640
  -6.9600000   -0.3988684
  -6.9400000   -0.4013114
  -6.9200000   -0.4070719
  -6.9000000   -0.4169123
  -6.8800000   -0.4315140
  -6.8600000   -0.4513986
  -6.8400000   -0.4768429
  -6.8200000   -0.5077949
  -6.8000000   -0.5438042
  -6.7800000   -0.5839780
  -6.7600000   -0.6269756
  -6.7400000   -0.6710482
  -6.7200000   -0.7141275
  -6.7000000   -0.7539579
  -6.6800000   -0.7882623
  -6.6600000   -0.8149236
  -6.6400000   -0.8321642
  -6.6200000   -0.8387011
  -6.6000000   -0.8338621
  -6.5800000   -0.8176478
  -6.5600000   -0.7907351
  -6.5400000   -0.7544239
  -6.5200000   -0.7105328
  -6.5000000   -0.6612567
  -6.4800000   -0.6090005
  -6.4600000   -0.5562042
  -6.4400000   -0.5051742
  -6.4200000   -0.4579321
  -6.4000000   -0.4160926
  -6.3800000   -0.3807771
  -6.3600000   -0.3525690
  -6.3400000   -0.3315121
  -6.3200000   -0.3171535
  -6.3000000   -0.3086258
  -6.2800000   -0.3047616
  -6.2600000   -0.3042302
  -6.2400000   -0.3056825
  -6.2200000   -0.3078874
  -6.2000000   -0.3098471
  -6.1800000   -0.3108759
  -6.1600000   -0.3106356
  -6.1400000   -0.3091246
  -6.1200000   -0.3066231
  -6.1000000   -0.3036047
  -6.0800000   -0.3006275
  -6.0600000   -0.2982203
  -6.0400000   -0.2967791
  -6.0200000   -0.2964884
  -6.0000000   -0.2972754
  -5.9800000   -0.2988015
  -5.9600000   -0.3004908
  -5.9400000   -0.3015899
  -5.9200000   -0.3012489
  -5.9000000   -0.2986141
  -5.8800000   -0.2929183
  -5.8600000   -0.2835600
  -5.8400000   -0.2701608
  -5.8200000   -0.2525975
  -5.8000000   -0.2310061
  -5.7800000   -0.2057608
  -5.7600000   -0.1774312
  -5.7400000   -0.1467286
  -5.7200000   -0.1144445
  -5.7000000   -0.0813931
  -5.6800000   -0.0483608
  -5.6600000   -0.0160665
  -5.6400000    0.0148650
  -5.6200000    0.0439187
  -5.6000000    0.0706954
  -5.5800000    0.0949120
  -5.5600000    0.1163959
  -5.5400000    0.1350786
  -5.5200000    0.1509854
  -5.5000000    0.1642238
  -5.4800000    0.1749695
  -5.4600000    0.1834490
  -5.4400000    0.1899203
  -5.4200000    0.1946520
  -5.4000000    0.1979022
  -5.3800000    0.1999013
  -5.3600000    0.2008381
  -5.3400000    0.2008533
  -5.3200000    0.2000409
  -5.3000000    0.1984566
  -5.2800000    0.1961332
  -5.2600000    0.1930998
  -5.2400000    0.1894024
  -5.2200000    0.1851222
  -5.2000000    0.1803877
  -5.1800000    0.1753795
  -5.1600000    0.1703257
  -5.1400000    0.1654885
  -5.1200000    0.1611429
  -5.1000000    0.1575531
  -5.0800000    0.1549471
  -5.0600000    0.1534964
  -5.0400000    0.1533015
  -5.0200000    0.1543869
  -5.0000000    0.1567041
  -4.9800000    0.1601415
  -4.9600000    0.1645385
  -4.9400000    0.1696993
  -4.9200000    0.1754033
  -4.9000000    0.1814096
  -4.8800000    0.1874555
  -4.8600000    0.1932489
  -4.8400000    0.1984589
  -4.8200000    0.2027081
  -4.8000000    0.2055722
  -4.7800000    0.2065896
  -4.7600000    0.2052858
  -4.7400000    0.2012113
  -4.7200000    0.1939925
  -4.7000000    0.1833895
  -4.6800000    0.1693549
  -4.6600000    0.1520839
  -4.6400000    0.1320483
  -4.6200000    0.1100045
  -4.6000000    0.0869717
  -4.5800000    0.0641771
  -4.5600000    0.0429717
  -4.5400000    0.0247232
  -4.5200000    0.0106966
  -4.5000000    0.0019380
  -4.4800000   -0.0008274
  -4.4600000    0.0027342
  -4.4400000    0.0125308
  -4.4200000    0.0280537
  -4.4000000    0.0484280
  -4.3800000    0.0724958
  -4.3600000    0.0989240
  -4.3400000    0.1263205
  -4.3200000    0.1533467
  -4.3000000    0.1788137
  -4.2800000    0.2017536
  -4.2600000    0.2214616
  -4.2400000    0.2375081
  -4.2200000    0.2497249
  -4.2000000    0.2581705
  -4.1800000    0.2630827
  -4.1600000    0.2648248
  -4.1400000    0.2638331
  -4.1200000    0.2605695
  -4.1000000    0.2554831
  -4.0800000    0.2489826
  -4.0600000    0.2414185
  -4.0400000    0.2330758
  -4.0200000    0.2241751
  -4.0000000    0.2148808
  -3.9800000    0.2053147
  -3.9600000    0.1955736
  -3.9400000    0.1857487
  -3.9200000    0.1759444
  -3.9000000    0.1662957
  -3.8800000    0.1569794
  -3.8600000    0.1482199
  -3.8400000    0.1402853
  -3.8200000    0.1334749
  -3.8000000    0.1280982
  -3.7800000    0.1244465
  -3.7600000    0.1227619
  -3.7400000    0.1232060
  -3.7200000    0.1258338
  -3.7000000    0.1305757
  -3.6800000    0.1372318
  -3.6600000    0.1454784
  -3.6400000    0.1548873
  -3.6200000    0.1649560
  -3.6000000    0.1751438
  -3.5800000    0.1849123
  -3.5600000    0.1937630
  -3.5400000    0.2012701
  -3.5200000    0.2071048
  -3.5000000    0.2110501
  -3.4800000    0.2130049
  -3.4600000    0.2129796
  -3.4400000    0.2110847
  -3.4200000    0.2075141
  -3.4000000    0.2025269
  -3.3800000    0.1964285
  -3.3600000    0.1895530
  -3.3400000    0.1822480
  -3.3200000    0.1748614
  -3.3000000    0.1677309
  -3.2800000    0.1611737
  -3.2600000    0.1554789
  -3.2400000    0.1508984
  -3.2200000    0.1476397
  -3.2000000    0.1458579
  -3.1800000    0.1456493
  -3.1600000    0.1470459
  -3.1400000    0.1500132
  -3.1200000    0.1544508
  -3.1000000    0.1601978
  -3.0800000    0.1670426
  -3.0600000    0.1747378
  -3.0400000    0.1830184
  -3.0200000    0.1916233
  -3.0000000    0.2003162
  -2.9800000    0.2089046
  -2.9600000    0.2172543
  -2.9400000    0.2252957
  -2.9200000    0.2330228
  -2.9000000    0.2404822
  -2.8800000    0.2477560
  -2.8600000    0.2549390
  -2.8400000    0.2621151
  -2.8200000    0.2693367
  -2.8000000    0.2766097
  -2.7800000    0.2838869
  -2.7600000    0.2910701
  -2.7400000    0.2980191
  -2.7200000    0.3045653
  -2.7000000    0.3105243
  -2.6800000    0.3157060
  -2.6600000    0.3199163
  -2.6400000    0.3229523
  -2.6200000    0.3245901
  -2.6000000    0.3245685
  -2.5800000    0.3225752
  -2.5600000    0.3182384
  -2.5400000    0.3111301
  -2.5200000    0.3007834
  -2.5000000    0.2867247
  -2.4800000    0.2685191
  -2.4600000    0.2458250
  -2.4400000    0.2184515
  -2.4200000    0.1864123
  -2.4000000    0.1499701
  -2.3800000    0.1096637
  -2.3600000    0.0663152
  -2.3400000    0.0210126
  -2.3200000   -0.0249315
  -2.3000000   -0.0700456
  -2.2800000   -0.1127838
  -2.2600000   -0.1516249
  -2.2400000   -0.1851758
  -2.2200000   -0.2122717
  -2.2000000   -0.2320602
  -2.1800000   -0.2440616
  -2.1600000   -0.2481952
  -2.1400000   -0.2447691
  -2.1200000   -0.2344322
  -2.1000000   -0.2180916
  -2.0800000   -0.1968072
  -2.0600000   -0.1716720
  -2.0400000   -0.1436944
  -2.0200000   -0.1136951
  -2.0000000   -0.0822317
  -1.9800000   -0.0495591
  -1.9600000   -0.0156324
  -1.9400000    0.0198481
  -1.9200000    0.0573531
  -1.9000000    0.0974093
  -1.8800000    0.1404656
  -1.8600000    0.1867553
  -1.8400000    0.2361697
  -1.8200000    0.2881610
  -1.8000000    0.3416905
  -1.7800000    0.3952311
  -1.7600000    0.4468339
  -1.7400000    0.4942533
  -1.7200000    0.5351244
  -1.7000000    0.5671723
  -1.6800000    0.5884309
  -1.6600000    0.5974445
  -1.6400000    0.5934247
  -1.6200000    0.5763437
  -1.6000000    0.5469500
  -1.5800000    0.5067048
  -1.5600000    0.4576482
  -1.5400000    0.4022142
  -1.5200000    0.3430170
  -1.5000000    0.2826376
  -1.4800000    0.2234328
  -1.4600000    0.1673885
  -1.4400000    0.1160246
  -1.4200000    0.0703591
  -1.4000000    0.0309219
  -1.3800000   -0.0021891
  -1.3600000   -0.0292242
  -1.3400000   -0.0506852
  -1.3200000   -0.0672285
  -1.3000000   -0.0795771
  -1.2800000   -0.0884488
  -1.2600000   -0.0945033
  -1.2400000   -0.0983073
  -1.2200000   -0.1003171
  -1.2000000   -0.1008746
  -1.1800000   -0.1002130
  -1.1600000   -0.0984698
  -1.1400000   -0.0957038
  -1.1200000   -0.0919140
  -1.1000000   -0.0870600
  -1.0800000   -0.0810811
  -1.0600000   -0.0739152
  -1.0400000   -0.0655165
  -1.0200000   -0.0558711
  -1.0000000   -0.0450098
  -0.9800000   -0.0330181
  -0.9600000   -0.0200417
  -0.9400000   -0.0062877
  -0.9200000    0.0079798
  -0.9000000    0.0224496
  -0.8800000    0.0367778
  -0.8600000    0.0506067
  -0.8400000    0.0635858
  -0.8200000    0.0753936
  -0.8000000    0.0857575
  -0.7800000    0.0944711
  -0.7600000    0.1014051
  -0.7400000    0.1065136
  -0.7200000    0.1098327
  -0.7000000    0.1114744
  -0.6800000    0.1116147
  -0.6600000    0.1104792
  -0.6400000    0.1083278
  -0.6200000    0.1054392
  -0.6000000    0.1020987
  -0.5800000    0.0985903
  -0.5600000    0.0951930
  -0.5400000    0.0921837
  -0.5200000    0.0898466
  -0.5000000    0.0884883
  -0.4800000    0.0884599
  -0.4600000    0.0901852
  -0.4400000    0.0941930
  -0.4200000    0.1011528
  -0.4000000    0.1119080
  -0.3800000    0.1275033
  -0.3600000    0.1491972
  -0.3400000    0.1784501
  -0.3200000    0.2168797
  -0.3000000    0.2661742
  -0.2800000    0.3279582
  -0.2600000    0.4036118
  -0.2400000    0.4940528
  -0.2200000    0.5994981
  -0.2000000    0.7192332
  -0.1800000    0.8514220
  -0.1600000    0.9929958
  -0.1400000    1.1396522
  -0.1200000    1.2859893
  -0.1000000    1.4257839
  -0.0800000    1.5523976
  -0.0600000    1.6592817
  -0.0400000    1.7405272
  -0.0200000    1.7913955
   0.0000000    1.8087637
   0.0200000    1.7914271
   0.0400000    1.7402182
   0.0600000    1.6579246
   0.0800000    1.5490184
   0.1000000    1.4192344
   0.1200000    1.2750518
   0.1400000    1.1231451
   0.1600000    0.9698684
   0.1800000    0.8208276
   0.2000000    0.6805775
   0.2200000    0.5524584
   0.2400000    0.4385700
   0.2600000    0.3398601
   0.2800000    0.2562984
   0.3000000    0.1870975
   0.3200000    0.1309489
   0.3400000    0.0862438
   0.3600000    0.0512611
   0.3800000    0.0243098
   0.4000000    0.0038264
   0.4200000   -0.0115694
   0.4400000   -0.0230541
   0.4600000   -0.0316012
   0.4800000   -0.0379991
   0.5000000   -0.0428742
   0.5200000   -0.0467179
   0.5400000   -0.0499116
   0.5600000   -0.0527512
   0.5800000   -0.0554701
   0.6000000   -0.0582608
   0.6200000   -0.0612963
   0.6400000   -0.0647499
   0.6600000   -0.0688125
   0.6800000   -0.0737050
   0.7000000   -0.0796838
   0.7200000   -0.0870376
   0.7400000   -0.0960739
   0.7600000   -0.1070958
   0.7800000   -0.1203690
   0.8000000   -0.1360833
   0.8200000   -0.1543113
   0.8400000   -0.1749705
   0.8600000   -0.1977930
   0.8800000   -0.2223098
   0.9000000   -0.2478537
   0.9200000   -0.2735828
   0.9400000   -0.2985271
   0.9600000   -0.3216552
   0.9800000   -0.3419547
   1.0000000   -0.3585208
   1.0200000   -0.3706418
   1.0400000   -0.3778721
   1.0600000   -0.3800842
   1.0800000   -0.3774912
   1.1000000   -0.3706394
   1.1200000   -0.3603684
   1.1400000   -0.3477474
   1.1600000   -0.3339923
   1.1800000   -0.3203755
   1.2000000   -0.3081374
   1.2200000   -0.2984100
   1.2400000   -0.2921574
   1.2600000   -0.2901395
   1.2800000   -0.2928975
   1.3000000   -0.3007620
   1.3200000   -0.3138767
   1.3400000   -0.3322360
   1.3600000   -0.3557274
   1.3800000   -0.3841752
   1.4000000   -0.4173774
   1.4200000   -0.4551335
   1.4400000   -0.4972576
   1.4600000   -0.5435756
   1.4800000   -0.5939068
   1.5000000   -0.6480302
   1.5200000   -0.7056417
   1.5400000   -0.7663049
   1.5600000   -0.8294032
   1.5800000   -0.8940976
   1.6000000   -0.9592946
   1.6200000   -1.0236250
   1.6400000   -1.0854327
   1.6600000   -1.1427706
   1.6800000   -1.1933979
   1.7000000   -1.2347773
   1.7200000   -1.2640693
   1.7400000   -1.2781333
   1.7600000   -1.2735423
   1.7800000   -1.2466338
   1.8000000   -1.1936151
   1.8200000   -1.1107480
   1.8400000   -0.9946243
   1.8600000   -0.8425376
   1.8800000   -0.6529338
   1.9000000   -0.4259035
   1.9200000   -0.1636565
   1.9400000    0.1290959
   1.9600000    0.4449349
   1.9800000    0.7737766
   2.0000000    1.1032175
   2.0200000    1.4191964
   2.0400000    1.7069427
   2.0600000    1.9521316
   2.0800000    2.1421236
   2.1000000    2.2671376
   2.1200000    2.3212120
   2.1400000    2.3028117
   2.1600000    2.2150031
   2.1800000    2.0651578
   2.2000000    1.8642298
   2.2200000    1.6256966
   2.2400000    1.3643051
   2.2600000    1.0947826
   2.2800000    0.8306614
   2.3000000    0.5833486
   2.3200000    0.3615158
   2.3400000    0.1708371
   2.3600000    0.0140551
   2.3800000   -0.1086887
   2.4000000   -0.1993428
   2.4200000   -0.2613466
   2.4400000   -0.2990298
   2.4600000   -0.3170764
   2.4800000   -0.3200957
   2.5000000   -0.3123203
   2.5200000   -0.2974275
   2.5400000   -0.2784686
   2.5600000   -0.2578774
   2.5800000   -0.2375343
   2.6000000   -0.2188559
   2.6200000   -0.2028954
   2.6400000   -0.1904358
   2.6600000   -0.1820725
   2.6800000   -0.1782821
   2.7000000   -0.1794767
   2.7200000   -0.1860495
   2.7400000   -0.1984097
   2.7600000   -0.2170093
   2.7800000   -0.2423595
   2.8000000   -0.2750313
   2.8200000   -0.3156368
   2.8400000   -0.3647838
   2.8600000   -0.4230008
   2.8800000   -0.4906321
   2.9000000   -0.5677074
   2.9200000   -0.6537979
   2.9400000   -0.7478782
   2.9600000   -0.8482145
   2.9800000   -0.9523078
   3.0000000   -1.0569127
   3.0200000   -1.1581499
   3.0400000   -1.2517155
   3.0600000   -1.3331785
   3.0800000   -1.3983397
   3.1000000   -1.4436133
   3.1200000   -1.4663841
   3.1400000   -1.4652912
   3.1600000   -1.4403956
   3.1800000   -1.3932062
   3.2000000   -1.3265537
   3.2200000   -1.2443276
   3.2400000   -1.1511078
   3.2600000   -1.0517386
   3.2800000   -0.9508987
   3.3000000   -0.8527198
   3.3200000   -0.7604947
   3.3400000   -0.6765036
   3.3600000   -0.6019676
   3.3800000   -0.5371199
   3.4000000   -0.4813732
   3.4200000   -0.4335481
   3.4400000   -0.3921289
   3.4600000   -0.3555086
   3.4800000   -0.3221975
   3.5000000   -0.2909742
   3.5200000   -0.2609713
   3.5400000   -0.2316978
   3.5600000   -0.2030065
   3.5800000   -0.1750230
   3.6000000   -0.1480528
   3.6200000   -0.1224834
   3.6400000   -0.0986961
   3.6600000   -0.0769973
   3.6800000   -0.0575747
   3.7000000   -0.0404787
   3.7200000   -0.0256270
   3.7400000   -0.0128272
   3.7600000   -0.0018095
   3.7800000    0.0077347
   3.8000000    0.0161164
   3.8200000    0.0236173
   3.8400000    0.0304668
   3.8600000    0.0368278
   3.8800000    0.0427932
   3.9000000    0.0483893
   3.9200000    0.0535864
   3.9400000    0.0583138
   3.9600000    0.0624758
   3.9800000    0.0659683
   4.0000000    0.0686923
   4.0200000    0.0705643
   4.0400000    0.0715215
   4.0600000    0.0715231
   4.0800000    0.0705465
   4.1000000    0.0685812
   4.1200000    0.0656205
   4.1400000    0.0616536
   4.1600000    0.0566595
   4.1800000    0.0506050
   4.2000000    0.0434460
   4.2200000    0.0351352
   4.2400000    0.0256333
   4.2600000    0.0149241
   4.2800000    0.0030311
   4.3000000   -0.0099669
   4.3200000   -0.0239242
   4.3400000   -0.0386230
   4.3600000   -0.0537769
   4.3800000   -0.0690449
   4.4000000   -0.0840547
   4.4200000   -0.0984353
   4.4400000   -0.1118542
   4.4600000   -0.1240556
   4.4800000   -0.1348944
   4.5000000   -0.1443594
   4.5200000   -0.1525842
   4.5400000   -0.1598427
   4.5600000   -0.1665309
   4.5800000   -0.1731422
   4.6000000   -0.1802455
   4.6200000   -0.1884809
   4.6400000   -0.1985905
   4.6600000   -0.2115034
   4.6800000   -0.2284937
   4.7000000   -0.2514247
   4.7200000   -0.2830880
   4.7400000   -0.3276320
   4.7600000   -0.3910575
   4.7800000   -0.4817398
   4.8000000   -0.6109099
   4.8200000   -0.7930055
   4.8400000   -1.0457772
   4.8600000   -1.3900291
   4.8800000   -1.8488710
   4.9000000   -2.4463880
   4.9200000   -3.2056866
   4.9400000   -4.1463557
   4.9600000   -5.2814859
   4.9800000   -6.6145038
   5.0000000   -8.1361901
   5.0200000   -9.8223161
   5.0400000  -11.6323639
   5.0600000  -13.5097379
   5.0800000  -15.3837429
   5.1000000  -17.1733828
   5.1200000  -18.7928094
   5.1400000  -20.1579331
   5.1600000  -21.1935437
   5.1800000  -21.8400859
   5.2000000  -22.0592646
   5.2200000  -21.8377449
   5.2400000  -21.1884330
   5.2600000  -20.1491994
   5.2800000  -18.7791845
   5.3000000  -17.1532048
   5.3200000  -15.3549948
   5.3400000  -13.4701103
   5.3600000  -11.5793472
   5.3800000   -9.7533250
   5.4000000   -8.0487191
   5.4200000   -6.5063072
   5.4400000   -5.1507711
   5.4600000   -3.9919729
   5.4800000   -3.0272949
   5.5000000   -2.2445782
   5.5200000   -1.6252281
   5.5400000   -1.1471203
   5.5600000   -0.7870614
   5.5800000   -0.5226701
   5.6000000   -0.3336452
   5.6200000   -0.2024741
   5.6400000   -0.1146778
   5.6600000   -0.0587160
   5.6800000   -0.0256735
   5.7000000   -0.0088354
   5.7200000   -0.0032335
   5.7400000   -0.0052231
   5.7600000   -0.0121236
   5.7800000   -0.0219382
   5.8000000   -0.0331536
   5.8200000   -0.0446097
   5.8400000   -0.0554276
   5.8600000   -0.0649797
   5.8800000   -0.0728876
   5.9000000   -0.0790379
   5.9200000   -0.0836073
   5.9400000   -0.0870932
   5.9600000   -0.0903489
   5.9800000   -0.0946250
   6.0000000   -0.1016179
   6.0200000   -0.1135250
   6.0400000   -0.1331057
   6.0600000   -0.1637385
   6.0800000   -0.2094619
   6.1000000   -0.2749802
   6.1200000   -0.3656086
   6.1400000   -0.4871323
   6.1600000   -0.6455527
   6.1800000   -0.8467022
   6.2000000   -1.0957224
   6.2200000   -1.3964197
   6.2400000   -1.7505374
   6.2600000   -2.1570118
   6.2800000   -2.6113036
   6.3000000   -3.1049131
   6.3200000   -3.6251916
   6.3400000   -4.1555426
   6.3600000   -4.6760768
   6.3800000   -5.1647223
   6.4000000   -5.5987297
   6.4200000   -5.9564485
   6.4400000   -6.2191843
   6.4600000   -6.3729225
   6.4800000   -6.4096922
   6.5000000   -6.3283888
   6.5200000   -6.1349269
   6.5400000   -5.8416919
   6.5600000   -5.4663467
   6.5800000   -5.0301493
   6.6000000   -4.5559836
   6.6200000   -4.0663546
   6.6400000   -3.5815781
   6.6600000   -3.1183666
   6.6800000   -2.6889356
   6.7000000   -2.3006819
   6.7200000   -1.9564078
   6.7400000   -1.6549946
   6.7600000   -1.3923878
   6.7800000   -1.1627316
   6.8000000   -0.9594992
   6.8200000   -0.7764826
   6.8400000   -0.6085483
   6.8600000   -0.4521039
   6.8800000   -0.3052681
   6.9000000   -0.1677733
   6.9200000   -0.0406565
   6.9400000    0.0741854
   6.9600000    0.1744968
   6.9800000    0.2581467
   7.0000000    0.3235334
   7.0200000    0.3698685
   7.0400000    0.3973208
   7.0600000    0.4070210
   7.0800000    0.4009459
   7.1000000    0.3817131
   7.1200000    0.3523248
   7.1400000    0.3158979
   7.1600000    0.2754150
   7.1800000    0.2335211
   7.2000000    0.1923812
   7.2200000    0.1536032
   7.2400000    0.1182227
   7.2600000    0.0867387
   7.2800000    0.0591867
   7.3000000    0.0352338
   7.3200000    0.0142831
   7.3400000   -0.0044233
   7.3600000   -0.0217119
   7.3800000   -0.0383973
   7.4000000   -0.0552193
   7.4200000   -0.0727947
   7.4400000   -0.0915849
   7.4600000   -0.1118791
   7.4800000   -0.1337903
   7.5000000   -0.1572644
   7.5200000   -0.1821015
   7.5400000   -0.2079870
   7.5600000   -0.2345310
   7.5800000   -0.2613109
   7.6000000   -0.2879154
   7.6200000   -0.3139834
   7.6400000   -0.3392342
   7.6600000   -0.3634846
   7.6800000   -0.3866519
   7.7000000   -0.4087400
   7.7200000   -0.4298134
   7.7400000   -0.4499604
   7.7600000   -0.4692526
   7.7800000   -0.4877065
   7.8000000   -0.5052535
   7.8200000   -0.5217237
   7.8400000   -0.5368473
   7.8600000   -0.5502736
   7.8800000   -0.5616070
   7.9000000   -0.5704559
   7.9200000   -0.5764868
   7.9400000   -0.5794790
   7.9600000   -0.5793713
   7.9800000   -0.5762935
   8.0000000   -0.5705811
   8.0200000   -0.5627675
   8.0400000   -0.5535569
   8.0600000   -0.5437799
   8.0800000   -0.5343368
   8.1000000   -0.5261359
   8.1200000   -0.5200325
   8.1400000   -0.5167770
   8.1600000   -0.5169741
   8.1800000   -0.5210584
   8.2000000   -0.5292856
   8.2200000   -0.5417371
   8.2400000   -0.5583364
   8.2600000   -0.5788713
   8.2800000   -0.6030194
   8.3000000   -0.6303720
   8.3200000   -0.6604558
   8.3400000   -0.6927500
   8.3600000   -0.7267009
   8.3800000   -0.7617333
   8.4000000   -0.7972610
   8.4200000   -0.8326968
   8.4400000   -0.8674624
   8.4600000   -0.9009986
   8.4800000   -0.9327723
   8.5000000   -0.9622839
   8.5200000   -0.9890697
   8.5400000   -1.0127036
   8.5600000   -1.0327956
   8.5800000   -1.0489920
   8.6000000   -1.0609771
   8.6200000   -1.0684799
   8.6400000   -1.0712858
   8.6600000   -1.0692555
   8.6800000   -1.0623480
   8.7000000   -1.0506452
   8.7200000   -1.0343753
   8.7400000   -1.0139291
   8.7600000   -0.9898651
   8.7800000   -0.9629016
   8.8000000   -0.9338941
   8.8200000   -0.9038018
   8.8400000   -0.8736479
   8.8600000   -0.8444823
   8.8800000   -0.8173577
   8.9000000   -0.7933259
   8.9200000   -0.7734640
   8.9400000   -0.7589287
   8.9600000   -0.7510372
   8.9800000   -0.7513578
   9.0000000   -0.7617925
   9.0200000   -0.7846234
   9.0400000   -0.8224966
   9.0600000   -0.8783160
   9.0800000   -0.9550335
   9.1000000   -1.0553312
   9.1200000   -1.1812119
   9.1400000   -1.3335367
   9.1600000   -1.5115624
   9.1800000   -1.7125505
   9.2000000   -1.9315184
   9.2200000   -2.1612011
   9.2400000   -2.3922669
   9.2600000   -2.6138041
   9.2800000   -2.8140512
   9.3000000   -2.9813100
   9.3200000   -3.1049443
   9.3400000   -3.1763451
   9.3600000   -3.1897425
   9.3800000   -3.1427589
   9.4000000   -3.0366342
   9.4200000   -2.8760927
   9.4400000   -2.6688744
   9.4600000   -2.4250039
   9.4800000   -2.1558864
   9.5000000   -1.8733552
   9.5200000   -1.5887744
   9.5400000   -1.3122937
   9.5600000   -1.0523145
   9.5800000   -0.8151907
   9.6000000   -0.6051583
   9.6200000   -0.4244551
   9.6400000   -0.2735788
   9.6600000   -0.1516259
   9.6800000   -0.0566556
   9.7000000    0.0139627
   9.7200000    0.0632487
   9.7400000    0.0943708
   9.7600000    0.1104688
   9.7800000    0.1145321
   9.8000000    0.1093235
   9.8200000    0.0973347
   9.8400000    0.0807634
   9.8600000    0.0615035
   9.8800000    0.0411433
   9.9000000    0.0209692
   9.9200000    0.0019752
   9.9400000   -0.0151222
   9.9600000   -0.0298612
   9.9800000   -0.0420068
  10.0000000   -0.0515157
  10.0200000   -0.0584976
  10.0400000   -0.0631743
  10.0600000   -0.0658405
  10.0800000   -0.0668262
  10.1000000   -0.0664662
  10.1200000   -0.0650751
  10.1400000   -0.0629299
  10.1600000   -0.0602596
  10.1800000   -0.0572408
  10.2000000   -0.0539989
  10.2200000   -0.0506130
  10.2400000   -0.0471229
  10.2600000   -0.0435386
  10.2800000   -0.0398495
  10.3000000   -0.0360347
  10.3200000   -0.0320721
  10.3400000   -0.0279479
  10.3600000   -0.0236651
  10.3800000   -0.0192505
  10.4000000   -0.0147609
  10.4200000   -0.0102871
  10.4400000   -0.0059547
  10.4600000   -0.0019222
  10.4800000    0.0016257
  10.5000000    0.0044882
  10.5200000    0.0064633
  10.5400000    0.0073644
  10.5600000    0.0070396
  10.5800000    0.0053897
  10.6000000    0.0023835
  10.6200000   -0.0019317
  10.6400000   -0.0074266
  10.6600000   -0.0138937
  10.6800000   -0.0210592
  10.7000000   -0.0286017
  10.7200000   -0.0361755
  10.7400000   -0.0434364
  10.7600000   -0.0500671
  10.7800000   -0.0557995
  10.8000000   -0.0604309
  10.8200000   -0.0638345
  10.8400000   -0.0659616
  10.8600000   -0.0668375
  10.8800000   -0.0665517
  10.9000000   -0.0652437
  10.9200000   -0.0630877
  10.9400000   -0.0602764
  10.9600000   -0.0570074
  10.9800000   -0.0534718
  11.0000000   -0.0498467
  11.0200000   -0.0462911
  11.0400000   -0.0429451
  11.0600000   -0.0399312
  11.0800000   -0.0373574
  11.1000000   -0.0353200
  11.1200000   -0.0339063
  11.1400000   -0.0331956
  11.1600000   -0.0332589
  11.1800000   -0.0341560
  11.2000000   -0.0359318
  11.2200000   -0.0386106
  11.2400000   -0.0421910
  11.2600000   -0.0466405
  11.2800000   -0.0518929
  11.3000000   -0.0578477
  11.3200000   -0.0643731
  11.3400000   -0.0713138
  11.3600000   -0.0785027
  11.3800000   -0.0857763
  11.4000000   -0.0929937
  11.4200000   -0.1000572
  11.4400000   -0.1069334
  11.4600000   -0.1136729
  11.4800000   -0.1204274
  11.5000000   -0.1274626
  11.5200000   -0.1351658
  11.5400000   -0.1440461
  11.5600000   -0.1547272
  11.5800000   -0.1679284
  11.6000000   -0.1844347
  11.6200000   -0.2050509
  11.6400000   -0.2305409
  11.6600000   -0.2615506
  11.6800000   -0.2985186
  11.7000000   -0.3415797
  11.7200000   -0.3904715
  11.7400000   -0.4444581
  11.7600000   -0.5022828
  11.7800000   -0.5621665
  11.8000000   -0.6218615
  11.8200000   -0.6787647
  11.8400000   -0.7300880
  11.8600000   -0.7730715
  11.8800000   -0.8052199
  11.9000000   -0.8245348
  11.9200000   -0.8297132
  11.9400000   -0.8202872
  11.9600000   -0.7966856
  11.9800000   -0.7602077
  12.0000000   -0.7129146
  12.0200000   -0.6574509
  12.0400000   -0.5968213
  12.0600000   -0.5341496
  12.0800000   -0.4724484
  12.1000000   -0.4144218
  12.1200000   -0.3623187
  12.1400000   -0.3178426
  12.1600000   -0.2821157
  12.1800000   -0.2556900
  12.2000000   -0.2385924
  12.2200000   -0.2303899
  12.2400000   -0.2302646
  12.2600000   -0.2370903
  12.2800000   -0.2495069
  12.3000000   -0.2659931
  12.3200000   -0.2849397
  12.3400000   -0.3047244
  12.3600000   -0.3237915
  12.3800000   -0.3407316
  12.4000000   -0.3543581
  12.4200000   -0.3637722
  12.4400000   -0.3684078
  12.4600000   -0.3680482
  12.4800000   -0.3628111
  12.5000000   -0.3530990
  12.5200000   -0.3395215
  12.5400000   -0.3227965
  12.5600000   -0.3036437
  12.5800000   -0.2826831
  12.6000000   -0.2603516
  12.6200000   -0.2368473
  12.6400000   -0.2121088
  12.6600000   -0.1858307
  12.6800000   -0.1575126
  12.7000000   -0.1265367
  12.7200000   -0.0922639
  12.7400000   -0.0541412
  12.7600000   -0.0118077
  12.7800000    0.0348088
  12.8000000    0.0854149
  12.8200000    0.1393028
  12.8400000    0.1953360
  12.8600000    0.2519759
  12.8800000    0.3073494
  12.9000000    0.3593568
  12.9200000    0.4058129
  12.9400000    0.4446098
  12.9600000    0.4738862
  12.9800000    0.4921849
  13.0000000    0.4985804
  13.0200000    0.4927629
  13.0400000    0.4750654
  13.0600000    0.4464342
  13.0800000    0.4083441
  13.1000000    0.3626718
  13.1200000    0.3115417
  13.1400000    0.2571649
  13.1600000    0.2016867
  13.1800000    0.1470599
  13.2000000    0.0949515
  13.2200000    0.0466880
  13.2400000    0.0032367
  13.2600000   -0.0347828
  13.2800000   -0.0670641
  13.3000000   -0.0935683
  13.3200000   -0.1144721
  13.3400000   -0.1301186
  13.3600000   -0.1409719
  13.3800000   -0.1475799
  13.4000000   -0.1505420
  13.4200000   -0.1504826
  13.4400000   -0.1480281
  13.4600000   -0.1437860
  13.4800000   -0.1383266
  13.5000000   -0.1321674
  13.5200000   -0.1257603
  13.5400000   -0.1194841
  13.5600000   -0.1136418
  13.5800000   -0.1084637
  13.6000000   -0.1041163
  13.6200000   -0.1007146
  13.6400000   -0.0983381
  13.6600000   -0.0970461
  13.6800000   -0.0968926
  13.7000000   -0.0979355
  13.7200000   -0.1002409
  13.7400000   -0.1038790
  13.7600000   -0.1089117
  13.7800000   -0.1153723
  13.8000000   -0.1232377
  13.8200000   -0.1323972
  13.8400000   -0.1426206
  13.8600000   -0.1535316
  13.8800000   -0.1645932
  13.9000000   -0.1751093
  13.9200000   -0.1842497
  13.9400000   -0.1911008
  13.9600000   -0.1947425
  13.9800000   -0.1943476
  14.0000000   -0.1892976
  14.0200000   -0.1793018
  14.0400000   -0.1645084
  14.0600000   -0.1455912
  14.0800000   -0.1237966
  14.1000000   -0.1009368
  14.1200000   -0.0793152
  14.1400000   -0.0615714
  14.1600000   -0.0504300
  14.1800000   -0.0483382
  14.2000000   -0.0569743
  14.2200000   -0.0766111
  14.2400000   -0.1053279
  14.2600000   -0.1380833
  14.2800000   -0.1656950
  14.3000000   -0.1738200
  14.3200000   -0.1420850
  14.3400000   -0.0435750
  14.3600000    0.1550728
  14.3800000    0.4927086
  14.4000000    1.0116245
  14.4200000    1.7543093
  14.4400000    2.7590464
  14.4600000    4.0546252
  14.4800000    5.6546528
  14.5000000    7.5521803
  14.5200000    9.7154710
  14.5400000   12.0857790
  14.5600000   14.5778266
  14.5800000   17.0834085
  14.6000000   19.4781257
  14.6200000   21.6307736
  14.6400000   23.4144353
  14.6600000   24.7180398
  14.6800000   25.4569220
  14.7000000   25.5810350
  14.7200000   25.0797799
  14.7400000   23.9827897
  14.7600000   22.3566631
  14.7800000   20.2981947
  14.8000000   17.9249671
  14.8200000   15.3646755
  14.8400000   12.7443755
  14.8600000   10.1809230
  14.8800000    7.7734584
  14.9000000    5.5984775
  14.9200000    3.7076172
  14.9400000    2.1279469
  14.9600000    0.8643018
  14.9800000   -0.0969571
  15.0000000   -0.7833877
  15.0200000   -1.2317198
  15.0400000   -1.4833917
  15.0600000   -1.5807109
  15.0800000   -1.5638341
  15.1000000   -1.4686378
  15.1200000   -1.3254403
  15.1400000   -1.1584755
  15.1600000   -0.9859658
  15.1800000   -0.8206333
  15.2000000   -0.6704884
  15.2200000   -0.5397510
  15.2400000   -0.4297911
  15.2600000   -0.3399989
  15.2800000   -0.2685332
  15.3000000   -0.2129174
  15.3200000   -0.1704804
  15.3400000   -0.1386533
  15.3600000   -0.1151447
  15.3800000   -0.0980217
  15.4000000   -0.0857245
  15.4200000   -0.0770391
  15.4400000   -0.0710487
  15.4600000   -0.0670773
  15.4800000   -0.0646363
  15.5000000   -0.0633792
  15.5200000   -0.0630650
  15.5400000   -0.0635322
  15.5600000   -0.0646794
  15.5800000   -0.0664527
  15.6000000   -0.0688360
  15.6200000   -0.0718432
  15.6400000   -0.0755106
  15.6600000   -0.0798876
  15.6800000   -0.0850269
  15.7000000   -0.0909717
  15.7200000   -0.0977421
  15.7400000   -0.1053216
  15.7600000   -0.1136434
  15.7800000   -0.1225811
  15.8000000   -0.1319429
  15.8200000   -0.1414731
  15.8400000   -0.1508613
  15.8600000   -0.1597592
  15.8800000   -0.1678044
  15.9000000   -0.1746490
  15.9200000   -0.1799904
  15.9400000   -0.1835992
  15.9600000   -0.1853420
  15.9800000   -0.1851955
  16.0000000   -0.1832492
  16.0200000   -0.1796989
  16.0400000   -0.1748302
  16.0600000   -0.1689962
  16.0800000   -0.1625939
  16.1000000   -0.1560436
  16.1200000   -0.1497740
  16.1400000   -0.1442188
  16.1600000   -0.1398224
  16.1800000   -0.1370573
  16.2000000   -0.1364491
  16.2200000   -0.1386051
  16.2400000   -0.1442412
  16.2600000   -0.1541999
  16.2800000   -0.1694542
  16.3000000   -0.1910879
  16.3200000   -0.2202496
  16.3400000   -0.2580757
  16.3600000   -0.3055813
  16.3800000   -0.3635258
  16.4000000   -0.4322590
  16.4200000   -0.5115653
  16.4400000   -0.6005231
  16.4600000   -0.6974031
  16.4800000   -0.7996277
  16.5000000   -0.9038100
  16.5200000   -1.0058843
  16.5400000   -1.1013298
  16.5600000   -1.1854731
  16.5800000   -1.2538454
  16.6000000   -1.3025574
  16.6200000   -1.3286480
  16.6400000   -1.3303643
  16.6600000   -1.3073355
  16.6800000   -1.2606169
  16.7000000   -1.1925984
  16.7200000   -1.1067865
  16.7400000   -1.0074901
  16.7600000   -0.8994485
  16.7800000   -0.7874469
  16.8000000   -0.6759629
  16.8200000   -0.5688802
  16.8400000   -0.4692916
  16.8600000   -0.3793998
  16.8800000   -0.3005140
  16.9000000   -0.2331233
  16.9200000   -0.1770275
  16.9400000   -0.1314989
  16.9600000   -0.0954526
  16.9800000   -0.0676059
  17.0000000   -0.0466137
  17.0200000   -0.0311733
  17.0400000   -0.0200969
  17.0600000   -0.0123537
  17.0800000   -0.0070884
  17.1000000   -0.0036210
  17.1200000   -0.0014349
  17.1400000   -0.0001585
  17.1600000    0.0004541
  17.1800000    0.0005424
  17.2000000    0.0001543
  17.2200000   -0.0007417
  17.2400000   -0.0022492
  17.2600000   -0.0045380
  17.2800000   -0.0078407
  17.3000000   -0.0124473
  17.3200000   -0.0186969
  17.3400000   -0.0269636
  17.3600000   -0.0376343
  17.3800000   -0.0510775
  17.4000000   -0.0676032
  17.4200000   -0.0874154
  17.4400000   -0.1105613
  17.4600000   -0.1368827
  17.4800000   -0.1659771
  17.5000000   -0.1971750
  17.5200000   -0.2295423
  17.5400000   -0.2619101
  17.5600000   -0.2929354
  17.5800000   -0.3211889
  17.6000000   -0.3452631
  17.6200000   -0.3638884
  17.6400000   -0.3760468
  17.6600000   -0.3810648
  17.6800000   -0.3786781
  17.7000000   -0.3690554
  17.7200000   -0.3527814
  17.7400000   -0.3307996
  17.7600000   -0.3043234
  17.7800000   -0.2747281
  17.8000000   -0.2434352
  17.8200000   -0.2118062
  17.8400000   -0.1810527
  17.8600000   -0.1521742
  17.8800000   -0.1259241
  17.9000000   -0.1028043
  17.9200000   -0.0830829
  17.9400000   -0.0668284
  17.9600000   -0.0539531
  17.9800000   -0.0442581
  18.0000000   -0.0374742
  18.0200000   -0.0332937
  18.0400000   -0.0313935
  18.0600000   -0.0314474
  18.0800000   -0.0331303
  18.1000000   -0.0361174
  18.1200000   -0.0400811
  18.1400000   -0.0446884
  18.1600000   -0.0496013
  18.1800000   -0.0544829
  18.2000000   -0.0590071
  18.2200000   -0.0628729
  18.2400000   -0.0658211
  18.2600000   -0.0676509
  18.2800000   -0.0682331
  18.3000000   -0.0675193
  18.3200000   -0.0655434
  18.3400000   -0.0624170
  18.3600000   -0.0583166
  18.3800000   -0.0534666
  18.4000000   -0.0481182
  18.4200000   -0.0425275
  18.4400000   -0.0369359
  18.4600000   -0.0315530
  18.4800000   -0.0265458
  18.5000000   -0.0220325
  18.5200000   -0.0180820
  18.5400000   -0.0147184
  18.5600000   -0.0119281
  18.5800000   -0.0096696
  18.6000000   -0.0078830
  18.6200000   -0.0064995
  18.6400000   -0.0054497
  18.6600000   -0.0046690
  18.6800000   -0.0041021
  18.7000000   -0.0037048
  18.7200000   -0.0034443
  18.7400000   -0.0032981
  18.7600000   -0.0032522
  18.7800000   -0.0032985
  18.8000000   -0.0034328
  18.8200000   -0.0036517
  18.8400000   -0.0039519
  18.8600000   -0.0043281
  18.8800000   -0.0047735
  18.9000000   -0.0052797
  18.9200000   -0.0058375
  18.9400000   -0.0064387
  18.9600000   -0.0070768
  18.9800000   -0.0077485
  19.0000000   -0.0084539
  19.0200000   -0.0091963
  19.0400000   -0.0099807
  19.0600000   -0.0108116
  19.0800000   -0.0116905
  19.1000000   -0.0126125
  19.1200000   -0.0135640
  19.1400000   -0.0145203
  19.1600000   -0.0154458
  19.1800000   -0.0162947
  19.2000000   -0.0170141
  19.2200000   -0.0175483
  19.2400000   -0.0178444
  19.2600000   -0.0178574
  19.2800000   -0.0175562
  19.3000000   -0.0169269
  19.3200000   -0.0159752
  19.3400000   -0.0147264
  19.3600000   -0.0132238
  19.3800000   -0.0115246
  19.4000000   -0.0096950
  19.4200000   -0.0078047
  19.4400000   -0.0059218
  19.4600000   -0.0041076
  19.4800000   -0.0024136
  19.5000000   -0.0008787
  19.5200000    0.0004709
  19.5400000    0.0016219
  19.5600000    0.0025725
  19.5800000    0.0033306
  19.6000000    0.0039118
  19.6200000    0.0043379
  19.6400000    0.0046356
  19.6600000    0.0048355
  19.6800000    0.0049719
  19.7000000    0.0050835
  19.7200000    0.0052136
  19.7400000    0.0054108
  19.7600000    0.0057292
  19.7800000    0.0062284
  19.8000000    0.0069714
  19.8200000    0.0080226
  19.8400000    0.0094429
  19.8600000    0.0112843
  19.8800000    0.0135830
  19.9000000    0.0163521
  19.9200000    0.0195750
  19.9400000    0.0231993
  19.9600000    0.0271343
  19.9800000    0.0312511
  20.0000000    0.0353873
  20.0200000    0.0393558
  20.0400000    0.0429576
  20.0600000    0.0459972
  20.0800000    0.0482994
  20.1000000    0.0497258
  20.1200000    0.0501887
  20.1400000    0.0496615
  20.1600000    0.0481847
  20.1800000    0.0458684
  20.2000000    0.0428923
  20.2200000    0.0395067
  20.2400000    0.0360388
  20.2600000    0.0329104
  20.2800000    0.0306727
  20.3000000    0.0300661
  20.3200000    0.0321120
  20.3400000    0.0382425
  20.3600000    0.0504712
  20.3800000    0.0716028
  20.4000000    0.1054749
  20.4200000    0.1572098
  20.4400000    0.2334474
  20.4600000    0.3425116
  20.4800000    0.4944524
  20.5000000    0.7008961
  20.5200000    0.9746354
  20.5400000    1.3289046
  20.5600000    1.7763106
  20.5800000    2.3274381
  20.6000000    2.9892020
  20.6200000    3.7630896
  20.6400000    4.6434929
  20.6600000    5.6163825
  20.6800000    6.6585824
  20.7000000    7.7378796
  20.7200000    8.8141294
  20.7400000    9.8414006
  20.7600000   10.7710424
  20.7800000   11.5554378
  20.8000000   12.1520357
  20.8200000   12.5272053
  20.8400000   12.6594285
  20.8600000   12.5414046
  20.8800000   12.1807916
  20.9000000   11.5994721
  20.9200000   10.8314489
  20.9400000    9.9196421
  20.9600000    8.9120109
  20.9800000    7.8574851
  21.0000000    6.8021679
  21.0200000    5.7862259
  21.0400000    4.8417096
  21.0600000    3.9914328
  21.0800000    3.2488746
  21.1000000    2.6189445
  21.1200000    2.0993783
  21.1400000    1.6824959
  21.1600000    1.3570601
  21.1800000    1.1100178
  21.2000000    0.9279679
  21.2200000    0.7982650
  21.2400000    0.7097322
  21.2600000    0.6530081
  21.2800000    0.6205887
  21.3000000    0.6066437
  21.3200000    0.6066967
  21.3400000    0.6172481
  21.3600000    0.6354119
  21.3800000    0.6586167
  21.4000000    0.6844011
  21.4200000    0.7103159
  21.4400000    0.7339267
  21.4600000    0.7528964
  21.4800000    0.7651199
  21.5000000    0.7688764
  21.5200000    0.7629681
  21.5400000    0.7468206
  21.5600000    0.7205233
  21.5800000    0.6848084
  21.6000000    0.6409664
  21.6200000    0.5907142
  21.6400000    0.5360316
  21.6600000    0.4789879
  21.6800000    0.4215796
  21.7000000    0.3655933
  21.7200000    0.3125067
  21.7400000    0.2634310
  21.7600000    0.2190918
  21.7800000    0.1798437
  21.8000000    0.1457069
  21.8200000    0.1164146
  21.8400000    0.0914620
  21.8600000    0.0701491
  21.8800000    0.0516112
  21.9000000    0.0348387
  21.9200000    0.0186883
  21.9400000    0.0018921
  21.9600000   -0.0169263
  21.9800000   -0.0392202
  22.0000000   -0.0664639
  22.0200000   -0.1000669
  22.0400000   -0.1412585
  22.0600000   -0.1909452
  22.0800000   -0.2495557
  22.1000000   -0.3168886
  22.1200000   -0.3919870
  22.1400000   -0.4730628
  22.1600000   -0.5574947
  22.1800000   -0.6419133
  22.2000000   -0.7223797
  22.2200000   -0.7946485
  22.2400000   -0.8544948
  22.2600000   -0.8980683
  22.2800000   -0.9222351
  22.3000000   -0.9248621
  22.3200000   -0.9050069
  22.3400000   -0.8629846
  22.3600000   -0.8003061
  22.3800000   -0.7194910
  22.4000000   -0.6237887
  22.4200000   -0.5168414
  22.4400000   -0.4023400
  22.4600000   -0.2837181
  22.4800000   -0.1639231
  22.5000000   -0.0452901
  22.5200000    0.0704707
  22.5400000    0.1821817
  22.5600000    0.2890221
  22.5800000    0.3902998
  22.6000000    0.4852102
  22.6200000    0.5726186
  22.6400000    0.6508959
  22.6600000    0.7178315
  22.6800000    0.7706339
  22.7000000    0.8060188
  22.7200000    0.8203761
  22.7400000    0.8100008
  22.7600000    0.7713687
  22.7800000    0.7014396
  22.8000000    0.5979677
  22.8200000    0.4598070
  22.8400000    0.2871890
  22.8600000    0.0819594
  22.8800000   -0.1522545
  22.9000000   -0.4099681
  22.9200000   -0.6838860
  22.9400000   -0.9650962
  22.9600000   -1.2434254
  22.9800000   -1.5079563
  23.0000000   -1.7476836
  23.0200000   -1.9522593
  23.0400000   -2.1127629
  23.0600000   -2.2224102
  23.0800000   -2.2771175
  23.1000000   -2.2758479
  23.1200000   -2.2206902
  23.1400000   -2.1166543
  23.1600000   -1.9712053
  23.1800000   -1.7935916
  23.2000000   -1.5940492
  23.2200000   -1.3829752
  23.2400000   -1.1701636
  23.2600000   -0.9641773
  23.2800000   -0.7719103
  23.3000000   -0.5983577
  23.3200000   -0.4465895
  23.3400000   -0.3178952
  23.3600000   -0.2120536
  23.3800000   -0.1276753
  23.4000000   -0.0625677
  23.4200000   -0.0140816
  23.4400000    0.0205912
  23.4600000    0.0441854
  23.4800000    0.0591998
  23.5000000    0.0678006
  23.5200000    0.0717809
  23.5400000    0.0725617
  23.5600000    0.0712231
  23.5800000    0.0685515
  23.6000000    0.0650941
  23.6200000    0.0612127
  23.6400000    0.0571328
  23.6600000    0.0529850
  23.6800000    0.0488377
  23.7000000    0.0447222
  23.7200000    0.0406493
  23.7400000    0.0366215
  23.7600000    0.0326395
  23.7800000    0.0287068
  23.8000000    0.0248315
  23.8200000    0.0210282
  23.8400000    0.0173183
  23.8600000    0.0137309
  23.8800000    0.0103020
  23.9000000    0.0070730
  23.9200000    0.0040863
  23.9400000    0.0013781
  23.9600000   -0.0010345
  23.9800000   -0.0031719
  24.0000000   -0.0051187
  24.0200000   -0.0070612
  24.0400000   -0.0093368
  24.0600000   -0.0124994
  24.0800000   -0.0174024
  24.1000000   -0.0253018
  24.1200000   -0.0379771
  24.1400000   -0.0578674
  24.1600000   -0.0882113
  24.1800000   -0.1331740
  24.2000000   -0.1979339
  24.2200000   -0.2886970
  24.2400000   -0.4125970
  24.2600000   -0.5774423
  24.2800000   -0.7912745
  24.3000000   -1.0617229
  24.3200000   -1.3951616
  24.3400000   -1.7957163
  24.3600000   -2.2642024
  24.3800000   -2.7971200
  24.4000000   -3.3858499
  24.4200000   -4.0162163
  24.4400000   -4.6685512
  24.4600000   -5.3183619
  24.4800000   -5.9376260
  24.5000000   -6.4966521
  24.5200000   -6.9663455
  24.5400000   -7.3206579
  24.5600000   -7.5389275
  24.5800000   -7.6078211
  24.6000000   -7.5226289
  24.6200000   -7.2877347
  24.6400000   -6.9162025
  24.6600000   -6.4285317
  24.6800000   -5.8507551
  24.7000000   -5.2121202
  24.7200000   -4.5426447
  24.7400000   -3.8708324
  24.7600000   -3.2217770
  24.7800000   -2.6158134
  24.8000000   -2.0677883
  24.8200000   -1.5869273
  24.8400000   -1.1772126
  24.8600000   -0.8381353
  24.8800000   -0.5656710
  24.9000000   -0.3533316
  24.9200000   -0.1931741
  24.9400000   -0.0766764
  24.9600000    0.0045658
  24.9800000    0.0583403
  25.0000000    0.0915054
  25.0200000    0.1098378
  25.0400000    0.1180053
  25.0600000    0.1196278
  25.0800000    0.1173934
  25.1000000    0.1132022
  25.1200000    0.1083179
  25.1400000    0.1035108
  25.1600000    0.0991876
  25.1800000    0.0954997
  25.2000000    0.0924327
  25.2200000    0.0898749
  25.2400000    0.0876703
  25.2600000    0.0856555
  25.2800000    0.0836856
  25.3000000    0.0816511
  25.3200000    0.0794865
  25.3400000    0.0771741
  25.3600000    0.0747441
  25.3800000    0.0722705
  25.4000000    0.0698656
  25.4200000    0.0676738
  25.4400000    0.0658640
  25.4600000    0.0646221
  25.4800000    0.0641443
  25.5000000    0.0646296
  25.5200000    0.0662723
  25.5400000    0.0692529
  25.5600000    0.0737269
  25.5800000    0.0798099
  25.6000000    0.0875594
  25.6200000    0.0969528
  25.6400000    0.1078633
  25.6600000    0.1200360
  25.6800000    0.1330681
  25.7000000    0.1463963
  25.7200000    0.1592975
  25.7400000    0.1709039
  25.7600000    0.1802374
  25.7800000    0.1862619
  25.8000000    0.1879509
  25.8200000    0.1843661
  25.8400000    0.1747401
  25.8600000    0.1585536
  25.8800000    0.1355988
  25.9000000    0.1060215
  25.9200000    0.0703359
  25.9400000    0.0294086
  25.9600000   -0.0155865
  25.9800000   -0.0632381
  26.0000000   -0.1119862
  26.0200000   -0.1602197
  26.0400000   -0.2063723
  26.0600000   -0.2490103
  26.0800000   -0.2869019
  26.1000000   -0.3190664
  26.1200000   -0.3448005
  26.1400000   -0.3636833
  26.1600000   -0.3755645
  26.1800000   -0.3805401
  26.2000000   -0.3789213
  26.2200000   -0.3712001
  26.2400000   -0.3580141
  26.2600000   -0.3401128
  26.2800000   -0.3183243
  26.3000000   -0.2935210
  26.3200000   -0.2665849
  26.3400000   -0.2383721
  26.3600000   -0.2096765
  26.3800000   -0.1811973
  26.4000000   -0.1535108
  26.4200000   -0.1270515
  26.4400000   -0.1021043
  26.4600000   -0.0788085
  26.4800000   -0.0571747
  26.5000000   -0.0371114
  26.5200000   -0.0184579
  26.5400000   -0.0010216
  26.5600000    0.0153884
  26.5800000    0.0309310
  26.6000000    0.0457127
  26.6200000    0.0597768
  26.6400000    0.0731022
  26.6600000    0.0856131
  26.6800000    0.0971945
  26.7000000    0.1077137
  26.7200000    0.1170423
  26.7400000    0.1250769
  26.7600000    0.1317557
  26.7800000    0.1370687
  26.8000000    0.1410603
  26.8200000    0.1438243
  26.8400000    0.1454917
  26.8600000    0.1462138
  26.8800000    0.1461410
  26.9000000    0.1454028
  26.9200000    0.1440888
  26.9400000    0.1422351
  26.9600000    0.1398177
  26.9800000    0.1367526
  27.0000000    0.1329055
  27.0200000    0.1281064
  27.0400000    0.1221713
  27.0600000    0.1149248
  27.0800000    0.1062238
  27.1000000    0.0959765
  27.1200000    0.0841575
  27.1400000    0.0708144
  27.1600000    0.0560673
  27.1800000    0.0401005
  27.2000000    0.0231493
  27.2200000    0.0054832
  27.2400000   -0.0126102
  27.2600000   -0.0308390
  27.2800000   -0.0489143
  27.3000000   -0.0665516
  27.3200000   -0.0834656
  27.3400000   -0.0993594
  27.3600000   -0.1139142
  27.3800000   -0.1267807
  27.4000000   -0.1375784
  27.4200000   -0.1459060
  27.4400000   -0.1513647
  27.4600000   -0.1535928
  27.4800000   -0.1523107
  27.5000000   -0.1473665
  27.5200000   -0.1387793
  27.5400000   -0.1267695
  27.5600000   -0.1117704
  27.5800000   -0.0944177
  27.6000000   -0.0755156
  27.6200000   -0.0559834
  27.6400000   -0.0367876
  27.6600000   -0.0188695
  27.6800000   -0.0030763
  27.7000000    0.0098954
  27.7200000    0.0195377
  27.7400000    0.0255488
  27.7600000    0.0278292
  27.7800000    0.0264609
  27.8000000    0.0216741
  27.8200000    0.0138074
  27.8400000    0.0032680
  27.8600000   -0.0095049
  27.8800000   -0.0240694
  27.9000000   -0.0400027
  27.9200000   -0.0569155
  27.9400000   -0.0744590
  27.9600000   -0.0923280
  27.9800000   -0.1102601
  28.0000000   -0.1280326
  28.0200000   -0.1454576
  28.0400000   -0.1623772
  28.0600000   -0.1786564
  28.0800000   -0.1941777
  28.1000000   -0.2088339
  28.1200000   -0.2225229
  28.1400000   -0.2351420
  28.1600000   -0.2465849
  28.1800000   -0.2567390
  28.2000000   -0.2654846
  28.2200000   -0.2726961
  28.2400000   -0.2782447
  28.2600000   -0.2820015
  28.2800000   -0.2838423
  28.3000000   -0.2836535
  28.3200000   -0.2813360
  28.3400000   -0.2768106
  28.3600000   -0.2700211
  28.3800000   -0.2609355
  28.4000000   -0.2495463
  28.4200000   -0.2358683
  28.4400000   -0.2199367
  28.4600000   -0.2018041
  28.4800000   -0.1815407
  28.5000000   -0.1592362
  28.5200000   -0.1350065
  28.5400000   -0.1090035
  28.5600000   -0.0814292
  28.5800000   -0.0525507
  28.6000000   -0.0227147
  28.6200000    0.0076419
  28.6400000    0.0379890
  28.6600000    0.0677099
  28.6800000    0.0961197
  28.7000000    0.1224957
  28.7200000    0.1461183
  28.7400000    0.1663190
  28.7600000    0.1825316
  28.7800000    0.1943392
  28.8000000    0.2015141
  28.8200000    0.2040427
  28.8400000    0.2021346
  28.8600000    0.1962117
  28.8800000    0.1868816
  28.9000000    0.1748948
  28.9200000    0.1610930
  28.9400000    0.1463524
  28.9600000    0.1315285
  28.9800000    0.1174062
  29.0000000    0.1046599
  29.0200000    0.0938243
  29.0400000    0.0852755
  29.0600000    0.0792239
  29.0800000    0.0757144
  29.1000000    0.0746339
  29.1200000    0.0757245
  29.1400000    0.0786008
  29.1600000    0.0827724
  29.1800000    0.0876702
  29.2000000    0.0926774
  29.2200000    0.0971642
  29.2400000    0.1005244
  29.2600000    0.1022126
  29.2800000    0.1017784
  29.3000000    0.0988942
  29.3200000    0.0933753
  29.3400000    0.0851879
  29.3600000    0.0744467
  29.3800000    0.0614004
  29.4000000    0.0464076
  29.4200000    0.0299059
  29.4400000    0.0123774
  29.4600000   -0.0056883
  29.4800000   -0.0238281
  29.5000000   -0.0416382
  29.5200000   -0.0588038
  29.5400000   -0.0751281
  29.5600000   -0.0905623
  29.5800000   -0.1052394
  29.6000000   -0.1195150
  29.6200000   -0.1340158
  29.6400000   -0.1496950
  29.6600000   -0.1678918
  29.6800000   -0.1903851
  29.7000000   -0.2194324
  29.7200000   -0.2577753
  29.7400000   -0.3085959
  29.7600000   -0.3754049
  29.7800000   -0.4618470
  29.8000000   -0.5714166
  29.8200000   -0.7070883
  29.8400000   -0.8708818
  29.8600000   -1.0633996
  29.8800000   -1.2833885
  29.9000000   -1.5273919
  29.9200000   -1.7895594
  29.9400000   -2.0616747
  29.9600000   -2.3334442
  29.9800000   -2.5930547
  30.0000000   -2.8279745
