 -10.0000000    2.6117666
  -9.9800000    2.4211810
  -9.9600000    2.2000633
  -9.9400000    1.9588453
  -9.9200000    1.7081355
  -9.9000000    1.4579116
  -9.8800000    1.2168580
  -9.8600000    0.9919018
  -9.8400000    0.7879757
  -9.8200000    0.6079989
  -9.8000000    0.4530433
  -9.7800000    0.3226376
  -9.7600000    0.2151479
  -9.7400000    0.1281818
  -9.7200000    0.0589678
  -9.7000000    0.0046745
  -9.6800000   -0.0373488
  -9.6600000   -0.0694174
  -9.6400000   -0.0934369
  -9.6200000   -0.1108962
  -9.6000000   -0.1229110
  -9.5800000   -0.1302981
  -9.5600000   -0.1336634
  -9.5400000   -0.1334883
  -9.5200000   -0.1302026
  -9.5000000   -0.1242378
  -9.4800000   -0.1160576
  -9.4600000   -0.1061651
  -9.4400000   -0.0950913
  -9.4200000   -0.0833697
  -9.4000000   -0.0715037
  -9.3800000   -0.0599336
  -9.3600000   -0.0490084
  -9.3400000   -0.0389676
  -9.3200000   -0.0299346
  -9.3000000   -0.0219234
  -9.2800000   -0.0148550
  -9.2600000   -0.0085831
  -9.2400000   -0.0029225
  -9.2200000    0.0023227
  -9.2000000    0.0073340
  -9.1800000    0.0122607
  -9.1600000    0.0172105
  -9.1400000    0.0222465
  -9.1200000    0.0273920
  -9.1000000    0.0326389
  -9.0800000    0.0379582
  -9.0600000    0.0433101
  -9.0400000    0.0486517
  -9.0200000    0.0539419
  -9.0000000    0.0591416
  -8.9800000    0.0642121
  -8.9600000    0.0691103
  -8.9400000    0.0737836
  -8.9200000    0.0781649
  -8.9000000    0.0821700
  -8.8800000    0.0856968
  -8.8600000    0.0886290
  -8.8400000    0.0908425
  -8.8200000    0.0922151
  -8.8000000    0.0926391
  -8.7800000    0.0920341
  -8.7600000    0.0903603
  -8.7400000    0.0876296
  -8.7200000    0.0839132
  -8.7000000    0.0793443
  -8.6800000    0.0741154
  -8.6600000    0.0684700
  -8.6400000    0.0626883
  -8.6200000    0.0570701
  -8.6000000    0.0519144
  -8.5800000    0.0475001
  -8.5600000    0.0440687
  -8.5400000    0.0418118
  -8.5200000    0.0408654
  -8.5000000    0.0413107
  -8.4800000    0.0431833
  -8.4600000    0.0464867
  -8.4400000    0.0512107
  -8.4200000    0.0573490
  -8.4000000    0.0649139
  -8.3800000    0.0739448
  -8.3600000    0.0845056
  -8.3400000    0.0966729
  -8.3200000    0.1105114
  -8.3000000    0.1260421
  -8.2800000    0.1432056
  -8.2600000    0.1618268
  -8.2400000    0.1815882
  -8.2200000    0.2020162
  -8.2000000    0.2224876
  -8.1800000    0.2422570
  -8.1600000    0.2605040
  -8.1400000    0.2763977
  -8.1200000    0.2891686
  -8.1000000    0.2981819
  -8.0800000    0.3029993
  -8.0600000    0.3034234
  -8.0400000    0.2995177
  -8.0200000    0.2915990
  -8.0000000    0.2802052
  -7.9800000    0.2660428
  -7.9600000    0.2499217
  -7.9400000    0.2326868
  -7.9200000    0.2151540
  -7.9000000    0.1980587
  -7.8800000    0.1820206
  -7.8600000    0.1675264
  -7.8400000    0.1549292
  -7.8200000    0.1444610
  -7.8000000    0.1362544
  -7.7800000    0.1303671
  -7.7600000    0.1268067
  -7.7400000    0.1255511
  -7.7200000    0.1265627
  -7.7000000    0.1297975
  -7.6800000    0.1352068
  -7.6600000    0.1427364
  -7.6400000    0.1523214
  -7.6200000    0.1638806
  -7.6000000    0.1773090
  -7.5800000    0.1924703
  -7.5600000    0.2091883
  -7.5400000    0.2272372
  -7.5200000    0.2463305
  -7.5000000    0.2661100
  -7.4800000    0.2861362
  -7.4600000    0.3058836
  -7.4400000    0.3247432
  -7.4200000    0.3420367
  -7.4000000    0.3570442
  -7.3800000    0.3690452
  -7.3600000    0.3773718
  -7.3400000    0.3814678
  -7.3200000    0.3809483
  -7.3000000    0.3756500
  -7.2800000    0.3656646
  -7.2600000    0.3513495
  -7.2400000    0.3333108
  -7.2200000    0.3123607
  -7.2000000    0.2894525
  -7.1800000    0.2656008
  -7.1600000    0.2417967
  -7.1400000    0.2189278
  -7.1200000    0.1977113
  -7.1000000    0.1786475
  -7.0800000    0.1619966
  -7.0600000    0.1477793
  -7.0400000    0.1357986
  -7.0200000    0.1256791
  -7.0000000    0.1169182
  -6.9800000    0.1089428
  -6.9600000    0.1011685
  -6.9400000    0.0930531
  -6.9200000    0.0841447
  -6.9000000    0.0741167
  -6.8800000    0.0627911
  -6.8600000    0.0501458
  -6.8400000    0.0363067
  -6.8200000    0.0215253
  -6.8000000    0.0061436
  -6.7800000   -0.0094488
  -6.7600000   -0.0248591
  -6.7400000   -0.0397336
  -6.7200000   -0.0537877
  -6.7000000   -0.0668231
  -6.6800000   -0.0787254
  -6.6600000   -0.0894460
  -6.6400000   -0.0989698
  -6.6200000   -0.1072763
  -6.6000000   -0.1143011
  -6.5800000   -0.1199085
  -6.5600000   -0.1238792
  -6.5400000   -0.1259207
  -6.5200000   -0.1256979
  -6.5000000   -0.1228832
  -6.4800000   -0.1172158
  -6.4600000   -0.1085643
  -6.4400000   -0.0969796
  -6.4200000   -0.0827319
  -6.4000000   -0.0663248
  -6.3800000   -0.0484836
  -6.3600000   -0.0301211
  -6.3400000   -0.0122836
  -6.3200000    0.0039156
  -6.3000000    0.0173684
  -6.2800000    0.0270438
  -6.2600000    0.0320547
  -6.2400000    0.0317168
  -6.2200000    0.0255982
  -6.2000000    0.0135590
  -6.1800000   -0.0042203
  -6.1600000   -0.0272239
  -6.1400000   -0.0546016
  -6.1200000   -0.0851894
  -6.1000000   -0.1175536
  -6.0800000   -0.1500594
  -6.0600000   -0.1809628
  -6.0400000   -0.2085220
  -6.0200000   -0.2311183
  -6.0000000   -0.2473763
  -5.9800000   -0.2562685
  -5.9600000   -0.2571934
  -5.9400000   -0.2500156
  -5.9200000   -0.2350625
  -5.9000000   -0.2130771
  -5.8800000   -0.1851330
  -5.8600000   -0.1525204
  -5.8400000   -0.1166179
  -5.8200000   -0.0787628
  -5.8000000   -0.0401344
  -5.7800000   -0.0016614
  -5.7600000    0.0360421
  -5.7400000    0.0727057
  -5.7200000    0.1083995
  -5.7000000    0.1435002
  -5.6800000    0.1786306
  -5.6600000    0.2145769
  -5.6400000    0.2521882
  -5.6200000    0.2922639
  -5.6000000    0.3354337
  -5.5800000    0.3820389
  -5.5600000    0.4320256
  -5.5400000    0.4848599
  -5.5200000    0.5394817
  -5.5000000    0.5943063
  -5.4800000    0.6472854
  -5.4600000    0.6960298
  -5.4400000    0.7379888
  -5.4200000    0.7706735
  -5.4000000    0.7918998
  -5.3800000    0.8000256
  -5.3600000    0.7941490
  -5.3400000    0.7742417
  -5.3200000    0.7411970
  -5.3000000    0.6967815
  -5.2800000    0.6434966
  -5.2600000    0.5843623
  -5.2400000    0.5226533
  -5.2200000    0.4616173
  -5.2000000    0.4042098
  -5.1800000    0.3528759
  -5.1600000    0.3093983
  -5.1400000    0.2748254
  -5.1200000    0.2494760
  -5.1000000    0.2330134
  -5.0800000    0.2245683
  -5.0600000    0.2228913
  -5.0400000    0.2265116
  -5.0200000    0.2338842
  -5.0000000    0.2435115
  -4.9800000    0.2540329
  -4.9600000    0.2642809
  -4.9400000    0.2733084
  -4.9200000    0.2803950
  -4.9000000    0.2850405
  -4.8800000    0.2869550
  -4.8600000    0.2860502
  -4.8400000    0.2824355
  -4.8200000    0.2764176
  -4.8000000    0.2684997
  -4.7800000    0.2593743
  -4.7600000    0.2499035
  -4.7400000    0.2410802
  -4.7200000    0.2339675
  -4.7000000    0.2296174
  -4.6800000    0.2289724
  -4.6600000    0.2327608
  -4.6400000    0.2413976
  -4.6200000    0.2549067
  -4.6000000    0.2728775
  -4.5800000    0.2944674
  -4.5600000    0.3184564
  -4.5400000    0.3433506
  -4.5200000    0.3675263
  -4.5000000    0.3893986
  -4.4800000    0.4075921
  -4.4600000    0.4210930
  -4.4400000    0.4293622
  -4.4200000    0.4323938
  -4.4000000    0.4307133
  -4.3800000    0.4253163
  -4.3600000    0.4175584
  -4.3400000    0.4090106
  -4.3200000    0.4013014
  -4.3000000    0.3959615
  -4.2800000    0.3942907
  -4.2600000    0.3972550
  -4.2400000    0.4054231
  -4.2200000    0.4189401
  -4.2000000    0.4375366
  -4.1800000    0.4605648
  -4.1600000    0.4870558
  -4.1400000    0.5157889
  -4.1200000    0.5453677
  -4.1000000    0.5742993
  -4.0800000    0.6010719
  -4.0600000    0.6242314
  -4.0400000    0.6424534
  -4.0200000    0.6546112
  -4.0000000    0.6598349
  -3.9800000    0.6575610
  -3.9600000    0.6475666
  -3.9400000    0.6299877
  -3.9200000    0.6053164
  -3.9000000    0.5743774
  -3.8800000    0.5382853
  -3.8600000    0.4983829
  -3.8400000    0.4561669
  -3.8200000    0.4132049
  -3.8000000    0.3710499
  -3.7800000    0.3311581
  -3.7600000    0.2948153
  -3.7400000    0.2630772
  -3.7200000    0.2367273
  -3.7000000    0.2162550
  -3.6800000    0.2018552
  -3.6600000    0.1934490
  -3.6400000    0.1907221
  -3.6200000    0.1931778
  -3.6000000    0.2001978
  -3.5800000    0.2111045
  -3.5600000    0.2252166
  -3.5400000    0.2418941
  -3.5200000    0.2605664
  -3.5000000    0.2807421
  -3.4800000    0.3020034
  -3.4600000    0.3239857
  -3.4400000    0.3463511
  -3.4200000    0.3687606
  -3.4000000    0.3908530
  -3.3800000    0.4122360
  -3.3600000    0.4324924
  -3.3400000    0.4512022
  -3.3200000    0.4679782
  -3.3000000    0.4825103
  -3.2800000    0.4946104
  -3.2600000    0.5042515
  -3.2400000    0.5115917
  -3.2200000    0.5169799
  -3.2000000    0.5209380
  -3.1800000    0.5241211
  -3.1600000    0.5272585
  -3.1400000    0.5310827
  -3.1200000    0.5362542
  -3.1000000    0.5432907
  -3.0800000    0.5525113
  -3.0600000    0.5640001
  -3.0400000    0.5775952
  -3.0200000    0.5929040
  -3.0000000    0.6093414
  -2.9800000    0.6261867
  -2.9600000    0.6426521
  -2.9400000    0.6579535
  -2.9200000    0.6713780
  -2.9000000    0.6823381
  -2.8800000    0.6904118
  -2.8600000    0.6953637
  -2.8400000    0.6971494
  -2.8200000    0.6959047
  -2.8000000    0.6919231
  -2.7800000    0.6856267
  -2.7600000    0.6775327
  -2.7400000    0.6682198
  -2.7200000    0.6582944
  -2.7000000    0.6483576
  -2.6800000    0.6389738
  -2.6600000    0.6306383
  -2.6400000    0.6237461
  -2.6200000    0.6185621
  -2.6000000    0.6151954
  -2.5800000    0.6135819
  -2.5600000    0.6134785
  -2.5400000    0.6144727
  -2.5200000    0.6160107
  -2.5000000    0.6174435
  -2.4800000    0.6180875
  -2.4600000    0.6172946
  -2.4400000    0.6145222
  -2.4200000    0.6093950
  -2.4000000    0.6017469
  -2.3800000    0.5916390
  -2.3600000    0.5793469
  -2.3400000    0.5653220
  -2.3200000    0.5501294
  -2.3000000    0.5343745
  -2.2800000    0.5186286
  -2.2600000    0.5033658
  -2.2400000    0.4889205
  -2.2200000    0.4754712
  -2.2000000    0.4630511
  -2.1800000    0.4515822
  -2.1600000    0.4409244
  -2.1400000    0.4309287
  -2.1200000    0.4214864
  -2.1000000    0.4125632
  -2.0800000    0.4042141
  -2.0600000    0.3965776
  -2.0400000    0.3898516
  -2.0200000    0.3842563
  -2.0000000    0.3799917
  -1.9800000    0.3771971
  -1.9600000    0.3759204
  -1.9400000    0.3760991
  -1.9200000    0.3775576
  -1.9000000    0.3800178
  -1.8800000    0.3831209
  -1.8600000    0.3864570
  -1.8400000    0.3895971
  -1.8200000    0.3921247
  -1.8000000    0.3936639
  -1.7800000    0.3939034
  -1.7600000    0.3926171
  -1.7400000    0.3896807
  -1.7200000    0.3850890
  -1.7000000    0.3789743
  -1.6800000    0.3716281
  -1.6600000    0.3635262
  -1.6400000    0.3553584
  -1.6200000    0.3480590
  -1.6000000    0.3428353
  -1.5800000    0.3411891
  -1.5600000    0.3449215
  -1.5400000    0.3561157
  -1.5200000    0.3770847
  -1.5000000    0.4102784
  -1.4800000    0.4581415
  -1.4600000    0.5229214
  -1.4400000    0.6064305
  -1.4200000    0.7097769
  -1.4000000    0.8330864
  -1.3800000    0.9752454
  -1.3600000    1.1337061
  -1.3400000    1.3043897
  -1.3200000    1.4817256
  -1.3000000    1.6588461
  -1.2800000    1.8279469
  -1.2600000    1.9807916
  -1.2400000    2.1093236
  -1.2200000    2.2063219
  -1.2000000    2.2660322
  -1.1800000    2.2846928
  -1.1600000    2.2608916
  -1.1400000    2.1957107
  -1.1200000    2.0926371
  -1.1000000    1.9572579
  -1.0800000    1.7967846
  -1.0600000    1.6194703
  -1.0400000    1.4340048
  -1.0200000    1.2489612
  -1.0000000    1.0723637
  -0.9800000    0.9114188
  -0.9600000    0.7724302
  -0.9400000    0.6608816
  -0.9200000    0.5816518
  -0.9000000    0.5393015
  -0.8800000    0.5383572
  -0.8600000    0.5835177
  -0.8400000    0.6797075
  -0.8200000    0.8319236
  -0.8000000    1.0448440
  -0.7800000    1.3222006
  -0.7600000    1.6659601
  -0.7400000    2.0753980
  -0.7200000    2.5461855
  -0.7000000    3.0696402
  -0.6800000    3.6322906
  -0.6600000    4.2158958
  -0.6400000    4.7980104
  -0.6200000    5.3531227
  -0.6000000    5.8543130
  -0.5800000    6.2752849
  -0.5600000    6.5925607
  -0.5400000    6.7875827
  -0.5200000    6.8484478
  -0.5000000    6.7710467
  -0.4800000    6.5594633
  -0.4600000    6.2255532
  -0.4400000    5.7877827
  -0.4200000    5.2694742
  -0.4000000    4.6966864
  -0.3800000    4.0960043
  -0.3600000    3.4924957
  -0.3400000    2.9080437
  -0.3200000    2.3602036
  -0.3000000    1.8616324
  -0.2800000    1.4200645
  -0.2600000    1.0387413
  -0.2400000    0.7171550
  -0.2200000    0.4519576
  -0.2000000    0.2378928
  -0.1800000    0.0686390
  -0.1600000   -0.0625119
  -0.1400000   -0.1621665
  -0.1200000   -0.2365319
  -0.1000000   -0.2912667
  -0.0800000   -0.3314324
  -0.0600000   -0.3614869
  -0.0400000   -0.3852716
  -0.0200000   -0.4059586
   0.0000000   -0.4259493
   0.0200000   -0.4467329
   0.0400000   -0.4687440
   0.0600000   -0.4912633
   0.0800000   -0.5124142
   0.1000000   -0.5292954
   0.1200000   -0.5382731
   0.1400000   -0.5354245
   0.1600000   -0.5170899
   0.1800000   -0.4804682
   0.2000000   -0.4241688
   0.2200000   -0.3486317
   0.2400000   -0.2563478
   0.2600000   -0.1518400
   0.2800000   -0.0414110
   0.3000000    0.0672889
   0.3200000    0.1657896
   0.3400000    0.2453184
   0.3600000    0.2971966
   0.3800000    0.3130367
   0.4000000    0.2847073
   0.4200000    0.2040748
   0.4400000    0.0626068
   0.4600000   -0.1490455
   0.4800000   -0.4413260
   0.5000000   -0.8257571
   0.5200000   -1.3144863
   0.5400000   -1.9193163
   0.5600000   -2.6502090
   0.5800000   -3.5133571
   0.6000000   -4.5090099
   0.6200000   -5.6293308
   0.6400000   -6.8566333
   0.6600000   -8.1623344
   0.6800000   -9.5069585
   0.7000000  -10.8413858
   0.7200000  -12.1094091
   0.7400000  -13.2514731
   0.7600000  -14.2092679
   0.7800000  -14.9306891
   0.8000000  -15.3745782
   0.8200000  -15.5146543
   0.8400000  -15.3420946
   0.8600000  -14.8664327
   0.8800000  -14.1146372
   0.9000000  -13.1285080
   0.9200000  -11.9607233
   0.9400000  -10.6700766
   0.9600000   -9.3164909
   0.9800000   -7.9563935
   1.0000000   -6.6389362
   1.0200000   -5.4033868
   1.0400000   -4.2778212
   1.0600000   -3.2790584
   1.0800000   -2.4136555
   1.1000000   -1.6796464
   1.1200000   -1.0687031
   1.1400000   -0.5683917
   1.1600000   -0.1642569
   1.1800000    0.1584497
   1.2000000    0.4135008
   1.2200000    0.6129070
   1.2400000    0.7665695
   1.2600000    0.8822907
   1.2800000    0.9660343
   1.3000000    1.0223288
   1.3200000    1.0547130
   1.3400000    1.0661516
   1.3600000    1.0593631
   1.3800000    1.0370405
   1.4000000    1.0019566
   1.4200000    0.9569731
   1.4400000    0.9049761
   1.4600000    0.8487715
   1.4800000    0.7909672
   1.5000000    0.7338677
   1.5200000    0.6793959
   1.5400000    0.6290499
   1.5600000    0.5838935
   1.5800000    0.5445764
   1.6000000    0.5113754
   1.6200000    0.4842471
   1.6400000    0.4628873
   1.6600000    0.4467903
   1.6800000    0.4353063
   1.7000000    0.4276957
   1.7200000    0.4231812
   1.7400000    0.4209955
   1.7600000    0.4204252
   1.7800000    0.4208482
   1.8000000    0.4217624
   1.8200000    0.4228031
   1.8400000    0.4237470
   1.8600000    0.4245025
   1.8800000    0.4250875
   1.9000000    0.4255963
   1.9200000    0.4261623
   1.9400000    0.4269185
   1.9600000    0.4279633
   1.9800000    0.4293351
   2.0000000    0.4309975
   2.0200000    0.4328390
   2.0400000    0.4346827
   2.0600000    0.4363068
   2.0800000    0.4374707
   2.1000000    0.4379429
   2.1200000    0.4375281
   2.1400000    0.4360884
   2.1600000    0.4335591
   2.1800000    0.4299559
   2.2000000    0.4253753
   2.2200000    0.4199870
   2.2400000    0.4140219
   2.2600000    0.4077541
   2.2800000    0.4014814
   2.3000000    0.3955035
   2.3200000    0.3901005
   2.3400000    0.3855138
   2.3600000    0.3819294
   2.3800000    0.3794669
   2.4000000    0.3781739
   2.4200000    0.3780260
   2.4400000    0.3789342
   2.4600000    0.3807560
   2.4800000    0.3833105
   2.5000000    0.3863949
   2.5200000    0.3898006
   2.5400000    0.3933269
   2.5600000    0.3967908
   2.5800000    0.4000337
   2.6000000    0.4029232
   2.6200000    0.4053522
   2.6400000    0.4072362
   2.6600000    0.4085092
   2.6800000    0.4091207
   2.7000000    0.4090337
   2.7200000    0.4082236
   2.7400000    0.4066799
   2.7600000    0.4044079
   2.7800000    0.4014315
   2.8000000    0.3977943
   2.8200000    0.3935603
   2.8400000    0.3888117
   2.8600000    0.3836436
   2.8800000    0.3781577
   2.9000000    0.3724527
   2.9200000    0.3666153
   2.9400000    0.3607108
   2.9600000    0.3547767
   2.9800000    0.3488177
   3.0000000    0.3428060
   3.0200000    0.3366839
   3.0400000    0.3303698
   3.0600000    0.3237666
   3.0800000    0.3167706
   3.1000000    0.3092812
   3.1200000    0.3012089
   3.1400000    0.2924831
   3.1600000    0.2830574
   3.1800000    0.2729152
   3.2000000    0.2620733
   3.2200000    0.2505859
   3.2400000    0.2385469
   3.2600000    0.2260915
   3.2800000    0.2133960
   3.3000000    0.2006744
   3.3200000    0.1881717
   3.3400000    0.1761538
   3.3600000    0.1648933
   3.3800000    0.1546526
   3.4000000    0.1456660
   3.4200000    0.1381207
   3.4400000    0.1321417
   3.4600000    0.1277794
   3.4800000    0.1250036
   3.5000000    0.1237042
   3.5200000    0.1236991
   3.5400000    0.1247488
   3.5600000    0.1265775
   3.5800000    0.1288983
   3.6000000    0.1314414
   3.6200000    0.1339835
   3.6400000    0.1363760
   3.6600000    0.1385717
   3.6800000    0.1406486
   3.7000000    0.1428295
   3.7200000    0.1454976
   3.7400000    0.1492058
   3.7600000    0.1546793
   3.7800000    0.1628072
   3.8000000    0.1746207
   3.8200000    0.1912531
   3.8400000    0.2138770
   3.8600000    0.2436178
   3.8800000    0.2814420
   3.9000000    0.3280273
   3.9200000    0.3836223
   3.9400000    0.4479133
   3.9600000    0.5199154
   3.9800000    0.5979106
   4.0000000    0.6794505
   4.0200000    0.7614386
   4.0400000    0.8402948
   4.0600000    0.9121946
   4.0800000    0.9733646
   4.1000000    1.0204007
   4.1200000    1.0505732
   4.1400000    1.0620806
   4.1600000    1.0542171
   4.1800000    1.0274330
   4.2000000    0.9832788
   4.2200000    0.9242432
   4.2400000    0.8535054
   4.2600000    0.7746391
   4.2800000    0.6913031
   4.3000000    0.6069571
   4.3200000    0.5246336
   4.3400000    0.4467828
   4.3600000    0.3751990
   4.3800000    0.3110226
   4.4000000    0.2548032
   4.4200000    0.2066035
   4.4400000    0.1661228
   4.4600000    0.1328202
   4.4800000    0.1060225
   4.5000000    0.0850075
   4.5200000    0.0690596
   4.5400000    0.0575004
   4.5600000    0.0496977
   4.5800000    0.0450634
   4.6000000    0.0430448
   4.6200000    0.0431163
   4.6400000    0.0447768
   4.6600000    0.0475529
   4.6800000    0.0510089
   4.7000000    0.0547610
   4.7200000    0.0584929
   4.7400000    0.0619709
   4.7600000    0.0650535
   4.7800000    0.0676965
   4.8000000    0.0699508
   4.8200000    0.0719536
   4.8400000    0.0739140
   4.8600000    0.0760954
   4.8800000    0.0787943
   4.9000000    0.0823195
   4.9200000    0.0869710
   4.9400000    0.0930210
   4.9600000    0.1006958
   4.9800000    0.1101604
   5.0000000    0.1215052
   5.0200000    0.1347351
   5.0400000    0.1497615
   5.0600000    0.1663990
   5.0800000    0.1843660
   5.1000000    0.2032924
   5.1200000    0.2227331
   5.1400000    0.2421883
   5.1600000    0.2611301
   5.1800000    0.2790322
   5.2000000    0.2954013
   5.2200000    0.3098076
   5.2400000    0.3219108
   5.2600000    0.3314783
   5.2800000    0.3383969
   5.3000000    0.3426742
   5.3200000    0.3444319
   5.3400000    0.3438926
   5.3600000    0.3413608
   5.3800000    0.3372013
   5.4000000    0.3318159
   5.4200000    0.3256211
   5.4400000    0.3190260
   5.4600000    0.3124133
   5.4800000    0.3061216
   5.5000000    0.3004316
   5.5200000    0.2955538
   5.5400000    0.2916217
   5.5600000    0.2886880
   5.5800000    0.2867259
   5.6000000    0.2856353
   5.6200000    0.2852538
   5.6400000    0.2853712
   5.6600000    0.2857467
   5.6800000    0.2861266
   5.7000000    0.2862610
   5.7200000    0.2859171
   5.7400000    0.2848876
   5.7600000    0.2829927
   5.7800000    0.2800769
   5.8000000    0.2759979
   5.8200000    0.2706104
   5.8400000    0.2637460
   5.8600000    0.2551892
   5.8800000    0.2446519
   5.9000000    0.2317484
   5.9200000    0.2159739
   5.9400000    0.1966885
   5.9600000    0.1731114
   5.9800000    0.1443315
   6.0000000    0.1093383
   6.0200000    0.0670801
   6.0400000    0.0165519
   6.0600000   -0.0430866
   6.0800000   -0.1123672
   6.1000000   -0.1913555
   6.1200000   -0.2794967
   6.1400000   -0.3754864
   6.1600000   -0.4771932
   6.1800000   -0.5816556
   6.2000000   -0.6851701
   6.2200000   -0.7834787
   6.2400000   -0.8720463
   6.2600000   -0.9464078
   6.2800000   -1.0025475
   6.3000000   -1.0372676
   6.3200000   -1.0484976
   6.3400000   -1.0355046
   6.3600000   -0.9989746
   6.3800000   -0.9409534
   6.4000000   -0.8646555
   6.4200000   -0.7741662
   6.4400000   -0.6740774
   6.4600000   -0.5691019
   6.4800000   -0.4637134
   6.5000000   -0.3618483
   6.5200000   -0.2666945
   6.5400000   -0.1805798
   6.5600000   -0.1049535
   6.5800000   -0.0404481
   6.6000000    0.0130006
   6.6200000    0.0560016
   6.6400000    0.0895459
   6.6600000    0.1148533
   6.6800000    0.1332410
   6.7000000    0.1460212
   6.7200000    0.1544287
   6.7400000    0.1595764
   6.7600000    0.1624335
   6.7800000    0.1638198
   6.8000000    0.1644116
   6.8200000    0.1647514
   6.8400000    0.1652600
   6.8600000    0.1662466
   6.8800000    0.1679166
   6.9000000    0.1703759
   6.9200000    0.1736353
   6.9400000    0.1776140
   6.9600000    0.1821466
   6.9800000    0.1869944
   7.0000000    0.1918633
   7.0200000    0.1964274
   7.0400000    0.2003573
   7.0600000    0.2033512
   7.0800000    0.2051642
   7.1000000    0.2056323
   7.1200000    0.2046871
   7.1400000    0.2023593
   7.1600000    0.1987694
   7.1800000    0.1941068
   7.2000000    0.1886013
   7.2200000    0.1824900
   7.2400000    0.1759850
   7.2600000    0.1692471
   7.2800000    0.1623686
   7.3000000    0.1553677
   7.3200000    0.1481943
   7.3400000    0.1407471
   7.3600000    0.1328978
   7.3800000    0.1245199
   7.4000000    0.1155178
   7.4200000    0.1058527
   7.4400000    0.0955619
   7.4600000    0.0847702
   7.4800000    0.0736907
   7.5000000    0.0626160
   7.5200000    0.0518997
   7.5400000    0.0419302
   7.5600000    0.0330977
   7.5800000    0.0257591
   7.6000000    0.0202031
   7.6200000    0.0166185
   7.6400000    0.0150706
   7.6600000    0.0154872
   7.6800000    0.0176576
   7.7000000    0.0212440
   7.7200000    0.0258063
   7.7400000    0.0308372
   7.7600000    0.0358040
   7.7800000    0.0401930
   7.8000000    0.0435518
   7.8200000    0.0455241
   7.8400000    0.0458744
   7.8600000    0.0444992
   7.8800000    0.0414253
   7.9000000    0.0367961
   7.9200000    0.0308486
   7.9400000    0.0238849
   7.9600000    0.0162414
   7.9800000    0.0082611
   8.0000000    0.0002688
   8.0200000   -0.0074462
   8.0400000   -0.0146411
   8.0600000   -0.0211244
   8.0800000   -0.0267551
   8.1000000   -0.0314375
   8.1200000   -0.0351131
   8.1400000   -0.0377508
   8.1600000   -0.0393359
   8.1800000   -0.0398601
   8.2000000   -0.0393114
   8.2200000   -0.0376673
   8.2400000   -0.0348903
   8.2600000   -0.0309287
   8.2800000   -0.0257221
   8.3000000   -0.0192121
   8.3200000   -0.0113589
   8.3400000   -0.0021604
   8.3600000    0.0083264
   8.3800000    0.0199662
   8.4000000    0.0325313
   8.4200000    0.0456959
   8.4400000    0.0590404
   8.4600000    0.0720687
   8.4800000    0.0842364
   8.5000000    0.0949885
   8.5200000    0.1038035
   8.5400000    0.1102372
   8.5600000    0.1139628
   8.5800000    0.1148011
   8.6000000    0.1127371
   8.6200000    0.1079206
   8.6400000    0.1006515
   8.6600000    0.0913501
   8.6800000    0.0805180
   8.7000000    0.0686933
   8.7200000    0.0564057
   8.7400000    0.0441363
   8.7600000    0.0322874
   8.7800000    0.0211621
   8.8000000    0.0109575
   8.8200000    0.0017681
   8.8400000   -0.0064005
   8.8600000   -0.0136120
   8.8800000   -0.0199763
   8.9000000   -0.0256265
   8.9200000   -0.0306975
   8.9400000   -0.0353097
   8.9600000   -0.0395577
   8.9800000   -0.0435035
   9.0000000   -0.0471768
   9.0200000   -0.0505776
   9.0400000   -0.0536833
   9.0600000   -0.0564576
   9.0800000   -0.0588598
   9.1000000   -0.0608551
   9.1200000   -0.0624237
   9.1400000   -0.0635689
   9.1600000   -0.0643240
   9.1800000   -0.0647585
   9.2000000   -0.0649818
   9.2200000   -0.0651460
   9.2400000   -0.0654469
   9.2600000   -0.0661226
   9.2800000   -0.0674492
   9.3000000   -0.0697326
   9.3200000   -0.0732957
   9.3400000   -0.0784610
   9.3600000   -0.0855262
   9.3800000   -0.0947364
   9.4000000   -0.1062519
   9.4200000   -0.1201153
   9.4400000   -0.1362217
   9.4600000   -0.1542954
   9.4800000   -0.1738790
   9.5000000   -0.1943381
   9.5200000   -0.2148846
   9.5400000   -0.2346189
   9.5600000   -0.2525900
   9.5800000   -0.2678666
   9.6000000   -0.2796145
   9.6200000   -0.2871698
   9.6400000   -0.2900994
   9.6600000   -0.2882417
   9.6800000   -0.2817206
   9.7000000   -0.2709331
   9.7200000   -0.2565090
   9.7400000   -0.2392516
   9.7600000   -0.2200636
   9.7800000   -0.1998704
   9.8000000   -0.1795472
   9.8200000   -0.1598597
   9.8400000   -0.1414219
   9.8600000   -0.1246748
   9.8800000   -0.1098834
   9.9000000   -0.0971514
   9.9200000   -0.0864472
   9.9400000   -0.0776370
   9.9600000   -0.0705193
   9.9800000   -0.0648572
  10.0000000   -0.0604061
  10.0200000   -0.0569335
  10.0400000   -0.0542330
  10.0600000   -0.0521313
  10.0800000   -0.0504908
  10.1000000   -0.0492077
  10.1200000   -0.0482084
  10.1400000   -0.0474443
  10.1600000   -0.0468862
  10.1800000   -0.0465183
  10.2000000   -0.0463325
  10.2200000   -0.0463232
  10.2400000   -0.0464830
  10.2600000   -0.0467990
  10.2800000   -0.0472505
  10.3000000   -0.0478086
  10.3200000   -0.0484369
  10.3400000   -0.0490938
  10.3600000   -0.0497364
  10.3800000   -0.0503240
  10.4000000   -0.0508228
  10.4200000   -0.0512090
  10.4400000   -0.0514710
  10.4600000   -0.0516106
  10.4800000   -0.0516420
  10.5000000   -0.0515906
  10.5200000   -0.0514901
  10.5400000   -0.0513801
  10.5600000   -0.0513032
  10.5800000   -0.0513032
  10.6000000   -0.0514233
  10.6200000   -0.0517050
  10.6400000   -0.0521871
  10.6600000   -0.0529052
  10.6800000   -0.0538904
  10.7000000   -0.0551688
  10.7200000   -0.0567597
  10.7400000   -0.0586757
  10.7600000   -0.0609224
  10.7800000   -0.0634994
  10.8000000   -0.0664032
  10.8200000   -0.0696305
  10.8400000   -0.0731833
  10.8600000   -0.0770734
  10.8800000   -0.0813273
  10.9000000   -0.0859887
  10.9200000   -0.0911198
  10.9400000   -0.0967981
  10.9600000   -0.1031115
  10.9800000   -0.1101496
  11.0000000   -0.1179927
  11.0200000   -0.1267005
  11.0400000   -0.1363008
  11.0600000   -0.1467802
  11.0800000   -0.1580792
  11.1000000   -0.1700914
  11.1200000   -0.1826672
  11.1400000   -0.1956231
  11.1600000   -0.2087540
  11.1800000   -0.2218473
  11.2000000   -0.2346966
  11.2200000   -0.2471136
  11.2400000   -0.2589356
  11.2600000   -0.2700278
  11.2800000   -0.2802808
  11.3000000   -0.2896030
  11.3200000   -0.2979109
  11.3400000   -0.3051186
  11.3600000   -0.3111289
  11.3800000   -0.3158291
  11.4000000   -0.3190919
  11.4200000   -0.3207829
  11.4400000   -0.3207737
  11.4600000   -0.3189588
  11.4800000   -0.3152747
  11.5000000   -0.3097180
  11.5200000   -0.3023597
  11.5400000   -0.2933534
  11.5600000   -0.2829362
  11.5800000   -0.2714222
  11.6000000   -0.2591880
  11.6200000   -0.2466535
  11.6400000   -0.2342600
  11.6600000   -0.2224475
  11.6800000   -0.2116363
  11.7000000   -0.2022132
  11.7200000   -0.1945260
  11.7400000   -0.1888858
  11.7600000   -0.1855779
  11.7800000   -0.1848777
  11.8000000   -0.1870694
  11.8200000   -0.1924635
  11.8400000   -0.2014058
  11.8600000   -0.2142767
  11.8800000   -0.2314726
  11.9000000   -0.2533704
  11.9200000   -0.2802735
  11.9400000   -0.3123434
  11.9600000   -0.3495236
  11.9800000   -0.3914655
  12.0000000   -0.4374683
  12.0200000   -0.4864447
  12.0400000   -0.5369234
  12.0600000   -0.5870964
  12.0800000   -0.6349112
  12.1000000   -0.6782052
  12.1200000   -0.7148694
  12.1400000   -0.7430252
  12.1600000   -0.7611932
  12.1800000   -0.7684340
  12.2000000   -0.7644406
  12.2200000   -0.7495720
  12.2400000   -0.7248212
  12.2600000   -0.6917226
  12.2800000   -0.6522105
  12.3000000   -0.6084454
  12.3200000   -0.5626310
  12.3400000   -0.5168420
  12.3600000   -0.4728795
  12.3800000   -0.4321692
  12.4000000   -0.3957054
  12.4200000   -0.3640432
  12.4400000   -0.3373305
  12.4600000   -0.3153717
  12.4800000   -0.2977098
  12.5000000   -0.2837165
  12.5200000   -0.2726779
  12.5400000   -0.2638699
  12.5600000   -0.2566166
  12.5800000   -0.2503303
  12.6000000   -0.2445337
  12.6200000   -0.2388661
  12.6400000   -0.2330777
  12.6600000   -0.2270159
  12.6800000   -0.2206084
  12.7000000   -0.2138450
  12.7200000   -0.2067640
  12.7400000   -0.1994410
  12.7600000   -0.1919859
  12.7800000   -0.1845428
  12.8000000   -0.1772960
  12.8200000   -0.1704780
  12.8400000   -0.1643782
  12.8600000   -0.1593489
  12.8800000   -0.1558067
  12.9000000   -0.1542262
  12.9200000   -0.1551228
  12.9400000   -0.1590251
  12.9600000   -0.1664340
  12.9800000   -0.1777720
  13.0000000   -0.1933249
  13.0200000   -0.2131808
  13.0400000   -0.2371744
  13.0600000   -0.2648448
  13.0800000   -0.2954145
  13.1000000   -0.3277966
  13.1200000   -0.3606368
  13.1400000   -0.3923871
  13.1600000   -0.4214102
  13.1800000   -0.4461039
  13.2000000   -0.4650328
  13.2200000   -0.4770531
  13.2400000   -0.4814141
  13.2600000   -0.4778246
  13.2800000   -0.4664751
  13.3000000   -0.4480145
  13.3200000   -0.4234826
  13.3400000   -0.3942101
  13.3600000   -0.3616974
  13.3800000   -0.3274878
  13.4000000   -0.2930490
  13.4200000   -0.2596755
  13.4400000   -0.2284193
  13.4600000   -0.2000521
  13.4800000   -0.1750589
  13.5000000   -0.1536574
  13.5200000   -0.1358378
  13.5400000   -0.1214131
  13.5600000   -0.1100747
  13.5800000   -0.1014448
  13.6000000   -0.0951219
  13.6200000   -0.0907162
  13.6400000   -0.0878746
  13.6600000   -0.0862941
  13.6800000   -0.0857271
  13.7000000   -0.0859797
  13.7200000   -0.0869052
  13.7400000   -0.0883958
  13.7600000   -0.0903739
  13.7800000   -0.0927838
  13.8000000   -0.0955854
  13.8200000   -0.0987497
  13.8400000   -0.1022545
  13.8600000   -0.1060821
  13.8800000   -0.1102149
  13.9000000   -0.1146319
  13.9200000   -0.1193024
  13.9400000   -0.1241798
  13.9600000   -0.1291946
  13.9800000   -0.1342483
  14.0000000   -0.1392112
  14.0200000   -0.1439225
  14.0400000   -0.1481975
  14.0600000   -0.1518394
  14.0800000   -0.1546568
  14.1000000   -0.1564846
  14.1200000   -0.1572068
  14.1400000   -0.1567767
  14.1600000   -0.1552326
  14.1800000   -0.1527059
  14.2000000   -0.1494199
  14.2200000   -0.1456783
  14.2400000   -0.1418442
  14.2600000   -0.1383127
  14.2800000   -0.1354782
  14.3000000   -0.1337014
  14.3200000   -0.1332790
  14.3400000   -0.1344178
  14.3600000   -0.1372174
  14.3800000   -0.1416602
  14.4000000   -0.1476099
  14.4200000   -0.1548186
  14.4400000   -0.1629396
  14.4600000   -0.1715476
  14.4800000   -0.1801624
  14.5000000   -0.1882783
  14.5200000   -0.1953956
  14.5400000   -0.2010547
  14.5600000   -0.2048700
  14.5800000   -0.2065619
  14.6000000   -0.2059825
  14.6200000   -0.2031338
  14.6400000   -0.1981738
  14.6600000   -0.1914091
  14.6800000   -0.1832743
  14.7000000   -0.1742978
  14.7200000   -0.1650584
  14.7400000   -0.1561363
  14.7600000   -0.1480634
  14.7800000   -0.1412790
  14.8000000   -0.1360951
  14.8200000   -0.1326740
  14.8400000   -0.1310217
  14.8600000   -0.1309960
  14.8800000   -0.1323279
  14.9000000   -0.1346537
  14.9200000   -0.1375539
  14.9400000   -0.1405945
  14.9600000   -0.1433668
  14.9800000   -0.1455218
  15.0000000   -0.1467960
  15.0200000   -0.1470271
  15.0400000   -0.1461595
  15.0600000   -0.1442386
  15.0800000   -0.1413974
  15.1000000   -0.1378364
  15.1200000   -0.1338000
  15.1400000   -0.1295529
  15.1600000   -0.1253575
  15.1800000   -0.1214558
  15.2000000   -0.1180557
  15.2200000   -0.1153227
  15.2400000   -0.1133771
  15.2600000   -0.1122945
  15.2800000   -0.1121112
  15.3000000   -0.1128320
  15.3200000   -0.1144400
  15.3400000   -0.1169088
  15.3600000   -0.1202155
  15.3800000   -0.1243542
  15.4000000   -0.1293474
  15.4200000   -0.1352557
  15.4400000   -0.1421806
  15.4600000   -0.1502603
  15.4800000   -0.1596554
  15.5000000   -0.1705235
  15.5200000   -0.1829852
  15.5400000   -0.1970826
  15.5600000   -0.2127363
  15.5800000   -0.2297080
  15.6000000   -0.2475755
  15.6200000   -0.2657272
  15.6400000   -0.2833802
  15.6600000   -0.2996252
  15.6800000   -0.3134936
  15.7000000   -0.3240426
  15.7200000   -0.3304460
  15.7400000   -0.3320819
  15.7600000   -0.3286030
  15.7800000   -0.3199805
  15.8000000   -0.3065162
  15.8200000   -0.2888198
  15.8400000   -0.2677551
  15.8600000   -0.2443627
  15.8800000   -0.2197690
  15.9000000   -0.1950935
  15.9200000   -0.1713637
  15.9400000   -0.1494484
  15.9600000   -0.1300123
  15.9800000   -0.1134953
  16.0000000   -0.1001138
  16.0200000   -0.0898816
  16.0400000   -0.0826434
  16.0600000   -0.0781153
  16.0800000   -0.0759277
  16.1000000   -0.0756658
  16.1200000   -0.0769041
  16.1400000   -0.0792344
  16.1600000   -0.0822874
  16.1800000   -0.0857460
  16.2000000   -0.0893552
  16.2200000   -0.0929254
  16.2400000   -0.0963343
  16.2600000   -0.0995245
  16.2800000   -0.1024990
  16.3000000   -0.1053158
  16.3200000   -0.1080786
  16.3400000   -0.1109272
  16.3600000   -0.1140257
  16.3800000   -0.1175500
  16.4000000   -0.1216746
  16.4200000   -0.1265601
  16.4400000   -0.1323412
  16.4600000   -0.1391159
  16.4800000   -0.1469359
  16.5000000   -0.1557985
  16.5200000   -0.1656394
  16.5400000   -0.1763272
  16.5600000   -0.1876586
  16.5800000   -0.1993572
  16.6000000   -0.2110751
  16.6200000   -0.2223993
  16.6400000   -0.2328647
  16.6600000   -0.2419738
  16.6800000   -0.2492236
  16.7000000   -0.2541378
  16.7200000   -0.2563026
  16.7400000   -0.2554030
  16.7600000   -0.2512540
  16.7800000   -0.2438239
  16.8000000   -0.2332461
  16.8200000   -0.2198162
  16.8400000   -0.2039748
  16.8600000   -0.1862773
  16.8800000   -0.1673529
  16.9000000   -0.1478592
  16.9200000   -0.1284354
  16.9400000   -0.1096604
  16.9600000   -0.0920202
  16.9800000   -0.0758858
  17.0000000   -0.0615038
  17.0200000   -0.0489990
  17.0400000   -0.0383869
  17.0600000   -0.0295927
  17.0800000   -0.0224753
  17.1000000   -0.0168513
  17.1200000   -0.0125181
  17.1400000   -0.0092737
  17.1600000   -0.0069323
  17.1800000   -0.0053358
  17.2000000   -0.0043617
  17.2200000   -0.0039269
  17.2400000   -0.0039900
  17.2600000   -0.0045500
  17.2800000   -0.0056445
  17.3000000   -0.0073456
  17.3200000   -0.0097536
  17.3400000   -0.0129886
  17.3600000   -0.0171795
  17.3800000   -0.0224508
  17.4000000   -0.0289071
  17.4200000   -0.0366157
  17.4400000   -0.0455908
  17.4600000   -0.0557785
  17.4800000   -0.0670465
  17.5000000   -0.0791796
  17.5200000   -0.0918830
  17.5400000   -0.1047942
  17.5600000   -0.1175028
  17.5800000   -0.1295786
  17.6000000   -0.1406044
  17.6200000   -0.1502128
  17.6400000   -0.1581225
  17.6600000   -0.1641731
  17.6800000   -0.1683545
  17.7000000   -0.1708313
  17.7200000   -0.1719598
  17.7400000   -0.1722974
  17.7600000   -0.1726028
  17.7800000   -0.1738277
  17.8000000   -0.1770951
  17.8200000   -0.1836639
  17.8400000   -0.1948751
  17.8600000   -0.2120772
  17.8800000   -0.2365301
  17.9000000   -0.2692889
  17.9200000   -0.3110727
  17.9400000   -0.3621300
  17.9600000   -0.4221143
  17.9800000   -0.4899884
  18.0000000   -0.5639768
  18.0200000   -0.6415822
  18.0400000   -0.7196787
  18.0600000   -0.7946824
  18.0800000   -0.8627927
  18.1000000   -0.9202830
  18.1200000   -0.9638117
  18.1400000   -0.9907177
  18.1600000   -0.9992648
  18.1800000   -0.9888019
  18.2000000   -0.9598194
  18.2200000   -0.9138941
  18.2400000   -0.8535300
  18.2600000   -0.7819172
  18.2800000   -0.7026404
  18.3000000   -0.6193741
  18.3200000   -0.5355993
  18.3400000   -0.4543707
  18.3600000   -0.3781548
  18.3800000   -0.3087451
  18.4000000   -0.2472527
  18.4200000   -0.1941590
  18.4400000   -0.1494133
  18.4600000   -0.1125554
  18.4800000   -0.0828455
  18.5000000   -0.0593851
  18.5200000   -0.0412204
  18.5400000   -0.0274206
  18.5600000   -0.0171327
  18.5800000   -0.0096135
  18.6000000   -0.0042434
  18.6200000   -0.0005271
  18.6400000    0.0019137
  18.6600000    0.0033526
  18.6800000    0.0039720
  18.7000000    0.0038768
  18.7200000    0.0031073
  18.7400000    0.0016519
  18.7600000   -0.0005407
  18.7800000   -0.0035483
  18.8000000   -0.0074626
  18.8200000   -0.0123737
  18.8400000   -0.0183563
  18.8600000   -0.0254540
  18.8800000   -0.0336663
  18.9000000   -0.0429359
  18.9200000   -0.0531409
  18.9400000   -0.0640896
  18.9600000   -0.0755213
  18.9800000   -0.0871133
  19.0000000   -0.0984929
  19.0200000   -0.1092564
  19.0400000   -0.1189933
  19.0600000   -0.1273142
  19.0800000   -0.1338803
  19.1000000   -0.1384317
  19.1200000   -0.1408115
  19.1400000   -0.1409825
  19.1600000   -0.1390323
  19.1800000   -0.1351679
  19.2000000   -0.1296966
  19.2200000   -0.1229971
  19.2400000   -0.1154819
  19.2600000   -0.1075572
  19.2800000   -0.0995840
  19.3000000   -0.0918460
  19.3200000   -0.0845283
  19.3400000   -0.0777089
  19.3600000   -0.0713641
  19.3800000   -0.0653859
  19.4000000   -0.0596091
  19.4200000   -0.0538423
  19.4400000   -0.0479006
  19.4600000   -0.0416337
  19.4800000   -0.0349483
  19.5000000   -0.0278205
  19.5200000   -0.0202999
  19.5400000   -0.0125053
  19.5600000   -0.0046132
  19.5800000    0.0031574
  19.6000000    0.0105626
  19.6200000    0.0173500
  19.6400000    0.0232735
  19.6600000    0.0281035
  19.6800000    0.0316345
  19.7000000    0.0336875
  19.7200000    0.0341110
  19.7400000    0.0327795
  19.7600000    0.0295935
  19.7800000    0.0244806
  19.8000000    0.0174006
  19.8200000    0.0083538
  19.8400000   -0.0026069
  19.8600000   -0.0153616
  19.8800000   -0.0297103
  19.9000000   -0.0453623
  19.9200000   -0.0619335
  19.9400000   -0.0789521
  19.9600000   -0.0958772
  19.9800000   -0.1121283
  20.0000000   -0.1271256
  20.0200000   -0.1403370
  20.0400000   -0.1513277
  20.0600000   -0.1598068
  20.0800000   -0.1656649
  20.1000000   -0.1689987
  20.1200000   -0.1701197
  20.1400000   -0.1695448
  20.1600000   -0.1679698
  20.1800000   -0.1662289
  20.2000000   -0.1652414
  20.2200000   -0.1659518
  20.2400000   -0.1692653
  20.2600000   -0.1759851
  20.2800000   -0.1867526
  20.3000000   -0.2019960
  20.3200000   -0.2218900
  20.3400000   -0.2463291
  20.3600000   -0.2749184
  20.3800000   -0.3069825
  20.4000000   -0.3415941
  20.4200000   -0.3776213
  20.4400000   -0.4137909
  20.4600000   -0.4487631
  20.4800000   -0.4812110
  20.5000000   -0.5099002
  20.5200000   -0.5337582
  20.5400000   -0.5519300
  20.5600000   -0.5638159
  20.5800000   -0.5690870
  20.6000000   -0.5676820
  20.6200000   -0.5597861
  20.6400000   -0.5457971
  20.6600000   -0.5262846
  20.6800000   -0.5019462
  20.7000000   -0.4735667
  20.7200000   -0.4419827
  20.7400000   -0.4080535
  20.7600000   -0.3726387
  20.7800000   -0.3365805
  20.8000000   -0.3006892
  20.8200000   -0.2657273
  20.8400000   -0.2323932
  20.8600000   -0.2012993
  20.8800000   -0.1729475
  20.9000000   -0.1477002
  20.9200000   -0.1257493
  20.9400000   -0.1070859
  20.9600000   -0.0914732
  20.9800000   -0.0784270
  21.0000000   -0.0672073
  21.0200000   -0.0568272
  21.0400000   -0.0460821
  21.0600000   -0.0336024
  21.0800000   -0.0179336
  21.1000000    0.0023595
  21.1200000    0.0285664
  21.1400000    0.0616927
  21.1600000    0.1023210
  21.1800000    0.1504866
  21.2000000    0.2055856
  21.2200000    0.2663324
  21.2400000    0.3307789
  21.2600000    0.3964042
  21.2800000    0.4602728
  21.3000000    0.5192521
  21.3200000    0.5702699
  21.3400000    0.6105849
  21.3600000    0.6380408
  21.3800000    0.6512727
  21.4000000    0.6498426
  21.4200000    0.6342845
  21.4400000    0.6060560
  21.4600000    0.5674020
  21.4800000    0.5211470
  21.5000000    0.4704423
  21.5200000    0.4184972
  21.5400000    0.3683217
  21.5600000    0.3225067
  21.5800000    0.2830600
  21.6000000    0.2513060
  21.6200000    0.2278534
  21.6400000    0.2126237
  21.6600000    0.2049327
  21.6800000    0.2036102
  21.7000000    0.2071457
  21.7200000    0.2138455
  21.7400000    0.2219887
  21.7600000    0.2299704
  21.7800000    0.2364223
  21.8000000    0.2403033
  21.8200000    0.2409543
  21.8400000    0.2381139
  21.8600000    0.2318967
  21.8800000    0.2227373
  21.9000000    0.2113092
  21.9200000    0.1984277
  21.9400000    0.1849502
  21.9600000    0.1716855
  21.9800000    0.1593237
  22.0000000    0.1483928
  22.0200000    0.1392468
  22.0400000    0.1320838
  22.0600000    0.1269860
  22.0800000    0.1239750
  22.1000000    0.1230690
  22.1200000    0.1243301
  22.1400000    0.1278921
  22.1600000    0.1339627
  22.1800000    0.1427960
  22.2000000    0.1546409
  22.2200000    0.1696714
  22.2400000    0.1879113
  22.2600000    0.2091672
  22.2800000    0.2329820
  22.3000000    0.2586219
  22.3200000    0.2851006
  22.3400000    0.3112429
  22.3600000    0.3357808
  22.3800000    0.3574707
  22.4000000    0.3752165
  22.4200000    0.3881813
  22.4400000    0.3958733
  22.4600000    0.3981940
  22.4800000    0.3954436
  22.5000000    0.3882852
  22.5200000    0.3776734
  22.5400000    0.3647607
  22.5600000    0.3507933
  22.5800000    0.3370109
  22.6000000    0.3245604
  22.6200000    0.3144291
  22.6400000    0.3074000
  22.6600000    0.3040272
  22.6800000    0.3046244
  22.7000000    0.3092636
  22.7200000    0.3177771
  22.7400000    0.3297631
  22.7600000    0.3445944
  22.7800000    0.3614360
  22.8000000    0.3792765
  22.8200000    0.3969784
  22.8400000    0.4133499
  22.8600000    0.4272361
  22.8800000    0.4376231
  22.9000000    0.4437400
  22.9200000    0.4451489
  22.9400000    0.4418022
  22.9600000    0.4340593
  22.9800000    0.4226528
  23.0000000    0.4086093
  23.0200000    0.3931294
  23.0400000    0.3774479
  23.0600000    0.3626904
  23.0800000    0.3497490
  23.1000000    0.3391931
  23.1200000    0.3312280
  23.1400000    0.3257028
  23.1600000    0.3221646
  23.1800000    0.3199463
  23.2000000    0.3182739
  23.2200000    0.3163755
  23.2400000    0.3135775
  23.2600000    0.3093775
  23.2800000    0.3034861
  23.3000000    0.2958385
  23.3200000    0.2865784
  23.3400000    0.2760216
  23.3600000    0.2646075
  23.3800000    0.2528469
  23.4000000    0.2412745
  23.4200000    0.2304100
  23.4400000    0.2207325
  23.4600000    0.2126691
  23.4800000    0.2065961
  23.5000000    0.2028518
  23.5200000    0.2017551
  23.5400000    0.2036284
  23.5600000    0.2088165
  23.5800000    0.2176990
  23.6000000    0.2306898
  23.6200000    0.2482214
  23.6400000    0.2707115
  23.6600000    0.2985120
  23.6800000    0.3318467
  23.7000000    0.3707411
  23.7200000    0.4149564
  23.7400000    0.4639369
  23.7600000    0.5167832
  23.7800000    0.5722600
  23.8000000    0.6288441
  23.8200000    0.6848149
  23.8400000    0.7383827
  23.8600000    0.7878430
  23.8800000    0.8317440
  23.9000000    0.8690459
  23.9200000    0.8992514
  23.9400000    0.9224882
  23.9600000    0.9395263
  23.9800000    0.9517196
  24.0000000    0.9608703
  24.0200000    0.9690237
  24.0400000    0.9782134
  24.0600000    0.9901822
  24.0800000    1.0061155
  24.1000000    1.0264233
  24.1200000    1.0506043
  24.1400000    1.0772193
  24.1600000    1.1039848
  24.1800000    1.1279828
  24.2000000    1.1459653
  24.2200000    1.1547161
  24.2400000    1.1514232
  24.2600000    1.1340104
  24.2800000    1.1013868
  24.3000000    1.0535772
  24.3200000    0.9917239
  24.3400000    0.9179586
  24.3600000    0.8351730
  24.3800000    0.7467203
  24.4000000    0.6560914
  24.4200000    0.5666087
  24.4400000    0.4811734
  24.4600000    0.4020882
  24.4800000    0.3309674
  24.5000000    0.2687305
  24.5200000    0.2156653
  24.5400000    0.1715415
  24.5600000    0.1357504
  24.5800000    0.1074506
  24.6000000    0.0857018
  24.6200000    0.0695741
  24.6400000    0.0582271
  24.6600000    0.0509571
  24.6800000    0.0472140
  24.7000000    0.0465937
  24.7200000    0.0488114
  24.7400000    0.0536632
  24.7600000    0.0609826
  24.7800000    0.0705983
  24.8000000    0.0822984
  24.8200000    0.0958063
  24.8400000    0.1107696
  24.8600000    0.1267635
  24.8800000    0.1433066
  24.9000000    0.1598859
  24.9200000    0.1759856
  24.9400000    0.1911123
  24.9600000    0.2048126
  24.9800000    0.2166762
  25.0000000    0.2263222
  25.0200000    0.2333695
  25.0400000    0.2373931
  25.0600000    0.2378736
  25.0800000    0.2341463
  25.1000000    0.2253608
  25.1200000    0.2104597
  25.1400000    0.1881849
  25.1600000    0.1571180
  25.1800000    0.1157590
  25.2000000    0.0626430
  25.2200000   -0.0035084
  25.2400000   -0.0836098
  25.2600000   -0.1780214
  25.2800000   -0.2863646
  25.3000000   -0.4073646
  25.3200000   -0.5387451
  25.3400000   -0.6771980
  25.3600000   -0.8184486
  25.3800000   -0.9574260
  25.4000000   -1.0885386
  25.4200000   -1.2060383
  25.4400000   -1.3044453
  25.4600000   -1.3789884
  25.4800000   -1.4260149
  25.5000000   -1.4433167
  25.5200000   -1.4303334
  25.5400000   -1.3882023
  25.5600000   -1.3196488
  25.5800000   -1.2287291
  25.6000000   -1.1204577
  25.6200000   -1.0003662
  25.6400000   -0.8740459
  25.6600000   -0.7467255
  25.6800000   -0.6229259
  25.7000000   -0.5062190
  25.7200000   -0.3991026
  25.7400000   -0.3029852
  25.7600000   -0.2182648
  25.7800000   -0.1444757
  25.8000000   -0.0804761
  25.8200000   -0.0246527
  25.8400000    0.0248783
  25.8600000    0.0700860
  25.8800000    0.1128613
  25.9000000    0.1548773
  25.9200000    0.1974732
  25.9400000    0.2415600
  25.9600000    0.2875521
  25.9800000    0.3353269
  26.0000000    0.3842202
  26.0200000    0.4330645
  26.0400000    0.4802744
  26.0600000    0.5239804
  26.0800000    0.5622045
  26.1000000    0.5930663
  26.1200000    0.6149965
  26.1400000    0.6269371
  26.1600000    0.6285004
  26.1800000    0.6200652
  26.2000000    0.6027933
  26.2200000    0.5785612
  26.2400000    0.5498098
  26.2600000    0.5193289
  26.2800000    0.4899991
  26.3000000    0.4645208
  26.3200000    0.4451609
  26.3400000    0.4335458
  26.3600000    0.4305217
  26.3800000    0.4360983
  26.4000000    0.4494781
  26.4200000    0.4691684
  26.4400000    0.4931613
  26.4600000    0.5191603
  26.4800000    0.5448295
  26.5000000    0.5680352
  26.5200000    0.5870549
  26.5400000    0.6007292
  26.5600000    0.6085401
  26.5800000    0.6106091
  26.6000000    0.6076148
  26.6200000    0.6006460
  26.6400000    0.5910084
  26.6600000    0.5800140
  26.6800000    0.5687820
  26.7000000    0.5580796
  26.7200000    0.5482239
  26.7400000    0.5390568
  26.7600000    0.5299961
  26.7800000    0.5201500
  26.8000000    0.5084786
  26.8200000    0.4939743
  26.8400000    0.4758339
  26.8600000    0.4535982
  26.8800000    0.4272383
  26.9000000    0.3971799
  26.9200000    0.3642657
  26.9400000    0.3296658
  26.9600000    0.2947533
  26.9800000    0.2609653
  27.0000000    0.2296710
  27.0200000    0.2020630
  27.0400000    0.1790843
  27.0600000    0.1613951
  27.0800000    0.1493765
  27.1000000    0.1431638
  27.1200000    0.1426976
  27.1400000    0.1477794
  27.1600000    0.1581219
  27.1800000    0.1733827
  27.2000000    0.1931792
  27.2200000    0.2170821
  27.2400000    0.2445923
  27.2600000    0.2751073
  27.2800000    0.3078876
  27.3000000    0.3420312
  27.3200000    0.3764665
  27.3400000    0.4099709
  27.3600000    0.4412156
  27.3800000    0.4688387
  27.4000000    0.4915385
  27.4200000    0.5081770
  27.4400000    0.5178827
  27.4600000    0.5201384
  27.4800000    0.5148417
  27.5000000    0.5023307
  27.5200000    0.4833703
  27.5400000    0.4590999
  27.5600000    0.4309501
  27.5800000    0.4005371
  27.6000000    0.3695473
  27.6200000    0.3396244
  27.6400000    0.3122692
  27.6600000    0.2887596
  27.6800000    0.2700955
  27.7000000    0.2569674
  27.7200000    0.2497491
  27.7400000    0.2485081
  27.7600000    0.2530306
  27.7800000    0.2628553
  27.8000000    0.2773148
  27.8200000    0.2955801
  27.8400000    0.3167116
  27.8600000    0.3397145
  27.8800000    0.3636047
  27.9000000    0.3874842
  27.9200000    0.4106299
  27.9400000    0.4325931
  27.9600000    0.4533069
  27.9800000    0.4731905
  28.0000000    0.4932398
  28.0200000    0.5150849
  28.0400000    0.5409960
  28.0600000    0.5738188
  28.0800000    0.6168232
  28.1000000    0.6734596
  28.1200000    0.7470262
  28.1400000    0.8402680
  28.1600000    0.9549414
  28.1800000    1.0913941
  28.2000000    1.2482177
  28.2200000    1.4220335
  28.2400000    1.6074632
  28.2600000    1.7973177
  28.2800000    1.9830139
  28.3000000    2.1551925
  28.3200000    2.3044827
  28.3400000    2.4223293
  28.3600000    2.5017833
  28.3800000    2.5381566
  28.4000000    2.5294541
  28.4200000    2.4765287
  28.4400000    2.3829407
  28.4600000    2.2545470
  28.4800000    2.0988816
  28.5000000    1.9244142
  28.5200000    1.7397876
  28.5400000    1.5531248
  28.5600000    1.3714817
  28.5800000    1.2004888
  28.6000000    1.0441941
  28.6200000    0.9050901
  28.6400000    0.7842836
  28.6600000    0.6817571
  28.6800000    0.5966661
  28.7000000    0.5276287
  28.7200000    0.4729717
  28.7400000    0.4309182
  28.7600000    0.3997134
  28.7800000    0.3776960
  28.8000000    0.3633302
  28.8200000    0.3552142
  28.8400000    0.3520766
  28.8600000    0.3527722
  28.8800000    0.3562788
  28.9000000    0.3616966
  28.9200000    0.3682467
  28.9400000    0.3752671
  28.9600000    0.3822040
  28.9800000    0.3885977
  29.0000000    0.3940667
  29.0200000    0.3982910
  29.0400000    0.4010007
  29.0600000    0.4019703
  29.0800000    0.4010209
  29.1000000    0.3980311
  29.1200000    0.3929518
  29.1400000    0.3858239
  29.1600000    0.3767925
  29.1800000    0.3661148
  29.2000000    0.3541582
  29.2200000    0.3413867
  29.2400000    0.3283359
  29.2600000    0.3155781
  29.2800000    0.3036828
  29.3000000    0.2931751
  29.3200000    0.2844987
  29.3400000    0.2779887
  29.3600000    0.2738576
  29.3800000    0.2721974
  29.4000000    0.2729996
  29.4200000    0.2761913
  29.4400000    0.2816854
  29.4600000    0.2894432
  29.4800000    0.2995428
  29.5000000    0.3122510
  29.5200000    0.3280937
  29.5400000    0.3479173
  29.5600000    0.3729372
  29.5800000    0.4047636
  29.6000000    0.4453942
  29.6200000    0.4971645
  29.6400000    0.5626429
  29.6600000    0.6444631
  29.6800000    0.7450894
  29.7000000    0.8665203
  29.7200000    1.0099465
  29.7400000    1.1753921
  29.7600000    1.3613808
  29.7800000    1.5646762
  29.8000000    1.7801495
  29.8200000    2.0008212
  29.8400000    2.2181087
  29.8600000    2.4222863
  29.8800000    2.6031354
  29.9000000    2.7507317
  29.9200000    2.8562881
  29.9400000    2.9129562
  29.9600000    2.9164867
  29.9800000    2.8656605
  30.0000000    2.7624325
