 -10.0000000   -0.1810106
  -9.9800000   -0.1678686
  -9.9600000   -0.1508395
  -9.9400000   -0.1309012
  -9.9200000   -0.1091200
  -9.9000000   -0.0865612
  -9.8800000   -0.0642070
  -9.8600000   -0.0428896
  -9.8400000   -0.0232463
  -9.8200000   -0.0056982
  -9.8000000    0.0095473
  -9.7800000    0.0224756
  -9.7600000    0.0332290
  -9.7400000    0.0420633
  -9.7200000    0.0493023
  -9.7000000    0.0552954
  -9.6800000    0.0603825
  -9.6600000    0.0648675
  -9.6400000    0.0690033
  -9.6200000    0.0729861
  -9.6000000    0.0769605
  -9.5800000    0.0810323
  -9.5600000    0.0852888
  -9.5400000    0.0898247
  -9.5200000    0.0947724
  -9.5000000    0.1003350
  -9.4800000    0.1068200
  -9.4600000    0.1146721
  -9.4400000    0.1245014
  -9.4200000    0.1371035
  -9.4000000    0.1534644
  -9.3800000    0.1747469
  -9.3600000    0.2022490
  -9.3400000    0.2373312
  -9.3200000    0.2813087
  -9.3000000    0.3353097
  -9.2800000    0.4001088
  -9.2600000    0.4759466
  -9.2400000    0.5623584
  -9.2200000    0.6580358
  -9.2000000    0.7607477
  -9.1800000    0.8673461
  -9.1600000    0.9738710
  -9.1400000    1.0757626
  -9.1200000    1.1681659
  -9.1000000    1.2463065
  -9.0800000    1.3058955
  -9.0600000    1.3435172
  -9.0400000    1.3569514
  -9.0200000    1.3453867
  -9.0000000    1.3094974
  -8.9800000    1.2513739
  -8.9600000    1.1743147
  -8.9400000    1.0825113
  -8.9200000    0.9806662
  -8.9000000    0.8735927
  -8.8800000    0.7658433
  -8.8600000    0.6614059
  -8.8400000    0.5634921
  -8.8200000    0.4744288
  -8.8000000    0.3956484
  -8.7800000    0.3277602
  -8.7600000    0.2706811
  -8.7400000    0.2237986
  -8.7200000    0.1861414
  -8.7000000    0.1565384
  -8.6800000    0.1337523
  -8.6600000    0.1165808
  -8.6400000    0.1039244
  -8.6200000    0.0948240
  -8.6000000    0.0884739
  -8.5800000    0.0842170
  -8.5600000    0.0815299
  -8.5400000    0.0800012
  -8.5200000    0.0793101
  -8.5000000    0.0792057
  -8.4800000    0.0794906
  -8.4600000    0.0800073
  -8.4400000    0.0806291
  -8.4200000    0.0812535
  -8.4000000    0.0817986
  -8.3800000    0.0822003
  -8.3600000    0.0824114
  -8.3400000    0.0824001
  -8.3200000    0.0821498
  -8.3000000    0.0816582
  -8.2800000    0.0809369
  -8.2600000    0.0800107
  -8.2400000    0.0789167
  -8.2200000    0.0777035
  -8.2000000    0.0764292
  -8.1800000    0.0751593
  -8.1600000    0.0739637
  -8.1400000    0.0729122
  -8.1200000    0.0720700
  -8.1000000    0.0714927
  -8.0800000    0.0712211
  -8.0600000    0.0712772
  -8.0400000    0.0716613
  -8.0200000    0.0723510
  -8.0000000    0.0733029
  -7.9800000    0.0744551
  -7.9600000    0.0757330
  -7.9400000    0.0770554
  -7.9200000    0.0783419
  -7.9000000    0.0795191
  -7.8800000    0.0805267
  -7.8600000    0.0813207
  -7.8400000    0.0818753
  -7.8200000    0.0821817
  -7.8000000    0.0822447
  -7.7800000    0.0820782
  -7.7600000    0.0816997
  -7.7400000    0.0811252
  -7.7200000    0.0803657
  -7.7000000    0.0794260
  -7.6800000    0.0783047
  -7.6600000    0.0769983
  -7.6400000    0.0755055
  -7.6200000    0.0738329
  -7.6000000    0.0720000
  -7.5800000    0.0700431
  -7.5600000    0.0680169
  -7.5400000    0.0659929
  -7.5200000    0.0640565
  -7.5000000    0.0623007
  -7.4800000    0.0608197
  -7.4600000    0.0597012
  -7.4400000    0.0590197
  -7.4200000    0.0588308
  -7.4000000    0.0591670
  -7.3800000    0.0600355
  -7.3600000    0.0614184
  -7.3400000    0.0632740
  -7.3200000    0.0655398
  -7.3000000    0.0681378
  -7.2800000    0.0709793
  -7.2600000    0.0739711
  -7.2400000    0.0770211
  -7.2200000    0.0800433
  -7.2000000    0.0829621
  -7.1800000    0.0857149
  -7.1600000    0.0882536
  -7.1400000    0.0905444
  -7.1200000    0.0925670
  -7.1000000    0.0943131
  -7.0800000    0.0957848
  -7.0600000    0.0969930
  -7.0400000    0.0979558
  -7.0200000    0.0986973
  -7.0000000    0.0992457
  -6.9800000    0.0996317
  -6.9600000    0.0998862
  -6.9400000    0.1000378
  -6.9200000    0.1001111
  -6.9000000    0.1001248
  -6.8800000    0.1000920
  -6.8600000    0.1000209
  -6.8400000    0.0999170
  -6.8200000    0.0997858
  -6.8000000    0.0996347
  -6.7800000    0.0994747
  -6.7600000    0.0993186
  -6.7400000    0.0991781
  -6.7200000    0.0990585
  -6.7000000    0.0989528
  -6.6800000    0.0988355
  -6.6600000    0.0986596
  -6.6400000    0.0983557
  -6.6200000    0.0978364
  -6.6000000    0.0970035
  -6.5800000    0.0957593
  -6.5600000    0.0940192
  -6.5400000    0.0917238
  -6.5200000    0.0888488
  -6.5000000    0.0854105
  -6.4800000    0.0814674
  -6.4600000    0.0771156
  -6.4400000    0.0724813
  -6.4200000    0.0677095
  -6.4000000    0.0629521
  -6.3800000    0.0583561
  -6.3600000    0.0540542
  -6.3400000    0.0501579
  -6.3200000    0.0467536
  -6.3000000    0.0439021
  -6.2800000    0.0416404
  -6.2600000    0.0399849
  -6.2400000    0.0389354
  -6.2200000    0.0384797
  -6.2000000    0.0385962
  -6.1800000    0.0392572
  -6.1600000    0.0404293
  -6.1400000    0.0420743
  -6.1200000    0.0441486
  -6.1000000    0.0466020
  -6.0800000    0.0493770
  -6.0600000    0.0524086
  -6.0400000    0.0556245
  -6.0200000    0.0589468
  -6.0000000    0.0622950
  -5.9800000    0.0655895
  -5.9600000    0.0687575
  -5.9400000    0.0717380
  -5.9200000    0.0744885
  -5.9000000    0.0769897
  -5.8800000    0.0792502
  -5.8600000    0.0813084
  -5.8400000    0.0832328
  -5.8200000    0.0851184
  -5.8000000    0.0870815
  -5.7800000    0.0892512
  -5.7600000    0.0917594
  -5.7400000    0.0947294
  -5.7200000    0.0982660
  -5.7000000    0.1024450
  -5.6800000    0.1073071
  -5.6600000    0.1128532
  -5.6400000    0.1190451
  -5.6200000    0.1258080
  -5.6000000    0.1330369
  -5.5800000    0.1406054
  -5.5600000    0.1483745
  -5.5400000    0.1562022
  -5.5200000    0.1639513
  -5.5000000    0.1714948
  -5.4800000    0.1787198
  -5.4600000    0.1855281
  -5.4400000    0.1918355
  -5.4200000    0.1975699
  -5.4000000    0.2026689
  -5.3800000    0.2070784
  -5.3600000    0.2107523
  -5.3400000    0.2136536
  -5.3200000    0.2157565
  -5.3000000    0.2170501
  -5.2800000    0.2175412
  -5.2600000    0.2172570
  -5.2400000    0.2162465
  -5.2200000    0.2145794
  -5.2000000    0.2123434
  -5.1800000    0.2096399
  -5.1600000    0.2065770
  -5.1400000    0.2032635
  -5.1200000    0.1998017
  -5.1000000    0.1962813
  -5.0800000    0.1927751
  -5.0600000    0.1893365
  -5.0400000    0.1859990
  -5.0200000    0.1827783
  -5.0000000    0.1796756
  -4.9800000    0.1766826
  -4.9600000    0.1737871
  -4.9400000    0.1709776
  -4.9200000    0.1682480
  -4.9000000    0.1655997
  -4.8800000    0.1630423
  -4.8600000    0.1605919
  -4.8400000    0.1582676
  -4.8200000    0.1560873
  -4.8000000    0.1540621
  -4.7800000    0.1521922
  -4.7600000    0.1504633
  -4.7400000    0.1488462
  -4.7200000    0.1472970
  -4.7000000    0.1457614
  -4.6800000    0.1441795
  -4.6600000    0.1424926
  -4.6400000    0.1406493
  -4.6200000    0.1386118
  -4.6000000    0.1363599
  -4.5800000    0.1338932
  -4.5600000    0.1312308
  -4.5400000    0.1284093
  -4.5200000    0.1254788
  -4.5000000    0.1224988
  -4.4800000    0.1195327
  -4.4600000    0.1166456
  -4.4400000    0.1139015
  -4.4200000    0.1113643
  -4.4000000    0.1091000
  -4.3800000    0.1071817
  -4.3600000    0.1056947
  -4.3400000    0.1047431
  -4.3200000    0.1044537
  -4.3000000    0.1049785
  -4.2800000    0.1064919
  -4.2600000    0.1091830
  -4.2400000    0.1132414
  -4.2200000    0.1188368
  -4.2000000    0.1260935
  -4.1800000    0.1350614
  -4.1600000    0.1456872
  -4.1400000    0.1577900
  -4.1200000    0.1710450
  -4.1000000    0.1849807
  -4.0800000    0.1989917
  -4.0600000    0.2123700
  -4.0400000    0.2243522
  -4.0200000    0.2341803
  -4.0000000    0.2411692
  -3.9800000    0.2447739
  -3.9600000    0.2446467
  -3.9400000    0.2406772
  -3.9200000    0.2330094
  -3.9000000    0.2220321
  -3.8800000    0.2083446
  -3.8600000    0.1927002
  -3.8400000    0.1759368
  -3.8200000    0.1589013
  -3.8000000    0.1423787
  -3.7800000    0.1270323
  -3.7600000    0.1133624
  -3.7400000    0.1016848
  -3.7200000    0.0921312
  -3.7000000    0.0846657
  -3.6800000    0.0791162
  -3.6600000    0.0752130
  -3.6400000    0.0726296
  -3.6200000    0.0710217
  -3.6000000    0.0700589
  -3.5800000    0.0694498
  -3.5600000    0.0689572
  -3.5400000    0.0684052
  -3.5200000    0.0676797
  -3.5000000    0.0667232
  -3.4800000    0.0655266
  -3.4600000    0.0641200
  -3.4400000    0.0625637
  -3.4200000    0.0609400
  -3.4000000    0.0593485
  -3.3800000    0.0579028
  -3.3600000    0.0567297
  -3.3400000    0.0559702
  -3.3200000    0.0557799
  -3.3000000    0.0563295
  -3.2800000    0.0578014
  -3.2600000    0.0603828
  -3.2400000    0.0642541
  -3.2200000    0.0695721
  -3.2000000    0.0764486
  -3.1800000    0.0849278
  -3.1600000    0.0949640
  -3.1400000    0.1064047
  -3.1200000    0.1189825
  -3.1000000    0.1323204
  -3.0800000    0.1459513
  -3.0600000    0.1593546
  -3.0400000    0.1720047
  -3.0200000    0.1834300
  -3.0000000    0.1932728
  -2.9800000    0.2013431
  -2.9600000    0.2076570
  -2.9400000    0.2124531
  -2.9200000    0.2161810
  -2.9000000    0.2194603
  -2.8800000    0.2230148
  -2.8600000    0.2275858
  -2.8400000    0.2338376
  -2.8200000    0.2422655
  -2.8000000    0.2531193
  -2.7800000    0.2663538
  -2.7600000    0.2816136
  -2.7400000    0.2982553
  -2.7200000    0.3154056
  -2.7000000    0.3320485
  -2.6800000    0.3471293
  -2.6600000    0.3596637
  -2.6400000    0.3688359
  -2.6200000    0.3740747
  -2.6000000    0.3750973
  -2.5800000    0.3719185
  -2.5600000    0.3648256
  -2.5400000    0.3543270
  -2.5200000    0.3410840
  -2.5000000    0.3258389
  -2.4800000    0.3093511
  -2.4600000    0.2923498
  -2.4400000    0.2755089
  -2.4200000    0.2594446
  -2.4000000    0.2447288
  -2.3800000    0.2319142
  -2.3600000    0.2215565
  -2.3400000    0.2142280
  -2.3200000    0.2105122
  -2.3000000    0.2109760
  -2.2800000    0.2161197
  -2.2600000    0.2263091
  -2.2400000    0.2416977
  -2.2200000    0.2621521
  -2.2000000    0.2871919
  -2.1800000    0.3159561
  -2.1600000    0.3472088
  -2.1400000    0.3793858
  -2.1200000    0.4106858
  -2.1000000    0.4391992
  -2.0800000    0.4630623
  -2.0600000    0.4806210
  -2.0400000    0.4905862
  -2.0200000    0.4921600
  -2.0000000    0.4851181
  -1.9800000    0.4698377
  -1.9600000    0.4472667
  -1.9400000    0.4188381
  -1.9200000    0.3863426
  -1.9000000    0.3517716
  -1.8800000    0.3171533
  -1.8600000    0.2843961
  -1.8400000    0.2551575
  -1.8200000    0.2307466
  -1.8000000    0.2120666
  -1.7800000    0.1995960
  -1.7600000    0.1934037
  -1.7400000    0.1931900
  -1.7200000    0.1983457
  -1.7000000    0.2080202
  -1.6800000    0.2211917
  -1.6600000    0.2367357
  -1.6400000    0.2534892
  -1.6200000    0.2703090
  -1.6000000    0.2861261
  -1.5800000    0.2999944
  -1.5600000    0.3111352
  -1.5400000    0.3189767
  -1.5200000    0.3231837
  -1.5000000    0.3236774
  -1.4800000    0.3206398
  -1.4600000    0.3144992
  -1.4400000    0.3058970
  -1.4200000    0.2956340
  -1.4000000    0.2845998
  -1.3800000    0.2736908
  -1.3600000    0.2637246
  -1.3400000    0.2553596
  -1.3200000    0.2490301
  -1.3000000    0.2449038
  -1.2800000    0.2428686
  -1.2600000    0.2425502
  -1.2400000    0.2433588
  -1.2200000    0.2445595
  -1.2000000    0.2453573
  -1.1800000    0.2449864
  -1.1600000    0.2427919
  -1.1400000    0.2382965
  -1.1200000    0.2312431
  -1.1000000    0.2216114
  -1.0800000    0.2096084
  -1.0600000    0.1956372
  -1.0400000    0.1802497
  -1.0200000    0.1640908
  -1.0000000    0.1478419
  -0.9800000    0.1321696
  -0.9600000    0.1176836
  -0.9400000    0.1049064
  -0.9200000    0.0942548
  -0.9000000    0.0860314
  -0.8800000    0.0804248
  -0.8600000    0.0775144
  -0.8400000    0.0772794
  -0.8200000    0.0796095
  -0.8000000    0.0843158
  -0.7800000    0.0911441
  -0.7600000    0.0997874
  -0.7400000    0.1099013
  -0.7200000    0.1211202
  -0.7000000    0.1330760
  -0.6800000    0.1454174
  -0.6600000    0.1578318
  -0.6400000    0.1700690
  -0.6200000    0.1819667
  -0.6000000    0.1934811
  -0.5800000    0.2047256
  -0.5600000    0.2160213
  -0.5400000    0.2279672
  -0.5200000    0.2415359
  -0.5000000    0.2582034
  -0.4800000    0.2801164
  -0.4600000    0.3102996
  -0.4400000    0.3528943
  -0.4200000    0.4134109
  -0.4000000    0.4989628
  -0.3800000    0.6184348
  -0.3600000    0.7825220
  -0.3400000    1.0035682
  -0.3200000    1.2951314
  -0.3000000    1.6712150
  -0.2800000    2.1451355
  -0.2600000    2.7280435
  -0.2400000    3.4271793
  -0.2200000    4.2440103
  -0.2000000    5.1724680
  -0.1800000    6.1975499
  -0.1600000    7.2945594
  -0.1400000    8.4292373
  -0.1200000    9.5589442
  -0.1000000   10.6349457
  -0.0800000   11.6056763
  -0.0600000   12.4207115
  -0.0400000   13.0350418
  -0.0200000   13.4131392
   0.0000000   13.5323204
   0.0200000   13.3849525
   0.0400000   12.9792165
   0.0600000   12.3383109
   0.0800000   11.4982153
   0.1000000   10.5043066
   0.1200000    9.4072764
   0.1400000    8.2588564
   0.1600000    7.1078456
   0.1800000    5.9968626
   0.2000000    4.9600765
   0.2200000    4.0220409
   0.2400000    3.1975837
   0.2600000    2.4925808
   0.2800000    1.9053688
   0.3000000    1.4285186
   0.3200000    1.0507021
   0.3400000    0.7584442
   0.3600000    0.5376041
   0.3800000    0.3745110
   0.4000000    0.2567361
   0.4200000    0.1735291
   0.4400000    0.1159817
   0.4600000    0.0769873
   0.4800000    0.0510699
   0.5000000    0.0341437
   0.5200000    0.0232507
   0.5400000    0.0163096
   0.5600000    0.0118943
   0.5800000    0.0090512
   0.6000000    0.0071561
   0.6200000    0.0058067
   0.6400000    0.0047451
   0.6600000    0.0038040
   0.6800000    0.0028711
   0.7000000    0.0018656
   0.7200000    0.0007246
   0.7400000   -0.0006053
   0.7600000   -0.0021716
   0.7800000   -0.0040168
   0.8000000   -0.0061776
   0.8200000   -0.0086837
   0.8400000   -0.0115549
   0.8600000   -0.0147992
   0.8800000   -0.0184108
   0.9000000   -0.0223689
   0.9200000   -0.0266373
   0.9400000   -0.0311653
   0.9600000   -0.0358893
   0.9800000   -0.0407356
   1.0000000   -0.0456240
   1.0200000   -0.0504714
   1.0400000   -0.0551961
   1.0600000   -0.0597215
   1.0800000   -0.0639789
   1.1000000   -0.0679107
   1.1200000   -0.0714710
   1.1400000   -0.0746266
   1.1600000   -0.0773561
   1.1800000   -0.0796479
   1.2000000   -0.0814982
   1.2200000   -0.0829077
   1.2400000   -0.0838783
   1.2600000   -0.0844098
   1.2800000   -0.0844980
   1.3000000   -0.0841332
   1.3200000   -0.0833003
   1.3400000   -0.0819812
   1.3600000   -0.0801585
   1.3800000   -0.0778206
   1.4000000   -0.0749681
   1.4200000   -0.0716199
   1.4400000   -0.0678181
   1.4600000   -0.0636313
   1.4800000   -0.0591548
   1.5000000   -0.0545080
   1.5200000   -0.0498277
   1.5400000   -0.0452606
   1.5600000   -0.0409526
   1.5800000   -0.0370399
   1.6000000   -0.0336404
   1.6200000   -0.0308487
   1.6400000   -0.0287334
   1.6600000   -0.0273386
   1.6800000   -0.0266872
   1.7000000   -0.0267863
   1.7200000   -0.0276323
   1.7400000   -0.0292143
   1.7600000   -0.0315160
   1.7800000   -0.0345144
   1.8000000   -0.0381761
   1.8200000   -0.0424531
   1.8400000   -0.0472767
   1.8600000   -0.0525540
   1.8800000   -0.0581662
   1.9000000   -0.0639694
   1.9200000   -0.0698001
   1.9400000   -0.0754824
   1.9600000   -0.0808389
   1.9800000   -0.0857022
   2.0000000   -0.0899263
   2.0200000   -0.0933970
   2.0400000   -0.0960395
   2.0600000   -0.0978222
   2.0800000   -0.0987576
   2.1000000   -0.0988977
   2.1200000   -0.0983278
   2.1400000   -0.0971561
   2.1600000   -0.0955039
   2.1800000   -0.0934946
   2.2000000   -0.0912454
   2.2200000   -0.0888609
   2.2400000   -0.0864309
   2.2600000   -0.0840300
   2.2800000   -0.0817209
   2.3000000   -0.0795586
   2.3200000   -0.0775948
   2.3400000   -0.0758805
   2.3600000   -0.0744672
   2.3800000   -0.0734040
   2.4000000   -0.0727326
   2.4200000   -0.0724802
   2.4400000   -0.0726511
   2.4600000   -0.0732191
   2.4800000   -0.0741231
   2.5000000   -0.0752650
   2.5200000   -0.0765130
   2.5400000   -0.0777098
   2.5600000   -0.0786844
   2.5800000   -0.0792678
   2.6000000   -0.0793095
   2.6200000   -0.0786943
   2.6400000   -0.0773562
   2.6600000   -0.0752881
   2.6800000   -0.0725464
   2.7000000   -0.0692489
   2.7200000   -0.0655662
   2.7400000   -0.0617086
   2.7600000   -0.0579080
   2.7800000   -0.0543987
   2.8000000   -0.0513979
   2.8200000   -0.0490891
   2.8400000   -0.0476089
   2.8600000   -0.0470395
   2.8800000   -0.0474069
   2.9000000   -0.0486832
   2.9200000   -0.0507938
   2.9400000   -0.0536263
   2.9600000   -0.0570405
   2.9800000   -0.0608784
   3.0000000   -0.0649729
   3.0200000   -0.0691549
   3.0400000   -0.0732595
   3.0600000   -0.0771316
   3.0800000   -0.0806303
   3.1000000   -0.0836347
   3.1200000   -0.0860476
   3.1400000   -0.0877997
   3.1600000   -0.0888513
   3.1800000   -0.0891916
   3.2000000   -0.0888347
   3.2200000   -0.0878127
   3.2400000   -0.0861664
   3.2600000   -0.0839342
   3.2800000   -0.0811422
   3.3000000   -0.0777967
   3.3200000   -0.0738805
   3.3400000   -0.0693547
   3.3600000   -0.0641655
   3.3800000   -0.0582564
   3.4000000   -0.0515823
   3.4200000   -0.0441263
   3.4400000   -0.0359130
   3.4600000   -0.0270200
   3.4800000   -0.0175821
   3.5000000   -0.0077903
   3.5200000    0.0021174
   3.5400000    0.0118707
   3.5600000    0.0211870
   3.5800000    0.0297930
   3.6000000    0.0374477
   3.6200000    0.0439609
   3.6400000    0.0492077
   3.6600000    0.0531350
   3.6800000    0.0557602
   3.7000000    0.0571612
   3.7200000    0.0574604
   3.7400000    0.0568034
   3.7600000    0.0553364
   3.7800000    0.0531866
   3.8000000    0.0504473
   3.8200000    0.0471716
   3.8400000    0.0433750
   3.8600000    0.0390472
   3.8800000    0.0341695
   3.9000000    0.0287363
   3.9200000    0.0227745
   3.9400000    0.0163578
   3.9600000    0.0096121
   3.9800000    0.0027106
   4.0000000   -0.0041414
   4.0200000   -0.0107290
   4.0400000   -0.0168552
   4.0600000   -0.0223663
   4.0800000   -0.0271728
   4.1000000   -0.0312605
   4.1200000   -0.0346903
   4.1400000   -0.0375864
   4.1600000   -0.0401144
   4.1800000   -0.0424538
   4.2000000   -0.0447684
   4.2200000   -0.0471794
   4.2400000   -0.0497452
   4.2600000   -0.0524515
   4.2800000   -0.0552115
   4.3000000   -0.0578767
   4.3200000   -0.0602566
   4.3400000   -0.0621432
   4.3600000   -0.0633378
   4.3800000   -0.0636765
   4.4000000   -0.0630508
   4.4200000   -0.0614223
   4.4400000   -0.0588291
   4.4600000   -0.0553857
   4.4800000   -0.0512763
   4.5000000   -0.0467429
   4.5200000   -0.0420717
   4.5400000   -0.0375772
   4.5600000   -0.0335872
   4.5800000   -0.0304290
   4.6000000   -0.0284153
   4.6200000   -0.0278316
   4.6400000   -0.0289229
   4.6600000   -0.0318793
   4.6800000   -0.0368214
   4.7000000   -0.0437847
   4.7200000   -0.0527063
   4.7400000   -0.0634151
   4.7600000   -0.0756281
   4.7800000   -0.0889572
   4.8000000   -0.1029257
   4.8200000   -0.1169975
   4.8400000   -0.1306168
   4.8600000   -0.1432546
   4.8800000   -0.1544578
   4.9000000   -0.1638951
   4.9200000   -0.1713917
   4.9400000   -0.1769492
   4.9600000   -0.1807444
   4.9800000   -0.1831079
   5.0000000   -0.1844821
   5.0200000   -0.1853646
   5.0400000   -0.1862432
   5.0600000   -0.1875319
   5.0800000   -0.1895156
   5.1000000   -0.1923121
   5.1200000   -0.1958572
   5.1400000   -0.1999144
   5.1600000   -0.2041084
   5.1800000   -0.2079779
   5.2000000   -0.2110410
   5.2200000   -0.2128625
   5.2400000   -0.2131159
   5.2600000   -0.2116293
   5.2800000   -0.2084114
   5.3000000   -0.2036525
   5.3200000   -0.1977020
   5.3400000   -0.1910262
   5.3600000   -0.1841517
   5.3800000   -0.1776043
   5.4000000   -0.1718497
   5.4200000   -0.1672458
   5.4400000   -0.1640120
   5.4600000   -0.1622175
   5.4800000   -0.1617906
   5.5000000   -0.1625461
   5.5200000   -0.1642241
   5.5400000   -0.1665364
   5.5600000   -0.1692098
   5.5800000   -0.1720224
   5.6000000   -0.1748256
   5.6200000   -0.1775504
   5.6400000   -0.1801958
   5.6600000   -0.1828044
   5.6800000   -0.1854284
   5.7000000   -0.1880928
   5.7200000   -0.1907635
   5.7400000   -0.1933254
   5.7600000   -0.1955753
   5.7800000   -0.1972313
   5.8000000   -0.1979573
   5.8200000   -0.1973997
   5.8400000   -0.1952294
   5.8600000   -0.1911844
   5.8800000   -0.1851055
   5.9000000   -0.1769612
   5.9200000   -0.1668577
   5.9400000   -0.1550352
   5.9600000   -0.1418504
   5.9800000   -0.1277490
   6.0000000   -0.1132329
   6.0200000   -0.0988260
   6.0400000   -0.0850420
   6.0600000   -0.0723573
   6.0800000   -0.0611898
   6.1000000   -0.0518853
   6.1200000   -0.0447075
   6.1400000   -0.0398343
   6.1600000   -0.0373555
   6.1800000   -0.0372735
   6.2000000   -0.0395054
   6.2200000   -0.0438875
   6.2400000   -0.0501816
   6.2600000   -0.0580858
   6.2800000   -0.0672481
   6.3000000   -0.0772854
   6.3200000   -0.0878034
   6.3400000   -0.0984202
   6.3600000   -0.1087872
   6.3800000   -0.1186082
   6.4000000   -0.1276527
   6.4200000   -0.1357625
   6.4400000   -0.1428517
   6.4600000   -0.1488999
   6.4800000   -0.1539404
   6.5000000   -0.1580459
   6.5200000   -0.1613131
   6.5400000   -0.1638492
   6.5600000   -0.1657593
   6.5800000   -0.1671385
   6.6000000   -0.1680651
   6.6200000   -0.1685966
   6.6400000   -0.1687672
   6.6600000   -0.1685859
   6.6800000   -0.1680370
   6.7000000   -0.1670813
   6.7200000   -0.1656608
   6.7400000   -0.1637054
   6.7600000   -0.1611434
   6.7800000   -0.1579139
   6.8000000   -0.1539803
   6.8200000   -0.1493433
   6.8400000   -0.1440502
   6.8600000   -0.1382004
   6.8800000   -0.1319446
   6.9000000   -0.1254772
   6.9200000   -0.1190242
   6.9400000   -0.1128257
   6.9600000   -0.1071167
   6.9800000   -0.1021079
   7.0000000   -0.0979691
   7.0200000   -0.0948158
   7.0400000   -0.0927020
   7.0600000   -0.0916187
   7.0800000   -0.0914973
   7.1000000   -0.0922192
   7.1200000   -0.0936280
   7.1400000   -0.0955452
   7.1600000   -0.0977853
   7.1800000   -0.1001715
   7.2000000   -0.1025482
   7.2200000   -0.1047912
   7.2400000   -0.1068139
   7.2600000   -0.1085693
   7.2800000   -0.1100495
   7.3000000   -0.1112811
   7.3200000   -0.1123189
   7.3400000   -0.1132385
   7.3600000   -0.1141277
   7.3800000   -0.1150784
   7.4000000   -0.1161789
   7.4200000   -0.1175069
   7.4400000   -0.1191236
   7.4600000   -0.1210685
   7.4800000   -0.1233557
   7.5000000   -0.1259714
   7.5200000   -0.1288731
   7.5400000   -0.1319912
   7.5600000   -0.1352319
   7.5800000   -0.1384836
   7.6000000   -0.1416241
   7.6200000   -0.1445292
   7.6400000   -0.1470817
   7.6600000   -0.1491795
   7.6800000   -0.1507416
   7.7000000   -0.1517124
   7.7200000   -0.1520625
   7.7400000   -0.1517883
   7.7600000   -0.1509095
   7.7800000   -0.1494665
   7.8000000   -0.1475181
   7.8200000   -0.1451401
   7.8400000   -0.1424245
   7.8600000   -0.1394796
   7.8800000   -0.1364284
   7.9000000   -0.1334058
   7.9200000   -0.1305520
   7.9400000   -0.1280027
   7.9600000   -0.1258762
   7.9800000   -0.1242592
   8.0000000   -0.1231921
   8.0200000   -0.1226585
   8.0400000   -0.1225794
   8.0600000   -0.1228151
   8.0800000   -0.1231753
   8.1000000   -0.1234360
   8.1200000   -0.1233625
   8.1400000   -0.1227349
   8.1600000   -0.1213715
   8.1800000   -0.1191495
   8.2000000   -0.1160167
   8.2200000   -0.1119964
   8.2400000   -0.1071822
   8.2600000   -0.1017256
   8.2800000   -0.0958183
   8.3000000   -0.0896718
   8.3200000   -0.0834969
   8.3400000   -0.0774861
   8.3600000   -0.0718005
   8.3800000   -0.0665619
   8.4000000   -0.0618501
   8.4200000   -0.0577046
   8.4400000   -0.0541307
   8.4600000   -0.0511062
   8.4800000   -0.0485900
   8.5000000   -0.0465296
   8.5200000   -0.0448681
   8.5400000   -0.0435486
   8.5600000   -0.0425182
   8.5800000   -0.0417296
   8.6000000   -0.0411425
   8.6200000   -0.0407228
   8.6400000   -0.0404428
   8.6600000   -0.0402806
   8.6800000   -0.0402185
   8.7000000   -0.0402430
   8.7200000   -0.0403429
   8.7400000   -0.0405088
   8.7600000   -0.0407312
   8.7800000   -0.0409992
   8.8000000   -0.0412993
   8.8200000   -0.0416140
   8.8400000   -0.0419208
   8.8600000   -0.0421925
   8.8800000   -0.0423975
   8.9000000   -0.0425014
   8.9200000   -0.0424689
   8.9400000   -0.0422670
   8.9600000   -0.0418677
   8.9800000   -0.0412506
   9.0000000   -0.0404059
   9.0200000   -0.0393353
   9.0400000   -0.0380534
   9.0600000   -0.0365864
   9.0800000   -0.0349710
   9.1000000   -0.0332516
   9.1200000   -0.0314772
   9.1400000   -0.0296981
   9.1600000   -0.0279619
   9.1800000   -0.0263108
   9.2000000   -0.0247788
   9.2200000   -0.0233900
   9.2400000   -0.0221577
   9.2600000   -0.0210851
   9.2800000   -0.0201660
   9.3000000   -0.0193873
   9.3200000   -0.0187316
   9.3400000   -0.0181804
   9.3600000   -0.0177169
   9.3800000   -0.0173289
   9.4000000   -0.0170110
   9.4200000   -0.0167652
   9.4400000   -0.0166012
   9.4600000   -0.0165345
   9.4800000   -0.0165842
   9.5000000   -0.0167702
   9.5200000   -0.0171097
   9.5400000   -0.0176151
   9.5600000   -0.0182932
   9.5800000   -0.0191467
   9.6000000   -0.0201791
   9.6200000   -0.0214020
   9.6400000   -0.0228467
   9.6600000   -0.0245774
   9.6800000   -0.0267061
   9.7000000   -0.0294071
   9.7200000   -0.0329276
   9.7400000   -0.0375935
   9.7600000   -0.0438060
   9.7800000   -0.0520273
   9.8000000   -0.0627529
   9.8200000   -0.0764709
   9.8400000   -0.0936086
   9.8600000   -0.1144703
   9.8800000   -0.1391716
   9.9000000   -0.1675778
   9.9200000   -0.1992557
   9.9400000   -0.2334472
   9.9600000   -0.2690733
   9.9800000   -0.3047739
  10.0000000   -0.3389832
  10.0200000   -0.3700379
  10.0400000   -0.3963086
  10.0600000   -0.4163406
  10.0800000   -0.4289875
  10.1000000   -0.4335219
  10.1200000   -0.4297078
  10.1400000   -0.4178244
  10.1600000   -0.3986403
  10.1800000   -0.3733381
  10.2000000   -0.3434023
  10.2200000   -0.3104829
  10.2400000   -0.2762533
  10.2600000   -0.2422786
  10.2800000   -0.2099077
  10.3000000   -0.1802015
  10.3200000   -0.1538993
  10.3400000   -0.1314252
  10.3600000   -0.1129290
  10.3800000   -0.0983550
  10.4000000   -0.0875294
  10.4200000   -0.0802587
  10.4400000   -0.0764314
  10.4600000   -0.0761154
  10.4800000   -0.0796483
  10.5000000   -0.0877140
  10.5200000   -0.1014005
  10.5400000   -0.1222330
  10.5600000   -0.1521724
  10.5800000   -0.1935707
  10.6000000   -0.2490696
  10.6200000   -0.3214368
  10.6400000   -0.4133326
  10.6600000   -0.5270142
  10.6800000   -0.6639904
  10.7000000   -0.8246584
  10.7200000   -1.0079625
  10.7400000   -1.2111271
  10.7600000   -1.4295164
  10.7800000   -1.6566713
  10.8000000   -1.8845522
  10.8200000   -2.1040000
  10.8400000   -2.3053857
  10.8600000   -2.4793963
  10.8800000   -2.6178720
  10.9000000   -2.7145909
  10.9200000   -2.7658993
  10.9400000   -2.7710952
  10.9600000   -2.7325071
  10.9800000   -2.6552452
  11.0000000   -2.5466552
  11.0200000   -2.4155390
  11.0400000   -2.2712472
  11.0600000   -2.1227559
  11.0800000   -1.9778457
  11.1000000   -1.8424783
  11.1200000   -1.7204338
  11.1400000   -1.6132340
  11.1600000   -1.5203361
  11.1800000   -1.4395451
  11.2000000   -1.3675709
  11.2200000   -1.3006434
  11.2400000   -1.2351005
  11.2600000   -1.1678779
  11.2800000   -1.0968528
  11.3000000   -1.0210164
  11.3200000   -0.9404786
  11.3400000   -0.8563307
  11.3600000   -0.7704033
  11.3800000   -0.6849688
  11.4000000   -0.6024341
  11.4200000   -0.5250643
  11.4400000   -0.4547655
  11.4600000   -0.3929415
  11.4800000   -0.3404294
  11.5000000   -0.2975034
  11.5200000   -0.2639340
  11.5400000   -0.2390834
  11.5600000   -0.2220181
  11.5800000   -0.2116235
  11.6000000   -0.2067069
  11.6200000   -0.2060832
  11.6400000   -0.2086386
  11.6600000   -0.2133729
  11.6800000   -0.2194233
  11.7000000   -0.2260736
  11.7200000   -0.2327524
  11.7400000   -0.2390240
  11.7600000   -0.2445767
  11.7800000   -0.2492075
  11.8000000   -0.2528073
  11.8200000   -0.2553456
  11.8400000   -0.2568558
  11.8600000   -0.2574204
  11.8800000   -0.2571573
  11.9000000   -0.2562068
  11.9200000   -0.2547201
  11.9400000   -0.2528488
  11.9600000   -0.2507370
  11.9800000   -0.2485153
  12.0000000   -0.2462966
  12.0200000   -0.2441741
  12.0400000   -0.2422210
  12.0600000   -0.2404911
  12.0800000   -0.2390206
  12.1000000   -0.2378302
  12.1200000   -0.2369286
  12.1400000   -0.2363161
  12.1600000   -0.2359890
  12.1800000   -0.2359452
  12.2000000   -0.2361908
  12.2200000   -0.2367473
  12.2400000   -0.2376589
  12.2600000   -0.2389987
  12.2800000   -0.2408735
  12.3000000   -0.2434245
  12.3200000   -0.2468237
  12.3400000   -0.2512640
  12.3600000   -0.2569432
  12.3800000   -0.2640420
  12.4000000   -0.2726983
  12.4200000   -0.2829784
  12.4400000   -0.2948511
  12.4600000   -0.3081668
  12.4800000   -0.3226466
  12.5000000   -0.3378849
  12.5200000   -0.3533661
  12.5400000   -0.3684986
  12.5600000   -0.3826599
  12.5800000   -0.3952521
  12.6000000   -0.4057593
  12.6200000   -0.4137992
  12.6400000   -0.4191636
  12.6600000   -0.4218389
  12.6800000   -0.4220038
  12.7000000   -0.4200048
  12.7200000   -0.4163085
  12.7400000   -0.4114417
  12.7600000   -0.4059228
  12.7800000   -0.4001977
  12.8000000   -0.3945880
  12.8200000   -0.3892582
  12.8400000   -0.3842082
  12.8600000   -0.3792897
  12.8800000   -0.3742441
  12.9000000   -0.3687561
  12.9200000   -0.3625132
  12.9400000   -0.3552621
  12.9600000   -0.3468554
  12.9800000   -0.3372792
  13.0000000   -0.3266613
  13.0200000   -0.3152586
  13.0400000   -0.3034273
  13.0600000   -0.2915808
  13.0800000   -0.2801438
  13.1000000   -0.2695068
  13.1200000   -0.2599897
  13.1400000   -0.2518163
  13.1600000   -0.2451026
  13.1800000   -0.2398587
  13.2000000   -0.2360018
  13.2200000   -0.2333763
  13.2400000   -0.2317786
  13.2600000   -0.2309806
  13.2800000   -0.2307517
  13.3000000   -0.2308749
  13.3200000   -0.2311581
  13.3400000   -0.2314407
  13.3600000   -0.2315974
  13.3800000   -0.2315400
  13.4000000   -0.2312201
  13.4200000   -0.2306333
  13.4400000   -0.2298236
  13.4600000   -0.2288898
  13.4800000   -0.2279885
  13.5000000   -0.2273341
  13.5200000   -0.2271913
  13.5400000   -0.2278596
  13.5600000   -0.2296478
  13.5800000   -0.2328415
  13.6000000   -0.2376647
  13.6200000   -0.2442408
  13.6400000   -0.2525590
  13.6600000   -0.2624508
  13.6800000   -0.2735821
  13.7000000   -0.2854633
  13.7200000   -0.2974793
  13.7400000   -0.3089354
  13.7600000   -0.3191156
  13.7800000   -0.3273464
  13.8000000   -0.3330574
  13.8200000   -0.3358328
  13.8400000   -0.3354462
  13.8600000   -0.3318767
  13.8800000   -0.3253040
  13.9000000   -0.3160849
  13.9200000   -0.3047154
  13.9400000   -0.2917832
  13.9600000   -0.2779173
  13.9800000   -0.2637393
  14.0000000   -0.2498205
  14.0200000   -0.2366483
  14.0400000   -0.2246024
  14.0600000   -0.2139424
  14.0800000   -0.2048039
  14.1000000   -0.1972054
  14.1200000   -0.1910616
  14.1400000   -0.1862050
  14.1600000   -0.1824123
  14.1800000   -0.1794341
  14.2000000   -0.1770277
  14.2200000   -0.1749875
  14.2400000   -0.1731728
  14.2600000   -0.1715283
  14.2800000   -0.1700966
  14.3000000   -0.1690209
  14.3200000   -0.1685374
  14.3400000   -0.1689603
  14.3600000   -0.1706605
  14.3800000   -0.1740410
  14.4000000   -0.1795124
  14.4200000   -0.1874693
  14.4400000   -0.1982693
  14.4600000   -0.2122115
  14.4800000   -0.2295154
  14.5000000   -0.2502960
  14.5200000   -0.2745346
  14.5400000   -0.3020459
  14.5600000   -0.3324447
  14.5800000   -0.3651178
  14.6000000   -0.3992080
  14.6200000   -0.4336196
  14.6400000   -0.4670502
  14.6600000   -0.4980526
  14.6800000   -0.5251251
  14.7000000   -0.5468225
  14.7200000   -0.5618761
  14.7400000   -0.5693082
  14.7600000   -0.5685240
  14.7800000   -0.5593722
  14.8000000   -0.5421622
  14.8200000   -0.5176429
  14.8400000   -0.4869469
  14.8600000   -0.4515149
  14.8800000   -0.4130184
  14.9000000   -0.3732972
  14.9200000   -0.3343270
  14.9400000   -0.2982275
  14.9600000   -0.2673100
  14.9800000   -0.2441570
  15.0000000   -0.2317188
  15.0200000   -0.2333984
  15.0400000   -0.2530991
  15.0600000   -0.2952000
  15.0800000   -0.3644316
  15.1000000   -0.4656300
  15.1200000   -0.6033591
  15.1400000   -0.7814111
  15.1600000   -1.0022158
  15.1800000   -1.2662130
  15.2000000   -1.5712625
  15.2200000   -1.9121829
  15.2400000   -2.2805110
  15.2600000   -2.6645629
  15.2800000   -3.0498494
  15.3000000   -3.4198574
  15.3200000   -3.7571551
  15.3400000   -4.0447256
  15.3600000   -4.2673900
  15.3800000   -4.4131542
  15.4000000   -4.4743116
  15.4200000   -4.4481519
  15.4400000   -4.3371890
  15.4600000   -4.1488692
  15.4800000   -3.8948106
  15.5000000   -3.5896658
  15.5200000   -3.2497740
  15.5400000   -2.8917598
  15.5600000   -2.5312515
  15.5800000   -2.1818481
  15.6000000   -1.8544199
  15.6200000   -1.5567734
  15.6400000   -1.2936564
  15.6600000   -1.0670394
  15.6800000   -0.8765892
  15.7000000   -0.7202366
  15.7200000   -0.5947544
  15.7400000   -0.4962798
  15.7600000   -0.4207380
  15.7800000   -0.3641510
  15.8000000   -0.3228351
  15.8200000   -0.2935046
  15.8400000   -0.2733065
  15.8600000   -0.2598123
  15.8800000   -0.2509872
  15.9000000   -0.2451538
  15.9200000   -0.2409580
  15.9400000   -0.2373396
  15.9600000   -0.2335072
  15.9800000   -0.2289130
  16.0000000   -0.2232259
  16.0200000   -0.2163001
  16.0400000   -0.2081394
  16.0600000   -0.1988590
  16.0800000   -0.1886484
  16.1000000   -0.1777379
  16.1200000   -0.1663715
  16.1400000   -0.1547897
  16.1600000   -0.1432190
  16.1800000   -0.1318711
  16.2000000   -0.1209455
  16.2200000   -0.1106363
  16.2400000   -0.1011365
  16.2600000   -0.0926410
  16.2800000   -0.0853430
  16.3000000   -0.0794256
  16.3200000   -0.0750478
  16.3400000   -0.0723252
  16.3600000   -0.0713101
  16.3800000   -0.0719708
  16.4000000   -0.0741750
  16.4200000   -0.0776807
  16.4400000   -0.0821355
  16.4600000   -0.0870876
  16.4800000   -0.0920091
  16.5000000   -0.0963289
  16.5200000   -0.0994754
  16.5400000   -0.1009231
  16.5600000   -0.1002386
  16.5800000   -0.0971220
  16.6000000   -0.0914384
  16.6200000   -0.0832363
  16.6400000   -0.0727515
  16.6600000   -0.0603970
  16.6800000   -0.0467405
  16.7000000   -0.0324730
  16.7200000   -0.0183719
  16.7400000   -0.0052616
  16.7600000    0.0060263
  16.7800000    0.0146917
  16.8000000    0.0200047
  16.8200000    0.0213444
  16.8400000    0.0182383
  16.8600000    0.0104009
  16.8800000   -0.0022286
  16.9000000   -0.0194563
  16.9200000   -0.0408146
  16.9400000   -0.0655597
  16.9600000   -0.0926919
  16.9800000   -0.1209990
  17.0000000   -0.1491231
  17.0200000   -0.1756473
  17.0400000   -0.1991920
  17.0600000   -0.2185129
  17.0800000   -0.2325887
  17.1000000   -0.2406867
  17.1200000   -0.2424014
  17.1400000   -0.2376602
  17.1600000   -0.2266973
  17.1800000   -0.2100031
  17.2000000   -0.1882556
  17.2200000   -0.1622468
  17.2400000   -0.1328136
  17.2600000   -0.1007837
  17.2800000   -0.0669424
  17.3000000   -0.0320205
  17.3200000    0.0032968
  17.3400000    0.0383478
  17.3600000    0.0724679
  17.3800000    0.1049669
  17.4000000    0.1351198
  17.4200000    0.1621757
  17.4400000    0.1853882
  17.4600000    0.2040619
  17.4800000    0.2176128
  17.5000000    0.2256296
  17.5200000    0.2279287
  17.5400000    0.2245909
  17.5600000    0.2159750
  17.5800000    0.2027028
  17.6000000    0.1856171
  17.6200000    0.1657181
  17.6400000    0.1440846
  17.6600000    0.1217916
  17.6800000    0.0998323
  17.7000000    0.0790542
  17.7200000    0.0601145
  17.7400000    0.0434580
  17.7600000    0.0293158
  17.7800000    0.0177233
  17.8000000    0.0085503
  17.8200000    0.0015399
  17.8400000   -0.0036523
  17.8600000   -0.0074214
  17.8800000   -0.0101832
  17.9000000   -0.0123522
  17.9200000   -0.0143282
  17.9400000   -0.0164902
  17.9600000   -0.0191952
  17.9800000   -0.0227800
  18.0000000   -0.0275632
  18.0200000   -0.0338460
  18.0400000   -0.0419088
  18.0600000   -0.0520039
  18.0800000   -0.0643444
  18.1000000   -0.0790885
  18.1200000   -0.0963221
  18.1400000   -0.1160400
  18.1600000   -0.1381289
  18.1800000   -0.1623533
  18.2000000   -0.1883459
  18.2200000   -0.2156061
  18.2400000   -0.2435056
  18.2600000   -0.2713033
  18.2800000   -0.2981702
  18.3000000   -0.3232223
  18.3200000   -0.3455626
  18.3400000   -0.3643291
  18.3600000   -0.3787463
  18.3800000   -0.3881773
  18.4000000   -0.3921716
  18.4200000   -0.3905049
  18.4400000   -0.3832062
  18.4600000   -0.3705689
  18.4800000   -0.3531428
  18.5000000   -0.3317076
  18.5200000   -0.3072273
  18.5400000   -0.2807901
  18.5600000   -0.2535380
  18.5800000   -0.2265914
  18.6000000   -0.2009761
  18.6200000   -0.1775581
  18.6400000   -0.1569917
  18.6600000   -0.1396848
  18.6800000   -0.1257838
  18.7000000   -0.1151788
  18.7200000   -0.1075280
  18.7400000   -0.1022991
  18.7600000   -0.0988233
  18.7800000   -0.0963584
  18.8000000   -0.0941547
  18.8200000   -0.0915201
  18.8400000   -0.0878763
  18.8600000   -0.0828047
  18.8800000   -0.0760758
  18.9000000   -0.0676606
  18.9200000   -0.0577243
  18.9400000   -0.0466015
  18.9600000   -0.0347571
  18.9800000   -0.0227372
  19.0000000   -0.0111146
  19.0200000   -0.0004358
  19.0400000    0.0088260
  19.0600000    0.0163074
  19.0800000    0.0217772
  19.1000000    0.0251434
  19.1200000    0.0264471
  19.1400000    0.0258434
  19.1600000    0.0235743
  19.1800000    0.0199377
  19.2000000    0.0152555
  19.2200000    0.0098459
  19.2400000    0.0040008
  19.2600000   -0.0020287
  19.2800000   -0.0080395
  19.3000000   -0.0138777
  19.3200000   -0.0194338
  19.3400000   -0.0246351
  19.3600000   -0.0294368
  19.3800000   -0.0338133
  19.4000000   -0.0377502
  19.4200000   -0.0412392
  19.4400000   -0.0442734
  19.4600000   -0.0468449
  19.4800000   -0.0489433
  19.5000000   -0.0505541
  19.5200000   -0.0516576
  19.5400000   -0.0522275
  19.5600000   -0.0522304
  19.5800000   -0.0516251
  19.6000000   -0.0503636
  19.6200000   -0.0483938
  19.6400000   -0.0456646
  19.6600000   -0.0421322
  19.6800000   -0.0377695
  19.7000000   -0.0325753
  19.7200000   -0.0265847
  19.7400000   -0.0198766
  19.7600000   -0.0125803
  19.7800000   -0.0048758
  19.8000000    0.0030095
  19.8200000    0.0108105
  19.8400000    0.0182393
  19.8600000    0.0250047
  19.8800000    0.0308336
  19.9000000    0.0354935
  19.9200000    0.0388118
  19.9400000    0.0406903
  19.9600000    0.0411135
  19.9800000    0.0401479
  20.0000000    0.0379337
  20.0200000    0.0346702
  20.0400000    0.0305946
  20.0600000    0.0259600
  20.0800000    0.0210125
  20.1000000    0.0159724
  20.1200000    0.0110195
  20.1400000    0.0062851
  20.1600000    0.0018502
  20.1800000   -0.0022503
  20.2000000   -0.0060191
  20.2200000   -0.0094853
  20.2400000   -0.0126925
  20.2600000   -0.0156872
  20.2800000   -0.0185106
  20.3000000   -0.0211921
  20.3200000   -0.0237476
  20.3400000   -0.0261801
  20.3600000   -0.0284825
  20.3800000   -0.0306429
  20.4000000   -0.0326491
  20.4200000   -0.0344930
  20.4400000   -0.0361741
  20.4600000   -0.0377005
  20.4800000   -0.0390880
  20.5000000   -0.0403588
  20.5200000   -0.0415379
  20.5400000   -0.0426500
  20.5600000   -0.0437167
  20.5800000   -0.0447549
  20.6000000   -0.0457752
  20.6200000   -0.0467831
  20.6400000   -0.0477799
  20.6600000   -0.0487637
  20.6800000   -0.0497305
  20.7000000   -0.0506741
  20.7200000   -0.0515845
  20.7400000   -0.0524447
  20.7600000   -0.0532264
  20.7800000   -0.0538856
  20.8000000   -0.0543573
  20.8200000   -0.0545534
  20.8400000   -0.0543616
  20.8600000   -0.0536488
  20.8800000   -0.0522691
  20.9000000   -0.0500751
  20.9200000   -0.0469347
  20.9400000   -0.0427501
  20.9600000   -0.0374792
  20.9800000   -0.0311552
  21.0000000   -0.0239035
  21.0200000   -0.0159530
  21.0400000   -0.0076378
  21.0600000    0.0006096
  21.0800000    0.0082776
  21.1000000    0.0148038
  21.1200000    0.0196132
  21.1400000    0.0221614
  21.1600000    0.0219803
  21.1800000    0.0187209
  21.2000000    0.0121902
  21.2200000    0.0023770
  21.2400000   -0.0105348
  21.2600000   -0.0261677
  21.2800000   -0.0439675
  21.3000000   -0.0632339
  21.3200000   -0.0831627
  21.3400000   -0.1028965
  21.3600000   -0.1215809
  21.3800000   -0.1384202
  21.4000000   -0.1527295
  21.4200000   -0.1639788
  21.4400000   -0.1718241
  21.4600000   -0.1761249
  21.4800000   -0.1769450
  21.5000000   -0.1745374
  21.5200000   -0.1693148
  21.5400000   -0.1618097
  21.5600000   -0.1526281
  21.5800000   -0.1424009
  21.6000000   -0.1317411
  21.6200000   -0.1212072
  21.6400000   -0.1112803
  21.6600000   -0.1023534
  21.6800000   -0.0947355
  21.7000000   -0.0886683
  21.7200000   -0.0843522
  21.7400000   -0.0819791
  21.7600000   -0.0817669
  21.7800000   -0.0839902
  21.8000000   -0.0890026
  21.8200000   -0.0972461
  21.8400000   -0.1092420
  21.8600000   -0.1255621
  21.8800000   -0.1467774
  21.9000000   -0.1733867
  21.9200000   -0.2057291
  21.9400000   -0.2438886
  21.9600000   -0.2876016
  21.9800000   -0.3361808
  22.0000000   -0.3884704
  22.0200000   -0.4428440
  22.0400000   -0.4972564
  22.0600000   -0.5493503
  22.0800000   -0.5966155
  22.1000000   -0.6365868
  22.1200000   -0.6670612
  22.1400000   -0.6863100
  22.1600000   -0.6932596
  22.1800000   -0.6876168
  22.2000000   -0.6699209
  22.2200000   -0.6415144
  22.2400000   -0.6044332
  22.2600000   -0.5612282
  22.2800000   -0.5147389
  22.3000000   -0.4678434
  22.3200000   -0.4232134
  22.3400000   -0.3830984
  22.3600000   -0.3491610
  22.3800000   -0.3223758
  22.4000000   -0.3030000
  22.4200000   -0.2906116
  22.4400000   -0.2842094
  22.4600000   -0.2823584
  22.4800000   -0.2833642
  22.5000000   -0.2854566
  22.5200000   -0.2869640
  22.5400000   -0.2864607
  22.5600000   -0.2828763
  22.5800000   -0.2755576
  22.6000000   -0.2642834
  22.6200000   -0.2492336
  22.6400000   -0.2309228
  22.6600000   -0.2101093
  22.6800000   -0.1876926
  22.7000000   -0.1646123
  22.7200000   -0.1417594
  22.7400000   -0.1199071
  22.7600000   -0.0996657
  22.7800000   -0.0814615
  22.8000000   -0.0655374
  22.8200000   -0.0519706
  22.8400000   -0.0407013
  22.8600000   -0.0315673
  22.8800000   -0.0243391
  22.9000000   -0.0187521
  22.9200000   -0.0145332
  22.9400000   -0.0114203
  22.9600000   -0.0091762
  22.9800000   -0.0075955
  23.0000000   -0.0065074
  23.0200000   -0.0057745
  23.0400000   -0.0052898
  23.0600000   -0.0049723
  23.0800000   -0.0047620
  23.1000000   -0.0046159
  23.1200000   -0.0045038
  23.1400000   -0.0044048
  23.1600000   -0.0043050
  23.1800000   -0.0041958
  23.2000000   -0.0040722
  23.2200000   -0.0039320
  23.2400000   -0.0037753
  23.2600000   -0.0036038
  23.2800000   -0.0034208
  23.3000000   -0.0032305
  23.3200000   -0.0030385
  23.3400000   -0.0028511
  23.3600000   -0.0026757
  23.3800000   -0.0025206
  23.4000000   -0.0023954
  23.4200000   -0.0023110
  23.4400000   -0.0022799
  23.4600000   -0.0023160
  23.4800000   -0.0024348
  23.5000000   -0.0026529
  23.5200000   -0.0029876
  23.5400000   -0.0034559
  23.5600000   -0.0040733
  23.5800000   -0.0048526
  23.6000000   -0.0058018
  23.6200000   -0.0069234
  23.6400000   -0.0082122
  23.6600000   -0.0096545
  23.6800000   -0.0112283
  23.7000000   -0.0129027
  23.7200000   -0.0146397
  23.7400000   -0.0163956
  23.7600000   -0.0181245
  23.7800000   -0.0197807
  23.8000000   -0.0213230
  23.8200000   -0.0227177
  23.8400000   -0.0239422
  23.8600000   -0.0249867
  23.8800000   -0.0258562
  23.9000000   -0.0265696
  23.9200000   -0.0271588
  23.9400000   -0.0276655
  23.9600000   -0.0281374
  23.9800000   -0.0286237
  24.0000000   -0.0291704
  24.0200000   -0.0298152
  24.0400000   -0.0305845
  24.0600000   -0.0314903
  24.0800000   -0.0325293
  24.1000000   -0.0336835
  24.1200000   -0.0349220
  24.1400000   -0.0362043
  24.1600000   -0.0374849
  24.1800000   -0.0387182
  24.2000000   -0.0398643
  24.2200000   -0.0408943
  24.2400000   -0.0417964
  24.2600000   -0.0425818
  24.2800000   -0.0432900
  24.3000000   -0.0439946
  24.3200000   -0.0448087
  24.3400000   -0.0458894
  24.3600000   -0.0474415
  24.3800000   -0.0497184
  24.4000000   -0.0530200
  24.4200000   -0.0576855
  24.4400000   -0.0640798
  24.4600000   -0.0725723
  24.4800000   -0.0835078
  24.5000000   -0.0971702
  24.5200000   -0.1137406
  24.5400000   -0.1332536
  24.5600000   -0.1555567
  24.5800000   -0.1802798
  24.6000000   -0.2068185
  24.6200000   -0.2343408
  24.6400000   -0.2618162
  24.6600000   -0.2880721
  24.6800000   -0.3118716
  24.7000000   -0.3320078
  24.7200000   -0.3474044
  24.7400000   -0.3572108
  24.7600000   -0.3608804
  24.7800000   -0.3582208
  24.8000000   -0.3494108
  24.8200000   -0.3349798
  24.8400000   -0.3157541
  24.8600000   -0.2927759
  24.8800000   -0.2672062
  24.9000000   -0.2402240
  24.9200000   -0.2129322
  24.9400000   -0.1862820
  24.9600000   -0.1610210
  24.9800000   -0.1376688
  25.0000000   -0.1165177
  25.0200000   -0.0976573
  25.0400000   -0.0810137
  25.0600000   -0.0663987
  25.0800000   -0.0535615
  25.1000000   -0.0422365
  25.1200000   -0.0321823
  25.1400000   -0.0232105
  25.1600000   -0.0152005
  25.1800000   -0.0081037
  25.2000000   -0.0019342
  25.2200000    0.0032466
  25.2400000    0.0073534
  25.2600000    0.0103018
  25.2800000    0.0120322
  25.3000000    0.0125303
  25.3200000    0.0118413
  25.3400000    0.0100764
  25.3600000    0.0074104
  25.3800000    0.0040724
  25.4000000    0.0003290
  25.4200000   -0.0035363
  25.4400000   -0.0072464
  25.4600000   -0.0105523
  25.4800000   -0.0132530
  25.5000000   -0.0152093
  25.5200000   -0.0163528
  25.5400000   -0.0166866
  25.5600000   -0.0162803
  25.5800000   -0.0152592
  25.6000000   -0.0137881
  25.6200000   -0.0120533
  25.6400000   -0.0102427
  25.6600000   -0.0085276
  25.6800000   -0.0070470
  25.7000000   -0.0058970
  25.7200000   -0.0051246
  25.7400000   -0.0047286
  25.7600000   -0.0046653
  25.7800000   -0.0048588
  25.8000000   -0.0052144
  25.8200000   -0.0056326
  25.8400000   -0.0060219
  25.8600000   -0.0063078
  25.8800000   -0.0064381
  25.9000000   -0.0063822
  25.9200000   -0.0061262
  25.9400000   -0.0056646
  25.9600000   -0.0049909
  25.9800000   -0.0040895
  26.0000000   -0.0029311
  26.0200000   -0.0014742
  26.0400000    0.0003259
  26.0600000    0.0025016
  26.0800000    0.0050492
  26.1000000    0.0079001
  26.1200000    0.0108872
  26.1400000    0.0137097
  26.1600000    0.0158977
  26.1800000    0.0167795
  26.2000000    0.0154539
  26.2200000    0.0107718
  26.2400000    0.0013309
  26.2600000   -0.0145100
  26.2800000   -0.0385903
  26.3000000   -0.0728731
  26.3200000   -0.1193318
  26.3400000   -0.1797933
  26.3600000   -0.2557421
  26.3800000   -0.3480944
  26.4000000   -0.4569604
  26.4200000   -0.5814227
  26.4400000   -0.7193635
  26.4600000   -0.8673748
  26.4800000   -1.0207853
  26.5000000   -1.1738232
  26.5200000   -1.3199222
  26.5400000   -1.4521552
  26.5600000   -1.5637600
  26.5800000   -1.6487031
  26.6000000   -1.7022182
  26.6200000   -1.7212490
  26.6400000   -1.7047416
  26.6600000   -1.6537428
  26.6800000   -1.5712959
  26.7000000   -1.4621421
  26.7200000   -1.3322729
  26.7400000   -1.1883882
  26.7600000   -1.0373317
  26.7800000   -0.8855681
  26.8000000   -0.7387575
  26.8200000   -0.6014616
  26.8400000   -0.4769982
  26.8600000   -0.3674325
  26.8800000   -0.2736847
  26.9000000   -0.1957160
  26.9200000   -0.1327551
  26.9400000   -0.0835296
  26.9600000   -0.0464733
  26.9800000   -0.0198929
  27.0000000   -0.0020863
  27.0200000    0.0085850
  27.0400000    0.0136593
  27.0600000    0.0145627
  27.0800000    0.0126079
  27.1000000    0.0089939
  27.1200000    0.0047986
  27.1400000    0.0009640
  27.1600000   -0.0017266
  27.1800000   -0.0026732
  27.2000000   -0.0014803
  27.2200000    0.0020315
  27.2400000    0.0078280
  27.2600000    0.0156801
  27.2800000    0.0251980
  27.3000000    0.0358782
  27.3200000    0.0471579
  27.3400000    0.0584708
  27.3600000    0.0692987
  27.3800000    0.0792119
  27.4000000    0.0878978
  27.4200000    0.0951728
  27.4400000    0.1009798
  27.4600000    0.1053726
  27.4800000    0.1084908
  27.5000000    0.1105295
  27.5200000    0.1117076
  27.5400000    0.1122393
  27.5600000    0.1123106
  27.5800000    0.1120646
  27.6000000    0.1115934
  27.6200000    0.1109393
  27.6400000    0.1101015
  27.6600000    0.1090474
  27.6800000    0.1077267
  27.7000000    0.1060860
  27.7200000    0.1040817
  27.7400000    0.1016920
  27.7600000    0.0989249
  27.7800000    0.0958237
  27.8000000    0.0924690
  27.8200000    0.0889768
  27.8400000    0.0854931
  27.8600000    0.0821841
  27.8800000    0.0792220
  27.9000000    0.0767674
  27.9200000    0.0749480
  27.9400000    0.0738371
  27.9600000    0.0734329
  27.9800000    0.0736428
  28.0000000    0.0742757
  28.0200000    0.0750459
  28.0400000    0.0755897
  28.0600000    0.0754959
  28.0800000    0.0743478
  28.1000000    0.0717736
  28.1200000    0.0674990
  28.1400000    0.0613950
  28.1600000    0.0535144
  28.1800000    0.0441091
  28.2000000    0.0336261
  28.2200000    0.0226786
  28.2400000    0.0119944
  28.2600000    0.0023482
  28.2800000   -0.0055169
  28.3000000   -0.0109665
  28.3200000   -0.0135427
  28.3400000   -0.0130135
  28.3600000   -0.0093967
  28.3800000   -0.0029563
  28.4000000    0.0058285
  28.4200000    0.0163160
  28.4400000    0.0277717
  28.4600000    0.0394441
  28.4800000    0.0506380
  28.5000000    0.0607785
  28.5200000    0.0694575
  28.5400000    0.0764605
  28.5600000    0.0817726
  28.5800000    0.0855643
  28.6000000    0.0881616
  28.6200000    0.0900037
  28.6400000    0.0915937
  28.6600000    0.0934468
  28.6800000    0.0960392
  28.7000000    0.0997623
  28.7200000    0.1048832
  28.7400000    0.1115157
  28.7600000    0.1196026
  28.7800000    0.1289118
  28.8000000    0.1390466
  28.8200000    0.1494714
  28.8400000    0.1595513
  28.8600000    0.1686033
  28.8800000    0.1759543
  28.9000000    0.1810011
  28.9200000    0.1832654
  28.9400000    0.1824388
  28.9600000    0.1784103
  28.9800000    0.1712767
  29.0000000    0.1613309
  29.0200000    0.1490343
  29.0400000    0.1349737
  29.0600000    0.1198119
  29.0800000    0.1042353
  29.1000000    0.0889077
  29.1200000    0.0744329
  29.1400000    0.0613294
  29.1600000    0.0500196
  29.1800000    0.0408293
  29.2000000    0.0339966
  29.2200000    0.0296860
  29.2400000    0.0280014
  29.2600000    0.0289970
  29.2800000    0.0326805
  29.3000000    0.0390093
  29.3200000    0.0478796
  29.3400000    0.0591095
  29.3600000    0.0724218
  29.3800000    0.0874294
  29.4000000    0.1036291
  29.4200000    0.1204064
  29.4400000    0.1370562
  29.4600000    0.1528162
  29.4800000    0.1669140
  29.5000000    0.1786199
  29.5200000    0.1873011
  29.5400000    0.1924684
  29.5600000    0.1938080
  29.5800000    0.1911952
  29.6000000    0.1846855
  29.6200000    0.1744872
  29.6400000    0.1609189
  29.6600000    0.1443605
  29.6800000    0.1252065
  29.7000000    0.1038311
  29.7200000    0.0805702
  29.7400000    0.0557243
  29.7600000    0.0295809
  29.7800000    0.0024508
  29.8000000   -0.0252901
  29.8200000   -0.0531636
  29.8400000   -0.0805658
  29.8600000   -0.1067664
  29.8800000   -0.1309332
  29.9000000   -0.1521826
  29.9200000   -0.1696492
  29.9400000   -0.1825673
  29.9600000   -0.1903513
  29.9800000   -0.1926640
  30.0000000   -0.1894618
