 -10.0000000    0.0118853
  -9.9800000    0.0128144
  -9.9600000    0.0137692
  -9.9400000    0.0147553
  -9.9200000    0.0157771
  -9.9000000    0.0168353
  -9.8800000    0.0179258
  -9.8600000    0.0190376
  -9.8400000    0.0201529
  -9.8200000    0.0212475
  -9.8000000    0.0222922
  -9.7800000    0.0232544
  -9.7600000    0.0241011
  -9.7400000    0.0248013
  -9.7200000    0.0253278
  -9.7000000    0.0256598
  -9.6800000    0.0257835
  -9.6600000    0.0256928
  -9.6400000    0.0253897
  -9.6200000    0.0248836
  -9.6000000    0.0241907
  -9.5800000    0.0233337
  -9.5600000    0.0223409
  -9.5400000    0.0212459
  -9.5200000    0.0200871
  -9.5000000    0.0189065
  -9.4800000    0.0177492
  -9.4600000    0.0166612
  -9.4400000    0.0156873
  -9.4200000    0.0148682
  -9.4000000    0.0142376
  -9.3800000    0.0138192
  -9.3600000    0.0136239
  -9.3400000    0.0136481
  -9.3200000    0.0138735
  -9.3000000    0.0142677
  -9.2800000    0.0147867
  -9.2600000    0.0153780
  -9.2400000    0.0159855
  -9.2200000    0.0165537
  -9.2000000    0.0170324
  -9.1800000    0.0173800
  -9.1600000    0.0175664
  -9.1400000    0.0175739
  -9.1200000    0.0173976
  -9.1000000    0.0170436
  -9.0800000    0.0165269
  -9.0600000    0.0158686
  -9.0400000    0.0150933
  -9.0200000    0.0142260
  -9.0000000    0.0132905
  -8.9800000    0.0123076
  -8.9600000    0.0112945
  -8.9400000    0.0102649
  -8.9200000    0.0092289
  -8.9000000    0.0081946
  -8.8800000    0.0071683
  -8.8600000    0.0061558
  -8.8400000    0.0051632
  -8.8200000    0.0041974
  -8.8000000    0.0032663
  -8.7800000    0.0023794
  -8.7600000    0.0015469
  -8.7400000    0.0007800
  -8.7200000    0.0000900
  -8.7000000   -0.0005126
  -8.6800000   -0.0010186
  -8.6600000   -0.0014210
  -8.6400000   -0.0017159
  -8.6200000   -0.0019026
  -8.6000000   -0.0019844
  -8.5800000   -0.0019678
  -8.5600000   -0.0018622
  -8.5400000   -0.0016794
  -8.5200000   -0.0014315
  -8.5000000   -0.0011310
  -8.4800000   -0.0007888
  -8.4600000   -0.0004138
  -8.4400000   -0.0000128
  -8.4200000    0.0004097
  -8.4000000    0.0008505
  -8.3800000    0.0013068
  -8.3600000    0.0017749
  -8.3400000    0.0022492
  -8.3200000    0.0027210
  -8.3000000    0.0031779
  -8.2800000    0.0036040
  -8.2600000    0.0039803
  -8.2400000    0.0042855
  -8.2200000    0.0044977
  -8.2000000    0.0045962
  -8.1800000    0.0045627
  -8.1600000    0.0043832
  -8.1400000    0.0040491
  -8.1200000    0.0035581
  -8.1000000    0.0029151
  -8.0800000    0.0021323
  -8.0600000    0.0012300
  -8.0400000    0.0002377
  -8.0200000   -0.0008052
  -8.0000000   -0.0018471
  -7.9800000   -0.0028229
  -7.9600000   -0.0036521
  -7.9400000   -0.0042382
  -7.9200000   -0.0044699
  -7.9000000   -0.0042248
  -7.8800000   -0.0033764
  -7.8600000   -0.0018040
  -7.8400000    0.0005935
  -7.8200000    0.0038826
  -7.8000000    0.0080796
  -7.7800000    0.0131367
  -7.7600000    0.0189329
  -7.7400000    0.0252706
  -7.7200000    0.0318813
  -7.7000000    0.0384394
  -7.6800000    0.0445842
  -7.6600000    0.0499482
  -7.6400000    0.0541887
  -7.6200000    0.0570186
  -7.6000000    0.0582330
  -7.5800000    0.0577279
  -7.5600000    0.0555086
  -7.5400000    0.0516877
  -7.5200000    0.0464720
  -7.5000000    0.0401408
  -7.4800000    0.0330195
  -7.4600000    0.0254500
  -7.4400000    0.0177638
  -7.4200000    0.0102586
  -7.4000000    0.0031814
  -7.3800000   -0.0032809
  -7.3600000   -0.0090041
  -7.3400000   -0.0139235
  -7.3200000   -0.0180256
  -7.3000000   -0.0213372
  -7.2800000   -0.0239138
  -7.2600000   -0.0258282
  -7.2400000   -0.0271606
  -7.2200000   -0.0279912
  -7.2000000   -0.0283942
  -7.1800000   -0.0284360
  -7.1600000   -0.0281731
  -7.1400000   -0.0276534
  -7.1200000   -0.0269175
  -7.1000000   -0.0260006
  -7.0800000   -0.0249351
  -7.0600000   -0.0237514
  -7.0400000   -0.0224804
  -7.0200000   -0.0211532
  -7.0000000   -0.0198019
  -6.9800000   -0.0184592
  -6.9600000   -0.0171580
  -6.9400000   -0.0159311
  -6.9200000   -0.0148108
  -6.9000000   -0.0138285
  -6.8800000   -0.0130144
  -6.8600000   -0.0123974
  -6.8400000   -0.0120039
  -6.8200000   -0.0118568
  -6.8000000   -0.0119741
  -6.7800000   -0.0123667
  -6.7600000   -0.0130364
  -6.7400000   -0.0139736
  -6.7200000   -0.0151563
  -6.7000000   -0.0165486
  -6.6800000   -0.0181018
  -6.6600000   -0.0197559
  -6.6400000   -0.0214418
  -6.6200000   -0.0230857
  -6.6000000   -0.0246134
  -6.5800000   -0.0259546
  -6.5600000   -0.0270484
  -6.5400000   -0.0278465
  -6.5200000   -0.0283176
  -6.5000000   -0.0284490
  -6.4800000   -0.0282480
  -6.4600000   -0.0277413
  -6.4400000   -0.0269730
  -6.4200000   -0.0260010
  -6.4000000   -0.0248926
  -6.3800000   -0.0237182
  -6.3600000   -0.0225457
  -6.3400000   -0.0214346
  -6.3200000   -0.0204307
  -6.3000000   -0.0195629
  -6.2800000   -0.0188418
  -6.2600000   -0.0182598
  -6.2400000   -0.0177946
  -6.2200000   -0.0174130
  -6.2000000   -0.0170764
  -6.1800000   -0.0167461
  -6.1600000   -0.0163887
  -6.1400000   -0.0159787
  -6.1200000   -0.0155005
  -6.1000000   -0.0149474
  -6.0800000   -0.0143192
  -6.0600000   -0.0136177
  -6.0400000   -0.0128423
  -6.0200000   -0.0119854
  -6.0000000   -0.0110288
  -5.9800000   -0.0099426
  -5.9600000   -0.0086852
  -5.9400000   -0.0072062
  -5.9200000   -0.0054513
  -5.9000000   -0.0033676
  -5.8800000   -0.0009102
  -5.8600000    0.0019522
  -5.8400000    0.0052333
  -5.8200000    0.0089262
  -5.8000000    0.0130035
  -5.7800000    0.0174188
  -5.7600000    0.0221109
  -5.7400000    0.0270081
  -5.7200000    0.0320346
  -5.7000000    0.0371158
  -5.6800000    0.0421836
  -5.6600000    0.0471804
  -5.6400000    0.0520612
  -5.6200000    0.0567947
  -5.6000000    0.0613620
  -5.5800000    0.0657540
  -5.5600000    0.0699676
  -5.5400000    0.0740012
  -5.5200000    0.0778499
  -5.5000000    0.0815016
  -5.4800000    0.0849334
  -5.4600000    0.0881113
  -5.4400000    0.0909901
  -5.4200000    0.0935165
  -5.4000000    0.0956343
  -5.3800000    0.0972902
  -5.3600000    0.0984405
  -5.3400000    0.0990579
  -5.3200000    0.0991369
  -5.3000000    0.0986972
  -5.2800000    0.0977843
  -5.2600000    0.0964681
  -5.2400000    0.0948381
  -5.2200000    0.0929972
  -5.2000000    0.0910538
  -5.1800000    0.0891129
  -5.1600000    0.0872695
  -5.1400000    0.0856008
  -5.1200000    0.0841627
  -5.1000000    0.0829872
  -5.0800000    0.0820822
  -5.0600000    0.0814335
  -5.0400000    0.0810085
  -5.0200000    0.0807605
  -5.0000000    0.0806336
  -4.9800000    0.0805679
  -4.9600000    0.0805039
  -4.9400000    0.0803873
  -4.9200000    0.0801726
  -4.9000000    0.0798267
  -4.8800000    0.0793324
  -4.8600000    0.0786911
  -4.8400000    0.0779244
  -4.8200000    0.0770759
  -4.8000000    0.0762099
  -4.7800000    0.0754096
  -4.7600000    0.0747724
  -4.7400000    0.0744028
  -4.7200000    0.0744039
  -4.7000000    0.0748670
  -4.6800000    0.0758609
  -4.6600000    0.0774213
  -4.6400000    0.0795435
  -4.6200000    0.0821767
  -4.6000000    0.0852241
  -4.5800000    0.0885474
  -4.5600000    0.0919765
  -4.5400000    0.0953235
  -4.5200000    0.0984009
  -4.5000000    0.1010396
  -4.4800000    0.1031076
  -4.4600000    0.1045244
  -4.4400000    0.1052703
  -4.4200000    0.1053889
  -4.4000000    0.1049818
  -4.3800000    0.1041964
  -4.3600000    0.1032079
  -4.3400000    0.1021978
  -4.3200000    0.1013320
  -4.3000000    0.1007418
  -4.2800000    0.1005089
  -4.2600000    0.1006590
  -4.2400000    0.1011612
  -4.2200000    0.1019364
  -4.2000000    0.1028703
  -4.1800000    0.1038306
  -4.1600000    0.1046847
  -4.1400000    0.1053157
  -4.1200000    0.1056348
  -4.1000000    0.1055884
  -4.0800000    0.1051592
  -4.0600000    0.1043632
  -4.0400000    0.1032425
  -4.0200000    0.1018559
  -4.0000000    0.1002703
  -3.9800000    0.0985520
  -3.9600000    0.0967621
  -3.9400000    0.0949530
  -3.9200000    0.0931690
  -3.9000000    0.0914485
  -3.8800000    0.0898267
  -3.8600000    0.0883396
  -3.8400000    0.0870261
  -3.8200000    0.0859292
  -3.8000000    0.0850949
  -3.7800000    0.0845691
  -3.7600000    0.0843927
  -3.7400000    0.0845952
  -3.7200000    0.0851879
  -3.7000000    0.0861566
  -3.6800000    0.0874551
  -3.6600000    0.0889997
  -3.6400000    0.0906641
  -3.6200000    0.0922751
  -3.6000000    0.0936080
  -3.5800000    0.0943809
  -3.5600000    0.0942470
  -3.5400000    0.0927861
  -3.5200000    0.0894941
  -3.5000000    0.0837747
  -3.4800000    0.0749359
  -3.4600000    0.0621961
  -3.4400000    0.0447062
  -3.4200000    0.0215906
  -3.4000000   -0.0079870
  -3.3800000   -0.0447349
  -3.3600000   -0.0891256
  -3.3400000   -0.1412772
  -3.3200000   -0.2008387
  -3.3000000   -0.2668957
  -3.2800000   -0.3379166
  -3.2600000   -0.4117541
  -3.2400000   -0.4857153
  -3.2200000   -0.5567029
  -3.2000000   -0.6214207
  -3.1800000   -0.6766266
  -3.1600000   -0.7194062
  -3.1400000   -0.7474341
  -3.1200000   -0.7591923
  -3.1000000   -0.7541145
  -3.0800000   -0.7326384
  -3.0600000   -0.6961599
  -3.0400000   -0.6468933
  -3.0200000   -0.5876594
  -3.0000000   -0.5216274
  -2.9800000   -0.4520447
  -2.9600000   -0.3819839
  -2.9400000   -0.3141358
  -2.9200000   -0.2506632
  -2.9000000   -0.1931245
  -2.8800000   -0.1424639
  -2.8600000   -0.0990573
  -2.8400000   -0.0628008
  -2.8200000   -0.0332215
  -2.8000000   -0.0095972
  -2.7800000    0.0089309
  -2.7600000    0.0232601
  -2.7400000    0.0342502
  -2.7200000    0.0426692
  -2.7000000    0.0491610
  -2.6800000    0.0542321
  -2.6600000    0.0582529
  -2.6400000    0.0614694
  -2.6200000    0.0640233
  -2.6000000    0.0659749
  -2.5800000    0.0673285
  -2.5600000    0.0680558
  -2.5400000    0.0681186
  -2.5200000    0.0674870
  -2.5000000    0.0661529
  -2.4800000    0.0641398
  -2.4600000    0.0615063
  -2.4400000    0.0583452
  -2.4200000    0.0547781
  -2.4000000    0.0509470
  -2.3800000    0.0470029
  -2.3600000    0.0430940
  -2.3400000    0.0393542
  -2.3200000    0.0358934
  -2.3000000    0.0327898
  -2.2800000    0.0300872
  -2.2600000    0.0277940
  -2.2400000    0.0258873
  -2.2200000    0.0243189
  -2.2000000    0.0230241
  -2.1800000    0.0219301
  -2.1600000    0.0209656
  -2.1400000    0.0200677
  -2.1200000    0.0191876
  -2.1000000    0.0182934
  -2.0800000    0.0173709
  -2.0600000    0.0164214
  -2.0400000    0.0154596
  -2.0200000    0.0145090
  -2.0000000    0.0135984
  -1.9800000    0.0127580
  -1.9600000    0.0120171
  -1.9400000    0.0114019
  -1.9200000    0.0109341
  -1.9000000    0.0106310
  -1.8800000    0.0105044
  -1.8600000    0.0105608
  -1.8400000    0.0108005
  -1.8200000    0.0112174
  -1.8000000    0.0117981
  -1.7800000    0.0125212
  -1.7600000    0.0133575
  -1.7400000    0.0142697
  -1.7200000    0.0152142
  -1.7000000    0.0161429
  -1.6800000    0.0170058
  -1.6600000    0.0177550
  -1.6400000    0.0183478
  -1.6200000    0.0187507
  -1.6000000    0.0189424
  -1.5800000    0.0189164
  -1.5600000    0.0186820
  -1.5400000    0.0182647
  -1.5200000    0.0177048
  -1.5000000    0.0170555
  -1.4800000    0.0163803
  -1.4600000    0.0157490
  -1.4400000    0.0152349
  -1.4200000    0.0149103
  -1.4000000    0.0148434
  -1.3800000    0.0150946
  -1.3600000    0.0157126
  -1.3400000    0.0167307
  -1.3200000    0.0181634
  -1.3000000    0.0200021
  -1.2800000    0.0222122
  -1.2600000    0.0247301
  -1.2400000    0.0274619
  -1.2200000    0.0302843
  -1.2000000    0.0330476
  -1.1800000    0.0355819
  -1.1600000    0.0377066
  -1.1400000    0.0392424
  -1.1200000    0.0400254
  -1.1000000    0.0399226
  -1.0800000    0.0388454
  -1.0600000    0.0367625
  -1.0400000    0.0337068
  -1.0200000    0.0297783
  -1.0000000    0.0251401
  -0.9800000    0.0200080
  -0.9600000    0.0146347
  -0.9400000    0.0092901
  -0.9200000    0.0042390
  -0.9000000   -0.0002803
  -0.8800000   -0.0040750
  -0.8600000   -0.0070122
  -0.8400000   -0.0090264
  -0.8200000   -0.0101214
  -0.8000000   -0.0103643
  -0.7800000   -0.0098746
  -0.7600000   -0.0088091
  -0.7400000   -0.0073446
  -0.7200000   -0.0056603
  -0.7000000   -0.0039227
  -0.6800000   -0.0022724
  -0.6600000   -0.0008168
  -0.6400000    0.0003748
  -0.6200000    0.0012707
  -0.6000000    0.0018734
  -0.5800000    0.0022146
  -0.5600000    0.0023481
  -0.5400000    0.0023446
  -0.5200000    0.0022866
  -0.5000000    0.0022665
  -0.4800000    0.0023863
  -0.4600000    0.0027611
  -0.4400000    0.0035244
  -0.4200000    0.0048349
  -0.4000000    0.0068839
  -0.3800000    0.0099015
  -0.3600000    0.0141597
  -0.3400000    0.0199696
  -0.3200000    0.0276729
  -0.3000000    0.0376223
  -0.2800000    0.0501547
  -0.2600000    0.0655528
  -0.2400000    0.0840013
  -0.2200000    0.1055388
  -0.2000000    0.1300117
  -0.1800000    0.1570386
  -0.1600000    0.1859890
  -0.1400000    0.2159868
  -0.1200000    0.2459396
  -0.1000000    0.2745970
  -0.0800000    0.3006347
  -0.0600000    0.3227568
  -0.0400000    0.3398064
  -0.0200000    0.3508708
   0.0000000    0.3553688
   0.0200000    0.3531081
   0.0400000    0.3443048
   0.0600000    0.3295631
   0.0800000    0.3098172
   0.1000000    0.2862447
   0.1200000    0.2601624
   0.1400000    0.2329204
   0.1600000    0.2058062
   0.1800000    0.1799718
   0.2000000    0.1563907
   0.2200000    0.1358477
   0.2400000    0.1189597
   0.2600000    0.1062203
   0.2800000    0.0980599
   0.3000000    0.0949095
   0.3200000    0.0972544
   0.3400000    0.1056700
   0.3600000    0.1208267
   0.3800000    0.1434600
   0.4000000    0.1743023
   0.4200000    0.2139800
   0.4400000    0.2628824
   0.4600000    0.3210181
   0.4800000    0.3878744
   0.5000000    0.4623041
   0.5200000    0.5424588
   0.5400000    0.6257903
   0.5600000    0.7091313
   0.5800000    0.7888587
   0.6000000    0.8611325
   0.6200000    0.9221881
   0.6400000    0.9686519
   0.6600000    0.9978441
   0.6800000    1.0080292
   0.7000000    0.9985828
   0.7200000    0.9700503
   0.7400000    0.9240922
   0.7600000    0.8633211
   0.7800000    0.7910540
   0.8000000    0.7110113
   0.8200000    0.6270013
   0.8400000    0.5426263
   0.8600000    0.4610404
   0.8800000    0.3847803
   0.9000000    0.3156770
   0.9200000    0.2548453
   0.9400000    0.2027392
   0.9600000    0.1592550
   0.9800000    0.1238610
   1.0000000    0.0957355
   1.0200000    0.0738958
   1.0400000    0.0573086
   1.0600000    0.0449734
   1.0800000    0.0359810
   1.1000000    0.0295458
   1.1200000    0.0250177
   1.1400000    0.0218799
   1.1600000    0.0197354
   1.1800000    0.0182893
   1.2000000    0.0173288
   1.2200000    0.0167046
   1.2400000    0.0163135
   1.2600000    0.0160855
   1.2800000    0.0159729
   1.3000000    0.0159420
   1.3200000    0.0159687
   1.3400000    0.0160337
   1.3600000    0.0161214
   1.3800000    0.0162178
   1.4000000    0.0163106
   1.4200000    0.0163886
   1.4400000    0.0164419
   1.4600000    0.0164621
   1.4800000    0.0164429
   1.5000000    0.0163796
   1.5200000    0.0162697
   1.5400000    0.0161129
   1.5600000    0.0159111
   1.5800000    0.0156679
   1.6000000    0.0153888
   1.6200000    0.0150803
   1.6400000    0.0147501
   1.6600000    0.0144059
   1.6800000    0.0140558
   1.7000000    0.0137073
   1.7200000    0.0133671
   1.7400000    0.0130411
   1.7600000    0.0127341
   1.7800000    0.0124495
   1.8000000    0.0121901
   1.8200000    0.0119576
   1.8400000    0.0117531
   1.8600000    0.0115775
   1.8800000    0.0114316
   1.9000000    0.0113160
   1.9200000    0.0112316
   1.9400000    0.0111795
   1.9600000    0.0111607
   1.9800000    0.0111761
   2.0000000    0.0112261
   2.0200000    0.0113104
   2.0400000    0.0114272
   2.0600000    0.0115737
   2.0800000    0.0117450
   2.1000000    0.0119346
   2.1200000    0.0121338
   2.1400000    0.0123323
   2.1600000    0.0125183
   2.1800000    0.0126790
   2.2000000    0.0128014
   2.2200000    0.0128728
   2.2400000    0.0128824
   2.2600000    0.0128218
   2.2800000    0.0126861
   2.3000000    0.0124749
   2.3200000    0.0121927
   2.3400000    0.0118491
   2.3600000    0.0114587
   2.3800000    0.0110401
   2.4000000    0.0106152
   2.4200000    0.0102069
   2.4400000    0.0098381
   2.4600000    0.0095292
   2.4800000    0.0092966
   2.5000000    0.0091516
   2.5200000    0.0090987
   2.5400000    0.0091362
   2.5600000    0.0092558
   2.5800000    0.0094443
   2.6000000    0.0096841
   2.6200000    0.0099560
   2.6400000    0.0102402
   2.6600000    0.0105187
   2.6800000    0.0107763
   2.7000000    0.0110021
   2.7200000    0.0111903
   2.7400000    0.0113395
   2.7600000    0.0114533
   2.7800000    0.0115390
   2.8000000    0.0116066
   2.8200000    0.0116674
   2.8400000    0.0117328
   2.8600000    0.0118127
   2.8800000    0.0119145
   2.9000000    0.0120417
   2.9200000    0.0121935
   2.9400000    0.0123644
   2.9600000    0.0125446
   2.9800000    0.0127205
   3.0000000    0.0128762
   3.0200000    0.0129947
   3.0400000    0.0130598
   3.0600000    0.0130580
   3.0800000    0.0129799
   3.1000000    0.0128210
   3.1200000    0.0125828
   3.1400000    0.0122721
   3.1600000    0.0119004
   3.1800000    0.0114826
   3.2000000    0.0110352
   3.2200000    0.0105747
   3.2400000    0.0101161
   3.2600000    0.0096714
   3.2800000    0.0092492
   3.3000000    0.0088544
   3.3200000    0.0084886
   3.3400000    0.0081510
   3.3600000    0.0078393
   3.3800000    0.0075508
   3.4000000    0.0072830
   3.4200000    0.0070342
   3.4400000    0.0068039
   3.4600000    0.0065925
   3.4800000    0.0064011
   3.5000000    0.0062309
   3.5200000    0.0060824
   3.5400000    0.0059556
   3.5600000    0.0058491
   3.5800000    0.0057602
   3.6000000    0.0056851
   3.6200000    0.0056191
   3.6400000    0.0055569
   3.6600000    0.0054931
   3.6800000    0.0054225
   3.7000000    0.0053408
   3.7200000    0.0052443
   3.7400000    0.0051307
   3.7600000    0.0049983
   3.7800000    0.0048468
   3.8000000    0.0046760
   3.8200000    0.0044863
   3.8400000    0.0042773
   3.8600000    0.0040478
   3.8800000    0.0037945
   3.9000000    0.0035114
   3.9200000    0.0031893
   3.9400000    0.0028152
   3.9600000    0.0023718
   3.9800000    0.0018385
   4.0000000    0.0011919
   4.0200000    0.0004078
   4.0400000   -0.0005369
   4.0600000   -0.0016611
   4.0800000   -0.0029765
   4.1000000   -0.0044846
   4.1200000   -0.0061740
   4.1400000   -0.0080194
   4.1600000   -0.0099808
   4.1800000   -0.0120055
   4.2000000   -0.0140312
   4.2200000   -0.0159905
   4.2400000   -0.0178169
   4.2600000   -0.0194503
   4.2800000   -0.0208430
   4.3000000   -0.0219631
   4.3200000   -0.0227969
   4.3400000   -0.0233486
   4.3600000   -0.0236375
   4.3800000   -0.0236935
   4.4000000   -0.0235519
   4.4200000   -0.0232475
   4.4400000   -0.0228102
   4.4600000   -0.0222612
   4.4800000   -0.0216124
   4.5000000   -0.0208674
   4.5200000   -0.0200238
   4.5400000   -0.0190777
   4.5600000   -0.0180273
   4.5800000   -0.0168768
   4.6000000   -0.0156389
   4.6200000   -0.0143361
   4.6400000   -0.0129995
   4.6600000   -0.0116671
   4.6800000   -0.0103811
   4.7000000   -0.0091840
   4.7200000   -0.0081156
   4.7400000   -0.0072098
   4.7600000   -0.0064924
   4.7800000   -0.0059794
   4.8000000   -0.0056766
   4.8200000   -0.0055792
   4.8400000   -0.0056723
   4.8600000   -0.0059313
   4.8800000   -0.0063233
   4.9000000   -0.0068086
   4.9200000   -0.0073418
   4.9400000   -0.0078748
   4.9600000   -0.0083581
   4.9800000   -0.0087445
   5.0000000   -0.0089912
   5.0200000   -0.0090628
   5.0400000   -0.0089330
   5.0600000   -0.0085869
   5.0800000   -0.0080209
   5.1000000   -0.0072434
   5.1200000   -0.0062729
   5.1400000   -0.0051367
   5.1600000   -0.0038678
   5.1800000   -0.0025022
   5.2000000   -0.0010756
   5.2200000    0.0003798
   5.2400000    0.0018384
   5.2600000    0.0032839
   5.2800000    0.0047122
   5.3000000    0.0061341
   5.3200000    0.0075789
   5.3400000    0.0090982
   5.3600000    0.0107718
   5.3800000    0.0127144
   5.4000000    0.0150850
   5.4200000    0.0180978
   5.4400000    0.0220338
   5.4600000    0.0272525
   5.4800000    0.0342006
   5.5000000    0.0434146
   5.5200000    0.0555143
   5.5400000    0.0711820
   5.5600000    0.0911258
   5.5800000    0.1160234
   5.6000000    0.1464478
   5.6200000    0.1827792
   5.6400000    0.2251095
   5.6600000    0.2731509
   5.6800000    0.3261625
   5.7000000    0.3829085
   5.7200000    0.4416619
   5.7400000    0.5002613
   5.7600000    0.5562258
   5.7800000    0.6069191
   5.8000000    0.6497523
   5.8200000    0.6824025
   5.8400000    0.7030227
   5.8600000    0.7104159
   5.8800000    0.7041513
   5.9000000    0.6846068
   5.9200000    0.6529319
   5.9400000    0.6109356
   5.9600000    0.5609161
   5.9800000    0.5054521
   6.0000000    0.4471852
   6.0200000    0.3886149
   6.0400000    0.3319318
   6.0600000    0.2788989
   6.0800000    0.2307904
   6.1000000    0.1883841
   6.1200000    0.1519988
   6.1400000    0.1215660
   6.1600000    0.0967191
   6.1800000    0.0768891
   6.2000000    0.0613937
   6.2200000    0.0495134
   6.2400000    0.0405498
   6.2600000    0.0338658
   6.2800000    0.0289082
   6.3000000    0.0252165
   6.3200000    0.0224211
   6.3400000    0.0202355
   6.3600000    0.0184437
   6.3800000    0.0168877
   6.4000000    0.0154551
   6.4200000    0.0140685
   6.4400000    0.0126766
   6.4600000    0.0112479
   6.4800000    0.0097658
   6.5000000    0.0082250
   6.5200000    0.0066292
   6.5400000    0.0049888
   6.5600000    0.0033186
   6.5800000    0.0016358
   6.6000000   -0.0000432
   6.6200000   -0.0017054
   6.6400000   -0.0033442
   6.6600000   -0.0049625
   6.6800000   -0.0065746
   6.7000000   -0.0082072
   6.7200000   -0.0098993
   6.7400000   -0.0116990
   6.7600000   -0.0136602
   6.7800000   -0.0158359
   6.8000000   -0.0182708
   6.8200000   -0.0209935
   6.8400000   -0.0240082
   6.8600000   -0.0272883
   6.8800000   -0.0307721
   6.9000000   -0.0343624
   6.9200000   -0.0379295
   6.9400000   -0.0413185
   6.9600000   -0.0443607
   6.9800000   -0.0468879
   7.0000000   -0.0487469
   7.0200000   -0.0498147
   7.0400000   -0.0500110
   7.0600000   -0.0493062
   7.0800000   -0.0477250
   7.1000000   -0.0453442
   7.1200000   -0.0422854
   7.1400000   -0.0387033
   7.1600000   -0.0347720
   7.1800000   -0.0306694
   7.2000000   -0.0265635
   7.2200000   -0.0226004
   7.2400000   -0.0188957
   7.2600000   -0.0155299
   7.2800000   -0.0125473
   7.3000000   -0.0099575
   7.3200000   -0.0077404
   7.3400000   -0.0058512
   7.3600000   -0.0042276
   7.3800000   -0.0027956
   7.4000000   -0.0014760
   7.4200000   -0.0001901
   7.4400000    0.0011355
   7.4600000    0.0025639
   7.4800000    0.0041438
   7.5000000    0.0059059
   7.5200000    0.0078593
   7.5400000    0.0099902
   7.5600000    0.0122605
   7.5800000    0.0146091
   7.6000000    0.0169553
   7.6200000    0.0192036
   7.6400000    0.0212512
   7.6600000    0.0229957
   7.6800000    0.0243450
   7.7000000    0.0252247
   7.7200000    0.0255860
   7.7400000    0.0254097
   7.7600000    0.0247082
   7.7800000    0.0235245
   7.8000000    0.0219271
   7.8200000    0.0200043
   7.8400000    0.0178558
   7.8600000    0.0155842
   7.8800000    0.0132876
   7.9000000    0.0110526
   7.9200000    0.0089501
   7.9400000    0.0070326
   7.9600000    0.0053343
   7.9800000    0.0038715
   8.0000000    0.0026461
   8.0200000    0.0016479
   8.0400000    0.0008585
   8.0600000    0.0002543
   8.0800000   -0.0001908
   8.1000000   -0.0005034
   8.1200000   -0.0007089
   8.1400000   -0.0008310
   8.1600000   -0.0008908
   8.1800000   -0.0009064
   8.2000000   -0.0008937
   8.2200000   -0.0008655
   8.2400000   -0.0008323
   8.2600000   -0.0008022
   8.2800000   -0.0007811
   8.3000000   -0.0007731
   8.3200000   -0.0007805
   8.3400000   -0.0008046
   8.3600000   -0.0008458
   8.3800000   -0.0009047
   8.4000000   -0.0009820
   8.4200000   -0.0010798
   8.4400000   -0.0012021
   8.4600000   -0.0013552
   8.4800000   -0.0015482
   8.5000000   -0.0017933
   8.5200000   -0.0021051
   8.5400000   -0.0025006
   8.5600000   -0.0029975
   8.5800000   -0.0036124
   8.6000000   -0.0043584
   8.6200000   -0.0052426
   8.6400000   -0.0062629
   8.6600000   -0.0074052
   8.6800000   -0.0086412
   8.7000000   -0.0099277
   8.7200000   -0.0112066
   8.7400000   -0.0124074
   8.7600000   -0.0134513
   8.7800000   -0.0142577
   8.8000000   -0.0147509
   8.8200000   -0.0148683
   8.8400000   -0.0145684
   8.8600000   -0.0138362
   8.8800000   -0.0126877
   8.9000000   -0.0111704
   8.9200000   -0.0093608
   8.9400000   -0.0073586
   8.9600000   -0.0052785
   8.9800000   -0.0032395
   9.0000000   -0.0013548
   9.0200000    0.0002786
   9.0400000    0.0015876
   9.0600000    0.0025289
   9.0800000    0.0030913
   9.1000000    0.0032957
   9.1200000    0.0031932
   9.1400000    0.0028617
   9.1600000    0.0024037
   9.1800000    0.0019456
   9.2000000    0.0016409
   9.2200000    0.0016768
   9.2400000    0.0022878
   9.2600000    0.0037726
   9.2800000    0.0065166
   9.3000000    0.0110163
   9.3200000    0.0179021
   9.3400000    0.0279561
   9.3600000    0.0421177
   9.3800000    0.0614713
   9.4000000    0.0872090
   9.4200000    0.1205634
   9.4400000    0.1627077
   9.4600000    0.2146248
   9.4800000    0.2769525
   9.5000000    0.3498188
   9.5200000    0.4326847
   9.5400000    0.5242207
   9.5600000    0.6222386
   9.5800000    0.7237021
   9.6000000    0.8248316
   9.6200000    0.9213050
   9.6400000    1.0085463
   9.6600000    1.0820765
   9.6800000    1.1378922
   9.7000000    1.1728254
   9.7200000    1.1848423
   9.7400000    1.1732398
   9.7600000    1.1387143
   9.7800000    1.0832935
   9.8000000    1.0101403
   9.8200000    0.9232543
   9.8400000    0.8271133
   9.8600000    0.7262952
   9.8800000    0.6251283
   9.9000000    0.5274050
   9.9200000    0.4361826
   9.9400000    0.3536833
   9.9600000    0.2812881
   9.9800000    0.2196110
  10.0000000    0.1686323
  10.0200000    0.1278650
  10.0400000    0.0965323
  10.0600000    0.0737350
  10.0800000    0.0585945
  10.1000000    0.0503621
  10.1200000    0.0484898
  10.1400000    0.0526604
  10.1600000    0.0627810
  10.1800000    0.0789403
  10.2000000    0.1013362
  10.2200000    0.1301793
  10.2400000    0.1655805
  10.2600000    0.2074336
  10.2800000    0.2553050
  10.3000000    0.3083454
  10.3200000    0.3652375
  10.3400000    0.4241921
  10.3600000    0.4830014
  10.3800000    0.5391497
  10.4000000    0.5899774
  10.4200000    0.6328823
  10.4400000    0.6655375
  10.4600000    0.6860994
  10.4800000    0.6933812
  10.5000000    0.6869667
  10.5200000    0.6672512
  10.5400000    0.6354022
  10.5600000    0.5932464
  10.5800000    0.5430967
  10.6000000    0.4875446
  10.6200000    0.4292402
  10.6400000    0.3706891
  10.6600000    0.3140841
  10.6800000    0.2611886
  10.7000000    0.2132747
  10.7200000    0.1711166
  10.7400000    0.1350284
  10.7600000    0.1049365
  10.7800000    0.0804685
  10.8000000    0.0610495
  10.8200000    0.0459919
  10.8400000    0.0345709
  10.8600000    0.0260841
  10.8800000    0.0198916
  10.9000000    0.0154391
  10.9200000    0.0122671
  10.9400000    0.0100097
  10.9600000    0.0083865
  10.9800000    0.0071901
  11.0000000    0.0062733
  11.0200000    0.0055357
  11.0400000    0.0049114
  11.0600000    0.0043595
  11.0800000    0.0038555
  11.1000000    0.0033852
  11.1200000    0.0029396
  11.1400000    0.0025120
  11.1600000    0.0020959
  11.1800000    0.0016842
  11.2000000    0.0012688
  11.2200000    0.0008413
  11.2400000    0.0003939
  11.2600000   -0.0000799
  11.2800000   -0.0005837
  11.3000000   -0.0011177
  11.3200000   -0.0016777
  11.3400000   -0.0022555
  11.3600000   -0.0028389
  11.3800000   -0.0034123
  11.4000000   -0.0039586
  11.4200000   -0.0044599
  11.4400000   -0.0049001
  11.4600000   -0.0052657
  11.4800000   -0.0055478
  11.5000000   -0.0057428
  11.5200000   -0.0058529
  11.5400000   -0.0058862
  11.5600000   -0.0058552
  11.5800000   -0.0057765
  11.6000000   -0.0056685
  11.6200000   -0.0055500
  11.6400000   -0.0054384
  11.6600000   -0.0053484
  11.6800000   -0.0052904
  11.7000000   -0.0052705
  11.7200000   -0.0052895
  11.7400000   -0.0053438
  11.7600000   -0.0054250
  11.7800000   -0.0055213
  11.8000000   -0.0056183
  11.8200000   -0.0056995
  11.8400000   -0.0057479
  11.8600000   -0.0057464
  11.8800000   -0.0056786
  11.9000000   -0.0055296
  11.9200000   -0.0052863
  11.9400000   -0.0049371
  11.9600000   -0.0044722
  11.9800000   -0.0038832
  12.0000000   -0.0031625
  12.0200000   -0.0023031
  12.0400000   -0.0012979
  12.0600000   -0.0001398
  12.0800000    0.0011787
  12.1000000    0.0026653
  12.1200000    0.0043270
  12.1400000    0.0061699
  12.1600000    0.0081979
  12.1800000    0.0104119
  12.2000000    0.0128086
  12.2200000    0.0153792
  12.2400000    0.0181085
  12.2600000    0.0209742
  12.2800000    0.0239463
  12.3000000    0.0269870
  12.3200000    0.0300514
  12.3400000    0.0330885
  12.3600000    0.0360429
  12.3800000    0.0388572
  12.4000000    0.0414747
  12.4200000    0.0438429
  12.4400000    0.0459159
  12.4600000    0.0476582
  12.4800000    0.0490466
  12.5000000    0.0500723
  12.5200000    0.0507414
  12.5400000    0.0510751
  12.5600000    0.0511081
  12.5800000    0.0508870
  12.6000000    0.0504672
  12.6200000    0.0499096
  12.6400000    0.0492774
  12.6600000    0.0486320
  12.6800000    0.0480305
  12.7000000    0.0475224
  12.7200000    0.0471478
  12.7400000    0.0469359
  12.7600000    0.0469038
  12.7800000    0.0470569
  12.8000000    0.0473893
  12.8200000    0.0478848
  12.8400000    0.0485185
  12.8600000    0.0492582
  12.8800000    0.0500671
  12.9000000    0.0509054
  12.9200000    0.0517321
  12.9400000    0.0525072
  12.9600000    0.0531928
  12.9800000    0.0537547
  13.0000000    0.0541633
  13.0200000    0.0543946
  13.0400000    0.0544307
  13.0600000    0.0542608
  13.0800000    0.0538814
  13.1000000    0.0532968
  13.1200000    0.0525197
  13.1400000    0.0515701
  13.1600000    0.0504757
  13.1800000    0.0492699
  13.2000000    0.0479899
  13.2200000    0.0466747
  13.2400000    0.0453614
  13.2600000    0.0440824
  13.2800000    0.0428618
  13.3000000    0.0417125
  13.3200000    0.0406338
  13.3400000    0.0396097
  13.3600000    0.0386086
  13.3800000    0.0375844
  13.4000000    0.0364786
  13.4200000    0.0352241
  13.4400000    0.0337505
  13.4600000    0.0319901
  13.4800000    0.0298854
  13.5000000    0.0273963
  13.5200000    0.0245066
  13.5400000    0.0212297
  13.5600000    0.0176116
  13.5800000    0.0137302
  13.6000000    0.0096909
  13.6200000    0.0056183
  13.6400000    0.0016435
  13.6600000   -0.0021116
  13.6800000   -0.0055508
  13.7000000   -0.0086194
  13.7200000   -0.0113168
  13.7400000   -0.0137031
  13.7600000   -0.0158981
  13.7800000   -0.0180714
  13.8000000   -0.0204241
  13.8200000   -0.0231634
  13.8400000   -0.0264727
  13.8600000   -0.0304805
  13.8800000   -0.0352334
  13.9000000   -0.0406761
  13.9200000   -0.0466433
  13.9400000   -0.0528643
  13.9600000   -0.0589814
  13.9800000   -0.0645808
  14.0000000   -0.0692322
  14.0200000   -0.0725328
  14.0400000   -0.0741497
  14.0600000   -0.0738552
  14.0800000   -0.0715516
  14.1000000   -0.0672801
  14.1200000   -0.0612158
  14.1400000   -0.0536476
  14.1600000   -0.0449474
  14.1800000   -0.0355328
  14.2000000   -0.0258280
  14.2200000   -0.0162284
  14.2400000   -0.0070717
  14.2600000    0.0013801
  14.2800000    0.0089497
  14.3000000    0.0155426
  14.3200000    0.0211373
  14.3400000    0.0257710
  14.3600000    0.0295221
  14.3800000    0.0324932
  14.4000000    0.0347966
  14.4200000    0.0365430
  14.4400000    0.0378340
  14.4600000    0.0387590
  14.4800000    0.0393937
  14.5000000    0.0398021
  14.5200000    0.0400377
  14.5400000    0.0401464
  14.5600000    0.0401673
  14.5800000    0.0401339
  14.6000000    0.0400744
  14.6200000    0.0400108
  14.6400000    0.0399586
  14.6600000    0.0399262
  14.6800000    0.0399141
  14.7000000    0.0399153
  14.7200000    0.0399148
  14.7400000    0.0398898
  14.7600000    0.0398094
  14.7800000    0.0396348
  14.8000000    0.0393188
  14.8200000    0.0388054
  14.8400000    0.0380304
  14.8600000    0.0369229
  14.8800000    0.0354079
  14.9000000    0.0334114
  14.9200000    0.0308671
  14.9400000    0.0277250
  14.9600000    0.0239614
  14.9800000    0.0195884
  15.0000000    0.0146627
  15.0200000    0.0092911
  15.0400000    0.0036310
  15.0600000   -0.0021137
  15.0800000   -0.0077037
  15.1000000   -0.0128805
  15.1200000   -0.0173865
  15.1400000   -0.0209881
  15.1600000   -0.0234970
  15.1800000   -0.0247882
  15.2000000   -0.0248127
  15.2200000   -0.0236011
  15.2400000   -0.0212596
  15.2600000   -0.0179586
  15.2800000   -0.0139139
  15.3000000   -0.0093656
  15.3200000   -0.0045555
  15.3400000    0.0002928
  15.3600000    0.0049901
  15.3800000    0.0093910
  15.4000000    0.0133981
  15.4200000    0.0169589
  15.4400000    0.0200592
  15.4600000    0.0227127
  15.4800000    0.0249493
  15.5000000    0.0268039
  15.5200000    0.0283066
  15.5400000    0.0294755
  15.5600000    0.0303116
  15.5800000    0.0307974
  15.6000000    0.0308973
  15.6200000    0.0305598
  15.6400000    0.0297226
  15.6600000    0.0283181
  15.6800000    0.0262808
  15.7000000    0.0235560
  15.7200000    0.0201088
  15.7400000    0.0159340
  15.7600000    0.0110650
  15.7800000    0.0055813
  15.8000000   -0.0003873
  15.8200000   -0.0066605
  15.8400000   -0.0130127
  15.8600000   -0.0191837
  15.8800000   -0.0248946
  15.9000000   -0.0298681
  15.9200000   -0.0338505
  15.9400000   -0.0366335
  15.9600000   -0.0380727
  15.9800000   -0.0381013
  16.0000000   -0.0367356
  16.0200000   -0.0340731
  16.0400000   -0.0302830
  16.0600000   -0.0255903
  16.0800000   -0.0202551
  16.1000000   -0.0145513
  16.1200000   -0.0087451
  16.1400000   -0.0030771
  16.1600000    0.0022510
  16.1800000    0.0070845
  16.2000000    0.0113190
  16.2200000    0.0148979
  16.2400000    0.0178070
  16.2600000    0.0200673
  16.2800000    0.0217250
  16.3000000    0.0228435
  16.3200000    0.0234945
  16.3400000    0.0237515
  16.3600000    0.0236844
  16.3800000    0.0233562
  16.4000000    0.0228209
  16.4200000    0.0221231
  16.4400000    0.0212992
  16.4600000    0.0203786
  16.4800000    0.0193865
  16.5000000    0.0183459
  16.5200000    0.0172800
  16.5400000    0.0162140
  16.5600000    0.0151755
  16.5800000    0.0141948
  16.6000000    0.0133037
  16.6200000    0.0125338
  16.6400000    0.0119148
  16.6600000    0.0114716
  16.6800000    0.0112230
  16.7000000    0.0111805
  16.7200000    0.0113479
  16.7400000    0.0117224
  16.7600000    0.0122965
  16.7800000    0.0130611
  16.8000000    0.0140100
  16.8200000    0.0151436
  16.8400000    0.0164747
  16.8600000    0.0180325
  16.8800000    0.0198670
  16.9000000    0.0220515
  16.9200000    0.0246832
  16.9400000    0.0278817
  16.9600000    0.0317827
  16.9800000    0.0365296
  17.0000000    0.0422591
  17.0200000    0.0490847
  17.0400000    0.0570763
  17.0600000    0.0662390
  17.0800000    0.0764942
  17.1000000    0.0876637
  17.1200000    0.0994621
  17.1400000    0.1114993
  17.1600000    0.1232943
  17.1800000    0.1343018
  17.2000000    0.1439496
  17.2200000    0.1516835
  17.2400000    0.1570156
  17.2600000    0.1595698
  17.2800000    0.1591196
  17.3000000    0.1556121
  17.3200000    0.1491764
  17.3400000    0.1401137
  17.3600000    0.1288717
  17.3800000    0.1160059
  17.4000000    0.1021328
  17.4200000    0.0878810
  17.4400000    0.0738449
  17.4600000    0.0605462
  17.4800000    0.0484063
  17.5000000    0.0377294
  17.5200000    0.0286988
  17.5400000    0.0213815
  17.5600000    0.0157419
  17.5800000    0.0116599
  17.6000000    0.0089519
  17.6200000    0.0073924
  17.6400000    0.0067340
  17.6600000    0.0067259
  17.6800000    0.0071285
  17.7000000    0.0077260
  17.7200000    0.0083341
  17.7400000    0.0088062
  17.7600000    0.0090349
  17.7800000    0.0089522
  17.8000000    0.0085276
  17.8200000    0.0077634
  17.8400000    0.0066911
  17.8600000    0.0053653
  17.8800000    0.0038591
  17.9000000    0.0022583
  17.9200000    0.0006571
  17.9400000   -0.0008478
  17.9600000   -0.0021614
  17.9800000   -0.0031956
  18.0000000   -0.0038746
  18.0200000   -0.0041395
  18.0400000   -0.0039530
  18.0600000   -0.0033027
  18.0800000   -0.0022035
  18.1000000   -0.0006981
  18.1200000    0.0011449
  18.1400000    0.0032339
  18.1600000    0.0054602
  18.1800000    0.0077042
  18.2000000    0.0098432
  18.2200000    0.0117588
  18.2400000    0.0133440
  18.2600000    0.0145094
  18.2800000    0.0151876
  18.3000000    0.0153370
  18.3200000    0.0149427
  18.3400000    0.0140173
  18.3600000    0.0125997
  18.3800000    0.0107529
  18.4000000    0.0085615
  18.4200000    0.0061276
  18.4400000    0.0035661
  18.4600000    0.0009999
  18.4800000   -0.0014465
  18.5000000   -0.0036534
  18.5200000   -0.0055129
  18.5400000   -0.0069349
  18.5600000   -0.0078539
  18.5800000   -0.0082330
  18.6000000   -0.0080673
  18.6200000   -0.0073843
  18.6400000   -0.0062425
  18.6600000   -0.0047276
  18.6800000   -0.0029454
  18.7000000   -0.0010148
  18.7200000    0.0009415
  18.7400000    0.0028059
  18.7600000    0.0044744
  18.7800000    0.0058638
  18.8000000    0.0069168
  18.8200000    0.0076057
  18.8400000    0.0079328
  18.8600000    0.0079305
  18.8800000    0.0076586
  18.9000000    0.0072021
  18.9200000    0.0066687
  18.9400000    0.0061873
  18.9600000    0.0059080
  18.9800000    0.0060046
  19.0000000    0.0066787
  19.0200000    0.0081654
  19.0400000    0.0107398
  19.0600000    0.0147220
  19.0800000    0.0204791
  19.1000000    0.0284211
  19.1200000    0.0389878
  19.1400000    0.0526252
  19.1600000    0.0697494
  19.1800000    0.0906986
  19.2000000    0.1156757
  19.2200000    0.1446862
  19.2400000    0.1774798
  19.2600000    0.2135024
  19.2800000    0.2518707
  19.3000000    0.2913768
  19.3200000    0.3305285
  19.3400000    0.3676282
  19.3600000    0.4008850
  19.3800000    0.4285526
  19.4000000    0.4490773
  19.4200000    0.4612401
  19.4400000    0.4642737
  19.4600000    0.4579413
  19.4800000    0.4425645
  19.5000000    0.4189982
  19.5200000    0.3885556
  19.5400000    0.3528944
  19.5600000    0.3138787
  19.5800000    0.2734343
  19.6000000    0.2334151
  19.6200000    0.1954928
  19.6400000    0.1610786
  19.6600000    0.1312795
  19.6800000    0.1068862
  19.7000000    0.0883849
  19.7200000    0.0759844
  19.7400000    0.0696492
  19.7600000    0.0691303
  19.7800000    0.0739903
  19.8000000    0.0836219
  19.8200000    0.0972603
  19.8400000    0.1139976
  19.8600000    0.1328015
  19.8800000    0.1525448
  19.9000000    0.1720485
  19.9200000    0.1901376
  19.9400000    0.2057067
  19.9600000    0.2177896
  19.9800000    0.2256232
  20.0000000    0.2286984
  20.0200000    0.2267907
  20.0400000    0.2199642
  20.0600000    0.2085500
  20.0800000    0.1930998
  20.1000000    0.1743224
  20.1200000    0.1530111
  20.1400000    0.1299717
  20.1600000    0.1059608
  20.1800000    0.0816412
  20.2000000    0.0575577
  20.2200000    0.0341346
  20.2400000    0.0116914
  20.2600000   -0.0095289
  20.2800000   -0.0293260
  20.3000000   -0.0475114
  20.3200000   -0.0638847
  20.3400000   -0.0782240
  20.3600000   -0.0902900
  20.3800000   -0.0998439
  20.4000000   -0.1066752
  20.4200000   -0.1106336
  20.4400000   -0.1116597
  20.4600000   -0.1098073
  20.4800000   -0.1052553
  20.5000000   -0.0983037
  20.5200000   -0.0893552
  20.5400000   -0.0788852
  20.5600000   -0.0674022
  20.5800000   -0.0554049
  20.6000000   -0.0433428
  20.6200000   -0.0315819
  20.6400000   -0.0203835
  20.6600000   -0.0098952
  20.6800000   -0.0001560
  20.7000000    0.0088861
  20.7200000    0.0173465
  20.7400000    0.0253707
  20.7600000    0.0330998
  20.7800000    0.0406383
  20.8000000    0.0480290
  20.8200000    0.0552381
  20.8400000    0.0621518
  20.8600000    0.0685853
  20.8800000    0.0743023
  20.9000000    0.0790432
  20.9200000    0.0825578
  20.9400000    0.0846381
  20.9600000    0.0851466
  20.9800000    0.0840367
  21.0000000    0.0813627
  21.0200000    0.0772773
  21.0400000    0.0720180
  21.0600000    0.0658855
  21.0800000    0.0592147
  21.1000000    0.0523460
  21.1200000    0.0455970
  21.1400000    0.0392405
  21.1600000    0.0334897
  21.1800000    0.0284909
  21.2000000    0.0243243
  21.2200000    0.0210109
  21.2400000    0.0185237
  21.2600000    0.0167997
  21.2800000    0.0157540
  21.3000000    0.0152900
  21.3200000    0.0153089
  21.3400000    0.0157156
  21.3600000    0.0164222
  21.3800000    0.0173497
  21.4000000    0.0184274
  21.4200000    0.0195927
  21.4400000    0.0207898
  21.4600000    0.0219688
  21.4800000    0.0230854
  21.5000000    0.0241012
  21.5200000    0.0249835
  21.5400000    0.0257067
  21.5600000    0.0262525
  21.5800000    0.0266108
  21.6000000    0.0267798
  21.6200000    0.0267659
  21.6400000    0.0265833
  21.6600000    0.0262534
  21.6800000    0.0258028
  21.7000000    0.0252630
  21.7200000    0.0246676
  21.7400000    0.0240509
  21.7600000    0.0234457
  21.7800000    0.0228806
  21.8000000    0.0223780
  21.8200000    0.0219514
  21.8400000    0.0216038
  21.8600000    0.0213266
  21.8800000    0.0210995
  21.9000000    0.0208916
  21.9200000    0.0206646
  21.9400000    0.0203758
  21.9600000    0.0199831
  21.9800000    0.0194503
  22.0000000    0.0187508
  22.0200000    0.0178716
  22.0400000    0.0168153
  22.0600000    0.0156006
  22.0800000    0.0142603
  22.1000000    0.0128385
  22.1200000    0.0113866
  22.1400000    0.0099584
  22.1600000    0.0086055
  22.1800000    0.0073731
  22.2000000    0.0062971
  22.2200000    0.0054017
  22.2400000    0.0046988
  22.2600000    0.0041880
  22.2800000    0.0038575
  22.3000000    0.0036862
  22.3200000    0.0036454
  22.3400000    0.0037010
  22.3600000    0.0038162
  22.3800000    0.0039539
  22.4000000    0.0040787
  22.4200000    0.0041597
  22.4400000    0.0041723
  22.4600000    0.0041003
  22.4800000    0.0039376
  22.5000000    0.0036896
  22.5200000    0.0033739
  22.5400000    0.0030209
  22.5600000    0.0026729
  22.5800000    0.0023836
  22.6000000    0.0022161
  22.6200000    0.0022406
  22.6400000    0.0025314
  22.6600000    0.0031637
  22.6800000    0.0042103
  22.7000000    0.0057375
  22.7200000    0.0078017
  22.7400000    0.0104458
  22.7600000    0.0136948
  22.7800000    0.0175525
  22.8000000    0.0219970
  22.8200000    0.0269769
  22.8400000    0.0324075
  22.8600000    0.0381688
  22.8800000    0.0441042
  22.9000000    0.0500230
  22.9200000    0.0557060
  22.9400000    0.0609147
  22.9600000    0.0654049
  22.9800000    0.0689429
  23.0000000    0.0713234
  23.0200000    0.0723881
  23.0400000    0.0720402
  23.0600000    0.0702562
  23.0800000    0.0670907
  23.1000000    0.0626745
  23.1200000    0.0572057
  23.1400000    0.0509348
  23.1600000    0.0441459
  23.1800000    0.0371349
  23.2000000    0.0301886
  23.2200000    0.0235653
  23.2400000    0.0174802
  23.2600000    0.0120946
  23.2800000    0.0075111
  23.3000000    0.0037735
  23.3200000    0.0008716
  23.3400000   -0.0012510
  23.3600000   -0.0026865
  23.3800000   -0.0035504
  23.4000000   -0.0039690
  23.4200000   -0.0040671
  23.4400000   -0.0039559
  23.4600000   -0.0037231
  23.4800000   -0.0034236
  23.5000000   -0.0030730
  23.5200000   -0.0026427
  23.5400000   -0.0020585
  23.5600000   -0.0012006
  23.5800000    0.0000919
  23.6000000    0.0020140
  23.6200000    0.0047837
  23.6400000    0.0086280
  23.6600000    0.0137650
  23.6800000    0.0203851
  23.7000000    0.0286304
  23.7200000    0.0385762
  23.7400000    0.0502162
  23.7600000    0.0634536
  23.7800000    0.0781002
  23.8000000    0.0938852
  23.8200000    0.1104741
  23.8400000    0.1274942
  23.8600000    0.1445676
  23.8800000    0.1613433
  23.9000000    0.1775267
  23.9200000    0.1928998
  23.9400000    0.2073289
  23.9600000    0.2207577
  23.9800000    0.2331850
  24.0000000    0.2446322
  24.0200000    0.2551042
  24.0400000    0.2645520
  24.0600000    0.2728439
  24.0800000    0.2797521
  24.1000000    0.2849587
  24.1200000    0.2880812
  24.1400000    0.2887156
  24.1600000    0.2864901
  24.1800000    0.2811217
  24.2000000    0.2724654
  24.2200000    0.2605504
  24.2400000    0.2455950
  24.2600000    0.2279993
  24.2800000    0.2083178
  24.3000000    0.1872136
  24.3200000    0.1654040
  24.3400000    0.1436028
  24.3600000    0.1224676
  24.3800000    0.1025572
  24.4000000    0.0843031
  24.4200000    0.0679962
  24.4400000    0.0537876
  24.4600000    0.0417013
  24.4800000    0.0316555
  24.5000000    0.0234882
  24.5200000    0.0169836
  24.5400000    0.0118980
  24.5600000    0.0079809
  24.5800000    0.0049922
  24.6000000    0.0027145
  24.6200000    0.0009605
  24.6400000   -0.0004239
  24.6600000   -0.0015593
  24.6800000   -0.0025347
  24.7000000   -0.0034117
  24.7200000   -0.0042288
  24.7400000   -0.0050061
  24.7600000   -0.0057506
  24.7800000   -0.0064598
  24.8000000   -0.0071264
  24.8200000   -0.0077409
  24.8400000   -0.0082942
  24.8600000   -0.0087801
  24.8800000   -0.0091963
  24.9000000   -0.0095453
  24.9200000   -0.0098351
  24.9400000   -0.0100785
  24.9600000   -0.0102932
  24.9800000   -0.0105001
  25.0000000   -0.0107221
  25.0200000   -0.0109818
  25.0400000   -0.0112997
  25.0600000   -0.0116913
  25.0800000   -0.0121649
  25.1000000   -0.0127195
  25.1200000   -0.0133435
  25.1400000   -0.0140143
  25.1600000   -0.0146990
  25.1800000   -0.0153567
  25.2000000   -0.0159413
  25.2200000   -0.0164055
  25.2400000   -0.0167056
  25.2600000   -0.0168051
  25.2800000   -0.0166784
  25.3000000   -0.0163129
  25.3200000   -0.0157092
  25.3400000   -0.0148799
  25.3600000   -0.0138469
  25.3800000   -0.0126363
  25.4000000   -0.0112745
  25.4200000   -0.0097822
  25.4400000   -0.0081711
  25.4600000   -0.0064405
  25.4800000   -0.0045766
  25.5000000   -0.0025543
  25.5200000   -0.0003402
  25.5400000    0.0021009
  25.5600000    0.0047995
  25.5800000    0.0077727
  25.6000000    0.0110172
  25.6200000    0.0145022
  25.6400000    0.0181659
  25.6600000    0.0219140
  25.6800000    0.0256229
  25.7000000    0.0291459
  25.7200000    0.0323231
  25.7400000    0.0349937
  25.7600000    0.0370093
  25.7800000    0.0382472
  25.8000000    0.0386210
  25.8200000    0.0380890
  25.8400000    0.0366572
  25.8600000    0.0343794
  25.8800000    0.0313516
  25.9000000    0.0277042
  25.9200000    0.0235911
  25.9400000    0.0191792
  25.9600000    0.0146363
  25.9800000    0.0101226
  26.0000000    0.0057823
  26.0200000    0.0017390
  26.0400000   -0.0019082
  26.0600000   -0.0050852
  26.0800000   -0.0077433
  26.1000000   -0.0098574
  26.1200000   -0.0114245
  26.1400000   -0.0124613
  26.1600000   -0.0130013
  26.1800000   -0.0130919
  26.2000000   -0.0127912
  26.2200000   -0.0121645
  26.2400000   -0.0112810
  26.2600000   -0.0102101
  26.2800000   -0.0090182
  26.3000000   -0.0077663
  26.3200000   -0.0065073
  26.3400000   -0.0052850
  26.3600000   -0.0041333
  26.3800000   -0.0030763
  26.4000000   -0.0021288
  26.4200000   -0.0012975
  26.4400000   -0.0005828
  26.4600000    0.0000202
  26.4800000    0.0005200
  26.5000000    0.0009268
  26.5200000    0.0012520
  26.5400000    0.0015068
  26.5600000    0.0017013
  26.5800000    0.0018447
  26.6000000    0.0019446
  26.6200000    0.0020067
  26.6400000    0.0020356
  26.6600000    0.0020343
  26.6800000    0.0020047
  26.7000000    0.0019477
  26.7200000    0.0018638
  26.7400000    0.0017531
  26.7600000    0.0016158
  26.7800000    0.0014522
  26.8000000    0.0012631
  26.8200000    0.0010500
  26.8400000    0.0008153
  26.8600000    0.0005622
  26.8800000    0.0002948
  26.9000000    0.0000179
  26.9200000   -0.0002633
  26.9400000   -0.0005433
  26.9600000   -0.0008174
  26.9800000   -0.0010816
  27.0000000   -0.0013334
  27.0200000   -0.0015724
  27.0400000   -0.0018001
  27.0600000   -0.0020202
  27.0800000   -0.0022379
  27.1000000   -0.0024601
  27.1200000   -0.0026938
  27.1400000   -0.0029458
  27.1600000   -0.0032218
  27.1800000   -0.0035260
  27.2000000   -0.0038603
  27.2200000   -0.0042252
  27.2400000   -0.0046195
  27.2600000   -0.0050409
  27.2800000   -0.0054871
  27.3000000   -0.0059557
  27.3200000   -0.0064446
  27.3400000   -0.0069517
  27.3600000   -0.0074742
  27.3800000   -0.0080075
  27.4000000   -0.0085441
  27.4200000   -0.0090726
  27.4400000   -0.0095775
  27.4600000   -0.0100387
  27.4800000   -0.0104331
  27.5000000   -0.0107357
  27.5200000   -0.0109226
  27.5400000   -0.0109728
  27.5600000   -0.0108716
  27.5800000   -0.0106119
  27.6000000   -0.0101961
  27.6200000   -0.0096358
  27.6400000   -0.0089516
  27.6600000   -0.0081709
  27.6800000   -0.0073259
  27.7000000   -0.0064503
  27.7200000   -0.0055772
  27.7400000   -0.0047359
  27.7600000   -0.0039508
  27.7800000   -0.0032397
  27.8000000   -0.0026137
  27.8200000   -0.0020776
  27.8400000   -0.0016302
  27.8600000   -0.0012662
  27.8800000   -0.0009770
  27.9000000   -0.0007524
  27.9200000   -0.0005815
  27.9400000   -0.0004537
  27.9600000   -0.0003598
  27.9800000   -0.0002919
  28.0000000   -0.0002442
  28.0200000   -0.0002127
  28.0400000   -0.0001955
  28.0600000   -0.0001920
  28.0800000   -0.0002029
  28.1000000   -0.0002300
  28.1200000   -0.0002750
  28.1400000   -0.0003400
  28.1600000   -0.0004262
  28.1800000   -0.0005338
  28.2000000   -0.0006615
  28.2200000   -0.0008065
  28.2400000   -0.0009641
  28.2600000   -0.0011275
  28.2800000   -0.0012886
  28.3000000   -0.0014373
  28.3200000   -0.0015621
  28.3400000   -0.0016503
  28.3600000   -0.0016879
  28.3800000   -0.0016597
  28.4000000   -0.0015490
  28.4200000   -0.0013380
  28.4400000   -0.0010078
  28.4600000   -0.0005385
  28.4800000    0.0000898
  28.5000000    0.0008958
  28.5200000    0.0018955
  28.5400000    0.0030994
  28.5600000    0.0045107
  28.5800000    0.0061220
  28.6000000    0.0079132
  28.6200000    0.0098496
  28.6400000    0.0118818
  28.6600000    0.0139456
  28.6800000    0.0159652
  28.7000000    0.0178571
  28.7200000    0.0195356
  28.7400000    0.0209195
  28.7600000    0.0219385
  28.7800000    0.0225403
  28.8000000    0.0226946
  28.8200000    0.0223972
  28.8400000    0.0216702
  28.8600000    0.0205605
  28.8800000    0.0191360
  28.9000000    0.0174796
  28.9200000    0.0156831
  28.9400000    0.0138395
  28.9600000    0.0120373
  28.9800000    0.0103547
  29.0000000    0.0088560
  29.0200000    0.0075891
  29.0400000    0.0065849
  29.0600000    0.0058575
  29.0800000    0.0054058
  29.1000000    0.0052149
  29.1200000    0.0052588
  29.1400000    0.0055024
  29.1600000    0.0059041
  29.1800000    0.0064180
  29.2000000    0.0069968
  29.2200000    0.0075944
  29.2400000    0.0081680
  29.2600000    0.0086813
  29.2800000    0.0091059
  29.3000000    0.0094231
  29.3200000    0.0096244
  29.3400000    0.0097110
  29.3600000    0.0096927
  29.3800000    0.0095856
  29.4000000    0.0094096
  29.4200000    0.0091854
  29.4400000    0.0089318
  29.4600000    0.0086638
  29.4800000    0.0083910
  29.5000000    0.0081177
  29.5200000    0.0078429
  29.5400000    0.0075623
  29.5600000    0.0072699
  29.5800000    0.0069602
  29.6000000    0.0066302
  29.6200000    0.0062809
  29.6400000    0.0059183
  29.6600000    0.0055534
  29.6800000    0.0052021
  29.7000000    0.0048833
  29.7200000    0.0046179
  29.7400000    0.0044267
  29.7600000    0.0043284
  29.7800000    0.0043382
  29.8000000    0.0044663
  29.8200000    0.0047171
  29.8400000    0.0050891
  29.8600000    0.0055751
  29.8800000    0.0061633
  29.9000000    0.0068385
  29.9200000    0.0075841
  29.9400000    0.0083834
  29.9600000    0.0092221
  29.9800000    0.0100890
  30.0000000    0.0109775
