 -10.0000000    0.1853762
  -9.9800000    0.1694939
  -9.9600000    0.1552667
  -9.9400000    0.1439217
  -9.9200000    0.1363718
  -9.9000000    0.1331121
  -9.8800000    0.1341680
  -9.8600000    0.1391006
  -9.8400000    0.1470693
  -9.8200000    0.1569379
  -9.8000000    0.1674092
  -9.7800000    0.1771684
  -9.7600000    0.1850157
  -9.7400000    0.1899719
  -9.7200000    0.1913480
  -9.7000000    0.1887726
  -9.6800000    0.1821803
  -9.6600000    0.1717685
  -9.6400000    0.1579301
  -9.6200000    0.1411781
  -9.6000000    0.1220692
  -9.5800000    0.1011401
  -9.5600000    0.0788603
  -9.5400000    0.0556080
  -9.5200000    0.0316677
  -9.5000000    0.0072479
  -9.4800000   -0.0174873
  -9.4600000   -0.0423795
  -9.4400000   -0.0672371
  -9.4200000   -0.0918047
  -9.4000000   -0.1157454
  -9.3800000   -0.1386404
  -9.3600000   -0.1600049
  -9.3400000   -0.1793206
  -9.3200000   -0.1960788
  -9.3000000   -0.2098288
  -9.2800000   -0.2202252
  -9.2600000   -0.2270684
  -9.2400000   -0.2303318
  -9.2200000   -0.2301738
  -9.2000000   -0.2269314
  -9.1800000   -0.2210973
  -9.1600000   -0.2132822
  -9.1400000   -0.2041662
  -9.1200000   -0.1944454
  -9.1000000   -0.1847791
  -9.0800000   -0.1757431
  -9.0600000   -0.1677951
  -9.0400000   -0.1612536
  -9.0200000   -0.1562933
  -9.0000000   -0.1529551
  -8.9800000   -0.1511677
  -8.9600000   -0.1507756
  -8.9400000   -0.1515695
  -8.9200000   -0.1533137
  -8.9000000   -0.1557664
  -8.8800000   -0.1586918
  -8.8600000   -0.1618642
  -8.8400000   -0.1650663
  -8.8200000   -0.1680841
  -8.8000000   -0.1707027
  -8.7800000   -0.1727061
  -8.7600000   -0.1738813
  -8.7400000   -0.1740287
  -8.7200000   -0.1729752
  -8.7000000   -0.1705892
  -8.6800000   -0.1667932
  -8.6600000   -0.1615722
  -8.6400000   -0.1549763
  -8.6200000   -0.1471168
  -8.6000000   -0.1381575
  -8.5800000   -0.1283037
  -8.5600000   -0.1177908
  -8.5400000   -0.1068768
  -8.5200000   -0.0958378
  -8.5000000   -0.0849693
  -8.4800000   -0.0745900
  -8.4600000   -0.0650468
  -8.4400000   -0.0567163
  -8.4200000   -0.0500003
  -8.4000000   -0.0453119
  -8.3800000   -0.0430516
  -8.3600000   -0.0435732
  -8.3400000   -0.0471433
  -8.3200000   -0.0538991
  -8.3000000   -0.0638109
  -8.2800000   -0.0766548
  -8.2600000   -0.0920028
  -8.2400000   -0.1092334
  -8.2200000   -0.1275643
  -8.2000000   -0.1461043
  -8.1800000   -0.1639213
  -8.1600000   -0.1801171
  -8.1400000   -0.1939015
  -8.1200000   -0.2046562
  -8.1000000   -0.2119807
  -8.0800000   -0.2157160
  -8.0600000   -0.2159425
  -8.0400000   -0.2129541
  -8.0200000   -0.2072122
  -8.0000000   -0.1992873
  -7.9800000   -0.1897939
  -7.9600000   -0.1793288
  -7.9400000   -0.1684186
  -7.9200000   -0.1574819
  -7.9000000   -0.1468111
  -7.8800000   -0.1365720
  -7.8600000   -0.1268209
  -7.8400000   -0.1175360
  -7.8200000   -0.1086558
  -7.8000000   -0.1001194
  -7.7800000   -0.0919031
  -7.7600000   -0.0840462
  -7.7400000   -0.0766639
  -7.7200000   -0.0699449
  -7.7000000   -0.0641342
  -7.6800000   -0.0595045
  -7.6600000   -0.0563193
  -7.6400000   -0.0547939
  -7.6200000   -0.0550595
  -7.6000000   -0.0571350
  -7.5800000   -0.0609108
  -7.5600000   -0.0661459
  -7.5400000   -0.0724795
  -7.5200000   -0.0794565
  -7.5000000   -0.0865626
  -7.4800000   -0.0932683
  -7.4600000   -0.0990747
  -7.4400000   -0.1035584
  -7.4200000   -0.1064103
  -7.4000000   -0.1074642
  -7.3800000   -0.1067122
  -7.3600000   -0.1043049
  -7.3400000   -0.1005367
  -7.3200000   -0.0958169
  -7.3000000   -0.0906311
  -7.2800000   -0.0854965
  -7.2600000   -0.0809165
  -7.2400000   -0.0773404
  -7.2200000   -0.0751313
  -7.2000000   -0.0745451
  -7.1800000   -0.0757218
  -7.1600000   -0.0786874
  -7.1400000   -0.0833645
  -7.1200000   -0.0895878
  -7.1000000   -0.0971226
  -7.0800000   -0.1056841
  -7.0600000   -0.1149568
  -7.0400000   -0.1246145
  -7.0200000   -0.1343435
  -7.0000000   -0.1438687
  -6.9800000   -0.1529859
  -6.9600000   -0.1615976
  -6.9400000   -0.1697502
  -6.9200000   -0.1776673
  -6.9000000   -0.1857730
  -6.8800000   -0.1946961
  -6.8600000   -0.2052495
  -6.8400000   -0.2183801
  -6.8200000   -0.2350868
  -6.8000000   -0.2563128
  -6.7800000   -0.2828175
  -6.7600000   -0.3150457
  -6.7400000   -0.3530064
  -6.7200000   -0.3961832
  -6.7000000   -0.4434896
  -6.6800000   -0.4932837
  -6.6600000   -0.5434458
  -6.6400000   -0.5915171
  -6.6200000   -0.6348880
  -6.6000000   -0.6710152
  -6.5800000   -0.6976425
  -6.5600000   -0.7129983
  -6.5400000   -0.7159440
  -6.5200000   -0.7060520
  -6.5000000   -0.6836026
  -6.4800000   -0.6494997
  -6.4600000   -0.6051142
  -6.4400000   -0.5520767
  -6.4200000   -0.4920445
  -6.4000000   -0.4264761
  -6.3800000   -0.3564403
  -6.3600000   -0.2824876
  -6.3400000   -0.2046031
  -6.3200000   -0.1222486
  -6.3000000   -0.0344968
  -6.2800000    0.0597552
  -6.2600000    0.1615115
  -6.2400000    0.2713716
  -6.2200000    0.3892286
  -6.2000000    0.5140100
  -6.1800000    0.6435031
  -6.1600000    0.7742992
  -6.1400000    0.9018837
  -6.1200000    1.0208835
  -6.1000000    1.1254629
  -6.0800000    1.2098384
  -6.0600000    1.2688599
  -6.0400000    1.2985907
  -6.0200000    1.2968118
  -6.0000000    1.2633770
  -5.9800000    1.2003605
  -5.9600000    1.1119660
  -5.9400000    1.0042005
  -5.9200000    0.8843408
  -5.9000000    0.7602639
  -5.8800000    0.6397184
  -5.8600000    0.5296312
  -5.8400000    0.4355311
  -5.8200000    0.3611529
  -5.8000000    0.3082560
  -5.7800000    0.2766658
  -5.7600000    0.2645099
  -5.7400000    0.2686038
  -5.7200000    0.2849274
  -5.7000000    0.3091294
  -5.6800000    0.3370029
  -5.6600000    0.3648895
  -5.6400000    0.3899823
  -5.6200000    0.4105160
  -5.6000000    0.4258430
  -5.5800000    0.4364058
  -5.5600000    0.4436187
  -5.5400000    0.4496758
  -5.5200000    0.4572982
  -5.5000000    0.4694378
  -5.4800000    0.4889491
  -5.4600000    0.5182472
  -5.4400000    0.5589717
  -5.4200000    0.6116811
  -5.4000000    0.6756086
  -5.3800000    0.7485118
  -5.3600000    0.8266476
  -5.3400000    0.9048983
  -5.3200000    0.9770615
  -5.3000000    1.0362981
  -5.2800000    1.0757147
  -5.2600000    1.0890290
  -5.2400000    1.0712555
  -5.2200000    1.0193311
  -5.2000000    0.9325985
  -5.1800000    0.8130810
  -5.1600000    0.6654921
  -5.1400000    0.4969651
  -5.1200000    0.3165135
  -5.1000000    0.1342747
  -5.0800000   -0.0393828
  -5.0600000   -0.1947897
  -5.0400000   -0.3238341
  -5.0200000   -0.4206515
  -5.0000000   -0.4820681
  -4.9800000   -0.5077532
  -4.9600000   -0.5000745
  -4.9400000   -0.4636872
  -4.9200000   -0.4049160
  -4.9000000   -0.3310183
  -4.8800000   -0.2494156
  -4.8600000   -0.1669837
  -4.8400000   -0.0894729
  -4.8200000   -0.0211056
  -4.8000000    0.0356276
  -4.7800000    0.0799785
  -4.7600000    0.1127877
  -4.7400000    0.1362091
  -4.7200000    0.1533619
  -4.7000000    0.1679588
  -4.6800000    0.1839528
  -4.6600000    0.2052331
  -4.6400000    0.2353881
  -4.6200000    0.2775448
  -4.6000000    0.3342806
  -4.5800000    0.4076010
  -4.5600000    0.4989684
  -4.5400000    0.6093692
  -4.5200000    0.7394003
  -4.5000000    0.8893579
  -4.4800000    1.0593087
  -4.4600000    1.2491236
  -4.4400000    1.4584566
  -4.4200000    1.6866543
  -4.4000000    1.9325942
  -4.3800000    2.1944599
  -4.3600000    2.4694789
  -4.3400000    2.7536662
  -4.3200000    3.0416258
  -4.3000000    3.3264707
  -4.2800000    3.5999123
  -4.2600000    3.8525560
  -4.2400000    4.0744065
  -4.2200000    4.2555542
  -4.2000000    4.3869787
  -4.1800000    4.4613761
  -4.1600000    4.4739009
  -4.1400000    4.4227197
  -4.1200000    4.3092921
  -4.1000000    4.1383297
  -4.0800000    3.9174341
  -4.0600000    3.6564554
  -4.0400000    3.3666560
  -4.0200000    3.0597845
  -4.0000000    2.7471764
  -3.9800000    2.4389813
  -3.9600000    2.1435939
  -3.9400000    1.8673322
  -3.9200000    1.6143648
  -3.9000000    1.3868600
  -3.8800000    1.1853040
  -3.8600000    1.0089194
  -3.8400000    0.8561186
  -3.8200000    0.7249280
  -3.8000000    0.6133390
  -3.7800000    0.5195556
  -3.7600000    0.4421307
  -3.7400000    0.3799968
  -3.7200000    0.3324134
  -3.7000000    0.2988587
  -3.6800000    0.2789037
  -3.6600000    0.2721007
  -3.6400000    0.2779221
  -3.6200000    0.2957712
  -3.6000000    0.3250821
  -3.5800000    0.3655092
  -3.5600000    0.4171911
  -3.5400000    0.4810605
  -3.5200000    0.5591533
  -3.5000000    0.6548606
  -3.4800000    0.7730605
  -3.4600000    0.9200677
  -3.4400000    1.1033507
  -3.4200000    1.3309885
  -3.4000000    1.6108687
  -3.3800000    1.9496694
  -3.3600000    2.3517055
  -3.3400000    2.8177650
  -3.3200000    3.3440806
  -3.3000000    3.9216003
  -3.2800000    4.5357052
  -3.2600000    5.1664887
  -3.2400000    5.7896467
  -3.2200000    6.3779529
  -3.2000000    6.9032138
  -3.1800000    7.3385051
  -3.1600000    7.6604610
  -3.1400000    7.8513373
  -3.1200000    7.9006063
  -3.1000000    7.8058847
  -3.0800000    7.5730861
  -3.0600000    7.2157897
  -3.0400000    6.7539175
  -3.0200000    6.2118990
  -3.0000000    5.6165553
  -2.9800000    4.9949521
  -2.9600000    4.3724541
  -2.9400000    3.7711584
  -2.9200000    3.2088246
  -2.9000000    2.6983348
  -2.8800000    2.2476600
  -2.8600000    1.8602466
  -2.8400000    1.5357111
  -2.8200000    1.2707154
  -2.8000000    1.0599015
  -2.7800000    0.8967828
  -2.7600000    0.7745148
  -2.7400000    0.6864959
  -2.7200000    0.6267768
  -2.7000000    0.5902799
  -2.6800000    0.5728492
  -2.6600000    0.5711656
  -2.6400000    0.5825694
  -2.6200000    0.6048370
  -2.6000000    0.6359558
  -2.5800000    0.6739345
  -2.5600000    0.7166777
  -2.5400000    0.7619383
  -2.5200000    0.8073508
  -2.5000000    0.8505317
  -2.4800000    0.8892280
  -2.4600000    0.9214842
  -2.4400000    0.9458003
  -2.4200000    0.9612542
  -2.4000000    0.9675704
  -2.3800000    0.9651248
  -2.3600000    0.9548854
  -2.3400000    0.9382980
  -2.3200000    0.9171335
  -2.3000000    0.8933132
  -2.2800000    0.8687369
  -2.2600000    0.8451279
  -2.2400000    0.8239123
  -2.2200000    0.8061395
  -2.2000000    0.7924484
  -2.1800000    0.7830763
  -2.1600000    0.7779017
  -2.1400000    0.7765132
  -2.1200000    0.7782894
  -2.1000000    0.7824800
  -2.0800000    0.7882778
  -2.0600000    0.7948741
  -2.0400000    0.8014953
  -2.0200000    0.8074228
  -2.0000000    0.8119981
  -1.9800000    0.8146219
  -1.9600000    0.8147522
  -1.9400000    0.8119077
  -1.9200000    0.8056807
  -1.9000000    0.7957590
  -1.8800000    0.7819544
  -1.8600000    0.7642348
  -1.8400000    0.7427520
  -1.8200000    0.7178600
  -1.8000000    0.6901207
  -1.7800000    0.6602923
  -1.7600000    0.6293018
  -1.7400000    0.5982038
  -1.7200000    0.5681296
  -1.7000000    0.5402308
  -1.6800000    0.5156231
  -1.6600000    0.4953339
  -1.6400000    0.4802565
  -1.6200000    0.4711126
  -1.6000000    0.4684225
  -1.5800000    0.4724848
  -1.5600000    0.4833630
  -1.5400000    0.5008805
  -1.5200000    0.5246237
  -1.5000000    0.5539534
  -1.4800000    0.5880272
  -1.4600000    0.6258309
  -1.4400000    0.6662202
  -1.4200000    0.7079699
  -1.4000000    0.7498288
  -1.3800000    0.7905734
  -1.3600000    0.8290600
  -1.3400000    0.8642665
  -1.3200000    0.8953245
  -1.3000000    0.9215380
  -1.2800000    0.9423913
  -1.2600000    0.9575469
  -1.2400000    0.9668386
  -1.2200000    0.9702610
  -1.2000000    0.9679603
  -1.1800000    0.9602263
  -1.1600000    0.9474842
  -1.1400000    0.9302867
  -1.1200000    0.9093000
  -1.1000000    0.8852855
  -1.0800000    0.8590727
  -1.0600000    0.8315272
  -1.0400000    0.8035133
  -1.0200000    0.7758594
  -1.0000000    0.7493267
  -0.9800000    0.7245893
  -0.9600000    0.7022265
  -0.9400000    0.6827277
  -0.9200000    0.6665089
  -0.9000000    0.6539345
  -0.8800000    0.6453379
  -0.8600000    0.6410327
  -0.8400000    0.6413065
  -0.8200000    0.6463899
  -0.8000000    0.6563968
  -0.7800000    0.6712358
  -0.7600000    0.6904969
  -0.7400000    0.7133239
  -0.7200000    0.7382880
  -0.7000000    0.7632824
  -0.6800000    0.7854616
  -0.6600000    0.8012489
  -0.6400000    0.8064308
  -0.6200000    0.7963511
  -0.6000000    0.7662048
  -0.5800000    0.7114167
  -0.5600000    0.6280734
  -0.5400000    0.5133636
  -0.5200000    0.3659673
  -0.5000000    0.1863327
  -0.4800000   -0.0232171
  -0.4600000   -0.2585930
  -0.4400000   -0.5142833
  -0.4200000   -0.7839211
  -0.4000000   -1.0610287
  -0.3800000   -1.3398581
  -0.3600000   -1.6162162
  -0.3400000   -1.8881526
  -0.3200000   -2.1563806
  -0.3000000   -2.4243312
  -0.2800000   -2.6977732
  -0.2600000   -2.9839914
  -0.2400000   -3.2905834
  -0.2200000   -3.6240007
  -0.2000000   -3.9880152
  -0.1800000   -4.3823356
  -0.1600000   -4.8015933
  -0.1400000   -5.2348971
  -0.1200000   -5.6660850
  -0.1000000   -6.0747122
  -0.0800000   -6.4377074
  -0.0600000   -6.7315204
  -0.0400000   -6.9345087
  -0.0200000   -7.0292512
   0.0000000   -7.0044937
   0.0200000   -6.8564623
   0.0400000   -6.5893812
   0.0600000   -6.2151497
   0.0800000   -5.7522406
   0.1000000   -5.2240034
   0.1200000   -4.6566156
   0.1400000   -4.0769568
   0.1600000   -3.5106639
   0.1800000   -2.9805601
   0.2000000   -2.5055792
   0.2200000   -2.1002057
   0.2400000   -1.7743789
   0.2600000   -1.5337455
   0.2800000   -1.3801228
   0.3000000   -1.3120307
   0.3200000   -1.3251866
   0.3400000   -1.4128999
   0.3600000   -1.5663539
   0.3800000   -1.7748128
   0.4000000   -2.0258181
   0.4200000   -2.3054544
   0.4400000   -2.5987507
   0.4600000   -2.8902555
   0.4800000   -3.1647792
   0.5000000   -3.4082532
   0.5200000   -3.6086128
   0.5400000   -3.7565888
   0.5600000   -3.8462871
   0.5800000   -3.8754592
   0.6000000   -3.8454017
   0.6200000   -3.7604900
   0.6400000   -3.6273962
   0.6600000   -3.4541047
   0.6800000   -3.2488656
   0.7000000   -3.0192417
   0.7200000   -2.7713821
   0.7400000   -2.5096243
   0.7600000   -2.2364647
   0.7800000   -1.9528818
   0.8000000   -1.6589394
   0.8200000   -1.3545544
   0.8400000   -1.0402906
   0.8600000   -0.7180447
   0.8800000   -0.3915057
   0.9000000   -0.0663136
   0.9200000    0.2501162
   0.9400000    0.5490789
   0.9600000    0.8213132
   0.9800000    1.0578797
   1.0000000    1.2510653
   1.0200000    1.3951929
   1.0400000    1.4872302
   1.0600000    1.5271225
   1.0800000    1.5178121
   1.1000000    1.4649502
   1.1200000    1.3763500
   1.1400000    1.2612580
   1.1600000    1.1295417
   1.1800000    0.9908944
   1.2000000    0.8541469
   1.2200000    0.7267521
   1.2400000    0.6144783
   1.2600000    0.5213135
   1.2800000    0.4495526
   1.3000000    0.4000179
   1.3200000    0.3723502
   1.3400000    0.3653081
   1.3600000    0.3770198
   1.3800000    0.4051546
   1.4000000    0.4469967
   1.4200000    0.4994351
   1.4400000    0.5588985
   1.4600000    0.6212817
   1.4800000    0.6819149
   1.5000000    0.7356213
   1.5200000    0.7768941
   1.5400000    0.8002020
   1.5600000    0.8004002
   1.5800000    0.7732047
   1.6000000    0.7156604
   1.6200000    0.6265299
   1.6400000    0.5065325
   1.6600000    0.3583835
   1.6800000    0.1866128
   1.7000000   -0.0028216
   1.7200000   -0.2030746
   1.7400000   -0.4070375
   1.7600000   -0.6079533
   1.7800000   -0.7999452
   1.8000000   -0.9783907
   1.8200000   -1.1401066
   1.8400000   -1.2833435
   1.8600000   -1.4076132
   1.8800000   -1.5133983
   1.9000000   -1.6018016
   1.9200000   -1.6741906
   1.9400000   -1.7318827
   1.9600000   -1.7759010
   1.9800000   -1.8068143
   2.0000000   -1.8246618
   2.0200000   -1.8289544
   2.0400000   -1.8187422
   2.0600000   -1.7927352
   2.0800000   -1.7494688
   2.1000000   -1.6875019
   2.1200000   -1.6056357
   2.1400000   -1.5031372
   2.1600000   -1.3799455
   2.1800000   -1.2368367
   2.2000000   -1.0755236
   2.2200000   -0.8986694
   2.2400000   -0.7098059
   2.2600000   -0.5131578
   2.2800000   -0.3133874
   2.3000000   -0.1152904
   2.3200000    0.0765236
   2.3400000    0.2579262
   2.3600000    0.4255034
   2.3800000    0.5767035
   2.4000000    0.7098826
   2.4200000    0.8242522
   2.4400000    0.9197441
   2.4600000    0.9968189
   2.4800000    1.0562549
   2.5000000    1.0989507
   2.5200000    1.1257754
   2.5400000    1.1374828
   2.5600000    1.1347039
   2.5800000    1.1180080
   2.6000000    1.0880154
   2.6200000    1.0455371
   2.6400000    0.9917071
   2.6600000    0.9280827
   2.6800000    0.8566859
   2.7000000    0.7799767
   2.7200000    0.7007553
   2.7400000    0.6220063
   2.7600000    0.5467019
   2.7800000    0.4775914
   2.8000000    0.4170047
   2.8200000    0.3666957
   2.8400000    0.3277495
   2.8600000    0.3005711
   2.8800000    0.2849672
   2.9000000    0.2803266
   2.9200000    0.2858967
   2.9400000    0.3011476
   2.9600000    0.3262045
   2.9800000    0.3623204
   3.0000000    0.4123502
   3.0200000    0.4811736
   3.0400000    0.5760057
   3.0600000    0.7065239
   3.0800000    0.8847375
   3.1000000    1.1245339
   3.1200000    1.4408519
   3.1400000    1.8484674
   3.1600000    2.3604237
   3.1800000    2.9862008
   3.2000000    3.7297777
   3.2200000    4.5878115
   3.2400000    5.5481818
   3.2600000    6.5891794
   3.2800000    7.6795617
   3.3000000    8.7796360
   3.3200000    9.8434024
   3.3400000   10.8216399
   3.3600000   11.6656710
   3.3800000   12.3314109
   3.4000000   12.7832310
   3.4200000   12.9971669
   3.4400000   12.9630448
   3.4600000   12.6852801
   3.4800000   12.1822291
   3.5000000   11.4842302
   3.5200000   10.6305901
   3.5400000    9.6659407
   3.5600000    8.6364226
   3.5800000    7.5861397
   3.6000000    6.5542463
   3.6200000    5.5728993
   3.6400000    4.6661656
   3.6600000    3.8498386
   3.6800000    3.1320076
   3.7000000    2.5141736
   3.7200000    1.9926690
   3.7400000    1.5601706
   3.7600000    1.2071295
   3.7800000    0.9230015
   3.8000000    0.6972180
   3.8200000    0.5198819
   3.8400000    0.3822120
   3.8600000    0.2767768
   3.8800000    0.1975675
   3.9000000    0.1399608
   3.9200000    0.1006125
   3.9400000    0.0773164
   3.9600000    0.0688495
   3.9800000    0.0748170
   4.0000000    0.0954994
   4.0200000    0.1316979
   4.0400000    0.1845692
   4.0600000    0.2554383
   4.0800000    0.3455796
   4.1000000    0.4559637
   4.1200000    0.5869739
   4.1400000    0.7381106
   4.1600000    0.9077116
   4.1800000    1.0927294
   4.2000000    1.2886071
   4.2200000    1.4892947
   4.2400000    1.6874349
   4.2600000    1.8747283
   4.2800000    2.0424607
   4.3000000    2.1821518
   4.3200000    2.2862566
   4.3400000    2.3488381
   4.3600000    2.3661290
   4.3800000    2.3369051
   4.4000000    2.2626225
   4.4200000    2.1472985
   4.4400000    1.9971521
   4.4600000    1.8200534
   4.4800000    1.6248517
   4.5000000    1.4206643
   4.5200000    1.2162069
   4.5400000    1.0192294
   4.5600000    0.8361032
   4.5800000    0.6715760
   4.6000000    0.5286918
   4.6200000    0.4088509
   4.6400000    0.3119755
   4.6600000    0.2367442
   4.6800000    0.1808565
   4.7000000    0.1413015
   4.7200000    0.1146068
   4.7400000    0.0970564
   4.7600000    0.0848717
   4.7800000    0.0743524
   4.8000000    0.0619820
   4.8200000    0.0445012
   4.8400000    0.0189561
   4.8600000   -0.0172674
   4.8800000   -0.0664140
   4.9000000   -0.1303195
   4.9200000   -0.2103515
   4.9400000   -0.3073212
   4.9600000   -0.4213655
   4.9800000   -0.5518083
   5.0000000   -0.6970170
   5.0200000   -0.8542844
   5.0400000   -1.0197665
   5.0600000   -1.1885110
   5.0800000   -1.3546034
   5.1000000   -1.5114408
   5.1200000   -1.6521306
   5.1400000   -1.7699824
   5.1600000   -1.8590482
   5.1800000   -1.9146471
   5.2000000   -1.9338085
   5.2200000   -1.9155738
   5.2400000   -1.8611098
   5.2600000   -1.7736180
   5.2800000   -1.6580449
   5.3000000   -1.5206310
   5.3200000   -1.3683561
   5.3400000   -1.2083490
   5.3600000   -1.0473325
   5.3800000   -0.8911636
   5.4000000   -0.7445121
   5.4200000   -0.6106975
   5.4400000   -0.4916819
   5.4600000   -0.3881969
   5.4800000   -0.2999699
   5.5000000   -0.2260058
   5.5200000   -0.1648843
   5.5400000   -0.1150350
   5.5600000   -0.0749653
   5.5800000   -0.0434238
   5.6000000   -0.0194965
   5.6200000   -0.0026378
   5.6400000    0.0073533
   5.6600000    0.0103989
   5.6800000    0.0062358
   5.7000000   -0.0054740
   5.7200000   -0.0250283
   5.7400000   -0.0525732
   5.7600000   -0.0880023
   5.7800000   -0.1308743
   5.8000000   -0.1803541
   5.8200000   -0.2351858
   5.8400000   -0.2937009
   5.8600000   -0.3538668
   5.8800000   -0.4133750
   5.9000000   -0.4697657
   5.9200000   -0.5205784
   5.9400000   -0.5635162
   5.9600000   -0.5966049
   5.9800000   -0.6183309
   6.0000000   -0.6277381
   6.0200000   -0.6244746
   6.0400000   -0.6087798
   6.0600000   -0.5814149
   6.0800000   -0.5435435
   6.1000000   -0.4965793
   6.1200000   -0.4420170
   6.1400000   -0.3812704
   6.1600000   -0.3155359
   6.1800000   -0.2457015
   6.2000000   -0.1723113
   6.2200000   -0.0955931
   6.2400000   -0.0155476
   6.2600000    0.0679128
   6.2800000    0.1547902
   6.3000000    0.2448196
   6.3200000    0.3373032
   6.3400000    0.4309934
   6.3600000    0.5240438
   6.3800000    0.6140479
   6.4000000    0.6981692
   6.4200000    0.7733543
   6.4400000    0.8366059
   6.4600000    0.8852861
   6.4800000    0.9174068
   6.5000000    0.9318710
   6.5200000    0.9286298
   6.5400000    0.9087320
   6.5600000    0.8742612
   6.5800000    0.8281652
   6.6000000    0.7740025
   6.6200000    0.7156371
   6.6400000    0.6569169
   6.6600000    0.6013740
   6.6800000    0.5519736
   6.7000000    0.5109345
   6.7200000    0.4796284
   6.7400000    0.4585595
   6.7600000    0.4474161
   6.7800000    0.4451789
   6.8000000    0.4502716
   6.8200000    0.4607358
   6.8400000    0.4744159
   6.8600000    0.4891403
   6.8800000    0.5028865
   6.9000000    0.5139219
   6.9200000    0.5209110
   6.9400000    0.5229828
   6.9600000    0.5197548
   6.9800000    0.5113121
   7.0000000    0.4981451
   7.0200000    0.4810508
   7.0400000    0.4610112
   7.0600000    0.4390606
   7.0800000    0.4161584
   7.1000000    0.3930830
   7.1200000    0.3703583
   7.1400000    0.3482221
   7.1600000    0.3266376
   7.1800000    0.3053463
   7.2000000    0.2839508
   7.2200000    0.2620159
   7.2400000    0.2391729
   7.2600000    0.2152114
   7.2800000    0.1901472
   7.3000000    0.1642563
   7.3200000    0.1380741
   7.3400000    0.1123574
   7.3600000    0.0880179
   7.3800000    0.0660334
   7.4000000    0.0473486
   7.4200000    0.0327768
   7.4400000    0.0229107
   7.4600000    0.0180548
   7.4800000    0.0181822
   7.5000000    0.0229226
   7.5200000    0.0315812
   7.5400000    0.0431866
   7.5600000    0.0565637
   7.5800000    0.0704248
   7.6000000    0.0834698
   7.6200000    0.0944890
   7.6400000    0.1024571
   7.6600000    0.1066136
   7.6800000    0.1065210
   7.7000000    0.1020987
   7.7200000    0.0936288
   7.7400000    0.0817329
   7.7600000    0.0673206
   7.7800000    0.0515116
   7.8000000    0.0355353
   7.8200000    0.0206134
   7.8400000    0.0078332
   7.8600000   -0.0019767
   7.8800000   -0.0083568
   7.9000000   -0.0112986
   7.9200000   -0.0112840
   7.9400000   -0.0092716
   7.9600000   -0.0066228
   7.9800000   -0.0049683
   8.0000000   -0.0060226
   8.0200000   -0.0113635
   8.0400000   -0.0222020
   8.0600000   -0.0391692
   8.0800000   -0.0621541
   8.1000000   -0.0902175
   8.1200000   -0.1216022
   8.1400000   -0.1538471
   8.1600000   -0.1839997
   8.1800000   -0.2089030
   8.2000000   -0.2255259
   8.2200000   -0.2312924
   8.2400000   -0.2243689
   8.2600000   -0.2038685
   8.2800000   -0.1699475
   8.3000000   -0.1237841
   8.3200000   -0.0674434
   8.3400000   -0.0036552
   8.3600000    0.0644633
   8.3800000    0.1336989
   8.4000000    0.2010105
   8.4200000    0.2637449
   8.4400000    0.3197807
   8.4600000    0.3675986
   8.4800000    0.4062848
   8.5000000    0.4354843
   8.5200000    0.4553251
   8.5400000    0.4663317
   8.5600000    0.4693423
   8.5800000    0.4654360
   8.6000000    0.4558704
   8.6200000    0.4420243
   8.6400000    0.4253367
   8.6600000    0.4072371
   8.6800000    0.3890646
   8.7000000    0.3719792
   8.7200000    0.3568759
   8.7400000    0.3443168
   8.7600000    0.3344976
   8.7800000    0.3272644
   8.8000000    0.3221894
   8.8200000    0.3187045
   8.8400000    0.3162836
   8.8600000    0.3146461
   8.8800000    0.3139517
   8.9000000    0.3149441
   8.9200000    0.3190093
   8.9400000    0.3281164
   8.9600000    0.3446296
   8.9800000    0.3709989
   9.0000000    0.4093611
   9.0200000    0.4611040
   9.0400000    0.5264627
   9.0600000    0.6042192
   9.0800000    0.6915700
   9.1000000    0.7842051
   9.1200000    0.8766083
   9.1400000    0.9625572
   9.1600000    1.0357610
   9.1800000    1.0905528
   9.2000000    1.1225371
   9.2200000    1.1290976
   9.2400000    1.1096892
   9.2600000    1.0658750
   9.2800000    1.0011033
   9.3000000    0.9202640
   9.3200000    0.8290919
   9.3400000    0.7335109
   9.3600000    0.6390065
   9.3800000    0.5501156
   9.4000000    0.4700873
   9.4200000    0.4007461
   9.4400000    0.3425517
   9.4600000    0.2948223
   9.4800000    0.2560681
   9.5000000    0.2243720
   9.5200000    0.1977547
   9.5400000    0.1744739
   9.5600000    0.1532226
   9.5800000    0.1332148
   9.6000000    0.1141619
   9.6200000    0.0961647
   9.6400000    0.0795511
   9.6600000    0.0646959
   9.6800000    0.0518563
   9.7000000    0.0410485
   9.7200000    0.0319824
   9.7400000    0.0240597
   9.7600000    0.0164317
   9.7800000    0.0081053
   9.8000000   -0.0019207
   9.8200000   -0.0145072
   9.8400000   -0.0302362
   9.8600000   -0.0493008
   9.8800000   -0.0714416
   9.9000000   -0.0959427
   9.9200000   -0.1216935
   9.9400000   -0.1473178
   9.9600000   -0.1713589
   9.9800000   -0.1925025
  10.0000000   -0.2098104
  10.0200000   -0.2229311
  10.0400000   -0.2322536
  10.0600000   -0.2389752
  10.0800000   -0.2450636
  10.1000000   -0.2531072
  10.1200000   -0.2660669
  10.1400000   -0.2869558
  10.1600000   -0.3184859
  10.1800000   -0.3627277
  10.2000000   -0.4208274
  10.2200000   -0.4928173
  10.2400000   -0.5775420
  10.2600000   -0.6727107
  10.2800000   -0.7750631
  10.3000000   -0.8806310
  10.3200000   -0.9850641
  10.3400000   -1.0839894
  10.3600000   -1.1733699
  10.3800000   -1.2498412
  10.4000000   -1.3110007
  10.4200000   -1.3556392
  10.4400000   -1.3839028
  10.4600000   -1.3973751
  10.4800000   -1.3990711
  10.5000000   -1.3933277
  10.5200000   -1.3855800
  10.5400000   -1.3820131
  10.5600000   -1.3890870
  10.5800000   -1.4129493
  10.6000000   -1.4587691
  10.6200000   -1.5300482
  10.6400000   -1.6279862
  10.6600000   -1.7509907
  10.6800000   -1.8944221
  10.7000000   -2.0506472
  10.7200000   -2.2094451
  10.7400000   -2.3587619
  10.7600000   -2.4857590
  10.7800000   -2.5780473
  10.8000000   -2.6249676
  10.8200000   -2.6187540
  10.8400000   -2.5554235
  10.8600000   -2.4352754
  10.8800000   -2.2629286
  10.9000000   -2.0468892
  10.9200000   -1.7987129
  10.9400000   -1.5318670
  10.9600000   -1.2604472
  10.9800000   -0.9979004
  11.0000000   -0.7559036
  11.0200000   -0.5435098
  11.0400000   -0.3666298
  11.0600000   -0.2278687
  11.0800000   -0.1266898
  11.1000000   -0.0598446
  11.1200000   -0.0219825
  11.1400000   -0.0063529
  11.1600000   -0.0055116
  11.1800000   -0.0119664
  11.2000000   -0.0187144
  11.2200000   -0.0196503
  11.2400000   -0.0098415
  11.2600000    0.0143148
  11.2800000    0.0550328
  11.3000000    0.1131541
  11.3200000    0.1882201
  11.3400000    0.2785878
  11.3600000    0.3815857
  11.3800000    0.4937079
  11.4000000    0.6108506
  11.4200000    0.7285886
  11.4400000    0.8424842
  11.4600000    0.9484126
  11.4800000    1.0428795
  11.5000000    1.1232966
  11.5200000    1.1881868
  11.5400000    1.2372851
  11.5600000    1.2715207
  11.5800000    1.2928713
  11.6000000    1.3041012
  11.6200000    1.3084079
  11.6400000    1.3090160
  11.6600000    1.3087617
  11.6800000    1.3097179
  11.7000000    1.3129033
  11.7200000    1.3181118
  11.7400000    1.3238893
  11.7600000    1.3276642
  11.7800000    1.3260297
  11.8000000    1.3151500
  11.8200000    1.2912533
  11.8400000    1.2511557
  11.8600000    1.1927541
  11.8800000    1.1154219
  11.9000000    1.0202489
  11.9200000    0.9100835
  11.9400000    0.7893569
  11.9600000    0.6637014
  11.9800000    0.5394037
  12.0000000    0.4227620
  12.0200000    0.3194282
  12.0400000    0.2338268
  12.0600000    0.1687246
  12.0800000    0.1250093
  12.1000000    0.1016936
  12.1200000    0.0961403
  12.1400000    0.1044595
  12.1600000    0.1220163
  12.1800000    0.1439720
  12.2000000    0.1657885
  12.2200000    0.1836333
  12.2400000    0.1946520
  12.2600000    0.1970910
  12.2800000    0.1902818
  12.3000000    0.1745128
  12.3200000    0.1508246
  12.3400000    0.1207695
  12.3600000    0.0861700
  12.3800000    0.0489049
  12.4000000    0.0107416
  12.4200000   -0.0267787
  12.4400000   -0.0624019
  12.4600000   -0.0951755
  12.4800000   -0.1244268
  12.5000000   -0.1497173
  12.5200000   -0.1707848
  12.5400000   -0.1874845
  12.5600000   -0.1997394
  12.5800000   -0.2075037
  12.6000000   -0.2107458
  12.6200000   -0.2094492
  12.6400000   -0.2036297
  12.6600000   -0.1933634
  12.6800000   -0.1788179
  12.7000000   -0.1602797
  12.7200000   -0.1381690
  12.7400000   -0.1130387
  12.7600000   -0.0855529
  12.7800000   -0.0564476
  12.8000000   -0.0264771
  12.8200000    0.0036463
  12.8400000    0.0333109
  12.8600000    0.0620531
  12.8800000    0.0895875
  12.9000000    0.1158126
  12.9200000    0.1407933
  12.9400000    0.1647182
  12.9600000    0.1878400
  12.9800000    0.2104023
  13.0000000    0.2325629
  13.0200000    0.2543193
  13.0400000    0.2754437
  13.0600000    0.2954319
  13.0800000    0.3134694
  13.1000000    0.3284158
  13.1200000    0.3388104
  13.1400000    0.3428988
  13.1600000    0.3386845
  13.1800000    0.3240084
  13.2000000    0.2966600
  13.2200000    0.2545233
  13.2400000    0.1957587
  13.2600000    0.1190148
  13.2800000    0.0236600
  13.3000000   -0.0899868
  13.3200000   -0.2204510
  13.3400000   -0.3649569
  13.3600000   -0.5193739
  13.3800000   -0.6782827
  13.4000000   -0.8351819
  13.4200000   -0.9828351
  13.4400000   -1.1137439
  13.4600000   -1.2207070
  13.4800000   -1.2974135
  13.5000000   -1.3390030
  13.5200000   -1.3425254
  13.5400000   -1.3072429
  13.5600000   -1.2347308
  13.5800000   -1.1287631
  13.6000000   -0.9949927
  13.6200000   -0.8404652
  13.6400000   -0.6730240
  13.6600000   -0.5006765
  13.6800000   -0.3309922
  13.7000000   -0.1705953
  13.7200000   -0.0247968
  13.7400000    0.1026092
  13.7600000    0.2093809
  13.7800000    0.2947118
  13.8000000    0.3589939
  13.8200000    0.4034969
  13.8400000    0.4300090
  13.8600000    0.4404784
  13.8800000    0.4366910
  13.9000000    0.4200144
  13.9200000    0.3912289
  13.9400000    0.3504590
  13.9600000    0.2972103
  13.9800000    0.2305104
  14.0000000    0.1491396
  14.0200000    0.0519332
  14.0400000   -0.0618772
  14.0600000   -0.1923198
  14.0800000   -0.3383790
  14.1000000   -0.4977766
  14.1200000   -0.6668749
  14.1400000   -0.8407295
  14.1600000   -1.0132992
  14.1800000   -1.1778033
  14.2000000   -1.3271901
  14.2200000   -1.4546628
  14.2400000   -1.5541968
  14.2600000   -1.6209786
  14.2800000   -1.6517069
  14.3000000   -1.6447130
  14.3200000   -1.5998935
  14.3400000   -1.5184709
  14.3600000   -1.4026372
  14.3800000   -1.2551509
  14.4000000   -1.0789684
  14.4200000   -0.8769877
  14.4400000   -0.6519560
  14.4600000   -0.4065601
  14.4800000   -0.1436828
  14.5000000    0.1332341
  14.5200000    0.4198037
  14.5400000    0.7103852
  14.5600000    0.9979421
  14.5800000    1.2741349
  14.6000000    1.5296788
  14.6200000    1.7549439
  14.6400000    1.9407332
  14.6600000    2.0791384
  14.6800000    2.1643503
  14.7000000    2.1933061
  14.7200000    2.1660801
  14.7400000    2.0859549
  14.7600000    1.9591659
  14.7800000    1.7943583
  14.8000000    1.6018262
  14.8200000    1.3926439
  14.8400000    1.1777893
  14.8600000    0.9673626
  14.8800000    0.7699747
  14.9000000    0.5923475
  14.9200000    0.4391386
  14.9400000    0.3129699
  14.9600000    0.2146209
  14.9800000    0.1433292
  15.0000000    0.0971456
  15.0200000    0.0732891
  15.0400000    0.0684612
  15.0600000    0.0790949
  15.0800000    0.1015256
  15.1000000    0.1320871
  15.1200000    0.1671476
  15.1400000    0.2031047
  15.1600000    0.2363666
  15.1800000    0.2633392
  15.2000000    0.2804433
  15.2200000    0.2841702
  15.2400000    0.2711861
  15.2600000    0.2384799
  15.2800000    0.1835477
  15.3000000    0.1046009
  15.3200000    0.0007777
  15.3400000   -0.1276597
  15.3600000   -0.2791650
  15.3800000   -0.4508068
  15.4000000   -0.6382479
  15.4200000   -0.8358229
  15.4400000   -1.0367280
  15.4600000   -1.2333254
  15.4800000   -1.4175585
  15.5000000   -1.5814508
  15.5200000   -1.7176555
  15.5400000   -1.8200037
  15.5600000   -1.8839939
  15.5800000   -1.9071651
  15.6000000   -1.8893059
  15.6200000   -1.8324687
  15.6400000   -1.7407810
  15.6600000   -1.6200744
  15.6800000   -1.4773743
  15.7000000   -1.3203082
  15.7200000   -1.1565046
  15.7400000   -0.9930446
  15.7600000   -0.8360215
  15.7800000   -0.6902419
  15.8000000   -0.5590819
  15.8200000   -0.4444915
  15.8400000   -0.3471196
  15.8600000   -0.2665299
  15.8800000   -0.2014646
  15.9000000   -0.1501222
  15.9200000   -0.1104197
  15.9400000   -0.0802163
  15.9600000   -0.0574885
  15.9800000   -0.0404522
  16.0000000   -0.0276334
  16.0200000   -0.0178961
  16.0400000   -0.0104352
  16.0600000   -0.0047453
  16.0800000   -0.0005744
  16.1000000    0.0021285
  16.1200000    0.0032652
  16.1400000    0.0026358
  16.1600000   -0.0000218
  16.1800000   -0.0049984
  16.2000000   -0.0125862
  16.2200000   -0.0230525
  16.2400000   -0.0366129
  16.2600000   -0.0534011
  16.2800000   -0.0734354
  16.3000000   -0.0965827
  16.3200000   -0.1225263
  16.3400000   -0.1507406
  16.3600000   -0.1804817
  16.3800000   -0.2107957
  16.4000000   -0.2405511
  16.4200000   -0.2684916
  16.4400000   -0.2933082
  16.4600000   -0.3137234
  16.4800000   -0.3285786
  16.5000000   -0.3369182
  16.5200000   -0.3380612
  16.5400000   -0.3316542
  16.5600000   -0.3177042
  16.5800000   -0.2965868
  16.6000000   -0.2690330
  16.6200000   -0.2360941
  16.6400000   -0.1990889
  16.6600000   -0.1595351
  16.6800000   -0.1190697
  16.7000000   -0.0793626
  16.7200000   -0.0420279
  16.7400000   -0.0085397
  16.7600000    0.0198418
  16.7800000    0.0421284
  16.8000000    0.0576408
  16.8200000    0.0660217
  16.8400000    0.0672232
  16.8600000    0.0614700
  16.8800000    0.0492000
  16.9000000    0.0309885
  16.9200000    0.0074590
  16.9400000   -0.0208114
  16.9600000   -0.0533859
  16.9800000   -0.0900520
  17.0000000   -0.1308869
  17.0200000   -0.1762917
  17.0400000   -0.2269840
  17.0600000   -0.2839379
  17.0800000   -0.3482651
  17.1000000   -0.4210362
  17.1200000   -0.5030534
  17.1400000   -0.5945932
  17.1600000   -0.6951521
  17.1800000   -0.8032335
  17.2000000   -0.9162172
  17.2200000   -1.0303517
  17.2400000   -1.1408893
  17.2600000   -1.2423739
  17.2800000   -1.3290609
  17.3000000   -1.3954292
  17.3200000   -1.4367226
  17.3400000   -1.4494528
  17.3600000   -1.4317915
  17.3800000   -1.3837969
  17.4000000   -1.3074388
  17.4200000   -1.2064191
  17.4400000   -1.0858130
  17.4600000   -0.9515774
  17.4800000   -0.8099957
  17.5000000   -0.6671281
  17.5200000   -0.5283310
  17.5400000   -0.3978961
  17.5600000   -0.2788359
  17.5800000   -0.1728223
  17.6000000   -0.0802651
  17.6200000   -0.0005023
  17.6400000    0.0679334
  17.6600000    0.1270106
  17.6800000    0.1788913
  17.7000000    0.2256501
  17.7200000    0.2690397
  17.7400000    0.3103183
  17.7600000    0.3501450
  17.7800000    0.3885457
  17.8000000    0.4249441
  17.8200000    0.4582527
  17.8400000    0.4870112
  17.8600000    0.5095595
  17.8800000    0.5242288
  17.9000000    0.5295352
  17.9200000    0.5243566
  17.9400000    0.5080812
  17.9600000    0.4807111
  17.9800000    0.4429166
  18.0000000    0.3960341
  18.0200000    0.3420104
  18.0400000    0.2832972
  18.0600000    0.2227037
  18.0800000    0.1632190
  18.1000000    0.1078153
  18.1200000    0.0592458
  18.1400000    0.0198513
  18.1600000   -0.0086120
  18.1800000   -0.0251088
  18.2000000   -0.0294136
  18.2200000   -0.0221425
  18.2400000   -0.0047209
  18.2600000    0.0207141
  18.2800000    0.0514709
  18.3000000    0.0845100
  18.3200000    0.1166813
  18.3400000    0.1449700
  18.3600000    0.1667269
  18.3800000    0.1798599
  18.4000000    0.1829682
  18.4200000    0.1754085
  18.4400000    0.1572900
  18.4600000    0.1294074
  18.4800000    0.0931224
  18.5000000    0.0502152
  18.5200000    0.0027249
  18.5400000   -0.0472039
  18.5600000   -0.0974555
  18.5800000   -0.1460504
  18.6000000   -0.1912259
  18.6200000   -0.2314914
  18.6400000   -0.2656681
  18.6600000   -0.2929139
  18.6800000   -0.3127437
  18.7000000   -0.3250422
  18.7200000   -0.3300693
  18.7400000   -0.3284542
  18.7600000   -0.3211708
  18.7800000   -0.3094918
  18.8000000   -0.2949165
  18.8200000   -0.2790753
  18.8400000   -0.2636161
  18.8600000   -0.2500807
  18.8800000   -0.2397856
  18.9000000   -0.2337195
  18.9200000   -0.2324690
  18.9400000   -0.2361841
  18.9600000   -0.2445846
  18.9800000   -0.2570086
  19.0000000   -0.2724941
  19.0200000   -0.2898841
  19.0400000   -0.3079409
  19.0600000   -0.3254564
  19.0800000   -0.3413473
  19.1000000   -0.3547272
  19.1200000   -0.3649552
  19.1400000   -0.3716608
  19.1600000   -0.3747537
  19.1800000   -0.3744271
  19.2000000   -0.3711629
  19.2200000   -0.3657480
  19.2400000   -0.3593063
  19.2600000   -0.3533467
  19.2800000   -0.3498216
  19.3000000   -0.3511846
  19.3200000   -0.3604321
  19.3400000   -0.3811055
  19.3600000   -0.4172330
  19.3800000   -0.4731883
  19.4000000   -0.5534494
  19.4200000   -0.6622530
  19.4400000   -0.8031512
  19.4600000   -0.9785006
  19.4800000   -1.1889288
  19.5000000   -1.4328454
  19.5200000   -1.7060709
  19.5400000   -2.0016632
  19.5600000   -2.3100047
  19.5800000   -2.6191926
  19.6000000   -2.9157293
  19.6200000   -3.1854785
  19.6400000   -3.4147953
  19.6600000   -3.5917114
  19.6800000   -3.7070303
  19.7000000   -3.7551995
  19.7200000   -3.7348352
  19.7400000   -3.6488273
  19.7600000   -3.5040143
  19.7800000   -3.3104647
  19.8000000   -3.0804604
  19.8200000   -2.8273203
  19.8400000   -2.5642083
  19.8600000   -2.3030669
  19.8800000   -2.0537888
  19.9000000   -1.8237018
  19.9200000   -1.6173845
  19.9400000   -1.4367971
  19.9600000   -1.2816654
  19.9800000   -1.1500387
  20.0000000   -1.0389305
  20.0200000   -0.9449564
  20.0400000   -0.8648970
  20.0600000   -0.7961341
  20.0800000   -0.7369332
  20.1000000   -0.6865644
  20.1200000   -0.6452730
  20.1400000   -0.6141260
  20.1600000   -0.5947658
  20.1800000   -0.5891082
  20.2000000   -0.5990190
  20.2200000   -0.6260009
  20.2400000   -0.6709151
  20.2600000   -0.7337586
  20.2800000   -0.8135086
  20.3000000   -0.9080418
  20.3200000   -1.0141350
  20.3400000   -1.1275431
  20.3600000   -1.2431544
  20.3800000   -1.3552156
  20.4000000   -1.4576151
  20.4200000   -1.5442093
  20.4400000   -1.6091721
  20.4600000   -1.6473421
  20.4800000   -1.6545408
  20.5000000   -1.6278353
  20.5200000   -1.5657233
  20.5400000   -1.4682248
  20.5600000   -1.3368766
  20.5800000   -1.1746339
  20.6000000   -0.9856952
  20.6200000   -0.7752723
  20.6400000   -0.5493297
  20.6600000   -0.3143131
  20.6800000   -0.0768864
  20.7000000    0.1563179
  20.7200000    0.3789303
  20.7400000    0.5850628
  20.7600000    0.7695151
  20.7800000    0.9279706
  20.8000000    1.0571728
  20.8200000    1.1550711
  20.8400000    1.2209169
  20.8600000    1.2552916
  20.8800000    1.2600509
  20.9000000    1.2381784
  20.9200000    1.1935543
  20.9400000    1.1306543
  20.9600000    1.0542064
  20.9800000    0.9688430
  21.0000000    0.8787795
  21.0200000    0.7875585
  21.0400000    0.6978794
  21.0600000    0.6115304
  21.0800000    0.5294220
  21.1000000    0.4517131
  21.1200000    0.3780062
  21.1400000    0.3075865
  21.1600000    0.2396711
  21.1800000    0.1736397
  21.2000000    0.1092181
  21.2200000    0.0465954
  21.2400000   -0.0135378
  21.2600000   -0.0700302
  21.2800000   -0.1213831
  21.3000000   -0.1659171
  21.3200000   -0.2019692
  21.3400000   -0.2280948
  21.3600000   -0.2432444
  21.3800000   -0.2468963
  21.4000000   -0.2391285
  21.4200000   -0.2206236
  21.4400000   -0.1926118
  21.4600000   -0.1567636
  21.4800000   -0.1150506
  21.5000000   -0.0695957
  21.5200000   -0.0225324
  21.5400000    0.0241103
  21.5600000    0.0684881
  21.5800000    0.1089826
  21.6000000    0.1442090
  21.6200000    0.1729972
  21.6400000    0.1943599
  21.6600000    0.2074609
  21.6800000    0.2115957
  21.7000000    0.2061947
  21.7200000    0.1908540
  21.7400000    0.1653963
  21.7600000    0.1299559
  21.7800000    0.0850806
  21.8000000    0.0318326
  21.8200000   -0.0281269
  21.8400000   -0.0924917
  21.8600000   -0.1583234
  21.8800000   -0.2221379
  21.9000000   -0.2800755
  21.9200000   -0.3281498
  21.9400000   -0.3625626
  21.9600000   -0.3800536
  21.9800000   -0.3782476
  22.0000000   -0.3559521
  22.0200000   -0.3133627
  22.0400000   -0.2521372
  22.0600000   -0.1753207
  22.0800000   -0.0871171
  22.1000000    0.0074697
  22.1200000    0.1030867
  22.1400000    0.1945189
  22.1600000    0.2771552
  22.1800000    0.3473754
  22.2000000    0.4028155
  22.2200000    0.4424856
  22.2400000    0.4667394
  22.2600000    0.4771073
  22.2800000    0.4760309
  22.3000000    0.4665366
  22.3200000    0.4518949
  22.3400000    0.4353027
  22.3600000    0.4196186
  22.3800000    0.4071675
  22.4000000    0.3996197
  22.4200000    0.3979404
  22.4400000    0.4023966
  22.4600000    0.4126111
  22.4800000    0.4276471
  22.5000000    0.4461158
  22.5200000    0.4662979
  22.5400000    0.4862745
  22.5600000    0.5040640
  22.5800000    0.5177597
  22.6000000    0.5256648
  22.6200000    0.5264164
  22.6400000    0.5190908
  22.6600000    0.5032826
  22.6800000    0.4791495
  22.7000000    0.4474182
  22.7200000    0.4093494
  22.7400000    0.3666639
  22.7600000    0.3214330
  22.7800000    0.2759433
  22.8000000    0.2325435
  22.8200000    0.1934849
  22.8400000    0.1607670
  22.8600000    0.1359985
  22.8800000    0.1202835
  22.9000000    0.1141413
  22.9200000    0.1174659
  22.9400000    0.1295282
  22.9600000    0.1490219
  22.9800000    0.1741521
  23.0000000    0.2027589
  23.0200000    0.2324709
  23.0400000    0.2608749
  23.0600000    0.2856918
  23.0800000    0.3049410
  23.1000000    0.3170819
  23.1200000    0.3211177
  23.1400000    0.3166510
  23.1600000    0.3038866
  23.1800000    0.2835807
  23.2000000    0.2569429
  23.2200000    0.2255036
  23.2400000    0.1909622
  23.2600000    0.1550356
  23.2800000    0.1193242
  23.3000000    0.0852092
  23.3200000    0.0537905
  23.3400000    0.0258656
  23.3600000    0.0019457
  23.3800000   -0.0177021
  23.4000000   -0.0329997
  23.4200000   -0.0440020
  23.4400000   -0.0508522
  23.4600000   -0.0537535
  23.4800000   -0.0529597
  23.5000000   -0.0487804
  23.5200000   -0.0415939
  23.5400000   -0.0318608
  23.5600000   -0.0201292
  23.5800000   -0.0070263
  23.6000000    0.0067652
  23.6200000    0.0205455
  23.6400000    0.0336468
  23.6600000    0.0454864
  23.6800000    0.0556179
  23.7000000    0.0637731
  23.7200000    0.0698896
  23.7400000    0.0741215
  23.7600000    0.0768298
  23.7800000    0.0785551
  23.8000000    0.0799726
  23.8200000    0.0818346
  23.8400000    0.0849039
  23.8600000    0.0898853
  23.8800000    0.0973606
  23.9000000    0.1077328
  23.9200000    0.1211867
  23.9400000    0.1376679
  23.9600000    0.1568853
  23.9800000    0.1783331
  24.0000000    0.2013324
  24.0200000    0.2250856
  24.0400000    0.2487365
  24.0600000    0.2714277
  24.0800000    0.2923490
  24.1000000    0.3107693
  24.1200000    0.3260493
  24.1400000    0.3376344
  24.1600000    0.3450305
  24.1800000    0.3477685
  24.2000000    0.3453667
  24.2200000    0.3372989
  24.2400000    0.3229797
  24.2600000    0.3017737
  24.2800000    0.2730357
  24.3000000    0.2361830
  24.3200000    0.1907981
  24.3400000    0.1367533
  24.3600000    0.0743451
  24.3800000    0.0044198
  24.4000000   -0.0715274
  24.4200000   -0.1513038
  24.4400000   -0.2320360
  24.4600000   -0.3102660
  24.4800000   -0.3821314
  24.5000000   -0.4436213
  24.5200000   -0.4908903
  24.5400000   -0.5206036
  24.5600000   -0.5302762
  24.5800000   -0.5185681
  24.6000000   -0.4854979
  24.6200000   -0.4325457
  24.6400000   -0.3626243
  24.6600000   -0.2799165
  24.6800000   -0.1895863
  24.7000000   -0.0973908
  24.7200000   -0.0092281
  24.7400000    0.0693338
  24.7600000    0.1335007
  24.7800000    0.1796252
  24.8000000    0.2054724
  24.8200000    0.2103543
  24.8400000    0.1951229
  24.8600000    0.1620274
  24.8800000    0.1144553
  24.9000000    0.0565878
  24.9200000   -0.0069912
  24.9400000   -0.0716924
  24.9600000   -0.1332840
  24.9800000   -0.1881900
  25.0000000   -0.2337002
  25.0200000   -0.2680822
  25.0400000   -0.2905957
  25.0600000   -0.3014215
  25.0800000   -0.3015231
  25.1000000   -0.2924656
  25.1200000   -0.2762139
  25.1400000   -0.2549338
  25.1600000   -0.2308116
  25.1800000   -0.2059050
  25.2000000   -0.1820303
  25.2200000   -0.1606876
  25.2400000   -0.1430198
  25.2600000   -0.1298011
  25.2800000   -0.1214492
  25.3000000   -0.1180539
  25.3200000   -0.1194187
  25.3400000   -0.1251110
  25.3600000   -0.1345171
  25.3800000   -0.1469012
  25.4000000   -0.1614640
  25.4200000   -0.1774002
  25.4400000   -0.1939516
  25.4600000   -0.2104516
  25.4800000   -0.2263604
  25.5000000   -0.2412877
  25.5200000   -0.2550020
  25.5400000   -0.2674272
  25.5600000   -0.2786290
  25.5800000   -0.2887940
  25.6000000   -0.2982073
  25.6200000   -0.3072334
  25.6400000   -0.3163048
  25.6600000   -0.3259225
  25.6800000   -0.3366684
  25.7000000   -0.3492289
  25.7200000   -0.3644218
  25.7400000   -0.3832199
  25.7600000   -0.4067583
  25.7800000   -0.4363136
  25.8000000   -0.4732448
  25.8200000   -0.5188880
  25.8400000   -0.5744058
  25.8600000   -0.6405994
  25.8800000   -0.7177011
  25.9000000   -0.8051741
  25.9200000   -0.9015519
  25.9400000   -1.0043508
  25.9600000   -1.1100847
  25.9800000   -1.2143999
  26.0000000   -1.3123342
  26.0200000   -1.3986816
  26.0400000   -1.4684298
  26.0600000   -1.5172192
  26.0800000   -1.5417667
  26.1000000   -1.5401969
  26.1200000   -1.5122351
  26.1400000   -1.4592356
  26.1600000   -1.3840395
  26.1800000   -1.2906852
  26.2000000   -1.1840106
  26.2200000   -1.0692026
  26.2400000   -0.9513519
  26.2600000   -0.8350663
  26.2800000   -0.7241809
  26.3000000   -0.6215868
  26.3200000   -0.5291795
  26.3400000   -0.4479093
  26.3600000   -0.3779086
  26.3800000   -0.3186578
  26.4000000   -0.2691617
  26.4200000   -0.2281071
  26.4400000   -0.1939860
  26.4600000   -0.1651805
  26.4800000   -0.1400126
  26.5000000   -0.1167740
  26.5200000   -0.0937489
  26.5400000   -0.0692489
  26.5600000   -0.0416693
  26.5800000   -0.0095731
  26.6000000    0.0281998
  26.6200000    0.0724085
  26.6400000    0.1232890
  26.6600000    0.1804534
  26.6800000    0.2428316
  26.7000000    0.3086714
  26.7200000    0.3756089
  26.7400000    0.4408089
  26.7600000    0.5011689
  26.7800000    0.5535664
  26.8000000    0.5951269
  26.8200000    0.6234794
  26.8400000    0.6369733
  26.8600000    0.6348302
  26.8800000    0.6172142
  26.9000000    0.5852153
  26.9200000    0.5407500
  26.9400000    0.4863957
  26.9600000    0.4251784
  26.9800000    0.3603414
  27.0000000    0.2951181
  27.0200000    0.2325294
  27.0400000    0.1752205
  27.0600000    0.1253440
  27.0800000    0.0844893
  27.1000000    0.0536552
  27.1200000    0.0332571
  27.1400000    0.0231613
  27.1600000    0.0227391
  27.1800000    0.0309351
  27.2000000    0.0463456
  27.2200000    0.0673055
  27.2400000    0.0919822
  27.2600000    0.1184746
  27.2800000    0.1449139
  27.3000000    0.1695632
  27.3200000    0.1909087
  27.3400000    0.2077372
  27.3600000    0.2191926
  27.3800000    0.2248072
  27.4000000    0.2245038
  27.4200000    0.2185679
  27.4400000    0.2075943
  27.4600000    0.1924115
  27.4800000    0.1739936
  27.5000000    0.1533675
  27.5200000    0.1315255
  27.5400000    0.1093497
  27.5600000    0.0875574
  27.5800000    0.0666679
  27.6000000    0.0469946
  27.6200000    0.0286588
  27.6400000    0.0116237
  27.6600000   -0.0042581
  27.6800000   -0.0191896
  27.7000000   -0.0333723
  27.7200000   -0.0469537
  27.7400000   -0.0599863
  27.7600000   -0.0723993
  27.7800000   -0.0839889
  27.8000000   -0.0944260
  27.8200000   -0.1032808
  27.8400000   -0.1100613
  27.8600000   -0.1142606
  27.8800000   -0.1154088
  27.9000000   -0.1131215
  27.9200000   -0.1071405
  27.9400000   -0.0973620
  27.9600000   -0.0838495
  27.9800000   -0.0668286
  28.0000000   -0.0466682
  28.0200000   -0.0238478
  28.0400000    0.0010827
  28.0600000    0.0275457
  28.0800000    0.0549755
  28.1000000    0.0828490
  28.1200000    0.1107050
  28.1400000    0.1381481
  28.1600000    0.1648394
  28.1800000    0.1904753
  28.2000000    0.2147592
  28.2200000    0.2373732
  28.2400000    0.2579547
  28.2600000    0.2760857
  28.2800000    0.2912971
  28.3000000    0.3030904
  28.3200000    0.3109755
  28.3400000    0.3145187
  28.3600000    0.3133956
  28.3800000    0.3074401
  28.4000000    0.2966815
  28.4200000    0.2813643
  28.4400000    0.2619475
  28.4600000    0.2390815
  28.4800000    0.2135667
  28.5000000    0.1862987
  28.5200000    0.1582048
  28.5400000    0.1301812
  28.5600000    0.1030339
  28.5800000    0.0774297
  28.6000000    0.0538586
  28.6200000    0.0326087
  28.6400000    0.0137538
  28.6600000   -0.0028491
  28.6800000   -0.0175513
  28.7000000   -0.0308949
  28.7200000   -0.0435860
  28.7400000   -0.0564580
  28.7600000   -0.0704253
  28.7800000   -0.0864270
  28.8000000   -0.1053633
  28.8200000   -0.1280267
  28.8400000   -0.1550338
  28.8600000   -0.1867628
  28.8800000   -0.2233041
  28.9000000   -0.2644283
  28.9200000   -0.3095769
  28.9400000   -0.3578767
  28.9600000   -0.4081759
  28.9800000   -0.4591005
  29.0000000   -0.5091224
  29.0200000   -0.5566367
  29.0400000   -0.6000391
  29.0600000   -0.6378018
  29.0800000   -0.6685440
  29.1000000   -0.6910954
  29.1200000   -0.7045528
  29.1400000   -0.7083283
  29.1600000   -0.7021860
  29.1800000   -0.6862664
  29.2000000   -0.6610903
  29.2200000   -0.6275413
  29.2400000   -0.5868221
  29.2600000   -0.5403863
  29.2800000   -0.4898477
  29.3000000   -0.4368774
  29.3200000   -0.3830963
  29.3400000   -0.3299773
  29.3600000   -0.2787659
  29.3800000   -0.2304284
  29.4000000   -0.1856315
  29.4200000   -0.1447521
  29.4400000   -0.1079120
  29.4600000   -0.0750293
  29.4800000   -0.0458769
  29.5000000   -0.0201381
  29.5200000    0.0025474
  29.5400000    0.0225522
  29.5600000    0.0402452
  29.5800000    0.0559886
  29.6000000    0.0701438
  29.6200000    0.0830792
  29.6400000    0.0951748
  29.6600000    0.1068178
  29.6800000    0.1183863
  29.7000000    0.1302212
  29.7200000    0.1425865
  29.7400000    0.1556265
  29.7600000    0.1693236
  29.7800000    0.1834669
  29.8000000    0.1976403
  29.8200000    0.2112348
  29.8400000    0.2234913
  29.8600000    0.2335718
  29.8800000    0.2406544
  29.9000000    0.2440415
  29.9200000    0.2432680
  29.9400000    0.2381926
  29.9600000    0.2290566
  29.9800000    0.2164981
  30.0000000    0.2015149
