 -10.0000000    0.5649912
  -9.9800000    0.5607667
  -9.9600000    0.5352415
  -9.9400000    0.4914576
  -9.9200000    0.4338291
  -9.9000000    0.3678032
  -9.8800000    0.2993996
  -9.8600000    0.2346841
  -9.8400000    0.1792347
  -9.8200000    0.1376655
  -9.8000000    0.1132685
  -9.7800000    0.1078108
  -9.7600000    0.1215115
  -9.7400000    0.1531910
  -9.7200000    0.2005629
  -9.7000000    0.2606163
  -9.6800000    0.3300260
  -9.6600000    0.4055229
  -9.6400000    0.4841673
  -9.6200000    0.5634887
  -9.6000000    0.6414781
  -9.5800000    0.7164517
  -9.5600000    0.7868255
  -9.5400000    0.8508627
  -9.5200000    0.9064578
  -9.5000000    0.9510156
  -9.4800000    0.9814671
  -9.4600000    0.9944323
  -9.4400000    0.9865177
  -9.4200000    0.9546991
  -9.4000000    0.8967323
  -9.3800000    0.8115171
  -9.3600000    0.6993511
  -9.3400000    0.5620273
  -9.3200000    0.4027516
  -9.3000000    0.2258929
  -9.2800000    0.0366000
  -9.2600000   -0.1596550
  -9.2400000   -0.3575411
  -9.2200000   -0.5522726
  -9.2000000   -0.7399041
  -9.1800000   -0.9174846
  -9.1600000   -1.0830696
  -9.1400000   -1.2356098
  -9.1200000   -1.3747575
  -9.1000000   -1.5006404
  -9.0800000   -1.6136499
  -9.0600000   -1.7142818
  -9.0400000   -1.8030477
  -9.0200000   -1.8804569
  -9.0000000   -1.9470487
  -8.9800000   -2.0034424
  -8.9600000   -2.0503704
  -8.9400000   -2.0886653
  -8.9200000   -2.1191851
  -8.9000000   -2.1426814
  -8.8800000   -2.1596320
  -8.8600000   -2.1700751
  -8.8400000   -2.1734873
  -8.8200000   -2.1687441
  -8.8000000   -2.1541867
  -8.7800000   -2.1278034
  -8.7600000   -2.0875054
  -8.7400000   -2.0314618
  -8.7200000   -1.9584447
  -8.7000000   -1.8681289
  -8.6800000   -1.7612990
  -8.6600000   -1.6399327
  -8.6400000   -1.5071455
  -8.6200000   -1.3670060
  -8.6000000   -1.2242508
  -8.5800000   -1.0839365
  -8.5600000   -0.9510756
  -8.5400000   -0.8302958
  -8.5200000   -0.7255595
  -8.5000000   -0.6399580
  -8.4800000   -0.5755924
  -8.4600000   -0.5335328
  -8.4400000   -0.5138444
  -8.4200000   -0.5156642
  -8.4000000   -0.5373108
  -8.3800000   -0.5764157
  -8.3600000   -0.6300657
  -8.3400000   -0.6949521
  -8.3200000   -0.7675246
  -8.3000000   -0.8441482
  -8.2800000   -0.9212611
  -8.2600000   -0.9955297
  -8.2400000   -1.0639944
  -8.2200000   -1.1241964
  -8.2000000   -1.1742788
  -8.1800000   -1.2130520
  -8.1600000   -1.2400183
  -8.1400000   -1.2553534
  -8.1200000   -1.2598465
  -8.1000000   -1.2548034
  -8.0800000   -1.2419217
  -8.0600000   -1.2231459
  -8.0400000   -1.2005152
  -8.0200000   -1.1760099
  -8.0000000   -1.1514091
  -7.9800000   -1.1281661
  -7.9600000   -1.1073092
  -7.9400000   -1.0893761
  -7.9200000   -1.0743894
  -7.9000000   -1.0618778
  -7.8800000   -1.0509469
  -7.8600000   -1.0403987
  -7.8400000   -1.0288932
  -7.8200000   -1.0151383
  -7.8000000   -0.9980916
  -7.7800000   -0.9771503
  -7.7600000   -0.9523049
  -7.7400000   -0.9242372
  -7.7200000   -0.8943443
  -7.7000000   -0.8646820
  -7.6800000   -0.8378264
  -7.6600000   -0.8166665
  -7.6400000   -0.8041453
  -7.6200000   -0.8029743
  -7.6000000   -0.8153500
  -7.5800000   -0.8427019
  -7.5600000   -0.8854975
  -7.5400000   -0.9431276
  -7.5200000   -1.0138870
  -7.5000000   -1.0950557
  -7.4800000   -1.1830793
  -7.4600000   -1.2738318
  -7.4400000   -1.3629390
  -7.4200000   -1.4461297
  -7.4000000   -1.5195781
  -7.3800000   -1.5802004
  -7.3600000   -1.6258744
  -7.3400000   -1.6555586
  -7.3200000   -1.6693014
  -7.3000000   -1.6681430
  -7.2800000   -1.6539302
  -7.2600000   -1.6290681
  -7.2400000   -1.5962457
  -7.2200000   -1.5581674
  -7.2000000   -1.5173200
  -7.1800000   -1.4757982
  -7.1600000   -1.4351985
  -7.1400000   -1.3965846
  -7.1200000   -1.3605172
  -7.1000000   -1.3271330
  -7.0800000   -1.2962603
  -7.0600000   -1.2675487
  -7.0400000   -1.2405994
  -7.0200000   -1.2150797
  -7.0000000   -1.1908085
  -6.9800000   -1.1678083
  -6.9600000   -1.1463146
  -6.9400000   -1.1267460
  -6.9200000   -1.1096402
  -6.9000000   -1.0955623
  -6.8800000   -1.0850007
  -6.8600000   -1.0782633
  -6.8400000   -1.0753888
  -6.8200000   -1.0760822
  -6.8000000   -1.0796838
  -6.7800000   -1.0851718
  -6.7600000   -1.0911932
  -6.7400000   -1.0961175
  -6.7200000   -1.0981025
  -6.7000000   -1.0951637
  -6.6800000   -1.0852421
  -6.6600000   -1.0662675
  -6.6400000   -1.0362212
  -6.6200000   -0.9931995
  -6.6000000   -0.9354814
  -6.5800000   -0.8615961
  -6.5600000   -0.7703835
  -6.5400000   -0.6610238
  -6.5200000   -0.5330146
  -6.5000000   -0.3860594
  -6.4800000   -0.2198414
  -6.4600000   -0.0336574
  -6.4400000    0.1740862
  -6.4200000    0.4064952
  -6.4000000    0.6688663
  -6.3800000    0.9693305
  -6.3600000    1.3193303
  -6.3400000    1.7337816
  -6.3200000    2.2307615
  -6.3000000    2.8305880
  -6.2800000    3.5542087
  -6.2600000    4.4209033
  -6.2400000    5.4454160
  -6.2200000    6.6347618
  -6.2000000    7.9850722
  -6.1800000    9.4789313
  -6.1600000   11.0836878
  -6.1400000   12.7511906
  -6.1200000   14.4192481
  -6.1000000   16.0149334
  -6.0800000   17.4595662
  -6.0600000   18.6749680
  -6.0400000   19.5903133
  -6.0200000   20.1487874
  -6.0000000   20.3132163
  -5.9800000   20.0699113
  -5.9600000   19.4302298
  -5.9400000   18.4296691
  -5.9200000   17.1245757
  -5.9000000   15.5869806
  -5.8800000   13.8982030
  -5.8600000   12.1420292
  -5.8400000   10.3982662
  -5.8200000    8.7373087
  -5.8000000    7.2161814
  -5.7800000    5.8762654
  -5.7600000    4.7426811
  -5.7400000    3.8251167
  -5.7200000    3.1197814
  -5.7000000    2.6121036
  -5.6800000    2.2798258
  -5.6600000    2.0961884
  -5.6400000    2.0329780
  -5.6200000    2.0632742
  -5.6000000    2.1637829
  -5.5800000    2.3166651
  -5.5600000    2.5107847
  -5.5400000    2.7422945
  -5.5200000    3.0144916
  -5.5000000    3.3368964
  -5.4800000    3.7235609
  -5.4600000    4.1906851
  -5.4400000    4.7537075
  -5.4200000    5.4241442
  -5.4000000    6.2065139
  -5.3800000    7.0957518
  -5.3600000    8.0755105
  -5.3400000    9.1176703
  -5.3200000   10.1832895
  -5.3000000   11.2250124
  -5.2800000   12.1907936
  -5.2600000   13.0285533
  -5.2400000   13.6912503
  -5.2200000   14.1417361
  -5.2000000   14.3567412
  -5.1800000   14.3294744
  -5.1600000   14.0704198
  -5.1400000   13.6062415
  -5.1200000   12.9768857
  -5.1000000   12.2312801
  -5.0800000   11.4221789
  -5.0600000   10.6008072
  -5.0400000    9.8119843
  -5.0200000    9.0902740
  -5.0000000    8.4575784
  -4.9800000    7.9223621
  -4.9600000    7.4804718
  -4.9400000    7.1173166
  -4.9200000    6.8110403
  -4.9000000    6.5361937
  -4.8800000    6.2674364
  -4.8600000    5.9828219
  -4.8400000    5.6663250
  -4.8200000    5.3094080
  -4.8000000    4.9115620
  -4.7800000    4.4798901
  -4.7600000    4.0279126
  -4.7400000    3.5738374
  -4.7200000    3.1385644
  -4.7000000    2.7436705
  -4.6800000    2.4095873
  -4.6600000    2.1541027
  -4.6400000    1.9912617
  -4.6200000    1.9306685
  -4.6000000    1.9771579
  -4.5800000    2.1307753
  -4.5600000    2.3869960
  -4.5400000    2.7371284
  -4.5200000    3.1688537
  -4.5000000    3.6668730
  -4.4800000    4.2136371
  -4.4600000    4.7901381
  -4.4400000    5.3767377
  -4.4200000    5.9540078
  -4.4000000    6.5035410
  -4.3800000    7.0086977
  -4.3600000    7.4552641
  -4.3400000    7.8319902
  -4.3200000    8.1309917
  -4.3000000    8.3480175
  -4.2800000    8.4825612
  -4.2600000    8.5378324
  -4.2400000    8.5205591
  -4.2200000    8.4406240
  -4.2000000    8.3105120
  -4.1800000    8.1445822
  -4.1600000    7.9581601
  -4.1400000    7.7664989
  -4.1200000    7.5836672
  -4.1000000    7.4214519
  -4.0800000    7.2883802
  -4.0600000    7.1889628
  -4.0400000    7.1232569
  -4.0200000    7.0868120
  -4.0000000    7.0710268
  -3.9800000    7.0638982
  -3.9600000    7.0510946
  -3.9400000    7.0172561
  -3.9200000    6.9473847
  -3.9000000    6.8281943
  -3.8800000    6.6492822
  -3.8600000    6.4040177
  -3.8400000    6.0900789
  -3.8200000    5.7096037
  -3.8000000    5.2689703
  -3.7800000    4.7782634
  -3.7600000    4.2505188
  -3.7400000    3.7008509
  -3.7200000    3.1455981
  -3.7000000    2.6016022
  -3.6800000    2.0857469
  -3.6600000    1.6148447
  -3.6400000    1.2059498
  -3.6200000    0.8771207
  -3.6000000    0.6486196
  -3.5800000    0.5444701
  -3.5600000    0.5942237
  -3.5400000    0.8347049
  -3.5200000    1.3114174
  -3.5000000    2.0792254
  -3.4800000    3.2018704
  -3.4600000    4.7499002
  -3.4400000    6.7966546
  -3.4200000    9.4121462
  -3.4000000   12.6549207
  -3.3800000   16.5623650
  -3.3600000   21.1402896
  -3.3400000   26.3530258
  -3.3200000   32.1155070
  -3.3000000   38.2889007
  -3.2800000   44.6811859
  -3.2600000   51.0536492
  -3.2400000   57.1335009
  -3.2200000   62.6320020
  -3.2000000   67.2666287
  -3.1800000   70.7848527
  -3.1600000   72.9869229
  -3.1400000   73.7446567
  -3.1200000   73.0138566
  -3.1000000   70.8386352
  -3.0800000   67.3470883
  -3.0600000   62.7388863
  -3.0400000   57.2664644
  -3.0200000   51.2122757
  -3.0000000   44.8649710
  -2.9800000   38.4972462
  -2.9600000   32.3476895
  -2.9400000   26.6081103
  -2.9200000   21.4170308
  -2.9000000   16.8590340
  -2.8800000   12.9691004
  -2.8600000    9.7404900
  -2.8400000    7.1346571
  -2.8200000    5.0917112
  -2.8000000    3.5402020
  -2.7800000    2.4054001
  -2.7600000    1.6156043
  -2.7400000    1.1063593
  -2.7200000    0.8227392
  -2.7000000    0.7200110
  -2.6800000    0.7630814
  -2.6600000    0.9251301
  -2.6400000    1.1858014
  -2.6200000    1.5292561
  -2.6000000    1.9423199
  -2.5800000    2.4128909
  -2.5600000    2.9287154
  -2.5400000    3.4765906
  -2.5200000    4.0420134
  -2.5000000    4.6092495
  -2.4800000    5.1617856
  -2.4600000    5.6830734
  -2.4400000    6.1574775
  -2.4200000    6.5713005
  -2.4000000    6.9137770
  -2.3800000    7.1779139
  -2.3600000    7.3610782
  -2.3400000    7.4652685
  -2.3200000    7.4970313
  -2.3000000    7.4670113
  -2.2800000    7.3891927
  -2.2600000    7.2798731
  -2.2400000    7.1564846
  -2.2200000    7.0363425
  -2.2000000    6.9354377
  -2.1800000    6.8673638
  -2.1600000    6.8424462
  -2.1400000    6.8671378
  -2.1200000    6.9436896
  -2.1000000    7.0701092
  -2.0800000    7.2403666
  -2.0600000    7.4448215
  -2.0400000    7.6708116
  -2.0200000    7.9033640
  -2.0000000    8.1259758
  -1.9800000    8.3214393
  -1.9600000    8.4726851
  -1.9400000    8.5636285
  -1.9200000    8.5800027
  -1.9000000    8.5101663
  -1.8800000    8.3458534
  -1.8600000    8.0828278
  -1.8400000    7.7213922
  -1.8200000    7.2666853
  -1.8000000    6.7287198
  -1.7800000    6.1221097
  -1.7600000    5.4654577
  -1.7400000    4.7804216
  -1.7200000    4.0904988
  -1.7000000    3.4196125
  -1.6800000    2.7906163
  -1.6600000    2.2238525
  -1.6400000    1.7358974
  -1.6200000    1.3386253
  -1.6000000    1.0386745
  -1.5800000    0.8373669
  -1.5600000    0.7310745
  -1.5400000    0.7119698
  -1.5200000    0.7690673
  -1.5000000    0.8894208
  -1.4800000    1.0593429
  -1.4600000    1.2655177
  -1.4400000    1.4959043
  -1.4200000    1.7403661
  -1.4000000    1.9909981
  -1.3800000    2.2421668
  -1.3600000    2.4902998
  -1.3400000    2.7334878
  -1.3200000    2.9709734
  -1.3000000    3.2025912
  -1.2800000    3.4282316
  -1.2600000    3.6473753
  -1.2400000    3.8587477
  -1.2200000    4.0601114
  -1.2000000    4.2482174
  -1.1800000    4.4189117
  -1.1600000    4.5673790
  -1.1400000    4.6885040
  -1.1200000    4.7773083
  -1.1000000    4.8294151
  -1.0800000    4.8415010
  -1.0600000    4.8116780
  -1.0400000    4.7397673
  -1.0200000    4.6274348
  -1.0000000    4.4781654
  -0.9800000    4.2970774
  -0.9600000    4.0905933
  -0.9400000    3.8659911
  -0.9200000    3.6308831
  -0.9000000    3.3926680
  -0.8800000    3.1580102
  -0.8600000    2.9323956
  -0.8400000    2.7198044
  -0.8200000    2.5225339
  -0.8000000    2.3411819
  -0.7800000    2.1747931
  -0.7600000    2.0211468
  -0.7400000    1.8771506
  -0.7200000    1.7392975
  -0.7000000    1.6041331
  -0.6800000    1.4686826
  -0.6600000    1.3307911
  -0.6400000    1.1893472
  -0.6200000    1.0443684
  -0.6000000    0.8969521
  -0.5800000    0.7491042
  -0.5600000    0.6034781
  -0.5400000    0.4630581
  -0.5200000    0.3308294
  -0.5000000    0.2094717
  -0.4800000    0.1011028
  -0.4600000    0.0070953
  -0.4400000   -0.0720274
  -0.4200000   -0.1366182
  -0.4000000   -0.1878643
  -0.3800000   -0.2276894
  -0.3600000   -0.2586154
  -0.3400000   -0.2835946
  -0.3200000   -0.3058239
  -0.3000000   -0.3285453
  -0.2800000   -0.3548397
  -0.2600000   -0.3874173
  -0.2400000   -0.4284134
  -0.2200000   -0.4791979
  -0.2000000   -0.5402168
  -0.1800000   -0.6108821
  -0.1600000   -0.6895320
  -0.1400000   -0.7734791
  -0.1200000   -0.8591591
  -0.1000000   -0.9423836
  -0.0800000   -1.0186884
  -0.0600000   -1.0837577
  -0.0400000   -1.1338959
  -0.0200000   -1.1665159
   0.0000000   -1.1806138
   0.0200000   -1.1772099
   0.0400000   -1.1597521
   0.0600000   -1.1344884
   0.0800000   -1.1108324
   0.1000000   -1.1017450
   0.1200000   -1.1241449
   0.1400000   -1.1993352
   0.1600000   -1.3533895
   0.1800000   -1.6173863
   0.2000000   -2.0273268
   0.2200000   -2.6235263
   0.2400000   -3.4492564
   0.2600000   -4.5484380
   0.2800000   -5.9622760
   0.3000000   -7.7248631
   0.3200000   -9.8579721
   0.3400000  -12.3654824
   0.3600000  -15.2280768
   0.3800000  -18.3990200
   0.4000000  -21.8018599
   0.4200000  -25.3308131
   0.4400000  -28.8543403
   0.4600000  -32.2220643
   0.4800000  -35.2746476
   0.5000000  -37.8558102
   0.5200000  -39.8251966
   0.5400000  -41.0705721
   0.5600000  -41.5177731
   0.5800000  -41.1370688
   0.6000000  -39.9450036
   0.6200000  -38.0014964
   0.6400000  -35.4025327
   0.6600000  -32.2694967
   0.6800000  -28.7366134
   0.7000000  -24.9382062
   0.7200000  -20.9974107
   0.7400000  -17.0177297
   0.7600000  -13.0782814
   0.7800000   -9.2330655
   0.8000000   -5.5139293
   0.8200000   -1.9364234
   0.8400000    1.4926271
   0.8600000    4.7671786
   0.8800000    7.8749851
   0.9000000   10.7926717
   0.9200000   13.4836145
   0.9400000   15.8989157
   0.9600000   17.9812797
   0.9800000   19.6711575
   1.0000000   20.9141825
   1.0200000   21.6687366
   1.0400000   21.9124931
   1.0600000   21.6469330
   1.0800000   20.8991878
   1.1000000   19.7209356
   1.1200000   18.1845692
   1.1400000   16.3771901
   1.1600000   14.3933057
   1.1800000   12.3271917
   1.2000000   10.2658709
   1.2200000    8.2834717
   1.2400000    6.4374732
   1.2600000    4.7670147
   1.2800000    3.2931763
   1.3000000    2.0208893
   1.3200000    0.9419997
   1.3400000    0.0389504
   1.3600000   -0.7114255
   1.3800000   -1.3344068
   1.4000000   -1.8544902
   1.4200000   -2.2932563
   1.4400000   -2.6680548
   1.4600000   -2.9914631
   1.4800000   -3.2714096
   1.5000000   -3.5118130
   1.5200000   -3.7135622
   1.5400000   -3.8756656
   1.5600000   -3.9964074
   1.5800000   -4.0743679
   1.6000000   -4.1092090
   1.6200000   -4.1021512
   1.6400000   -4.0561260
   1.6600000   -3.9756307
   1.6800000   -3.8663343
   1.7000000   -3.7345362
   1.7200000   -3.5865643
   1.7400000   -3.4282171
   1.7600000   -3.2643231
   1.7800000   -3.0984693
   1.8000000   -2.9329150
   1.8200000   -2.7686797
   1.8400000   -2.6057636
   1.8600000   -2.4434517
   1.8800000   -2.2806396
   1.9000000   -2.1161346
   1.9200000   -1.9488929
   1.9400000   -1.7781738
   1.9600000   -1.6036118
   1.9800000   -1.4252183
   2.0000000   -1.2433360
   2.0200000   -1.0585747
   2.0400000   -0.8717497
   2.0600000   -0.6838420
   2.0800000   -0.4959853
   2.1000000   -0.3094798
   2.1200000   -0.1258198
   2.1400000    0.0532787
   2.1600000    0.2258672
   2.1800000    0.3897831
   2.2000000    0.5427055
   2.2200000    0.6822465
   2.2400000    0.8060703
   2.2600000    0.9120266
   2.2800000    0.9982818
   2.3000000    1.0634303
   2.3200000    1.1065745
   2.3400000    1.1273674
   2.3600000    1.1260168
   2.3800000    1.1032598
   2.4000000    1.0603185
   2.4200000    0.9988530
   2.4400000    0.9209205
   2.4600000    0.8289525
   2.4800000    0.7257468
   2.5000000    0.6144710
   2.5200000    0.4986620
   2.5400000    0.3822033
   2.5600000    0.2692641
   2.5800000    0.1641840
   2.6000000    0.0712973
   2.6200000   -0.0052969
   2.6400000   -0.0620065
   2.6600000   -0.0960302
   2.6800000   -0.1056251
   2.7000000   -0.0903214
   2.7200000   -0.0510573
   2.7400000    0.0097858
   2.7600000    0.0884548
   2.7800000    0.1799923
   2.8000000    0.2784809
   2.8200000    0.3773330
   2.8400000    0.4695940
   2.8600000    0.5482288
   2.8800000    0.6063744
   2.9000000    0.6375518
   2.9200000    0.6358460
   2.9400000    0.5960763
   2.9600000    0.5139836
   2.9800000    0.3864600
   3.0000000    0.2118374
   3.0200000   -0.0097720
   3.0400000   -0.2761061
   3.0600000   -0.5824104
   3.0800000   -0.9211910
   3.1000000   -1.2821432
   3.1200000   -1.6523278
   3.1400000   -2.0166480
   3.1600000   -2.3586324
   3.1800000   -2.6614951
   3.2000000   -2.9093773
   3.2200000   -3.0886461
   3.2400000   -3.1890946
   3.2600000   -3.2048852
   3.2800000   -3.1351067
   3.3000000   -2.9838590
   3.3200000   -2.7598512
   3.3400000   -2.4755546
   3.3600000   -2.1460259
   3.3800000   -1.7875473
   3.4000000   -1.4162535
   3.4200000   -1.0469055
   3.4400000   -0.6919307
   3.4600000   -0.3608158
   3.4800000   -0.0598680
   3.5000000    0.2076759
   3.5200000    0.4412592
   3.5400000    0.6424223
   3.5600000    0.8141192
   3.5800000    0.9600245
   3.6000000    1.0839038
   3.6200000    1.1890985
   3.6400000    1.2781614
   3.6600000    1.3526556
   3.6800000    1.4131169
   3.7000000    1.4591675
   3.7200000    1.4897559
   3.7400000    1.5034925
   3.7600000    1.4990370
   3.7800000    1.4754931
   3.8000000    1.4327613
   3.8200000    1.3717989
   3.8400000    1.2947560
   3.8600000    1.2049576
   3.8800000    1.1067320
   3.9000000    1.0051012
   3.9200000    0.9053692
   3.9400000    0.8126627
   3.9600000    0.7314802
   3.9800000    0.6653100
   4.0000000    0.6163640
   4.0200000    0.5854571
   4.0400000    0.5720447
   4.0600000    0.5744047
   4.0800000    0.5899345
   4.1000000    0.6155194
   4.1200000    0.6479201
   4.1400000    0.6841323
   4.1600000    0.7216718
   4.1800000    0.7587570
   4.2000000    0.7943702
   4.2200000    0.8282004
   4.2400000    0.8604799
   4.2600000    0.8917434
   4.2800000    0.9225441
   4.3000000    0.9531666
   4.3200000    0.9833752
   4.3400000    1.0122329
   4.3600000    1.0380165
   4.3800000    1.0582425
   4.4000000    1.0698090
   4.4200000    1.0692397
   4.4400000    1.0530117
   4.4600000    1.0179309
   4.4800000    0.9615182
   4.5000000    0.8823616
   4.5200000    0.7803958
   4.5400000    0.6570718
   4.5600000    0.5153945
   4.5800000    0.3598160
   4.6000000    0.1959895
   4.6200000    0.0304038
   4.6400000   -0.1300697
   4.6600000   -0.2786742
   4.6800000   -0.4092618
   4.7000000   -0.5167380
   4.7200000   -0.5974138
   4.7400000   -0.6492361
   4.7600000   -0.6718773
   4.7800000   -0.6666814
   4.8000000   -0.6364783
   4.8200000   -0.5852911
   4.8400000   -0.5179682
   4.8600000   -0.4397803
   4.8800000   -0.3560194
   4.9000000   -0.2716362
   4.9200000   -0.1909429
   4.9400000   -0.1174011
   4.9600000   -0.0535033
   4.9800000   -0.0007464
   5.0000000    0.0403129
   5.0200000    0.0699364
   5.0400000    0.0890387
   5.0600000    0.0989975
   5.0800000    0.1014622
   5.1000000    0.0981780
   5.1200000    0.0908374
   5.1400000    0.0809691
   5.1600000    0.0698652
   5.1800000    0.0585449
   5.2000000    0.0477512
   5.2200000    0.0379711
   5.2400000    0.0294726
   5.2600000    0.0223496
   5.2800000    0.0165695
   5.3000000    0.0120161
   5.3200000    0.0085273
   5.3400000    0.0059235
   5.3600000    0.0040285
   5.3800000    0.0026820
   5.4000000    0.0017467
   5.4200000    0.0011097
   5.4400000    0.0006816
   5.4600000    0.0003922
   5.4800000    0.0001864
   5.5000000    0.0000179
   5.5200000   -0.0001575
   5.5400000   -0.0003893
   5.5600000   -0.0007426
   5.5800000   -0.0013096
   5.6000000   -0.0022260
   5.6200000   -0.0036902
   5.6400000   -0.0059886
   5.6600000   -0.0095244
   5.6800000   -0.0148506
   5.7000000   -0.0227029
   5.7200000   -0.0340302
   5.7400000   -0.0500139
   5.7600000   -0.0720701
   5.7800000   -0.1018249
   5.8000000   -0.1410528
   5.8200000   -0.1915728
   5.8400000   -0.2550971
   5.8600000   -0.3330365
   5.8800000   -0.4262734
   5.9000000   -0.5349214
   5.9200000   -0.6581002
   5.9400000   -0.7937601
   5.9600000   -0.9385903
   5.9800000   -1.0880433
   6.0000000   -1.2364959
   6.0200000   -1.3775505
   6.0400000   -1.5044625
   6.0600000   -1.6106586
   6.0800000   -1.6902907
   6.1000000   -1.7387652
   6.1200000   -1.7531803
   6.1400000   -1.7326159
   6.1600000   -1.6782379
   6.1800000   -1.5932034
   6.2000000   -1.4823796
   6.2200000   -1.3519128
   6.2400000   -1.2087020
   6.2600000   -1.0598431
   6.2800000   -0.9121012
   6.3000000   -0.7714653
   6.3200000   -0.6428187
   6.3400000   -0.5297400
   6.3600000   -0.4344316
   6.3800000   -0.3577582
   6.4000000   -0.2993697
   6.4200000   -0.2578793
   6.4400000   -0.2310727
   6.4600000   -0.2161276
   6.4800000   -0.2098315
   6.5000000   -0.2087921
   6.5200000   -0.2096361
   6.5400000   -0.2091968
   6.5600000   -0.2046853
   6.5800000   -0.1938423
   6.6000000   -0.1750590
   6.6200000   -0.1474597
   6.6400000   -0.1109349
   6.6600000   -0.0661191
   6.6800000   -0.0143103
   6.7000000    0.0426616
   6.7200000    0.1026111
   6.7400000    0.1631970
   6.7600000    0.2221298
   6.7800000    0.2773638
   6.8000000    0.3272547
   6.8200000    0.3706687
   6.8400000    0.4070329
   6.8600000    0.4363248
   6.8800000    0.4590058
   6.9000000    0.4759110
   6.9200000    0.4881098
   6.9400000    0.4967567
   6.9600000    0.5029512
   6.9800000    0.5076235
   7.0000000    0.5114564
   7.0200000    0.5148514
   7.0400000    0.5179375
   7.0600000    0.5206149
   7.0800000    0.5226254
   7.1000000    0.5236333
   7.1200000    0.5233044
   7.1400000    0.5213723
   7.1600000    0.5176856
   7.1800000    0.5122319
   7.2000000    0.5051436
   7.2200000    0.4966892
   7.2400000    0.4872561
   7.2600000    0.4773311
   7.2800000    0.4674793
   7.3000000    0.4583206
   7.3200000    0.4505001
   7.3400000    0.4446451
   7.3600000    0.4413042
   7.3800000    0.4408692
   7.4000000    0.4434800
   7.4200000    0.4489275
   7.4400000    0.4565653
   7.4600000    0.4652520
   7.4800000    0.4733434
   7.5000000    0.4787454
   7.5200000    0.4790411
   7.5400000    0.4716863
   7.5600000    0.4542590
   7.5800000    0.4247437
   7.6000000    0.3818127
   7.6200000    0.3250740
   7.6400000    0.2552442
   7.6600000    0.1742195
   7.6800000    0.0850240
   7.7000000   -0.0083744
   7.7200000   -0.1013686
   7.7400000   -0.1891175
   7.7600000   -0.2670113
   7.7800000   -0.3311569
   7.8000000   -0.3788279
   7.8200000   -0.4088372
   7.8400000   -0.4217915
   7.8600000   -0.4201948
   7.8800000   -0.4083891
   7.9000000   -0.3923250
   7.9200000   -0.3791748
   7.9400000   -0.3768052
   7.9600000   -0.3931413
   7.9800000   -0.4354608
   8.0000000   -0.5096671
   8.0200000   -0.6195977
   8.0400000   -0.7664343
   8.0600000   -0.9482808
   8.0800000   -1.1599751
   8.1000000   -1.3931844
   8.1200000   -1.6368171
   8.1400000   -1.8777382
   8.1600000   -2.1017522
   8.1800000   -2.2947630
   8.2000000   -2.4439976
   8.2200000   -2.5391534
   8.2400000   -2.5733377
   8.2600000   -2.5436804
   8.2800000   -2.4515461
   8.3000000   -2.3023255
   8.3200000   -2.1048354
   8.3400000   -1.8704162
   8.3600000   -1.6118442
   8.3800000   -1.3422005
   8.4000000   -1.0738229
   8.4200000   -0.8174553
   8.4400000   -0.5816611
   8.4600000   -0.3725307
   8.4800000   -0.1936704
   8.5000000   -0.0464269
   8.5200000    0.0697159
   8.5400000    0.1566411
   8.5600000    0.2170703
   8.5800000    0.2540553
   8.6000000    0.2705298
   8.6200000    0.2689398
   8.6400000    0.2509601
   8.6600000    0.2172964
   8.6800000    0.1675678
   8.7000000    0.1002668
   8.7200000    0.0127968
   8.7400000   -0.0984052
   8.7600000   -0.2376523
   8.7800000   -0.4096867
   8.8000000   -0.6192478
   8.8200000   -0.8705346
   8.8400000   -1.1665818
   8.8600000   -1.5085887
   8.8800000   -1.8952639
   8.9000000   -2.3222633
   8.9200000   -2.7818123
   8.9400000   -3.2626014
   8.9600000   -3.7500273
   8.9800000   -4.2268179
   9.0000000   -4.6740355
   9.0200000   -5.0723972
   9.0400000   -5.4037983
   9.0600000   -5.6528825
   9.0800000   -5.8084864
   9.1000000   -5.8647849
   9.1200000   -5.8219962
   9.1400000   -5.6865668
   9.1600000   -5.4708215
   9.1800000   -5.1921234
   9.2000000   -4.8716626
   9.2200000   -4.5330154
   9.2400000   -4.2006221
   9.2600000   -3.8983250
   9.2800000   -3.6480544
   9.3000000   -3.4687229
   9.3200000   -3.3753229
   9.3400000   -3.3782221
   9.3600000   -3.4826155
   9.3800000   -3.6881271
   9.4000000   -3.9885708
   9.4200000   -4.3719113
   9.4400000   -4.8205028
   9.4600000   -5.3116773
   9.4800000   -5.8187468
   9.5000000   -6.3124338
   9.5200000   -6.7626826
   9.5400000   -7.1407390
   9.5600000   -7.4213027
   9.5800000   -7.5845298
   9.6000000   -7.6176477
   9.6200000   -7.5159795
   9.6400000   -7.2832272
   9.6600000   -6.9309900
   9.6800000   -6.4775630
   9.7000000   -5.9461843
   9.7200000   -5.3629549
   9.7400000   -4.7546911
   9.7600000   -4.1469658
   9.7800000   -3.5625349
   9.8000000   -3.0202876
   9.8200000   -2.5347579
   9.8400000   -2.1161611
   9.8600000   -1.7708502
   9.8800000   -1.5020428
   9.9000000   -1.3106605
   9.9200000   -1.1961301
   9.9400000   -1.1570327
   9.9600000   -1.1915282
   9.9800000   -1.2975309
  10.0000000   -1.4726547
  10.0200000   -1.7139806
  10.0400000   -2.0177193
  10.0600000   -2.3788516
  10.0800000   -2.7908268
  10.1000000   -3.2453842
  10.1200000   -3.7325551
  10.1400000   -4.2408698
  10.1600000   -4.7577851
  10.1800000   -5.2703165
  10.2000000   -5.7658387
  10.2200000   -6.2329939
  10.2400000   -6.6626222
  10.2600000   -7.0486091
  10.2800000   -7.3885266
  10.3000000   -7.6839468
  10.3200000   -7.9403227
  10.3400000   -8.1663694
  10.3600000   -8.3729374
  10.3800000   -8.5714583
  10.4000000   -8.7721019
  10.4200000   -8.9818863
  10.4400000   -9.2030062
  10.4600000   -9.4316551
  10.4800000   -9.6575832
  10.5000000   -9.8645286
  10.5200000  -10.0315364
  10.5400000  -10.1350567
  10.5600000  -10.1515474
  10.5800000  -10.0602509
  10.6000000   -9.8457552
  10.6200000   -9.4999813
  10.6400000   -9.0233302
  10.6600000   -8.4248522
  10.6800000   -7.7214636
  10.7000000   -6.9363544
  10.7200000   -6.0968677
  10.7400000   -5.2321650
  10.7600000   -4.3709978
  10.7800000   -3.5398383
  10.8000000   -2.7615498
  10.8200000   -2.0546432
  10.8400000   -1.4330784
  10.8600000   -0.9064932
  10.8800000   -0.4806872
  10.9000000   -0.1581959
  10.9200000    0.0611863
  10.9400000    0.1800293
  10.9600000    0.2030672
  10.9800000    0.1371595
  11.0000000   -0.0086448
  11.0200000   -0.2230123
  11.0400000   -0.4922758
  11.0600000   -0.8004837
  11.0800000   -1.1295773
  11.1000000   -1.4597064
  11.1200000   -1.7696633
  11.1400000   -2.0374221
  11.1600000   -2.2407615
  11.1800000   -2.3579793
  11.2000000   -2.3687100
  11.2200000   -2.2548750
  11.2400000   -2.0017973
  11.2600000   -1.5994761
  11.2800000   -1.0439906
  11.3000000   -0.3389318
  11.3200000    0.5033048
  11.3400000    1.4605815
  11.3600000    2.5007013
  11.3800000    3.5819434
  11.4000000    4.6546572
  11.4200000    5.6639812
  11.4400000    6.5536190
  11.4600000    7.2704287
  11.4800000    7.7694189
  11.5000000    8.0185848
  11.5200000    8.0030195
  11.5400000    7.7276547
  11.5600000    7.2181883
  11.5800000    6.5198696
  11.6000000    5.6940863
  11.6200000    4.8129709
  11.6400000    3.9524988
  11.6600000    3.1847644
  11.6800000    2.5702806
  11.7000000    2.1511932
  11.7200000    1.9462433
  11.7400000    1.9481550
  11.7600000    2.1238771
  11.7800000    2.4177806
  11.8000000    2.7575679
  11.8200000    3.0622753
  11.8400000    3.2515014
  11.8600000    3.2547444
  11.8800000    3.0197209
  11.9000000    2.5186059
  11.9200000    1.7514177
  11.9400000    0.7461001
  11.9600000   -0.4446315
  11.9800000   -1.7492513
  12.0000000   -3.0853060
  12.0200000   -4.3681791
  12.0400000   -5.5195572
  12.0600000   -6.4745881
  12.0800000   -7.1869381
  12.1000000   -7.6313760
  12.1200000   -7.8038113
  12.1400000   -7.7191522
  12.1600000   -7.4075474
  12.1800000   -6.9097291
  12.2000000   -6.2721645
  12.2200000   -5.5426292
  12.2400000   -4.7666188
  12.2600000   -3.9848128
  12.2800000   -3.2316076
  12.3000000   -2.5345685
  12.3200000   -1.9145713
  12.3400000   -1.3863558
  12.3600000   -0.9592503
  12.3800000   -0.6378771
  12.4000000   -0.4227359
  12.4200000   -0.3106359
  12.4400000   -0.2950132
  12.4600000   -0.3662055
  12.4800000   -0.5117711
  12.5000000   -0.7169227
  12.5200000   -0.9651171
  12.5400000   -1.2388019
  12.5600000   -1.5202883
  12.5800000   -1.7926749
  12.6000000   -2.0407468
  12.6200000   -2.2517625
  12.6400000   -2.4160532
  12.6600000   -2.5273857
  12.6800000   -2.5830621
  12.7000000   -2.5837617
  12.7200000   -2.5331603
  12.7400000   -2.4373685
  12.7600000   -2.3042618
  12.7800000   -2.1427629
  12.8000000   -1.9621471
  12.8200000   -1.7714211
  12.8400000   -1.5788240
  12.8600000   -1.3914739
  12.8800000   -1.2151739
  12.9000000   -1.0543729
  12.9200000   -0.9122655
  12.9400000   -0.7910072
  12.9600000   -0.6920143
  12.9800000   -0.6163233
  13.0000000   -0.5649809
  13.0200000   -0.5394469
  13.0400000   -0.5419943
  13.0600000   -0.5760963
  13.0800000   -0.6467864
  13.1000000   -0.7609737
  13.1200000   -0.9276820
  13.1400000   -1.1581634
  13.1600000   -1.4658183
  13.1800000   -1.8658429
  13.2000000   -2.3745137
  13.2200000   -3.0080405
  13.2400000   -3.7809487
  13.2600000   -4.7040208
  13.2800000   -5.7819046
  13.3000000   -7.0106015
  13.3200000   -8.3751322
  13.3400000   -9.8477579
  13.3600000  -11.3871476
  13.3800000  -12.9388485
  13.4000000  -14.4372949
  13.4200000  -15.8094278
  13.4400000  -16.9797392
  13.4600000  -17.8763451
  13.4800000  -18.4374603
  13.5000000  -18.6175244
  13.5200000  -18.3921811
  13.5400000  -17.7614372
  13.5600000  -16.7504995
  13.5800000  -15.4081123
  13.6000000  -13.8025510
  13.6200000  -12.0157260
  13.6400000  -10.1361313
  13.6600000   -8.2514732
  13.6800000   -6.4418546
  13.7000000   -4.7742417
  13.7200000   -3.2987449
  13.7400000   -2.0469563
  13.7600000   -1.0323112
  13.7800000   -0.2522020
  13.8000000    0.3086294
  13.8200000    0.6739610
  13.8400000    0.8717853
  13.8600000    0.9303305
  13.8800000    0.8747889
  13.9000000    0.7250077
  13.9200000    0.4942530
  13.9400000    0.1890433
  13.9600000   -0.1900474
  13.9800000   -0.6467897
  14.0000000   -1.1871158
  14.0200000   -1.8166047
  14.0400000   -2.5379019
  14.0600000   -3.3483501
  14.0800000   -4.2381027
  14.1000000   -5.1889695
  14.1200000   -6.1741843
  14.1400000   -7.1592209
  14.1600000   -8.1036460
  14.1800000   -8.9638908
  14.2000000   -9.6966839
  14.2200000  -10.2627734
  14.2400000  -10.6305040
  14.2600000  -10.7788003
  14.2800000  -10.6991864
  14.3000000  -10.3965622
  14.3200000   -9.8886560
  14.3400000   -9.2042335
  14.3600000   -8.3803136
  14.3800000   -7.4587707
  14.4000000   -6.4827478
  14.4200000   -5.4933188
  14.4400000   -4.5267441
  14.4600000   -3.6125563
  14.4800000   -2.7725797
  14.5000000   -2.0208455
  14.5200000   -1.3642556
  14.5400000   -0.8037838
  14.5600000   -0.3359608
  14.5800000    0.0455919
  14.6000000    0.3487779
  14.6200000    0.5819305
  14.6400000    0.7530752
  14.6600000    0.8695584
  14.6800000    0.9379888
  14.7000000    0.9644086
  14.7200000    0.9545828
  14.7400000    0.9143009
  14.7600000    0.8495985
  14.7800000    0.7668333
  14.8000000    0.6725930
  14.8200000    0.5734464
  14.8400000    0.4755796
  14.8600000    0.3843909
  14.8800000    0.3041134
  14.9000000    0.2375390
  14.9200000    0.1858875
  14.9400000    0.1488477
  14.9600000    0.1247708
  14.9800000    0.1109832
  15.0000000    0.1041544
  15.0200000    0.1006483
  15.0400000    0.0967886
  15.0600000    0.0889790
  15.0800000    0.0736376
  15.1000000    0.0469295
  15.1200000    0.0043097
  15.1400000   -0.0600878
  15.1600000   -0.1541463
  15.1800000   -0.2884589
  15.2000000   -0.4768978
  15.2200000   -0.7369277
  15.2400000   -1.0895118
  15.2600000   -1.5584761
  15.2800000   -2.1692126
  15.3000000   -2.9466713
  15.3200000   -3.9126708
  15.3400000   -5.0826742
  15.3600000   -6.4623055
  15.3800000   -8.0440033
  15.4000000   -9.8042952
  15.4200000  -11.7022079
  15.4400000  -13.6792771
  15.4600000  -15.6614684
  15.4800000  -17.5631199
  15.5000000  -19.2926870
  15.5200000  -20.7598349
  15.5400000  -21.8831228
  15.5600000  -22.5973899
  15.5800000  -22.8598978
  15.6000000  -22.6544584
  15.6200000  -21.9929556
  15.6400000  -20.9140891
  15.6600000  -19.4794993
  15.6800000  -17.7678268
  15.7000000  -15.8674713
  15.7200000  -13.8690033
  15.7400000  -11.8580920
  15.7600000   -9.9097039
  15.7800000   -8.0840602
  15.8000000   -6.4245520
  15.8200000   -4.9575368
  15.8400000   -3.6936949
  15.8600000   -2.6305116
  15.8800000   -1.7553721
  15.9000000   -1.0488004
  15.9200000   -0.4874683
  15.9400000   -0.0467137
  15.9600000    0.2975441
  15.9800000    0.5675043
  16.0000000    0.7827155
  16.0200000    0.9597079
  16.0400000    1.1118857
  16.0600000    1.2495476
  16.0800000    1.3799454
  16.1000000    1.5073296
  16.1200000    1.6329810
  16.1400000    1.7552613
  16.1600000    1.8697438
  16.1800000    1.9694888
  16.2000000    2.0455214
  16.2200000    2.0875373
  16.2400000    2.0848294
  16.2600000    2.0273765
  16.2800000    1.9070041
  16.3000000    1.7184869
  16.3200000    1.4604621
  16.3400000    1.1360267
  16.3600000    0.7529255
  16.3800000    0.3232863
  16.4000000   -0.1370839
  16.4200000   -0.6097717
  16.4400000   -1.0750820
  16.4600000   -1.5134706
  16.4800000   -1.9069289
  16.5000000   -2.2401914
  16.5200000   -2.5016506
  16.5400000   -2.6839276
  16.5600000   -2.7840729
  16.5800000   -2.8034217
  16.6000000   -2.7471626
  16.6200000   -2.6236855
  16.6400000   -2.4437962
  16.6600000   -2.2198694
  16.6800000   -1.9650145
  16.7000000   -1.6923041
  16.7200000   -1.4141113
  16.7400000   -1.1415817
  16.7600000   -0.8842598
  16.7800000   -0.6498816
  16.8000000   -0.4443356
  16.8200000   -0.2717926
  16.8400000   -0.1349993
  16.8600000   -0.0357239
  16.8800000    0.0246649
  16.9000000    0.0445147
  16.9200000    0.0211459
  16.9400000   -0.0498926
  16.9600000   -0.1754864
  16.9800000   -0.3654387
  17.0000000   -0.6326576
  17.0200000   -0.9929275
  17.0400000   -1.4641545
  17.0600000   -2.0650135
  17.0800000   -2.8129808
  17.1000000   -3.7218255
  17.1200000   -4.7987408
  17.1400000   -6.0414036
  17.1600000   -7.4353461
  17.1800000   -8.9520862
  17.2000000  -10.5484407
  17.2200000  -12.1673876
  17.2400000  -13.7406447
  17.2600000  -15.1929389
  17.2800000  -16.4476497
  17.3000000  -17.4332907
  17.3200000  -18.0900434
  17.3400000  -18.3755816
  17.3600000  -18.2693329
  17.3800000  -17.7746283
  17.4000000  -16.9183920
  17.4200000  -15.7484164
  17.4400000  -14.3286217
  17.4600000  -12.7328984
  17.4800000  -11.0384140
  17.5000000   -9.3192052
  17.5200000   -7.6407834
  17.5400000   -6.0563021
  17.5600000   -4.6045080
  17.5800000   -3.3094642
  17.6000000   -2.1817647
  17.6200000   -1.2208219
  17.6400000   -0.4177353
  17.6600000    0.2417252
  17.6800000    0.7744022
  17.7000000    1.1975486
  17.7200000    1.5272583
  17.7400000    1.7775267
  17.7600000    1.9598529
  17.7800000    2.0832486
  17.8000000    2.1545052
  17.8200000    2.1785946
  17.8400000    2.1591054
  17.8600000    2.0986633
  17.8800000    1.9993188
  17.9000000    1.8629108
  17.9200000    1.6914277
  17.9400000    1.4873899
  17.9600000    1.2542595
  17.9800000    0.9968654
  18.0000000    0.7218057
  18.0200000    0.4377652
  18.0400000    0.1556715
  18.0600000   -0.1113950
  18.0800000   -0.3486012
  18.1000000   -0.5401205
  18.1200000   -0.6702365
  18.1400000   -0.7247418
  18.1600000   -0.6925042
  18.1800000   -0.5670349
  18.2000000   -0.3478507
  18.2200000   -0.0414166
  18.2400000    0.3385114
  18.2600000    0.7712752
  18.2800000    1.2304703
  18.3000000    1.6857908
  18.3200000    2.1054058
  18.3400000    2.4585950
  18.3600000    2.7183420
  18.3800000    2.8635779
  18.4000000    2.8807975
  18.4200000    2.7648888
  18.4400000    2.5191014
  18.4600000    2.1542198
  18.4800000    1.6870917
  18.5000000    1.1387640
  18.5200000    0.5324664
  18.5400000   -0.1082920
  18.5600000   -0.7613385
  18.5800000   -1.4070297
  18.6000000   -2.0289955
  18.6200000   -2.6144517
  18.6400000   -3.1541771
  18.6600000   -3.6422324
  18.6800000   -4.0755516
  18.7000000   -4.4534678
  18.7200000   -4.7772403
  18.7400000   -5.0496186
  18.7600000   -5.2744432
  18.7800000   -5.4562868
  18.8000000   -5.6001265
  18.8200000   -5.7110452
  18.8400000   -5.7939685
  18.8600000   -5.8534453
  18.8800000   -5.8934844
  18.9000000   -5.9174671
  18.9200000   -5.9281335
  18.9400000   -5.9276449
  18.9600000   -5.9177119
  18.9800000   -5.8997540
  19.0000000   -5.8750725
  19.0200000   -5.8450069
  19.0400000   -5.8110410
  19.0600000   -5.7748605
  19.0800000   -5.7383528
  19.1000000   -5.7035719
  19.1200000   -5.6727062
  19.1400000   -5.6480888
  19.1600000   -5.6323098
  19.1800000   -5.6284815
  19.2000000   -5.6406949
  19.2200000   -5.6746816
  19.2400000   -5.7386812
  19.2600000   -5.8444459
  19.2800000   -6.0082939
  19.3000000   -6.2520576
  19.3200000   -6.6037307
  19.3400000   -7.0975904
  19.3600000   -7.7735451
  19.3800000   -8.6754969
  19.4000000   -9.8485531
  19.4200000  -11.3350522
  19.4400000  -13.1695187
  19.4600000  -15.3728747
  19.4800000  -17.9464293
  19.5000000  -20.8663815
  19.5200000  -24.0796735
  19.5400000  -27.5020567
  19.5600000  -31.0191020
  19.5800000  -34.4906235
  19.6000000  -37.7585210
  19.6200000  -40.6576579
  19.6400000  -43.0287721
  19.6600000  -44.7321028
  19.6800000  -45.6600969
  19.7000000  -45.7476849
  19.7200000  -44.9786930
  19.7400000  -43.3875341
  19.7600000  -41.0560160
  19.7800000  -38.1056109
  19.8000000  -34.6862133
  19.8200000  -30.9629110
  19.8400000  -27.1023321
  19.8600000  -23.2601579
  19.8800000  -19.5710418
  19.9000000  -16.1417913
  19.9200000  -13.0480551
  19.9400000  -10.3343632
  19.9600000   -8.0169434
  19.9800000   -6.0885064
  20.0000000   -4.5241305
  20.0200000   -3.2874235
  20.0400000   -2.3362981
  20.0600000   -1.6279112
  20.0800000   -1.1225198
  20.1000000   -0.7861920
  20.1200000   -0.5924324
  20.1400000   -0.5228601
  20.1600000   -0.5670924
  20.1800000   -0.7219759
  20.2000000   -0.9902763
  20.2200000   -1.3789085
  20.2400000   -1.8967787
  20.2600000   -2.5523208
  20.2800000   -3.3508512
  20.3000000   -4.2919194
  20.3200000   -5.3668966
  20.3400000   -6.5570927
  20.3600000   -7.8326970
  20.3800000   -9.1528198
  20.4000000  -10.4668111
  20.4200000  -11.7168840
  20.4400000  -12.8419167
  20.4600000  -13.7820876
  20.4800000  -14.4838886
  20.5000000  -14.9049039
  20.5200000  -15.0177819
  20.5400000  -14.8128765
  20.5600000  -14.2992102
  20.5800000  -13.5036288
  20.6000000  -12.4682669
  20.6200000  -11.2466795
  20.6400000   -9.8991296
  20.6600000   -8.4876182
  20.6800000   -7.0712419
  20.7000000   -5.7023330
  20.7200000   -4.4237088
  20.7400000   -3.2671596
  20.7600000   -2.2531405
  20.7800000   -1.3914823
  20.8000000   -0.6828596
  20.8200000   -0.1207126
  20.8400000    0.3066629
  20.8600000    0.6140896
  20.8800000    0.8177094
  20.9000000    0.9335068
  20.9200000    0.9761808
  20.9400000    0.9583563
  20.9600000    0.8900937
  20.9800000    0.7786564
  21.0000000    0.6284976
  21.0200000    0.4414441
  21.0400000    0.2170667
  21.0600000   -0.0467655
  21.0800000   -0.3531505
  21.1000000   -0.7052587
  21.1200000   -1.1053173
  21.1400000   -1.5535467
  21.1600000   -2.0471512
  21.1800000   -2.5794889
  21.2000000   -3.1395542
  21.2200000   -3.7118925
  21.2400000   -4.2770321
  21.2600000   -4.8124532
  21.2800000   -5.2940492
  21.3000000   -5.6979430
  21.3200000   -6.0024742
  21.3400000   -6.1901181
  21.3600000   -6.2490916
  21.3800000   -6.1744436
  21.4000000   -5.9684940
  21.4200000   -5.6405677
  21.4400000   -5.2060917
  21.4600000   -4.6851897
  21.4800000   -4.1009971
  21.5000000   -3.4779225
  21.5200000   -2.8400840
  21.5400000   -2.2100891
  21.5600000   -1.6082628
  21.5800000   -1.0523313
  21.6000000   -0.5575129
  21.6200000   -0.1368865
  21.6400000    0.1981069
  21.6600000    0.4371936
  21.6800000    0.5709699
  21.7000000    0.5908842
  21.7200000    0.4895625
  21.7400000    0.2614818
  21.7600000   -0.0960508
  21.7800000   -0.5817142
  21.8000000   -1.1889259
  21.8200000   -1.9047093
  21.8400000   -2.7088764
  21.8600000   -3.5737212
  21.8800000   -4.4643954
  21.9000000   -5.3400759
  21.9200000   -6.1559525
  21.9400000   -6.8659536
  21.9600000   -7.4260198
  21.9800000   -7.7976345
  22.0000000   -7.9512331
  22.0200000   -7.8691167
  22.0400000   -7.5474884
  22.0600000   -6.9973378
  22.0800000   -6.2440160
  22.1000000   -5.3255019
  22.1200000   -4.2895122
  22.1400000   -3.1897610
  22.1600000   -2.0817545
  22.1800000   -1.0185645
  22.2000000   -0.0470166
  22.2200000    0.7953613
  22.2400000    1.4823585
  22.2600000    1.9999560
  22.2800000    2.3460654
  22.3000000    2.5292685
  22.3200000    2.5667870
  22.3400000    2.4819741
  22.3600000    2.3016280
  22.3800000    2.0534118
  22.4000000    1.7636097
  22.4200000    1.4553717
  22.4400000    1.1475254
  22.4600000    0.8539555
  22.4800000    0.5834909
  22.5000000    0.3402015
  22.5200000    0.1239913
  22.5400000   -0.0686237
  22.5600000   -0.2436444
  22.5800000   -0.4086904
  22.6000000   -0.5721143
  22.6200000   -0.7421519
  22.6400000   -0.9261203
  22.6600000   -1.1296823
  22.6800000   -1.3562045
  22.7000000   -1.6062551
  22.7200000   -1.8772940
  22.7400000   -2.1636200
  22.7600000   -2.4566174
  22.7800000   -2.7453265
  22.8000000   -3.0173152
  22.8200000   -3.2597910
  22.8400000   -3.4608317
  22.8600000   -3.6105990
  22.8800000   -3.7023713
  22.9000000   -3.7332505
  22.9200000   -3.7044384
  22.9400000   -3.6210302
  22.9600000   -3.4913546
  22.9800000   -3.3259475
  23.0000000   -3.1363118
  23.0200000   -2.9336426
  23.0400000   -2.7277060
  23.0600000   -2.5260252
  23.0800000   -2.3334849
  23.1000000   -2.1523863
  23.1200000   -1.9829207
  23.1400000   -1.8239583
  23.1600000   -1.6740028
  23.1800000   -1.5321381
  23.2000000   -1.3988008
  23.2200000   -1.2762392
  23.2400000   -1.1685773
  23.2600000   -1.0814626
  23.2800000   -1.0213494
  23.3000000   -0.9945251
  23.3200000   -1.0060314
  23.3400000   -1.0586519
  23.3600000   -1.1521314
  23.3800000   -1.2827569
  23.4000000   -1.4433828
  23.4200000   -1.6239147
  23.4400000   -1.8122007
  23.4600000   -1.9952175
  23.4800000   -2.1604022
  23.5000000   -2.2969510
  23.5200000   -2.3969189
  23.5400000   -2.4559830
  23.5600000   -2.4737779
  23.5800000   -2.4537722
  23.6000000   -2.4027193
  23.6200000   -2.3297637
  23.6400000   -2.2453279
  23.6600000   -2.1599206
  23.6800000   -2.0830099
  23.7000000   -2.0220865
  23.7200000   -1.9820089
  23.7400000   -1.9646861
  23.7600000   -1.9691072
  23.7800000   -1.9916964
  23.8000000   -2.0269277
  23.8200000   -2.0681195
  23.8400000   -2.1083075
  23.8600000   -2.1410950
  23.8800000   -2.1613831
  23.9000000   -2.1659037
  23.9200000   -2.1535026
  23.9400000   -2.1251517
  23.9600000   -2.0837042
  23.9800000   -2.0334404
  24.0000000   -1.9794745
  24.0200000   -1.9271102
  24.0400000   -1.8812343
  24.0600000   -1.8458246
  24.0800000   -1.8236272
  24.1000000   -1.8160273
  24.1200000   -1.8231076
  24.1400000   -1.8438597
  24.1600000   -1.8764941
  24.1800000   -1.9187859
  24.2000000   -1.9683994
  24.2200000   -2.0231371
  24.2400000   -2.0810887
  24.2600000   -2.1406632
  24.2800000   -2.2005125
  24.3000000   -2.2593641
  24.3200000   -2.3157908
  24.3400000   -2.3679467
  24.3600000   -2.4133007
  24.3800000   -2.4483993
  24.4000000   -2.4686866
  24.4200000   -2.4684120
  24.4400000   -2.4406600
  24.4600000   -2.3775286
  24.4800000   -2.2704874
  24.5000000   -2.1109345
  24.5200000   -1.8909492
  24.5400000   -1.6042220
  24.5600000   -1.2471037
  24.5800000   -0.8196816
  24.6000000   -0.3267627
  24.6200000    0.2213872
  24.6400000    0.8087012
  24.6600000    1.4135035
  24.6800000    2.0093301
  24.7000000    2.5663967
  24.7200000    3.0536585
  24.7400000    3.4412918
  24.7600000    3.7033591
  24.7800000    3.8203553
  24.8000000    3.7813142
  24.8200000    3.5851870
  24.8400000    3.2412839
  24.8600000    2.7686869
  24.8800000    2.1946753
  24.9000000    1.5523382
  24.9200000    0.8776609
  24.9400000    0.2064323
  24.9600000   -0.4286629
  24.9800000   -1.0004539
  25.0000000   -1.4889454
  25.0200000   -1.8821246
  25.0400000   -2.1758994
  25.0600000   -2.3732854
  25.0800000   -2.4830269
  25.1000000   -2.5178944
  25.1200000   -2.4929018
  25.1400000   -2.4236585
  25.1600000   -2.3250188
  25.1800000   -2.2101218
  25.2000000   -2.0898488
  25.2200000   -1.9726611
  25.2400000   -1.8647416
  25.2600000   -1.7703411
  25.2800000   -1.6922218
  25.3000000   -1.6321056
  25.3200000   -1.5910569
  25.3400000   -1.5697518
  25.3600000   -1.5686161
  25.3800000   -1.5878380
  25.4000000   -1.6272780
  25.4200000   -1.6863101
  25.4400000   -1.7636399
  25.4600000   -1.8571403
  25.4800000   -1.9637473
  25.5000000   -2.0794476
  25.5200000   -2.1993778
  25.5400000   -2.3180426
  25.5600000   -2.4296386
  25.5800000   -2.5284543
  25.6000000   -2.6093066
  25.6200000   -2.6679578
  25.6400000   -2.7014587
  25.6600000   -2.7083737
  25.6800000   -2.6888506
  25.7000000   -2.6445248
  25.7200000   -2.5782691
  25.7400000   -2.4938237
  25.7600000   -2.3953564
  25.7800000   -2.2870185
  25.8000000   -2.1725516
  25.8200000   -2.0550009
  25.8400000   -1.9365628
  25.8600000   -1.8185790
  25.8800000   -1.7016629
  25.9000000   -1.5859234
  25.9200000   -1.4712430
  25.9400000   -1.3575579
  25.9600000   -1.2450948
  25.9800000   -1.1345291
  26.0000000   -1.0270462
  26.0200000   -0.9243001
  26.0400000   -0.8282851
  26.0600000   -0.7411425
  26.0800000   -0.6649334
  26.1000000   -0.6014092
  26.1200000   -0.5518105
  26.1400000   -0.5167150
  26.1600000   -0.4959531
  26.1800000   -0.4885950
  26.2000000   -0.4930108
  26.2200000   -0.5069953
  26.2400000   -0.5279424
  26.2600000   -0.5530524
  26.2800000   -0.5795495
  26.3000000   -0.6048883
  26.3200000   -0.6269274
  26.3400000   -0.6440543
  26.3600000   -0.6552480
  26.3800000   -0.6600775
  26.4000000   -0.6586407
  26.4200000   -0.6514526
  26.4400000   -0.6393040
  26.4600000   -0.6231085
  26.4800000   -0.6037576
  26.5000000   -0.5820024
  26.5200000   -0.5583709
  26.5400000   -0.5331271
  26.5600000   -0.5062733
  26.5800000   -0.4775861
  26.6000000   -0.4466825
  26.6200000   -0.4131052
  26.6400000   -0.3764176
  26.6600000   -0.3363019
  26.6800000   -0.2926516
  26.7000000   -0.2456515
  26.7200000   -0.1958388
  26.7400000   -0.1441372
  26.7600000   -0.0918593
  26.7800000   -0.0406704
  26.8000000    0.0074867
  26.8200000    0.0505039
  26.8400000    0.0862527
  26.8600000    0.1127495
  26.8800000    0.1283266
  26.9000000    0.1317931
  26.9200000    0.1225675
  26.9400000    0.1007668
  26.9600000    0.0672391
  26.9800000    0.0235346
  27.0000000   -0.0281869
  27.0200000   -0.0853053
  27.0400000   -0.1449328
  27.0600000   -0.2041342
  27.0800000   -0.2601534
  27.1000000   -0.3106250
  27.1200000   -0.3537515
  27.1400000   -0.3884299
  27.1600000   -0.4143166
  27.1800000   -0.4318257
  27.2000000   -0.4420626
  27.2200000   -0.4467007
  27.2400000   -0.4478121
  27.2600000   -0.4476708
  27.2800000   -0.4485430
  27.3000000   -0.4524842
  27.3200000   -0.4611586
  27.3400000   -0.4756951
  27.3600000   -0.4965908
  27.3800000   -0.5236682
  27.4000000   -0.5560892
  27.4200000   -0.5924251
  27.4400000   -0.6307762
  27.4600000   -0.6689320
  27.4800000   -0.7045602
  27.5000000   -0.7354083
  27.5200000   -0.7595036
  27.5400000   -0.7753317
  27.5600000   -0.7819803
  27.5800000   -0.7792333
  27.6000000   -0.7676056
  27.6200000   -0.7483115
  27.6400000   -0.7231718
  27.6600000   -0.6944606
  27.6800000   -0.6647109
  27.7000000   -0.6364941
  27.7200000   -0.6121976
  27.7400000   -0.5938241
  27.7600000   -0.5828330
  27.7800000   -0.5800431
  27.8000000   -0.5856033
  27.8200000   -0.5990334
  27.8400000   -0.6193261
  27.8600000   -0.6450929
  27.8800000   -0.6747345
  27.9000000   -0.7066123
  27.9200000   -0.7392003
  27.9400000   -0.7712040
  27.9600000   -0.8016358
  27.9800000   -0.8298470
  28.0000000   -0.8555201
  28.0200000   -0.8786297
  28.0400000   -0.8993834
  28.0600000   -0.9181501
  28.0800000   -0.9353879
  28.1000000   -0.9515748
  28.1200000   -0.9671483
  28.1400000   -0.9824578
  28.1600000   -0.9977312
  28.1800000   -1.0130573
  28.2000000   -1.0283865
  28.2200000   -1.0435481
  28.2400000   -1.0582822
  28.2600000   -1.0722842
  28.2800000   -1.0852537
  28.3000000   -1.0969441
  28.3200000   -1.1072034
  28.3400000   -1.1160021
  28.3600000   -1.1234448
  28.3800000   -1.1297643
  28.4000000   -1.1352994
  28.4200000   -1.1404616
  28.4400000   -1.1456955
  28.4600000   -1.1514385
  28.4800000   -1.1580845
  28.5000000   -1.1659541
  28.5200000   -1.1752740
  28.5400000   -1.1861635
  28.5600000   -1.1986316
  28.5800000   -1.2125798
  28.6000000   -1.2278153
  28.6200000   -1.2440750
  28.6400000   -1.2610627
  28.6600000   -1.2785055
  28.6800000   -1.2962285
  28.7000000   -1.3142530
  28.7200000   -1.3329131
  28.7400000   -1.3529891
  28.7600000   -1.3758457
  28.7800000   -1.4035654
  28.8000000   -1.4390591
  28.8200000   -1.4861312
  28.8400000   -1.5494797
  28.8600000   -1.6346006
  28.8800000   -1.7475756
  28.9000000   -1.8947226
  28.9200000   -2.0820988
  28.9400000   -2.3148693
  28.9600000   -2.5965686
  28.9800000   -2.9283213
  29.0000000   -3.3081019
  29.0200000   -3.7301475
  29.0400000   -4.1846296
  29.0600000   -4.6576949
  29.0800000   -5.1319413
  29.1000000   -5.5873508
  29.1200000   -6.0026330
  29.1400000   -6.3568654
  29.1600000   -6.6312602
  29.1800000   -6.8108512
  29.2000000   -6.8858808
  29.2200000   -6.8527109
  29.2400000   -6.7141334
  29.2600000   -6.4790335
  29.2800000   -6.1614601
  29.3000000   -5.7792374
  29.3200000   -5.3522944
  29.3400000   -4.9009344
  29.3600000   -4.4442470
  29.3800000   -3.9988253
  29.4000000   -3.5778942
  29.4200000   -3.1908893
  29.4400000   -2.8434564
  29.4600000   -2.5377963
  29.4800000   -2.2732488
  29.5000000   -2.0470023
  29.5200000   -1.8548199
  29.5400000   -1.6917050
  29.5600000   -1.5524450
  29.5800000   -1.4320132
  29.6000000   -1.3258233
  29.6200000   -1.2298564
  29.6400000   -1.1406879
  29.6600000   -1.0554462
  29.6800000   -0.9717371
  29.7000000   -0.8875621
  29.7200000   -0.8012540
  29.7400000   -0.7114458
  29.7600000   -0.6170819
  29.7800000   -0.5174718
  29.8000000   -0.4123788
  29.8200000   -0.3021270
  29.8400000   -0.1877054
  29.8600000   -0.0708418
  29.8800000    0.0459797
  29.9000000    0.1595810
  29.9200000    0.2662462
  29.9400000    0.3619714
  29.9600000    0.4427967
  29.9800000    0.5051883
  30.0000000    0.5464328
