201810220539 P 49.259 -129.412 10.000 55.277  2.896 0.0648997  6.500  5.000
201810220616 P 49.335 -129.289 10.000 55.360  2.987 0.0648451  6.800  5.000
201902011614 P 14.680 -92.453 66.000 45.264 62.435 0.0711929  6.700  5.000
201810282223 P 13.035 -90.369 22.000 46.487 65.635 0.0705899  6.100  5.000
201808212131 P 10.773 -62.902 146.820 71.817 76.597 0.0536890  7.300  5.000
201903231921 P  4.560 -76.223 122.000 57.725 80.699 0.0629361  6.100  5.000
201809070212 P -2.253 -78.790 110.500 54.228 88.349 0.0652480  6.200  5.000
201902221017 P -2.186 -77.050 145.000 55.965 88.487 0.0639875  7.500  5.000
201901051925 P -8.144 -71.587 570.410 60.966 95.877 0.0589577  6.800  5.000
201808240904 P -11.035 -70.828 630.000 61.623 99.178 0.0582472  7.100  5.000
201903010850 P -14.713 -70.155 267.000 62.270 103.322 0.0594804  7.000  5.000
201903150503 P -17.874 -65.907 359.000 66.398 106.738 0.0564897  6.300  5.000
201811012219 P -19.583 -69.266 102.000 63.276 108.735 0.0594068  6.200  5.000
201901200132 P -30.040 -71.382 63.000 62.464 120.601 0.0600565  6.700  5.000
201812190137 P -36.138 -101.072 10.000 41.812 139.988 0.0735574  6.300  5.000
201904051614 P -55.931 -27.852 57.000 93.357 147.041 0.0412573  6.400  5.000
201904221449 P -56.263 -27.351 79.000 93.534 147.440 0.0412042  6.000  5.000
201810290654 P -57.434 -66.383 10.000 72.382 148.598 0.0536986  6.300  5.000
201808140329 P -58.134 -25.272 25.000 94.053 149.573 0.0411257  6.100  5.000
201812110226 P -58.545 -26.386 133.000 93.368 149.785 0.0412019  7.100  5.000
201812121313 P -55.669 -128.664 10.000 49.496 176.736 0.0686815  6.300  5.000
201904181446 P -51.127 139.321 10.000 83.763 219.298 0.0459591  6.300  5.000
201810300213 P -39.057 174.958 225.480 57.075 226.961 0.0629700  6.100  5.000
201903061546 P -32.024 -177.885 29.000 49.070 232.444 0.0688877  6.400  5.000
201807072133 P -30.566 -178.070 35.000 48.692 234.318 0.0691271  6.000  5.000
201904231420 P -24.706 -178.764 385.580 47.491 242.042 0.0683479  6.000  5.000
201809162111 P -25.415 178.199 576.000 50.334 242.045 0.0654831  6.500  5.000
201901261956 P -21.048 -178.959 588.000 46.824 246.931 0.0675485  6.200  5.000
201808290351 P -22.029 170.126 21.430 57.006 247.816 0.0637361  7.100  5.000
201812050643 P -22.063 169.733 10.000 57.373 247.830 0.0635405  6.600  5.000
201809101931 P -21.988 170.158 12.000 56.972 247.860 0.0637841  6.300  5.000
201812050414 P -22.016 169.350 10.000 57.720 247.935 0.0633139  6.300  5.000
201812050418 P -21.950 169.427 10.000 57.641 248.003 0.0633664  7.500  5.000
201810160103 P -21.743 169.522 17.000 57.530 248.233 0.0634234  6.500  5.000
201905191427 P -21.731 169.576 16.000 57.478 248.239 0.0634591  6.000  5.000
201905190123 P -21.662 169.778 20.000 57.284 248.295 0.0635736  6.300  5.000
201905191456 P -21.607 169.469 20.000 57.563 248.398 0.0633948  6.300  5.000
201809301052 P -18.360 -178.063 550.000 45.501 250.358 0.0686050  6.700  5.000
201809061549 P -18.474 179.350 670.810 47.944 250.735 0.0663027  7.900  5.000
201903100812 P -17.892 -178.603 578.190 45.933 251.116 0.0681468  6.200  5.000
201901181318 P -19.204 168.745 38.670 58.003 251.290 0.0630540  6.000  5.000
201807130946 P -18.928 169.047 167.000 57.695 251.585 0.0627838  6.400  5.000
201808190428 P -16.978 -178.033 415.600 45.259 252.259 0.0695841  6.400  5.000
201806212113 P -17.791 168.057 28.000 58.551 252.995 0.0627132  6.100  5.000
201904121223 P -15.407 -172.817 15.360 40.070 253.437 0.0745925  6.000  5.000
201808212232 P -16.031 168.143  9.000 58.373 255.039 0.0628849  6.500  5.000
201903201523 P -15.597 167.655 119.000 58.823 255.568 0.0622385  6.300  5.000
201812221425 P -13.400 166.815 42.000 59.582 258.133 0.0620083  6.000  5.000
201901151806 P -13.336 166.875 35.000 59.523 258.206 0.0620702  6.600  5.000
201807170702 P -11.594 166.432 37.960 59.952 260.212 0.0617716  6.000  5.000
201903101248 P -10.132 152.065  9.000 74.107 261.243 0.0525717  6.000  5.000
201809091931 P -10.021 161.503 68.000 64.830 261.852 0.0585124  6.500  5.000
201905062119 P -6.975 146.449 146.000 79.881 264.024 0.0483144  7.100  5.000
201901260351 P -7.009 156.321 355.000 70.110 264.786 0.0541297  6.200  5.000
201807191830 P -6.114 148.730 29.620 77.698 265.093 0.0501182  6.000  5.000
201905030725 P -6.948 160.113 27.000 66.358 265.124 0.0576324  6.200  5.000
201805090757 P -5.882 151.784  9.000 74.691 265.595 0.0521722  6.000  5.000
201810102045 P -5.743 151.353 41.560 75.129 265.700 0.0518071  6.100  5.000
201903301120 P -5.700 151.105 41.000 75.379 265.722 0.0516474  6.200  5.000
201810102048 P -5.701 151.205 39.000 75.280 265.730 0.0517178  7.000  5.000
201812160942 P -3.923 140.232 61.970 86.332 266.468 0.0440156  6.100  5.000
201905141258 P -4.051 152.597 10.000 74.042 267.550 0.0526129  7.600  5.000
201901171506 P -3.231 146.389 10.000 80.287 267.778 0.0483847  6.200  5.000
201902171435 P -3.341 152.132 368.120 74.570 268.234 0.0511754  6.400  5.000
201808282235 P 16.804 146.839 55.000 82.363 287.814 0.0468402  6.400  5.000
201902121234 P 19.020 145.796 144.320 83.680 289.856 0.0456875  6.000  5.000
201808161822 P 23.423 143.319 20.000 86.610 293.865 0.0439122  6.300  5.000
201904110818 P 40.410 143.298 18.000 89.136 310.625 0.0420635  6.000  5.000
201809051807 P 42.686 141.929 35.000 90.482 312.727 0.0416966  6.600  5.000
201811021101 P 47.833 146.697 433.000 88.016 318.360 0.0417701  6.000  5.000
201805042232 P 19.318 -155.000  5.810 33.293 319.970 0.0782938  6.900  5.000
201808101812 P 48.459 154.939 27.000 82.829 320.349 0.0465892  6.000  5.000
201810090745 P 49.396 156.242 19.000 82.304 321.518 0.0469670  6.100  5.000
201903282206 P 50.495 159.943  9.000 80.444 323.399 0.0482768  6.200  5.000
201807060140 P 51.499 157.840 45.000 82.045 323.866 0.0470894  6.100  5.000
201810131110 P 52.855 153.243 461.000 85.160 324.257 0.0437096  6.700  5.000
201812201701 P 55.100 164.699 16.560 79.699 328.870 0.0487716  7.300  5.000
201812241241 P 55.344 164.510 10.000 79.905 329.043 0.0486474  6.100  5.000
201904022135 P 52.170 178.071  7.980 71.413 330.691 0.0543565  6.400  5.000
201808152156 P 51.423 -178.026 33.930 69.068 331.716 0.0558408  6.500  5.000
201808230335 P 51.350 -177.760 20.000 68.894 331.774 0.0559910  6.300  5.000
201808251650 P 52.033 -171.023  7.900 66.397 335.490 0.0576496  6.000  5.000
201811301729 P 61.346 -149.955 46.700 68.583 351.339 0.0561252  7.100  5.000
201808121458 P 69.576 -145.291 15.800 76.037 355.600 0.0512560  6.400  5.000
201808122115 P 69.523 -144.339 16.200 75.915 355.926 0.0513403  6.000  5.000
