CC04
201902011614 0.000000 0.000000 0.000000 0.000000 0.000000 0.000000 -5.145317 -132.693942
201810282223 0.000000 0.000000 0.000000 0.000000 0.000000 0.000000 -5.151148 -132.692319
201811250340 0.000000 0.000000 0.000000 0.000000 0.000000 0.000000 -5.160253 -132.698184
201811111403 0.000000 0.000000 0.000000 0.000000 0.000000 0.000000 -5.175275 -132.725787
201905121924 0.000000 0.000000 0.000000 0.000000 0.000000 0.000000 -5.167470 -132.692856
201903231921 0.000000 0.000000 0.000000 0.000000 0.000000 0.000000 -5.179458 -132.696820
201902221017 0.000000 0.000000 0.000000 0.000000 0.000000 0.000000 -5.192250 -132.694212
201901051925 0.000000 0.000000 0.000000 0.000000 0.000000 0.000000 -5.203471 -132.702755
201808240904 0.000000 0.000000 0.000000 0.000000 0.000000 0.000000 -5.208245 -132.704600
201903010850 0.000000 0.000000 0.000000 0.000000 0.000000 0.000000 -5.214770 -132.704077
201811012219 0.000000 0.000000 0.000000 0.000000 0.000000 0.000000 -5.222643 -132.706634
201901200132 0.000000 0.000000 0.000000 0.000000 0.000000 0.000000 -5.239492 -132.713700
201812190137 0.000000 0.000000 0.000000 0.000000 0.000000 0.000000 -5.278844 -132.720391
201810290654 0.000000 0.000000 0.000000 0.000000 0.000000 0.000000 -5.260853 -132.749136
201812110226 0.000000 0.000000 0.000000 0.000000 0.000000 0.000000 -5.245563 -132.759567
201812121313 0.000000 0.000000 0.000000 0.000000 0.000000 0.000000 -5.295099 -132.784570
201904181446 0.000000 0.000000 0.000000 0.000000 0.000000 0.000000 -5.245199 -132.832155
201810300213 0.000000 0.000000 0.000000 0.000000 0.000000 0.000000 -5.257392 -132.857563
201805180145 0.000000 0.000000 0.000000 0.000000 0.000000 0.000000 -5.259638 -132.866346
201903061546 0.000000 0.000000 0.000000 0.000000 0.000000 0.000000 -5.256685 -132.870596
201809100419 0.000000 0.000000 0.000000 0.000000 0.000000 0.000000 -5.254367 -132.870337
201807072133 0.000000 0.000000 0.000000 0.000000 0.000000 0.000000 -5.254295 -132.872903
201904231420 0.000000 0.000000 0.000000 0.000000 0.000000 0.000000 -5.242269 -132.879212
201809162111 0.000000 0.000000 0.000000 0.000000 0.000000 0.000000 -5.240019 -132.875305
201811100833 0.000000 0.000000 0.000000 0.000000 0.000000 0.000000 -5.239153 -132.889700
201808290351 0.000000 0.000000 0.000000 0.000000 0.000000 0.000000 -5.230071 -132.877124
201812050643 0.000000 0.000000 0.000000 0.000000 0.000000 0.000000 -5.229913 -132.876832
201809101931 0.000000 0.000000 0.000000 0.000000 0.000000 0.000000 -5.230033 -132.877218
201812050414 0.000000 0.000000 0.000000 0.000000 0.000000 0.000000 -5.229605 -132.876566
201812050418 0.000000 0.000000 0.000000 0.000000 0.000000 0.000000 -5.229539 -132.876685
201810160028 0.000000 0.000000 0.000000 0.000000 0.000000 0.000000 -5.229527 -132.876750
201810160103 0.000000 0.000000 0.000000 0.000000 0.000000 0.000000 -5.229233 -132.876915
201905191427 0.000000 0.000000 0.000000 0.000000 0.000000 0.000000 -5.229247 -132.876972
201905190123 0.000000 0.000000 0.000000 0.000000 0.000000 0.000000 -5.229240 -132.877177
201809301052 0.000000 0.000000 0.000000 0.000000 0.000000 0.000000 -5.229318 -132.885744
201808190019 0.000000 0.000000 0.000000 0.000000 0.000000 0.000000 -5.228522 -132.885422
201811182025 0.000000 0.000000 0.000000 0.000000 0.000000 0.000000 -5.227675 -132.885690
201807130946 0.000000 0.000000 0.000000 0.000000 0.000000 0.000000 -5.223836 -132.877962
201808190428 0.000000 0.000000 0.000000 0.000000 0.000000 0.000000 -5.226678 -132.888367
201806212113 0.000000 0.000000 0.000000 0.000000 0.000000 0.000000 -5.221632 -132.878599
201903201523 0.000000 0.000000 0.000000 0.000000 0.000000 0.000000 -5.217463 -132.879049
201901151806 0.000000 0.000000 0.000000 0.000000 0.000000 0.000000 -5.213304 -132.879828
201811160326 0.000000 0.000000 0.000000 0.000000 0.000000 0.000000 -5.207725 -132.877271
201809091931 0.000000 0.000000 0.000000 0.000000 0.000000 0.000000 -5.206613 -132.875492
201905062119 0.000000 0.000000 0.000000 0.000000 0.000000 0.000000 -5.201314 -132.860428
201805090757 0.000000 0.000000 0.000000 0.000000 0.000000 0.000000 -5.199980 -132.866493
201903301120 0.000000 0.000000 0.000000 0.000000 0.000000 0.000000 -5.199731 -132.865709
201905141258 0.000000 0.000000 0.000000 0.000000 0.000000 0.000000 -5.197430 -132.867368
201902171435 0.000000 0.000000 0.000000 0.000000 0.000000 0.000000 -5.196420 -132.865241
201808282235 0.000000 0.000000 0.000000 0.000000 0.000000 0.000000 -5.172877 -132.855763
201809051807 0.000000 0.000000 0.000000 0.000000 0.000000 0.000000 -5.152345 -132.834991
201811021101 0.000000 0.000000 0.000000 0.000000 0.000000 0.000000 -5.147678 -132.831160
201805042232 0.000000 0.000000 0.000000 0.000000 0.000000 0.000000 -5.104814 -132.868432
201808101812 0.000000 0.000000 0.000000 0.000000 0.000000 0.000000 -5.140757 -132.834252
201903282206 0.000000 0.000000 0.000000 0.000000 0.000000 0.000000 -5.136429 -132.832945
201810131110 0.000000 0.000000 0.000000 0.000000 0.000000 0.000000 -5.141311 -132.827978
201812201701 0.000000 0.000000 0.000000 0.000000 0.000000 0.000000 -5.131907 -132.827691
201811301729 0.000000 0.000000 0.000000 0.000000 0.000000 0.000000 -5.110951 -132.802896
WC03
201810220539 0.000000 0.000000 0.000000 0.000000 0.000000 0.000000 -5.610979 -134.084947
201810220616 0.000000 0.000000 0.000000 0.000000 0.000000 0.000000 -5.611077 -134.084802
201902011614 0.000000 0.000000 0.000000 0.000000 0.000000 0.000000 -5.660319 -133.996260
201810282223 0.000000 0.000000 0.000000 0.000000 0.000000 0.000000 -5.665969 -133.994786
201811111403 0.000000 0.000000 0.000000 0.000000 0.000000 0.000000 -5.689772 -134.028491
201808212131 0.000000 0.000000 0.000000 0.000000 0.000000 0.000000 -5.689991 -134.014736
201903231921 0.000000 0.000000 0.000000 0.000000 0.000000 0.000000 -5.693516 -133.999474
201902221017 0.000000 0.000000 0.000000 0.000000 0.000000 0.000000 -5.705898 -133.996808
201901051925 0.000000 0.000000 0.000000 0.000000 0.000000 0.000000 -5.716956 -134.005164
201903010850 0.000000 0.000000 0.000000 0.000000 0.000000 0.000000 -5.728034 -134.006351
201811012219 0.000000 0.000000 0.000000 0.000000 0.000000 0.000000 -5.735792 -134.008764
201901200132 0.000000 0.000000 0.000000 0.000000 0.000000 0.000000 -5.752449 -134.015359
201812190137 0.000000 0.000000 0.000000 0.000000 0.000000 0.000000 -5.790864 -134.020017
201810290654 0.000000 0.000000 0.000000 0.000000 0.000000 0.000000 -5.774392 -134.050238
201812110226 0.000000 0.000000 0.000000 0.000000 0.000000 0.000000 -5.759576 -134.061132
201810300213 0.000000 0.000000 0.000000 0.000000 0.000000 0.000000 -5.772492 -134.159673
201805180145 0.000000 0.000000 0.000000 0.000000 0.000000 0.000000 -5.774829 -134.168483
201903061546 0.000000 0.000000 0.000000 0.000000 0.000000 0.000000 -5.771809 -134.172854
201809162111 0.000000 0.000000 0.000000 0.000000 0.000000 0.000000 -5.754641 -134.177883
201811100833 0.000000 0.000000 0.000000 0.000000 0.000000 0.000000 -5.753610 -134.192420
201812050418 0.000000 0.000000 0.000000 0.000000 0.000000 0.000000 -5.743872 -134.179490
201810160103 0.000000 0.000000 0.000000 0.000000 0.000000 0.000000 -5.743557 -134.179723
201809301052 0.000000 0.000000 0.000000 0.000000 0.000000 0.000000 -5.743495 -134.188540
201811182025 0.000000 0.000000 0.000000 0.000000 0.000000 0.000000 -5.741810 -134.188524
201807130946 0.000000 0.000000 0.000000 0.000000 0.000000 0.000000 -5.737996 -134.180809
201808212232 0.000000 0.000000 0.000000 0.000000 0.000000 0.000000 -5.732561 -134.182700
201903201523 0.000000 0.000000 0.000000 0.000000 0.000000 0.000000 -5.731435 -134.181924
201807170702 0.000000 0.000000 0.000000 0.000000 0.000000 0.000000 -5.723847 -134.182952
201905062119 0.000000 0.000000 0.000000 0.000000 0.000000 0.000000 -5.715183 -134.163246
201805090757 0.000000 0.000000 0.000000 0.000000 0.000000 0.000000 -5.713730 -134.169295
201810102045 0.000000 0.000000 0.000000 0.000000 0.000000 0.000000 -5.713540 -134.168764
201810102048 0.000000 0.000000 0.000000 0.000000 0.000000 0.000000 -5.713486 -134.168622
201812160942 0.000000 0.000000 0.000000 0.000000 0.000000 0.000000 -5.711655 -134.157066
201905141258 0.000000 0.000000 0.000000 0.000000 0.000000 0.000000 -5.711104 -134.170140
201901171506 0.000000 0.000000 0.000000 0.000000 0.000000 0.000000 -5.710468 -134.163734
201902171435 0.000000 0.000000 0.000000 0.000000 0.000000 0.000000 -5.710087 -134.167974
201903282206 0.000000 0.000000 0.000000 0.000000 0.000000 0.000000 -5.649811 -134.134185
201807060140 0.000000 0.000000 0.000000 0.000000 0.000000 0.000000 -5.650917 -134.132676
201811142121 0.000000 0.000000 0.000000 0.000000 0.000000 0.000000 -5.647071 -134.128051
201812201701 0.000000 0.000000 0.000000 0.000000 0.000000 0.000000 -5.645402 -134.128771
201811301729 0.000000 0.000000 0.000000 0.000000 0.000000 0.000000 -5.625087 -134.103228
WC04
201810220539 0.000000 0.000000 0.000000 0.000000 0.000000 0.000000 -6.439378 -134.124153
201810220616 0.000000 0.000000 0.000000 0.000000 0.000000 0.000000 -6.439468 -134.124010
201902011614 0.000000 0.000000 0.000000 0.000000 0.000000 0.000000 -6.486940 -134.036218
201810282223 0.000000 0.000000 0.000000 0.000000 0.000000 0.000000 -6.492542 -134.034619
201811250340 0.000000 0.000000 0.000000 0.000000 0.000000 0.000000 -6.501729 -134.040365
201811111403 0.000000 0.000000 0.000000 0.000000 0.000000 0.000000 -6.517347 -134.067834
201809070212 0.000000 0.000000 0.000000 0.000000 0.000000 0.000000 -6.532272 -134.033925
201902221017 0.000000 0.000000 0.000000 0.000000 0.000000 0.000000 -6.532581 -134.035893
201903010850 0.000000 0.000000 0.000000 0.000000 0.000000 0.000000 -6.555023 -134.045082
201811012219 0.000000 0.000000 0.000000 0.000000 0.000000 0.000000 -6.562873 -134.047382
201810290654 0.000000 0.000000 0.000000 0.000000 0.000000 0.000000 -6.602439 -134.088793
201808140329 0.000000 0.000000 0.000000 0.000000 0.000000 0.000000 -6.587145 -134.100022
201812110226 0.000000 0.000000 0.000000 0.000000 0.000000 0.000000 -6.587352 -134.100144
201810300213 0.000000 0.000000 0.000000 0.000000 0.000000 0.000000 -6.599985 -134.199798
201903061546 0.000000 0.000000 0.000000 0.000000 0.000000 0.000000 -6.598902 -134.213204
201807072133 0.000000 0.000000 0.000000 0.000000 0.000000 0.000000 -6.596351 -134.215580
201904231420 0.000000 0.000000 0.000000 0.000000 0.000000 0.000000 -6.583637 -134.222072
201811100833 0.000000 0.000000 0.000000 0.000000 0.000000 0.000000 -6.579823 -134.232742
201808290351 0.000000 0.000000 0.000000 0.000000 0.000000 0.000000 -6.571324 -134.219883
201812050418 0.000000 0.000000 0.000000 0.000000 0.000000 0.000000 -6.570796 -134.219424
201811182025 0.000000 0.000000 0.000000 0.000000 0.000000 0.000000 -6.568156 -134.228534
201807130946 0.000000 0.000000 0.000000 0.000000 0.000000 0.000000 -6.564849 -134.220652
201808190428 0.000000 0.000000 0.000000 0.000000 0.000000 0.000000 -6.566987 -134.231250
201806212113 0.000000 0.000000 0.000000 0.000000 0.000000 0.000000 -6.562583 -134.221278
201812221425 0.000000 0.000000 0.000000 0.000000 0.000000 0.000000 -6.554062 -134.222262
201807170702 0.000000 0.000000 0.000000 0.000000 0.000000 0.000000 -6.550648 -134.222556
201901260351 0.000000 0.000000 0.000000 0.000000 0.000000 0.000000 -6.542281 -134.211576
201805090757 0.000000 0.000000 0.000000 0.000000 0.000000 0.000000 -6.540956 -134.208696
201810102045 0.000000 0.000000 0.000000 0.000000 0.000000 0.000000 -6.540777 -134.208161
201810102048 0.000000 0.000000 0.000000 0.000000 0.000000 0.000000 -6.540727 -134.208018
201812160942 0.000000 0.000000 0.000000 0.000000 0.000000 0.000000 -6.539128 -134.196415
201810102200 0.000000 0.000000 0.000000 0.000000 0.000000 0.000000 -6.539644 -134.208185
201902171435 0.000000 0.000000 0.000000 0.000000 0.000000 0.000000 -6.537309 -134.207316
201808161822 0.000000 0.000000 0.000000 0.000000 0.000000 0.000000 -6.508690 -134.190395
201809051807 0.000000 0.000000 0.000000 0.000000 0.000000 0.000000 -6.493744 -134.175502
201811021101 0.000000 0.000000 0.000000 0.000000 0.000000 0.000000 -6.489121 -134.171504
201808101812 0.000000 0.000000 0.000000 0.000000 0.000000 0.000000 -6.482116 -134.174375
201805042232 0.000000 0.000000 0.000000 0.000000 0.000000 0.000000 -6.442393 -134.204166
201903282206 0.000000 0.000000 0.000000 0.000000 0.000000 0.000000 -6.477821 -134.172908
201807060140 0.000000 0.000000 0.000000 0.000000 0.000000 0.000000 -6.478964 -134.171405
201812201701 0.000000 0.000000 0.000000 0.000000 0.000000 0.000000 -6.473501 -134.167514
201904022135 0.000000 0.000000 0.000000 0.000000 0.000000 0.000000 -6.464853 -134.169424
201808152156 0.000000 0.000000 0.000000 0.000000 0.000000 0.000000 -6.462123 -134.169150
201808230335 0.000000 0.000000 0.000000 0.000000 0.000000 0.000000 -6.461882 -134.169176
WW03
201808212131 0.000000 0.000000 0.000000 0.000000 0.000000 0.000000 -5.998149 -135.036420
201903231921 0.000000 0.000000 0.000000 0.000000 0.000000 0.000000 -6.001515 -135.021197
201903310704 0.000000 0.000000 0.000000 0.000000 0.000000 0.000000 -6.012236 -135.014043
201809070212 0.000000 0.000000 0.000000 0.000000 0.000000 0.000000 -6.013351 -135.016569
201902221017 0.000000 0.000000 0.000000 0.000000 0.000000 0.000000 -6.013600 -135.018527
201808240904 0.000000 0.000000 0.000000 0.000000 0.000000 0.000000 -6.029107 -135.028471
201903010850 0.000000 0.000000 0.000000 0.000000 0.000000 0.000000 -6.035398 -135.027869
201903150503 0.000000 0.000000 0.000000 0.000000 0.000000 0.000000 -6.039005 -135.033589
201811012219 0.000000 0.000000 0.000000 0.000000 0.000000 0.000000 -6.043052 -135.030187
201901200132 0.000000 0.000000 0.000000 0.000000 0.000000 0.000000 -6.059525 -135.036451
201810290654 0.000000 0.000000 0.000000 0.000000 0.000000 0.000000 -6.081826 -135.070844
201812121313 0.000000 0.000000 0.000000 0.000000 0.000000 0.000000 -6.117352 -135.103465
201904181446 0.000000 0.000000 0.000000 0.000000 0.000000 0.000000 -6.068627 -135.155775
201810300213 0.000000 0.000000 0.000000 0.000000 0.000000 0.000000 -6.081209 -135.180863
201809100419 0.000000 0.000000 0.000000 0.000000 0.000000 0.000000 -6.078147 -135.193958
201807072133 0.000000 0.000000 0.000000 0.000000 0.000000 0.000000 -6.078086 -135.196577
201809162111 0.000000 0.000000 0.000000 0.000000 0.000000 0.000000 -6.063064 -135.199474
201808290351 0.000000 0.000000 0.000000 0.000000 0.000000 0.000000 -6.052594 -135.201719
201812050643 0.000000 0.000000 0.000000 0.000000 0.000000 0.000000 -6.052427 -135.201416
201812050414 0.000000 0.000000 0.000000 0.000000 0.000000 0.000000 -6.052122 -135.201183
201812050418 0.000000 0.000000 0.000000 0.000000 0.000000 0.000000 -6.052047 -135.201300
201810160103 0.000000 0.000000 0.000000 0.000000 0.000000 0.000000 -6.051719 -135.201527
201809301052 0.000000 0.000000 0.000000 0.000000 0.000000 0.000000 -6.051601 -135.210309
201809061549 0.000000 0.000000 0.000000 0.000000 0.000000 0.000000 -6.049565 -135.207106
201903100812 0.000000 0.000000 0.000000 0.000000 0.000000 0.000000 -6.050000 -135.210129
201811182025 0.000000 0.000000 0.000000 0.000000 0.000000 0.000000 -6.049866 -135.210303
201901181318 0.000000 0.000000 0.000000 0.000000 0.000000 0.000000 -6.046629 -135.202883
201807130946 0.000000 0.000000 0.000000 0.000000 0.000000 0.000000 -6.046023 -135.202631
201808190428 0.000000 0.000000 0.000000 0.000000 0.000000 0.000000 -6.048746 -135.213041
201806212113 0.000000 0.000000 0.000000 0.000000 0.000000 0.000000 -6.043705 -135.203319
201808212232 0.000000 0.000000 0.000000 0.000000 0.000000 0.000000 -6.040458 -135.204569
201901151806 0.000000 0.000000 0.000000 0.000000 0.000000 0.000000 -6.034941 -135.204626
201811160326 0.000000 0.000000 0.000000 0.000000 0.000000 0.000000 -6.029163 -135.201995
201903101248 0.000000 0.000000 0.000000 0.000000 0.000000 0.000000 -6.027489 -135.191007
201809091931 0.000000 0.000000 0.000000 0.000000 0.000000 0.000000 -6.028048 -135.200195
201905062119 0.000000 0.000000 0.000000 0.000000 0.000000 0.000000 -6.022921 -135.185091
201901260351 0.000000 0.000000 0.000000 0.000000 0.000000 0.000000 -6.022805 -135.193952
201905030725 0.000000 0.000000 0.000000 0.000000 0.000000 0.000000 -6.022808 -135.199445
201807191830 0.000000 0.000000 0.000000 0.000000 0.000000 0.000000 -6.021797 -135.187952
201810102045 0.000000 0.000000 0.000000 0.000000 0.000000 0.000000 -6.021195 -135.190586
201903301120 0.000000 0.000000 0.000000 0.000000 0.000000 0.000000 -6.021144 -135.190338
201810102048 0.000000 0.000000 0.000000 0.000000 0.000000 0.000000 -6.021142 -135.190446
201812160942 0.000000 0.000000 0.000000 0.000000 0.000000 0.000000 -6.019385 -135.178950
201901171506 0.000000 0.000000 0.000000 0.000000 0.000000 0.000000 -6.018118 -135.185568
201902171435 0.000000 0.000000 0.000000 0.000000 0.000000 0.000000 -6.017675 -135.189780
201808282235 0.000000 0.000000 0.000000 0.000000 0.000000 0.000000 -5.993496 -135.179709
201902121234 0.000000 0.000000 0.000000 0.000000 0.000000 0.000000 -5.991719 -135.177223
201808161822 0.000000 0.000000 0.000000 0.000000 0.000000 0.000000 -5.988355 -135.172958
201811021101 0.000000 0.000000 0.000000 0.000000 0.000000 0.000000 -5.968460 -135.153666
201810090745 0.000000 0.000000 0.000000 0.000000 0.000000 0.000000 -5.960083 -135.155631
201805042232 0.000000 0.000000 0.000000 0.000000 0.000000 0.000000 -5.921040 -135.184760
201903282206 0.000000 0.000000 0.000000 0.000000 0.000000 0.000000 -5.957107 -135.154848
201807060140 0.000000 0.000000 0.000000 0.000000 0.000000 0.000000 -5.958250 -135.153363
201811142121 0.000000 0.000000 0.000000 0.000000 0.000000 0.000000 -5.954466 -135.148635
201812201701 0.000000 0.000000 0.000000 0.000000 0.000000 0.000000 -5.952788 -135.149305
201904022135 0.000000 0.000000 0.000000 0.000000 0.000000 0.000000 -5.944062 -135.151017
201811301729 0.000000 0.000000 0.000000 0.000000 0.000000 0.000000 -5.932953 -135.123171
CC07
201810220539 0.000000 0.000000 0.000000 0.000000 0.000000 0.000000 -6.062398 -133.041486
201902011614 0.000000 0.000000 0.000000 0.000000 0.000000 0.000000 -6.109500 -132.951443
201810282223 0.000000 0.000000 0.000000 0.000000 0.000000 0.000000 -6.115244 -132.949707
201808212131 0.000000 0.000000 0.000000 0.000000 0.000000 0.000000 -6.140442 -132.968970
201903231921 0.000000 0.000000 0.000000 0.000000 0.000000 0.000000 -6.143681 -132.953650
201809070212 0.000000 0.000000 0.000000 0.000000 0.000000 0.000000 -6.155985 -132.948805
201902221017 0.000000 0.000000 0.000000 0.000000 0.000000 0.000000 -6.156271 -132.950789
201901051925 0.000000 0.000000 0.000000 0.000000 0.000000 0.000000 -6.167716 -132.959100
201808240904 0.000000 0.000000 0.000000 0.000000 0.000000 0.000000 -6.172523 -132.960854
201903010850 0.000000 0.000000 0.000000 0.000000 0.000000 0.000000 -6.179073 -132.960206
201811012219 0.000000 0.000000 0.000000 0.000000 0.000000 0.000000 -6.187029 -132.962623
201901200132 0.000000 0.000000 0.000000 0.000000 0.000000 0.000000 -6.204064 -132.969379
201812190137 0.000000 0.000000 0.000000 0.000000 0.000000 0.000000 -6.243260 -132.975054
201904051614 0.000000 0.000000 0.000000 0.000000 0.000000 0.000000 -6.209414 -133.013372
201812110226 0.000000 0.000000 0.000000 0.000000 0.000000 0.000000 -6.210856 -133.015889
201904181446 0.000000 0.000000 0.000000 0.000000 0.000000 0.000000 -6.210941 -133.089325
201810300213 0.000000 0.000000 0.000000 0.000000 0.000000 0.000000 -6.222591 -133.115125
201903061546 0.000000 0.000000 0.000000 0.000000 0.000000 0.000000 -6.221456 -133.128384
201904231420 0.000000 0.000000 0.000000 0.000000 0.000000 0.000000 -6.206585 -133.136983
201809162111 0.000000 0.000000 0.000000 0.000000 0.000000 0.000000 -6.204458 -133.132961
201808290351 0.000000 0.000000 0.000000 0.000000 0.000000 0.000000 -6.194535 -133.134584
201812050643 0.000000 0.000000 0.000000 0.000000 0.000000 0.000000 -6.194398 -133.134307
201809101931 0.000000 0.000000 0.000000 0.000000 0.000000 0.000000 -6.194496 -133.134682
201812050414 0.000000 0.000000 0.000000 0.000000 0.000000 0.000000 -6.194105 -133.134042
201812050418 0.000000 0.000000 0.000000 0.000000 0.000000 0.000000 -6.194032 -133.134161
201810160103 0.000000 0.000000 0.000000 0.000000 0.000000 0.000000 -6.193715 -133.134386
201905191427 0.000000 0.000000 0.000000 0.000000 0.000000 0.000000 -6.193726 -133.134442
201905190123 0.000000 0.000000 0.000000 0.000000 0.000000 0.000000 -6.193707 -133.134644
201905191456 0.000000 0.000000 0.000000 0.000000 0.000000 0.000000 -6.193446 -133.134445
201809301052 0.000000 0.000000 0.000000 0.000000 0.000000 0.000000 -6.193192 -133.143370
201809061549 0.000000 0.000000 0.000000 0.000000 0.000000 0.000000 -6.191355 -133.140134
201903100812 0.000000 0.000000 0.000000 0.000000 0.000000 0.000000 -6.191678 -133.143126
201901181318 0.000000 0.000000 0.000000 0.000000 0.000000 0.000000 -6.188814 -133.135582
201807130946 0.000000 0.000000 0.000000 0.000000 0.000000 0.000000 -6.188223 -133.135333
201808190428 0.000000 0.000000 0.000000 0.000000 0.000000 0.000000 -6.190449 -133.145956
201904121223 0.000000 0.000000 0.000000 0.000000 0.000000 0.000000 -6.190697 -133.154338
201808212232 0.000000 0.000000 0.000000 0.000000 0.000000 0.000000 -6.182883 -133.137109
201903201523 0.000000 0.000000 0.000000 0.000000 0.000000 0.000000 -6.181798 -133.136344
201812221425 0.000000 0.000000 0.000000 0.000000 0.000000 0.000000 -6.177698 -133.136936
201807170702 0.000000 0.000000 0.000000 0.000000 0.000000 0.000000 -6.174357 -133.137200
201809091931 0.000000 0.000000 0.000000 0.000000 0.000000 0.000000 -6.171050 -133.132569
201905062119 0.000000 0.000000 0.000000 0.000000 0.000000 0.000000 -6.166172 -133.117366
201807191830 0.000000 0.000000 0.000000 0.000000 0.000000 0.000000 -6.165088 -133.120233
201805090757 0.000000 0.000000 0.000000 0.000000 0.000000 0.000000 -6.164684 -133.123422
201903301120 0.000000 0.000000 0.000000 0.000000 0.000000 0.000000 -6.164455 -133.122632
201810102048 0.000000 0.000000 0.000000 0.000000 0.000000 0.000000 -6.164452 -133.122741
201905141258 0.000000 0.000000 0.000000 0.000000 0.000000 0.000000 -6.162097 -133.124255
201902171435 0.000000 0.000000 0.000000 0.000000 0.000000 0.000000 -6.161105 -133.122086
201808282235 0.000000 0.000000 0.000000 0.000000 0.000000 0.000000 -6.137762 -133.112194
201808161822 0.000000 0.000000 0.000000 0.000000 0.000000 0.000000 -6.132767 -133.105543
201809051807 0.000000 0.000000 0.000000 0.000000 0.000000 0.000000 -6.117405 -133.091451
201811021101 0.000000 0.000000 0.000000 0.000000 0.000000 0.000000 -6.113125 -133.087221
201805042232 0.000000 0.000000 0.000000 0.000000 0.000000 0.000000 -6.068444 -133.122703
201807060140 0.000000 0.000000 0.000000 0.000000 0.000000 0.000000 -6.102982 -133.087368
201810131110 0.000000 0.000000 0.000000 0.000000 0.000000 0.000000 -6.106836 -133.083994
201812201701 0.000000 0.000000 0.000000 0.000000 0.000000 0.000000 -6.097463 -133.083639
201904022135 0.000000 0.000000 0.000000 0.000000 0.000000 0.000000 -6.088895 -133.085849
201808152156 0.000000 0.000000 0.000000 0.000000 0.000000 0.000000 -6.086198 -133.085671
201808251650 0.000000 0.000000 0.000000 0.000000 0.000000 0.000000 -6.081248 -133.081944
201811301729 0.000000 0.000000 0.000000 0.000000 0.000000 0.000000 -6.076865 -133.058940
CC11
201810220616 0.000000 0.000000 0.000000 0.000000 0.000000 0.000000 -7.441920 -133.411215
201808220931 0.000000 0.000000 0.000000 0.000000 0.000000 0.000000 -7.436403 -133.407182
201902011614 0.000000 0.000000 0.000000 0.000000 0.000000 0.000000 -7.486367 -133.323097
201811250340 0.000000 0.000000 0.000000 0.000000 0.000000 0.000000 -7.501767 -133.326557
201808212131 0.000000 0.000000 0.000000 0.000000 0.000000 0.000000 -7.518110 -133.339735
201903310704 0.000000 0.000000 0.000000 0.000000 0.000000 0.000000 -7.531076 -133.316748
201809070212 0.000000 0.000000 0.000000 0.000000 0.000000 0.000000 -7.532426 -133.319241
201902221017 0.000000 0.000000 0.000000 0.000000 0.000000 0.000000 -7.532843 -133.321223
201901051925 0.000000 0.000000 0.000000 0.000000 0.000000 0.000000 -7.544581 -133.329173
201808240904 0.000000 0.000000 0.000000 0.000000 0.000000 0.000000 -7.549427 -133.330812
201903010850 0.000000 0.000000 0.000000 0.000000 0.000000 0.000000 -7.556001 -133.329983
201811012219 0.000000 0.000000 0.000000 0.000000 0.000000 0.000000 -7.564068 -133.332190
201901200132 0.000000 0.000000 0.000000 0.000000 0.000000 0.000000 -7.581339 -133.338506
201812190137 0.000000 0.000000 0.000000 0.000000 0.000000 0.000000 -7.620245 -133.342636
201811152002 0.000000 0.000000 0.000000 0.000000 0.000000 0.000000 -7.588123 -133.384590
201810290654 0.000000 0.000000 0.000000 0.000000 0.000000 0.000000 -7.604978 -133.374125
201812110226 0.000000 0.000000 0.000000 0.000000 0.000000 0.000000 -7.589156 -133.385955
201904091753 0.000000 0.000000 0.000000 0.000000 0.000000 0.000000 -7.589245 -133.386224
201904181446 0.000000 0.000000 0.000000 0.000000 0.000000 0.000000 -7.589901 -133.460652
201810300213 0.000000 0.000000 0.000000 0.000000 0.000000 0.000000 -7.600727 -133.487033
201805180145 0.000000 0.000000 0.000000 0.000000 0.000000 0.000000 -7.602354 -133.496311
201903061546 0.000000 0.000000 0.000000 0.000000 0.000000 0.000000 -7.598991 -133.500688
201809162111 0.000000 0.000000 0.000000 0.000000 0.000000 0.000000 -7.581470 -133.504997
201811100833 0.000000 0.000000 0.000000 0.000000 0.000000 0.000000 -7.578976 -133.519846
201808290351 0.000000 0.000000 0.000000 0.000000 0.000000 0.000000 -7.571634 -133.506394
201812050643 0.000000 0.000000 0.000000 0.000000 0.000000 0.000000 -7.571503 -133.506071
201809101931 0.000000 0.000000 0.000000 0.000000 0.000000 0.000000 -7.571590 -133.506489
201812050418 0.000000 0.000000 0.000000 0.000000 0.000000 0.000000 -7.571143 -133.505909
201810160103 0.000000 0.000000 0.000000 0.000000 0.000000 0.000000 -7.570809 -133.506132
201809301052 0.000000 0.000000 0.000000 0.000000 0.000000 0.000000 -7.569368 -133.515307
201809061549 0.000000 0.000000 0.000000 0.000000 0.000000 0.000000 -7.567733 -133.511934
201903100812 0.000000 0.000000 0.000000 0.000000 0.000000 0.000000 -7.567866 -133.515037
201811182025 0.000000 0.000000 0.000000 0.000000 0.000000 0.000000 -7.567764 -133.515184
201808190428 0.000000 0.000000 0.000000 0.000000 0.000000 0.000000 -7.566474 -133.517828
201808212232 0.000000 0.000000 0.000000 0.000000 0.000000 0.000000 -7.559766 -133.508636
201903201523 0.000000 0.000000 0.000000 0.000000 0.000000 0.000000 -7.558690 -133.507813
201807170702 0.000000 0.000000 0.000000 0.000000 0.000000 0.000000 -7.551179 -133.508505
201811160326 0.000000 0.000000 0.000000 0.000000 0.000000 0.000000 -7.549087 -133.505558
201809091931 0.000000 0.000000 0.000000 0.000000 0.000000 0.000000 -7.548115 -133.503724
201905062119 0.000000 0.000000 0.000000 0.000000 0.000000 0.000000 -7.543859 -133.488352
201903301120 0.000000 0.000000 0.000000 0.000000 0.000000 0.000000 -7.541947 -133.493575
201812160942 0.000000 0.000000 0.000000 0.000000 0.000000 0.000000 -7.540624 -133.482016
201905141258 0.000000 0.000000 0.000000 0.000000 0.000000 0.000000 -7.539511 -133.495140
201808282235 0.000000 0.000000 0.000000 0.000000 0.000000 0.000000 -7.515507 -133.482449
201808161822 0.000000 0.000000 0.000000 0.000000 0.000000 0.000000 -7.510726 -133.475655
201811021101 0.000000 0.000000 0.000000 0.000000 0.000000 0.000000 -7.491126 -133.457437
201808101812 0.000000 0.000000 0.000000 0.000000 0.000000 0.000000 -7.484696 -133.459865
201810090745 0.000000 0.000000 0.000000 0.000000 0.000000 0.000000 -7.483389 -133.459126
201805042232 0.000000 0.000000 0.000000 0.000000 0.000000 0.000000 -7.444629 -133.489903
201903282206 0.000000 0.000000 0.000000 0.000000 0.000000 0.000000 -7.480435 -133.458474
201810131110 0.000000 0.000000 0.000000 0.000000 0.000000 0.000000 -7.485512 -133.453649
201812201701 0.000000 0.000000 0.000000 0.000000 0.000000 0.000000 -7.476182 -133.453202
201808230335 0.000000 0.000000 0.000000 0.000000 0.000000 0.000000 -7.464592 -133.455024
201811301729 0.000000 0.000000 0.000000 0.000000 0.000000 0.000000 -7.456092 -133.428629
WC05
201810282223 0.000000 0.000000 0.000000 0.000000 0.000000 0.000000 -7.226337 -134.422591
201811250340 0.000000 0.000000 0.000000 0.000000 0.000000 0.000000 -7.235667 -134.428223
201811111403 0.000000 0.000000 0.000000 0.000000 0.000000 0.000000 -7.251729 -134.455536
201808212131 0.000000 0.000000 0.000000 0.000000 0.000000 0.000000 -7.251410 -134.441712
201902221017 0.000000 0.000000 0.000000 0.000000 0.000000 0.000000 -7.266114 -134.423384
201901051925 0.000000 0.000000 0.000000 0.000000 0.000000 0.000000 -7.277496 -134.431392
201808240904 0.000000 0.000000 0.000000 0.000000 0.000000 0.000000 -7.282225 -134.433009
201903010850 0.000000 0.000000 0.000000 0.000000 0.000000 0.000000 -7.288652 -134.432232
201811012219 0.000000 0.000000 0.000000 0.000000 0.000000 0.000000 -7.296531 -134.434417
201901200132 0.000000 0.000000 0.000000 0.000000 0.000000 0.000000 -7.313440 -134.440533
201810290654 0.000000 0.000000 0.000000 0.000000 0.000000 0.000000 -7.336861 -134.475496
201811152002 0.000000 0.000000 0.000000 0.000000 0.000000 0.000000 -7.320677 -134.485972
201808140329 0.000000 0.000000 0.000000 0.000000 0.000000 0.000000 -7.321524 -134.487187
201901261956 0.000000 0.000000 0.000000 0.000000 0.000000 0.000000 -7.308563 -134.613068
201808290351 0.000000 0.000000 0.000000 0.000000 0.000000 0.000000 -7.305115 -134.608069
201809301052 0.000000 0.000000 0.000000 0.000000 0.000000 0.000000 -7.303152 -134.616906
201809061549 0.000000 0.000000 0.000000 0.000000 0.000000 0.000000 -7.301391 -134.613575
201901181318 0.000000 0.000000 0.000000 0.000000 0.000000 0.000000 -7.299172 -134.609036
201811182025 0.000000 0.000000 0.000000 0.000000 0.000000 0.000000 -7.301481 -134.616815
201808190428 0.000000 0.000000 0.000000 0.000000 0.000000 0.000000 -7.300212 -134.619526
201808212232 0.000000 0.000000 0.000000 0.000000 0.000000 0.000000 -7.293000 -134.610531
201811021101 0.000000 0.000000 0.000000 0.000000 0.000000 0.000000 -7.223501 -134.558496
201805042232 0.000000 0.000000 0.000000 0.000000 0.000000 0.000000 -7.175278 -134.589356
201903282206 0.000000 0.000000 0.000000 0.000000 0.000000 0.000000 -7.212202 -134.559772
201812201701 0.000000 0.000000 0.000000 0.000000 0.000000 0.000000 -7.207972 -134.554354
201808230335 0.000000 0.000000 0.000000 0.000000 0.000000 0.000000 -7.196303 -134.555816
201808251650 0.000000 0.000000 0.000000 0.000000 0.000000 0.000000 -7.191722 -134.551834
201808122115 0.000000 0.000000 0.000000 0.000000 0.000000 0.000000 -7.195080 -134.522288
CC02
201810220539 0.000000 0.000000 0.000000 0.000000 0.000000 0.000000 -4.366430 -132.578551
201902011614 0.000000 0.000000 0.000000 0.000000 0.000000 0.000000 -4.416877 -132.486139
201810282223 0.000000 0.000000 0.000000 0.000000 0.000000 0.000000 -4.422770 -132.484601
201811250340 0.000000 0.000000 0.000000 0.000000 0.000000 0.000000 -4.431657 -132.490670
201811111403 0.000000 0.000000 0.000000 0.000000 0.000000 0.000000 -4.446081 -132.518467
201903231921 0.000000 0.000000 0.000000 0.000000 0.000000 0.000000 -4.450972 -132.489534
201902221017 0.000000 0.000000 0.000000 0.000000 0.000000 0.000000 -4.463913 -132.487110
201901051925 0.000000 0.000000 0.000000 0.000000 0.000000 0.000000 -4.474960 -132.495828
201903010850 0.000000 0.000000 0.000000 0.000000 0.000000 0.000000 -4.486213 -132.497316
201811012219 0.000000 0.000000 0.000000 0.000000 0.000000 0.000000 -4.494019 -132.499981
201901200132 0.000000 0.000000 0.000000 0.000000 0.000000 0.000000 -4.510740 -132.507253
201812190137 0.000000 0.000000 0.000000 0.000000 0.000000 0.000000 -4.550161 -132.514739
201810290654 0.000000 0.000000 0.000000 0.000000 0.000000 0.000000 -4.531377 -132.542656
201904181446 0.000000 0.000000 0.000000 0.000000 0.000000 0.000000 -4.515515 -132.624621
201810300213 0.000000 0.000000 0.000000 0.000000 0.000000 0.000000 -4.528106 -132.649755
201903061546 0.000000 0.000000 0.000000 0.000000 0.000000 0.000000 -4.527691 -132.662605
201904231420 0.000000 0.000000 0.000000 0.000000 0.000000 0.000000 -4.513655 -132.671281
201811100833 0.000000 0.000000 0.000000 0.000000 0.000000 0.000000 -4.510894 -132.681660
201812050643 0.000000 0.000000 0.000000 0.000000 0.000000 0.000000 -4.501164 -132.669065
201812050414 0.000000 0.000000 0.000000 0.000000 0.000000 0.000000 -4.500856 -132.668822
201812050418 0.000000 0.000000 0.000000 0.000000 0.000000 0.000000 -4.500790 -132.668934
201810160028 0.000000 0.000000 0.000000 0.000000 0.000000 0.000000 -4.500776 -132.668989
201810160103 0.000000 0.000000 0.000000 0.000000 0.000000 0.000000 -4.500486 -132.669150
201905190123 0.000000 0.000000 0.000000 0.000000 0.000000 0.000000 -4.500506 -132.669419
201808190023 0.000000 0.000000 0.000000 0.000000 0.000000 0.000000 -4.501427 -132.677826
201809301052 0.000000 0.000000 0.000000 0.000000 0.000000 0.000000 -4.501017 -132.677880
201808190019 0.000000 0.000000 0.000000 0.000000 0.000000 0.000000 -4.500238 -132.677599
201811182025 0.000000 0.000000 0.000000 0.000000 0.000000 0.000000 -4.499382 -132.677884
201808190428 0.000000 0.000000 0.000000 0.000000 0.000000 0.000000 -4.498452 -132.680512
201903201523 0.000000 0.000000 0.000000 0.000000 0.000000 0.000000 -4.488846 -132.671442
201905062119 0.000000 0.000000 0.000000 0.000000 0.000000 0.000000 -4.472319 -132.653076
201905030725 0.000000 0.000000 0.000000 0.000000 0.000000 0.000000 -4.472892 -132.667402
201903301120 0.000000 0.000000 0.000000 0.000000 0.000000 0.000000 -4.470837 -132.658359
201810102048 0.000000 0.000000 0.000000 0.000000 0.000000 0.000000 -4.470839 -132.658472
201905141258 0.000000 0.000000 0.000000 0.000000 0.000000 0.000000 -4.468577 -132.660047
201902171435 0.000000 0.000000 0.000000 0.000000 0.000000 0.000000 -4.467555 -132.657944
201902121234 0.000000 0.000000 0.000000 0.000000 0.000000 0.000000 -4.442071 -132.646405
201811021101 0.000000 0.000000 0.000000 0.000000 0.000000 0.000000 -4.418265 -132.624470
201903282206 0.000000 0.000000 0.000000 0.000000 0.000000 0.000000 -4.407013 -132.626343
201810131110 0.000000 0.000000 0.000000 0.000000 0.000000 0.000000 -4.411842 -132.621320
201812201701 0.000000 0.000000 0.000000 0.000000 0.000000 0.000000 -4.402410 -132.621094
201811301729 0.000000 0.000000 0.000000 0.000000 0.000000 0.000000 -4.381191 -132.596233
CC08
201808220931 0.000000 0.000000 0.000000 0.000000 0.000000 0.000000 -6.380136 -133.114098
201902011614 0.000000 0.000000 0.000000 0.000000 0.000000 0.000000 -6.432069 -133.028670
201905121924 0.000000 0.000000 0.000000 0.000000 0.000000 0.000000 -6.454117 -133.027025
201808212131 0.000000 0.000000 0.000000 0.000000 0.000000 0.000000 -6.463205 -133.045951
201903231921 0.000000 0.000000 0.000000 0.000000 0.000000 0.000000 -6.466258 -133.030646
201902221017 0.000000 0.000000 0.000000 0.000000 0.000000 0.000000 -6.478781 -133.027699
201808240904 0.000000 0.000000 0.000000 0.000000 0.000000 0.000000 -6.495117 -133.037654
201903010850 0.000000 0.000000 0.000000 0.000000 0.000000 0.000000 -6.501675 -133.036964
201901200132 0.000000 0.000000 0.000000 0.000000 0.000000 0.000000 -6.526755 -133.045990
201812190137 0.000000 0.000000 0.000000 0.000000 0.000000 0.000000 -6.565901 -133.051320
201904051614 0.000000 0.000000 0.000000 0.000000 0.000000 0.000000 -6.532335 -133.090202
201904091753 0.000000 0.000000 0.000000 0.000000 0.000000 0.000000 -6.533861 -133.092987
201903061546 0.000000 0.000000 0.000000 0.000000 0.000000 0.000000 -6.544206 -133.205736
201809162111 0.000000 0.000000 0.000000 0.000000 0.000000 0.000000 -6.527078 -133.210238
201904231420 0.000000 0.000000 0.000000 0.000000 0.000000 0.000000 -6.529165 -133.214307
201808290351 0.000000 0.000000 0.000000 0.000000 0.000000 0.000000 -6.517182 -133.211816
201905190123 0.000000 0.000000 0.000000 0.000000 0.000000 0.000000 -6.516339 -133.211836
201809301052 0.000000 0.000000 0.000000 0.000000 0.000000 0.000000 -6.515625 -133.220630
201903100812 0.000000 0.000000 0.000000 0.000000 0.000000 0.000000 -6.514113 -133.220379
201901181318 0.000000 0.000000 0.000000 0.000000 0.000000 0.000000 -6.511436 -133.212778
201806212113 0.000000 0.000000 0.000000 0.000000 0.000000 0.000000 -6.508623 -133.213115
201808212232 0.000000 0.000000 0.000000 0.000000 0.000000 0.000000 -6.505479 -133.214276
201903201523 0.000000 0.000000 0.000000 0.000000 0.000000 0.000000 -6.504396 -133.213500
201812221425 0.000000 0.000000 0.000000 0.000000 0.000000 0.000000 -6.500288 -133.214064
201901151806 0.000000 0.000000 0.000000 0.000000 0.000000 0.000000 -6.500191 -133.214188
201903101248 0.000000 0.000000 0.000000 0.000000 0.000000 0.000000 -6.493312 -133.200420
201905062119 0.000000 0.000000 0.000000 0.000000 0.000000 0.000000 -6.488954 -133.194403
201904121451 0.000000 0.000000 0.000000 0.000000 0.000000 0.000000 -6.488337 -133.197263
201901260351 0.000000 0.000000 0.000000 0.000000 0.000000 0.000000 -6.488726 -133.203369
201807191830 0.000000 0.000000 0.000000 0.000000 0.000000 0.000000 -6.487848 -133.197264
201905030725 0.000000 0.000000 0.000000 0.000000 0.000000 0.000000 -6.488668 -133.208817
201810102045 0.000000 0.000000 0.000000 0.000000 0.000000 0.000000 -6.487237 -133.199904
201903301120 0.000000 0.000000 0.000000 0.000000 0.000000 0.000000 -6.487191 -133.199659
201810102048 0.000000 0.000000 0.000000 0.000000 0.000000 0.000000 -6.487188 -133.199762
201812160942 0.000000 0.000000 0.000000 0.000000 0.000000 0.000000 -6.485581 -133.188127
201810102200 0.000000 0.000000 0.000000 0.000000 0.000000 0.000000 -6.486124 -133.199935
201905141258 0.000000 0.000000 0.000000 0.000000 0.000000 0.000000 -6.484816 -133.201271
201901171506 0.000000 0.000000 0.000000 0.000000 0.000000 0.000000 -6.484315 -133.194818
201902171435 0.000000 0.000000 0.000000 0.000000 0.000000 0.000000 -6.483830 -133.199096
201808282235 0.000000 0.000000 0.000000 0.000000 0.000000 0.000000 -6.460560 -133.189059
201902121234 0.000000 0.000000 0.000000 0.000000 0.000000 0.000000 -6.458848 -133.186609
201808161822 0.000000 0.000000 0.000000 0.000000 0.000000 0.000000 -6.455615 -133.182377
201904110818 0.000000 0.000000 0.000000 0.000000 0.000000 0.000000 -6.441666 -133.170129
201811021101 0.000000 0.000000 0.000000 0.000000 0.000000 0.000000 -6.436004 -133.164064
201805042232 0.000000 0.000000 0.000000 0.000000 0.000000 0.000000 -6.390862 -133.198880
201808101812 0.000000 0.000000 0.000000 0.000000 0.000000 0.000000 -6.429150 -133.166973
201903282206 0.000000 0.000000 0.000000 0.000000 0.000000 0.000000 -6.424862 -133.165615
201810131110 0.000000 0.000000 0.000000 0.000000 0.000000 0.000000 -6.429855 -133.160725
201811142121 0.000000 0.000000 0.000000 0.000000 0.000000 0.000000 -6.422147 -133.159607
201812201701 0.000000 0.000000 0.000000 0.000000 0.000000 0.000000 -6.420482 -133.160356
201904022135 0.000000 0.000000 0.000000 0.000000 0.000000 0.000000 -6.411900 -133.162523
201808152156 0.000000 0.000000 0.000000 0.000000 0.000000 0.000000 -6.409205 -133.162331
201808251650 0.000000 0.000000 0.000000 0.000000 0.000000 0.000000 -6.404279 -133.158595
201812310235 0.000000 0.000000 0.000000 0.000000 0.000000 0.000000 -6.399408 -133.149867
CC05
201808220931 0.000000 0.000000 0.000000 0.000000 0.000000 0.000000 -5.414853 -132.864063
201902011614 0.000000 0.000000 0.000000 0.000000 0.000000 0.000000 -5.468640 -132.777336
201810282223 0.000000 0.000000 0.000000 0.000000 0.000000 0.000000 -5.474442 -132.775674
201811111403 0.000000 0.000000 0.000000 0.000000 0.000000 0.000000 -5.498934 -132.808975
201808212131 0.000000 0.000000 0.000000 0.000000 0.000000 0.000000 -5.499182 -132.795289
201903231921 0.000000 0.000000 0.000000 0.000000 0.000000 0.000000 -5.502804 -132.779991
201809070212 0.000000 0.000000 0.000000 0.000000 0.000000 0.000000 -5.515307 -132.775315
201902221017 0.000000 0.000000 0.000000 0.000000 0.000000 0.000000 -5.515530 -132.777302
201901051925 0.000000 0.000000 0.000000 0.000000 0.000000 0.000000 -5.526830 -132.785764
201808240904 0.000000 0.000000 0.000000 0.000000 0.000000 0.000000 -5.531615 -132.787579
201903010850 0.000000 0.000000 0.000000 0.000000 0.000000 0.000000 -5.538151 -132.787014
201811012219 0.000000 0.000000 0.000000 0.000000 0.000000 0.000000 -5.546052 -132.789524
201901200132 0.000000 0.000000 0.000000 0.000000 0.000000 0.000000 -5.562966 -132.796488
201812190137 0.000000 0.000000 0.000000 0.000000 0.000000 0.000000 -5.602268 -132.802851
201810290654 0.000000 0.000000 0.000000 0.000000 0.000000 0.000000 -5.584641 -132.831953
201812110226 0.000000 0.000000 0.000000 0.000000 0.000000 0.000000 -5.569277 -132.842570
201810300213 0.000000 0.000000 0.000000 0.000000 0.000000 0.000000 -5.581071 -132.940973
201805180145 0.000000 0.000000 0.000000 0.000000 0.000000 0.000000 -5.583233 -132.949819
201903061546 0.000000 0.000000 0.000000 0.000000 0.000000 0.000000 -5.580233 -132.954096
201809100419 0.000000 0.000000 0.000000 0.000000 0.000000 0.000000 -5.577910 -132.953820
201809162111 0.000000 0.000000 0.000000 0.000000 0.000000 0.000000 -5.563449 -132.958753
201811100833 0.000000 0.000000 0.000000 0.000000 0.000000 0.000000 -5.562369 -132.973213
201808290351 0.000000 0.000000 0.000000 0.000000 0.000000 0.000000 -5.553512 -132.960512
201812050643 0.000000 0.000000 0.000000 0.000000 0.000000 0.000000 -5.553355 -132.960214
201812050418 0.000000 0.000000 0.000000 0.000000 0.000000 0.000000 -5.552987 -132.960074
201810160028 0.000000 0.000000 0.000000 0.000000 0.000000 0.000000 -5.552974 -132.960137
201810160103 0.000000 0.000000 0.000000 0.000000 0.000000 0.000000 -5.552677 -132.960301
201905190123 0.000000 0.000000 0.000000 0.000000 0.000000 0.000000 -5.552678 -132.960558
201809301052 0.000000 0.000000 0.000000 0.000000 0.000000 0.000000 -5.552560 -132.969183
201809061549 0.000000 0.000000 0.000000 0.000000 0.000000 0.000000 -5.550631 -132.966000
201811182025 0.000000 0.000000 0.000000 0.000000 0.000000 0.000000 -5.550922 -132.969117
201807130946 0.000000 0.000000 0.000000 0.000000 0.000000 0.000000 -5.547248 -132.961315
201808190428 0.000000 0.000000 0.000000 0.000000 0.000000 0.000000 -5.549884 -132.971791
201808212232 0.000000 0.000000 0.000000 0.000000 0.000000 0.000000 -5.541951 -132.963127
201903201523 0.000000 0.000000 0.000000 0.000000 0.000000 0.000000 -5.540857 -132.962374
201811160326 0.000000 0.000000 0.000000 0.000000 0.000000 0.000000 -5.531135 -132.960531
201809091931 0.000000 0.000000 0.000000 0.000000 0.000000 0.000000 -5.530041 -132.958745
201905062119 0.000000 0.000000 0.000000 0.000000 0.000000 0.000000 -5.524882 -132.943633
201805090757 0.000000 0.000000 0.000000 0.000000 0.000000 0.000000 -5.523496 -132.949687
201810102048 0.000000 0.000000 0.000000 0.000000 0.000000 0.000000 -5.523254 -132.949021
201905141258 0.000000 0.000000 0.000000 0.000000 0.000000 0.000000 -5.520934 -132.950557
201902171435 0.000000 0.000000 0.000000 0.000000 0.000000 0.000000 -5.519930 -132.948419
201808282235 0.000000 0.000000 0.000000 0.000000 0.000000 0.000000 -5.496454 -132.938799
201808161822 0.000000 0.000000 0.000000 0.000000 0.000000 0.000000 -5.491362 -132.932211
201809051807 0.000000 0.000000 0.000000 0.000000 0.000000 0.000000 -5.475976 -132.918041
201805042232 0.000000 0.000000 0.000000 0.000000 0.000000 0.000000 -5.427964 -132.950743
201808101812 0.000000 0.000000 0.000000 0.000000 0.000000 0.000000 -5.464513 -132.917141
201903282206 0.000000 0.000000 0.000000 0.000000 0.000000 0.000000 -5.460188 -132.915826
201807060140 0.000000 0.000000 0.000000 0.000000 0.000000 0.000000 -5.461274 -132.914282
201810131110 0.000000 0.000000 0.000000 0.000000 0.000000 0.000000 -5.465101 -132.910877
201812201701 0.000000 0.000000 0.000000 0.000000 0.000000 0.000000 -5.455700 -132.910571
201808152156 0.000000 0.000000 0.000000 0.000000 0.000000 0.000000 -5.444481 -132.912718
201808230335 0.000000 0.000000 0.000000 0.000000 0.000000 0.000000 -5.444253 -132.912747
201811301729 0.000000 0.000000 0.000000 0.000000 0.000000 0.000000 -5.434882 -132.885805
201808121458 0.000000 0.000000 0.000000 0.000000 0.000000 0.000000 -5.441539 -132.878960
EE04
201810220616 0.000000 0.000000 0.000000 0.000000 0.000000 0.000000 -8.109951 -131.252526
201808220931 0.000000 0.000000 0.000000 0.000000 0.000000 0.000000 -8.104215 -131.249272
201902011614 0.000000 0.000000 0.000000 0.000000 0.000000 0.000000 -8.150098 -131.161783
201810282223 0.000000 0.000000 0.000000 0.000000 0.000000 0.000000 -8.155956 -131.159515
201811250340 0.000000 0.000000 0.000000 0.000000 0.000000 0.000000 -8.166658 -131.164039
201905121924 0.000000 0.000000 0.000000 0.000000 0.000000 0.000000 -8.173161 -131.158194
201811111403 0.000000 0.000000 0.000000 0.000000 0.000000 0.000000 -8.185131 -131.190041
201808212131 0.000000 0.000000 0.000000 0.000000 0.000000 0.000000 -8.184295 -131.176432
201903231921 0.000000 0.000000 0.000000 0.000000 0.000000 0.000000 -8.186203 -131.161028
201903310704 0.000000 0.000000 0.000000 0.000000 0.000000 0.000000 -8.196883 -131.152999
201809070212 0.000000 0.000000 0.000000 0.000000 0.000000 0.000000 -8.198408 -131.155432
201902221017 0.000000 0.000000 0.000000 0.000000 0.000000 0.000000 -8.198931 -131.157413
201905260741 0.000000 0.000000 0.000000 0.000000 0.000000 0.000000 -8.206735 -131.158498
201901051925 0.000000 0.000000 0.000000 0.000000 0.000000 0.000000 -8.211453 -131.165313
201808240904 0.000000 0.000000 0.000000 0.000000 0.000000 0.000000 -8.216560 -131.166909
201903010850 0.000000 0.000000 0.000000 0.000000 0.000000 0.000000 -8.223441 -131.165994
201811012219 0.000000 0.000000 0.000000 0.000000 0.000000 0.000000 -8.231913 -131.168224
201901200132 0.000000 0.000000 0.000000 0.000000 0.000000 0.000000 -8.249981 -131.174891
201812190137 0.000000 0.000000 0.000000 0.000000 0.000000 0.000000 -8.290637 -131.181441
201904051614 0.000000 0.000000 0.000000 0.000000 0.000000 0.000000 -8.255359 -131.221346
201811152002 0.000000 0.000000 0.000000 0.000000 0.000000 0.000000 -8.255869 -131.222436
201810290654 0.000000 0.000000 0.000000 0.000000 0.000000 0.000000 -8.274159 -131.211896
201808140329 0.000000 0.000000 0.000000 0.000000 0.000000 0.000000 -8.256693 -131.223698
201812110226 0.000000 0.000000 0.000000 0.000000 0.000000 0.000000 -8.256861 -131.223870
201812121313 0.000000 0.000000 0.000000 0.000000 0.000000 0.000000 -8.308924 -131.251391
201904181446 0.000000 0.000000 0.000000 0.000000 0.000000 0.000000 -8.256811 -131.298580
201810300213 0.000000 0.000000 0.000000 0.000000 0.000000 0.000000 -8.266340 -131.325853
201805180145 0.000000 0.000000 0.000000 0.000000 0.000000 0.000000 -8.267346 -131.335332
201809100419 0.000000 0.000000 0.000000 0.000000 0.000000 0.000000 -8.261662 -131.339016
201809162111 0.000000 0.000000 0.000000 0.000000 0.000000 0.000000 -8.246818 -131.342951
201811100833 0.000000 0.000000 0.000000 0.000000 0.000000 0.000000 -8.243654 -131.357760
201901261956 0.000000 0.000000 0.000000 0.000000 0.000000 0.000000 -8.240009 -131.349283
201812050643 0.000000 0.000000 0.000000 0.000000 0.000000 0.000000 -8.237514 -131.343342
201808290351 0.000000 0.000000 0.000000 0.000000 0.000000 0.000000 -8.237622 -131.343668
201809101931 0.000000 0.000000 0.000000 0.000000 0.000000 0.000000 -8.237574 -131.343760
201812050414 0.000000 0.000000 0.000000 0.000000 0.000000 0.000000 -8.237255 -131.343032
201812050418 0.000000 0.000000 0.000000 0.000000 0.000000 0.000000 -8.237174 -131.343152
201810160103 0.000000 0.000000 0.000000 0.000000 0.000000 0.000000 -8.236847 -131.343365
201905191427 0.000000 0.000000 0.000000 0.000000 0.000000 0.000000 -8.236852 -131.343426
201905190123 0.000000 0.000000 0.000000 0.000000 0.000000 0.000000 -8.236816 -131.343644
201809061549 0.000000 0.000000 0.000000 0.000000 0.000000 0.000000 -8.233369 -131.349337
201807130946 0.000000 0.000000 0.000000 0.000000 0.000000 0.000000 -8.231433 -131.344037
201903100812 0.000000 0.000000 0.000000 0.000000 0.000000 0.000000 -8.233340 -131.352428
201811182025 0.000000 0.000000 0.000000 0.000000 0.000000 0.000000 -8.233259 -131.352551
201806212113 0.000000 0.000000 0.000000 0.000000 0.000000 0.000000 -8.229317 -131.344482
201808190428 0.000000 0.000000 0.000000 0.000000 0.000000 0.000000 -8.231938 -131.355114
201904121223 0.000000 0.000000 0.000000 0.000000 0.000000 0.000000 -8.231070 -131.363759
201808212232 0.000000 0.000000 0.000000 0.000000 0.000000 0.000000 -8.226210 -131.345479
201903201523 0.000000 0.000000 0.000000 0.000000 0.000000 0.000000 -8.225201 -131.344670
201812221425 0.000000 0.000000 0.000000 0.000000 0.000000 0.000000 -8.221245 -131.345025
201811160326 0.000000 0.000000 0.000000 0.000000 0.000000 0.000000 -8.216107 -131.342153
201809091931 0.000000 0.000000 0.000000 0.000000 0.000000 0.000000 -8.215217 -131.340293
201905062119 0.000000 0.000000 0.000000 0.000000 0.000000 0.000000 -8.211393 -131.324752
201904121451 0.000000 0.000000 0.000000 0.000000 0.000000 0.000000 -8.210702 -131.327614
201901260351 0.000000 0.000000 0.000000 0.000000 0.000000 0.000000 -8.210727 -131.333831
201905030725 0.000000 0.000000 0.000000 0.000000 0.000000 0.000000 -8.210442 -131.339274
201805090757 0.000000 0.000000 0.000000 0.000000 0.000000 0.000000 -8.209677 -131.330816
201903301120 0.000000 0.000000 0.000000 0.000000 0.000000 0.000000 -8.209491 -131.329999
201810102048 0.000000 0.000000 0.000000 0.000000 0.000000 0.000000 -8.209483 -131.330109
201812160942 0.000000 0.000000 0.000000 0.000000 0.000000 0.000000 -8.208333 -131.318260
201810102200 0.000000 0.000000 0.000000 0.000000 0.000000 0.000000 -8.208432 -131.330259
201901171506 0.000000 0.000000 0.000000 0.000000 0.000000 0.000000 -8.206903 -131.325008
201905141258 0.000000 0.000000 0.000000 0.000000 0.000000 0.000000 -8.207126 -131.331551
201902171435 0.000000 0.000000 0.000000 0.000000 0.000000 0.000000 -8.206202 -131.329400
201808282235 0.000000 0.000000 0.000000 0.000000 0.000000 0.000000 -8.184140 -131.318841
201902121234 0.000000 0.000000 0.000000 0.000000 0.000000 0.000000 -8.182558 -131.316369
201808161822 0.000000 0.000000 0.000000 0.000000 0.000000 0.000000 -8.179592 -131.312082
201904110818 0.000000 0.000000 0.000000 0.000000 0.000000 0.000000 -8.164954 -131.301831
201809051807 0.000000 0.000000 0.000000 0.000000 0.000000 0.000000 -8.163534 -131.300072
201811021101 0.000000 0.000000 0.000000 0.000000 0.000000 0.000000 -8.159152 -131.295982
201805042232 0.000000 0.000000 0.000000 0.000000 0.000000 0.000000 -8.116056 -131.330757
201808101812 0.000000 0.000000 0.000000 0.000000 0.000000 0.000000 -8.154120 -131.297466
201810090745 0.000000 0.000000 0.000000 0.000000 0.000000 0.000000 -8.152814 -131.296805
201903282206 0.000000 0.000000 0.000000 0.000000 0.000000 0.000000 -8.149882 -131.296310
201807060140 0.000000 0.000000 0.000000 0.000000 0.000000 0.000000 -8.151011 -131.294772
201810131110 0.000000 0.000000 0.000000 0.000000 0.000000 0.000000 -8.154869 -131.291361
201811142121 0.000000 0.000000 0.000000 0.000000 0.000000 0.000000 -8.147250 -131.290537
201812201701 0.000000 0.000000 0.000000 0.000000 0.000000 0.000000 -8.145587 -131.291341
201812241241 0.000000 0.000000 0.000000 0.000000 0.000000 0.000000 -8.145646 -131.291057
201904022135 0.000000 0.000000 0.000000 0.000000 0.000000 0.000000 -8.137050 -131.293848
201905230845 0.000000 0.000000 0.000000 0.000000 0.000000 0.000000 -8.134517 -131.294014
201808152156 0.000000 0.000000 0.000000 0.000000 0.000000 0.000000 -8.134383 -131.293793
201808230335 0.000000 0.000000 0.000000 0.000000 0.000000 0.000000 -8.134148 -131.293835
201808251650 0.000000 0.000000 0.000000 0.000000 0.000000 0.000000 -8.129509 -131.290395
201811301729 0.000000 0.000000 0.000000 0.000000 0.000000 0.000000 -8.124888 -131.268378
201808122115 0.000000 0.000000 0.000000 0.000000 0.000000 0.000000 -8.131259 -131.261101
CC06
201808220931 0.000000 0.000000 0.000000 0.000000 0.000000 0.000000 -5.736335 -132.942792
201902011614 0.000000 0.000000 0.000000 0.000000 0.000000 0.000000 -5.789503 -132.856492
201811111403 0.000000 0.000000 0.000000 0.000000 0.000000 0.000000 -5.820124 -132.887917
201808212131 0.000000 0.000000 0.000000 0.000000 0.000000 0.000000 -5.820256 -132.874228
201903231921 0.000000 0.000000 0.000000 0.000000 0.000000 0.000000 -5.823685 -132.858918
201809070212 0.000000 0.000000 0.000000 0.000000 0.000000 0.000000 -5.836092 -132.854159
201902221017 0.000000 0.000000 0.000000 0.000000 0.000000 0.000000 -5.836347 -132.856144
201901051925 0.000000 0.000000 0.000000 0.000000 0.000000 0.000000 -5.847722 -132.864529
201808240904 0.000000 0.000000 0.000000 0.000000 0.000000 0.000000 -5.852520 -132.866314
201903010850 0.000000 0.000000 0.000000 0.000000 0.000000 0.000000 -5.859062 -132.865707
201812190137 0.000000 0.000000 0.000000 0.000000 0.000000 0.000000 -5.923220 -132.881071
201904051614 0.000000 0.000000 0.000000 0.000000 0.000000 0.000000 -5.889082 -132.918817
201810290654 0.000000 0.000000 0.000000 0.000000 0.000000 0.000000 -5.905953 -132.910531
201904091753 0.000000 0.000000 0.000000 0.000000 0.000000 0.000000 -5.890589 -132.921597
201812121313 0.000000 0.000000 0.000000 0.000000 0.000000 0.000000 -5.940543 -132.946104
201904181446 0.000000 0.000000 0.000000 0.000000 0.000000 0.000000 -5.890445 -132.994481
201810300213 0.000000 0.000000 0.000000 0.000000 0.000000 0.000000 -5.902266 -133.020141
201903061546 0.000000 0.000000 0.000000 0.000000 0.000000 0.000000 -5.901295 -133.033349
201807072133 0.000000 0.000000 0.000000 0.000000 0.000000 0.000000 -5.898826 -133.035643
201904231420 0.000000 0.000000 0.000000 0.000000 0.000000 0.000000 -5.886568 -133.041939
201809162111 0.000000 0.000000 0.000000 0.000000 0.000000 0.000000 -5.884399 -133.037955
201812050414 0.000000 0.000000 0.000000 0.000000 0.000000 0.000000 -5.874029 -133.039099
201812050418 0.000000 0.000000 0.000000 0.000000 0.000000 0.000000 -5.873958 -133.039214
201905191456 0.000000 0.000000 0.000000 0.000000 0.000000 0.000000 -5.873375 -133.039496
201903100812 0.000000 0.000000 0.000000 0.000000 0.000000 0.000000 -5.871809 -133.048142
201811182025 0.000000 0.000000 0.000000 0.000000 0.000000 0.000000 -5.871690 -133.048297
201807130946 0.000000 0.000000 0.000000 0.000000 0.000000 0.000000 -5.868184 -133.040421
201808190428 0.000000 0.000000 0.000000 0.000000 0.000000 0.000000 -5.870615 -133.050970
201806212113 0.000000 0.000000 0.000000 0.000000 0.000000 0.000000 -5.865975 -133.041039
201903201523 0.000000 0.000000 0.000000 0.000000 0.000000 0.000000 -5.861775 -133.041454
201812221425 0.000000 0.000000 0.000000 0.000000 0.000000 0.000000 -5.857687 -133.042070
201901151806 0.000000 0.000000 0.000000 0.000000 0.000000 0.000000 -5.857595 -133.042194
201807170702 0.000000 0.000000 0.000000 0.000000 0.000000 0.000000 -5.854359 -133.042370
201811160326 0.000000 0.000000 0.000000 0.000000 0.000000 0.000000 -5.852071 -133.039546
201905062119 0.000000 0.000000 0.000000 0.000000 0.000000 0.000000 -5.845977 -133.022591
201904121451 0.000000 0.000000 0.000000 0.000000 0.000000 0.000000 -5.845403 -133.025461
201905030725 0.000000 0.000000 0.000000 0.000000 0.000000 0.000000 -5.845969 -133.036988
201903301120 0.000000 0.000000 0.000000 0.000000 0.000000 0.000000 -5.844305 -133.027868
201810102048 0.000000 0.000000 0.000000 0.000000 0.000000 0.000000 -5.844304 -133.027978
201812160942 0.000000 0.000000 0.000000 0.000000 0.000000 0.000000 -5.842524 -133.016358
201905141258 0.000000 0.000000 0.000000 0.000000 0.000000 0.000000 -5.841967 -133.029503
201902171435 0.000000 0.000000 0.000000 0.000000 0.000000 0.000000 -5.840968 -133.027352
201808282235 0.000000 0.000000 0.000000 0.000000 0.000000 0.000000 -5.817561 -133.017593
201902121234 0.000000 0.000000 0.000000 0.000000 0.000000 0.000000 -5.815819 -133.015165
201808161822 0.000000 0.000000 0.000000 0.000000 0.000000 0.000000 -5.812519 -133.010975
201904110818 0.000000 0.000000 0.000000 0.000000 0.000000 0.000000 -5.798373 -132.998872
201808101812 0.000000 0.000000 0.000000 0.000000 0.000000 0.000000 -5.785793 -132.995800
201810090745 0.000000 0.000000 0.000000 0.000000 0.000000 0.000000 -5.784462 -132.995071
201903282206 0.000000 0.000000 0.000000 0.000000 0.000000 0.000000 -5.781486 -132.994467
201807060140 0.000000 0.000000 0.000000 0.000000 0.000000 0.000000 -5.782586 -132.992926
201811142121 0.000000 0.000000 0.000000 0.000000 0.000000 0.000000 -5.778680 -132.988452
201812201701 0.000000 0.000000 0.000000 0.000000 0.000000 0.000000 -5.777035 -132.989210
201812241241 0.000000 0.000000 0.000000 0.000000 0.000000 0.000000 -5.777093 -132.988919
201904022135 0.000000 0.000000 0.000000 0.000000 0.000000 0.000000 -5.768506 -132.991455
201811301729 0.000000 0.000000 0.000000 0.000000 0.000000 0.000000 -5.756332 -132.964482
201808121458 0.000000 0.000000 0.000000 0.000000 0.000000 0.000000 -5.763015 -132.957692
201808122115 0.000000 0.000000 0.000000 0.000000 0.000000 0.000000 -5.762856 -132.957269
