CC02
201810220622 0.000000 0.000000 0.000000 0.000000 0.000000 0.000000 -4.341366 -132.577972
201810220539 0.000000 0.000000 0.000000 0.000000 0.000000 0.000000 -4.341355 -132.577418
201810220616 0.000000 0.000000 0.000000 0.000000 0.000000 0.000000 -4.341478 -132.577221
201902011614 0.000000 0.000000 0.000000 0.000000 0.000000 0.000000 -4.404491 -132.461013
201811250340 0.000000 0.000000 0.000000 0.000000 0.000000 0.000000 -4.423245 -132.467112
201811111403 0.000000 0.000000 0.000000 0.000000 0.000000 0.000000 -4.441544 -132.502672
201903231921 0.000000 0.000000 0.000000 0.000000 0.000000 0.000000 -4.447509 -132.465818
201902221017 0.000000 0.000000 0.000000 0.000000 0.000000 0.000000 -4.463734 -132.462726
201901051925 0.000000 0.000000 0.000000 0.000000 0.000000 0.000000 -4.477560 -132.473925
201903010850 0.000000 0.000000 0.000000 0.000000 0.000000 0.000000 -4.491644 -132.475769
201811012219 0.000000 0.000000 0.000000 0.000000 0.000000 0.000000 -4.501411 -132.479112
201901200132 0.000000 0.000000 0.000000 0.000000 0.000000 0.000000 -4.522347 -132.488193
201812190137 0.000000 0.000000 0.000000 0.000000 0.000000 0.000000 -4.572418 -132.496979
201810300213 0.000000 0.000000 0.000000 0.000000 0.000000 0.000000 -4.544165 -132.666644
201903061546 0.000000 0.000000 0.000000 0.000000 0.000000 0.000000 -4.543882 -132.683043
201904231420 0.000000 0.000000 0.000000 0.000000 0.000000 0.000000 -4.526230 -132.693923
201811100833 0.000000 0.000000 0.000000 0.000000 0.000000 0.000000 -4.522921 -132.707306
201812050643 0.000000 0.000000 0.000000 0.000000 0.000000 0.000000 -4.510425 -132.690880
201812050414 0.000000 0.000000 0.000000 0.000000 0.000000 0.000000 -4.510035 -132.690564
201812050418 0.000000 0.000000 0.000000 0.000000 0.000000 0.000000 -4.509954 -132.690707
201810160028 0.000000 0.000000 0.000000 0.000000 0.000000 0.000000 -4.509937 -132.690777
201810160103 0.000000 0.000000 0.000000 0.000000 0.000000 0.000000 -4.509573 -132.690980
201905190123 0.000000 0.000000 0.000000 0.000000 0.000000 0.000000 -4.509602 -132.691325
201808190023 0.000000 0.000000 0.000000 0.000000 0.000000 0.000000 -4.510877 -132.702174
201809301052 0.000000 0.000000 0.000000 0.000000 0.000000 0.000000 -4.510360 -132.702238
201808190019 0.000000 0.000000 0.000000 0.000000 0.000000 0.000000 -4.509373 -132.701864
201811182025 0.000000 0.000000 0.000000 0.000000 0.000000 0.000000 -4.508297 -132.702219
201905062119 0.000000 0.000000 0.000000 0.000000 0.000000 0.000000 -4.474213 -132.670300
201905030725 0.000000 0.000000 0.000000 0.000000 0.000000 0.000000 -4.474963 -132.688526
201903301120 0.000000 0.000000 0.000000 0.000000 0.000000 0.000000 -4.472375 -132.676994
201810102048 0.000000 0.000000 0.000000 0.000000 0.000000 0.000000 -4.472379 -132.677138
201905141258 0.000000 0.000000 0.000000 0.000000 0.000000 0.000000 -4.469558 -132.679136
201902171435 0.000000 0.000000 0.000000 0.000000 0.000000 0.000000 -4.468282 -132.676462
201811021101 0.000000 0.000000 0.000000 0.000000 0.000000 0.000000 -4.406977 -132.634572
201903282206 0.000000 0.000000 0.000000 0.000000 0.000000 0.000000 -4.392830 -132.637017
201810131110 0.000000 0.000000 0.000000 0.000000 0.000000 0.000000 -4.398948 -132.630685
201812201701 0.000000 0.000000 0.000000 0.000000 0.000000 0.000000 -4.387078 -132.630486
201812241241 0.000000 0.000000 0.000000 0.000000 0.000000 0.000000 -4.387134 -132.630120
201808152156 0.000000 0.000000 0.000000 0.000000 0.000000 0.000000 -4.372926 -132.633550
201811301729 0.000000 0.000000 0.000000 0.000000 0.000000 0.000000 -4.360320 -132.599547
CC04
201902011614 0.000000 0.000000 0.000000 0.000000 0.000000 0.000000 -5.132763 -132.669055
201811250340 0.000000 0.000000 0.000000 0.000000 0.000000 0.000000 -5.151711 -132.674780
201811111403 0.000000 0.000000 0.000000 0.000000 0.000000 0.000000 -5.170756 -132.710085
201903231921 0.000000 0.000000 0.000000 0.000000 0.000000 0.000000 -5.175833 -132.673196
201902221017 0.000000 0.000000 0.000000 0.000000 0.000000 0.000000 -5.191869 -132.669870
201808240904 0.000000 0.000000 0.000000 0.000000 0.000000 0.000000 -5.211881 -132.683189
201903010850 0.000000 0.000000 0.000000 0.000000 0.000000 0.000000 -5.220057 -132.682478
201811012219 0.000000 0.000000 0.000000 0.000000 0.000000 0.000000 -5.229907 -132.685683
201901200132 0.000000 0.000000 0.000000 0.000000 0.000000 0.000000 -5.251006 -132.694504
201812190137 0.000000 0.000000 0.000000 0.000000 0.000000 0.000000 -5.301002 -132.702274
201810290654 0.000000 0.000000 0.000000 0.000000 0.000000 0.000000 -5.277511 -132.739001
201810300213 0.000000 0.000000 0.000000 0.000000 0.000000 0.000000 -5.273506 -132.874680
201805180145 0.000000 0.000000 0.000000 0.000000 0.000000 0.000000 -5.276532 -132.885932
201903061546 0.000000 0.000000 0.000000 0.000000 0.000000 0.000000 -5.272857 -132.891319
201809100419 0.000000 0.000000 0.000000 0.000000 0.000000 0.000000 -5.269903 -132.890938
201904231420 0.000000 0.000000 0.000000 0.000000 0.000000 0.000000 -5.254721 -132.902120
201809162111 0.000000 0.000000 0.000000 0.000000 0.000000 0.000000 -5.251809 -132.897052
201808290351 0.000000 0.000000 0.000000 0.000000 0.000000 0.000000 -5.239287 -132.899243
201809101931 0.000000 0.000000 0.000000 0.000000 0.000000 0.000000 -5.239241 -132.899364
201812050414 0.000000 0.000000 0.000000 0.000000 0.000000 0.000000 -5.238693 -132.898520
201812050418 0.000000 0.000000 0.000000 0.000000 0.000000 0.000000 -5.238613 -132.898672
201810160028 0.000000 0.000000 0.000000 0.000000 0.000000 0.000000 -5.238598 -132.898755
201810160103 0.000000 0.000000 0.000000 0.000000 0.000000 0.000000 -5.238230 -132.898964
201905190123 0.000000 0.000000 0.000000 0.000000 0.000000 0.000000 -5.238243 -132.899300
201808190023 0.000000 0.000000 0.000000 0.000000 0.000000 0.000000 -5.238960 -132.910298
201809301052 0.000000 0.000000 0.000000 0.000000 0.000000 0.000000 -5.238455 -132.910349
201811182025 0.000000 0.000000 0.000000 0.000000 0.000000 0.000000 -5.236381 -132.910257
201807130946 0.000000 0.000000 0.000000 0.000000 0.000000 0.000000 -5.231454 -132.900244
201808190428 0.000000 0.000000 0.000000 0.000000 0.000000 0.000000 -5.235159 -132.913713
201903201523 0.000000 0.000000 0.000000 0.000000 0.000000 0.000000 -5.223460 -132.901578
201812221425 0.000000 0.000000 0.000000 0.000000 0.000000 0.000000 -5.218362 -132.902403
201901151806 0.000000 0.000000 0.000000 0.000000 0.000000 0.000000 -5.218248 -132.902547
201811160326 0.000000 0.000000 0.000000 0.000000 0.000000 0.000000 -5.211240 -132.899229
201809091931 0.000000 0.000000 0.000000 0.000000 0.000000 0.000000 -5.209840 -132.896944
201905062119 0.000000 0.000000 0.000000 0.000000 0.000000 0.000000 -5.203175 -132.877751
201805090757 0.000000 0.000000 0.000000 0.000000 0.000000 0.000000 -5.201524 -132.885442
201905141258 0.000000 0.000000 0.000000 0.000000 0.000000 0.000000 -5.198343 -132.886551
201902171435 0.000000 0.000000 0.000000 0.000000 0.000000 0.000000 -5.197081 -132.883846
201808282235 0.000000 0.000000 0.000000 0.000000 0.000000 0.000000 -5.167758 -132.871905
201809051807 0.000000 0.000000 0.000000 0.000000 0.000000 0.000000 -5.142273 -132.845945
201811021101 0.000000 0.000000 0.000000 0.000000 0.000000 0.000000 -5.136464 -132.841190
201805042232 0.000000 0.000000 0.000000 0.000000 0.000000 0.000000 -5.081289 -132.889186
201808101812 0.000000 0.000000 0.000000 0.000000 0.000000 0.000000 -5.127757 -132.845119
201903282206 0.000000 0.000000 0.000000 0.000000 0.000000 0.000000 -5.122325 -132.843522
201810131110 0.000000 0.000000 0.000000 0.000000 0.000000 0.000000 -5.128507 -132.837261
201812201701 0.000000 0.000000 0.000000 0.000000 0.000000 0.000000 -5.116675 -132.836984
201811301729 0.000000 0.000000 0.000000 0.000000 0.000000 0.000000 -5.090255 -132.806129
201808121458 0.000000 0.000000 0.000000 0.000000 0.000000 0.000000 -5.098753 -132.797482
CC05
201808220931 0.000000 0.000000 0.000000 0.000000 0.000000 0.000000 -5.388471 -132.861764
201902011614 0.000000 0.000000 0.000000 0.000000 0.000000 0.000000 -5.456011 -132.752551
201810282223 0.000000 0.000000 0.000000 0.000000 0.000000 0.000000 -5.463336 -132.750502
201811111403 0.000000 0.000000 0.000000 0.000000 0.000000 0.000000 -5.494423 -132.793312
201905121924 0.000000 0.000000 0.000000 0.000000 0.000000 0.000000 -5.483963 -132.751302
201808212131 0.000000 0.000000 0.000000 0.000000 0.000000 0.000000 -5.494660 -132.775976
201903231921 0.000000 0.000000 0.000000 0.000000 0.000000 0.000000 -5.499108 -132.756405
201809070212 0.000000 0.000000 0.000000 0.000000 0.000000 0.000000 -5.514778 -132.750406
201902221017 0.000000 0.000000 0.000000 0.000000 0.000000 0.000000 -5.515060 -132.752976
201901051925 0.000000 0.000000 0.000000 0.000000 0.000000 0.000000 -5.529205 -132.763848
201808240904 0.000000 0.000000 0.000000 0.000000 0.000000 0.000000 -5.535186 -132.766153
201903010850 0.000000 0.000000 0.000000 0.000000 0.000000 0.000000 -5.543375 -132.765390
201811012219 0.000000 0.000000 0.000000 0.000000 0.000000 0.000000 -5.553262 -132.768536
201901200132 0.000000 0.000000 0.000000 0.000000 0.000000 0.000000 -5.574443 -132.777226
201812190137 0.000000 0.000000 0.000000 0.000000 0.000000 0.000000 -5.624378 -132.784578
201810290654 0.000000 0.000000 0.000000 0.000000 0.000000 0.000000 -5.601343 -132.821760
201812110226 0.000000 0.000000 0.000000 0.000000 0.000000 0.000000 -5.581893 -132.835173
201810300213 0.000000 0.000000 0.000000 0.000000 0.000000 0.000000 -5.597204 -132.958193
201903061546 0.000000 0.000000 0.000000 0.000000 0.000000 0.000000 -5.596392 -132.974947
201809100419 0.000000 0.000000 0.000000 0.000000 0.000000 0.000000 -5.593430 -132.974544
201809162111 0.000000 0.000000 0.000000 0.000000 0.000000 0.000000 -5.575191 -132.980613
201811100833 0.000000 0.000000 0.000000 0.000000 0.000000 0.000000 -5.574076 -132.999293
201808290351 0.000000 0.000000 0.000000 0.000000 0.000000 0.000000 -5.562683 -132.982726
201812050418 0.000000 0.000000 0.000000 0.000000 0.000000 0.000000 -5.562017 -132.982156
201810160028 0.000000 0.000000 0.000000 0.000000 0.000000 0.000000 -5.562002 -132.982238
201810160103 0.000000 0.000000 0.000000 0.000000 0.000000 0.000000 -5.561629 -132.982444
201905190123 0.000000 0.000000 0.000000 0.000000 0.000000 0.000000 -5.561634 -132.982774
201809301052 0.000000 0.000000 0.000000 0.000000 0.000000 0.000000 -5.561600 -132.993899
201809061549 0.000000 0.000000 0.000000 0.000000 0.000000 0.000000 -5.559125 -132.989758
201811182025 0.000000 0.000000 0.000000 0.000000 0.000000 0.000000 -5.559532 -132.993790
201807130946 0.000000 0.000000 0.000000 0.000000 0.000000 0.000000 -5.554813 -132.983683
201808190428 0.000000 0.000000 0.000000 0.000000 0.000000 0.000000 -5.558258 -132.997243
201808212232 0.000000 0.000000 0.000000 0.000000 0.000000 0.000000 -5.548176 -132.985960
201903201523 0.000000 0.000000 0.000000 0.000000 0.000000 0.000000 -5.546795 -132.984981
201905062119 0.000000 0.000000 0.000000 0.000000 0.000000 0.000000 -5.526727 -132.960999
201905141258 0.000000 0.000000 0.000000 0.000000 0.000000 0.000000 -5.521816 -132.969779
201809051807 0.000000 0.000000 0.000000 0.000000 0.000000 0.000000 -5.465905 -132.928998
201805042232 0.000000 0.000000 0.000000 0.000000 0.000000 0.000000 -5.404319 -132.971299
201903282206 0.000000 0.000000 0.000000 0.000000 0.000000 0.000000 -5.446119 -132.926362
201807060140 0.000000 0.000000 0.000000 0.000000 0.000000 0.000000 -5.447500 -132.924417
201810131110 0.000000 0.000000 0.000000 0.000000 0.000000 0.000000 -5.452339 -132.920124
201812201701 0.000000 0.000000 0.000000 0.000000 0.000000 0.000000 -5.440512 -132.919823
201811301729 0.000000 0.000000 0.000000 0.000000 0.000000 0.000000 -5.414272 -132.889004
201808121458 0.000000 0.000000 0.000000 0.000000 0.000000 0.000000 -5.422774 -132.880435
CC07
201810220539 0.000000 0.000000 0.000000 0.000000 0.000000 0.000000 -6.037848 -133.040238
201902011614 0.000000 0.000000 0.000000 0.000000 0.000000 0.000000 -6.096736 -132.926864
201810282223 0.000000 0.000000 0.000000 0.000000 0.000000 0.000000 -6.103986 -132.924719
201808212131 0.000000 0.000000 0.000000 0.000000 0.000000 0.000000 -6.135882 -132.949737
201903231921 0.000000 0.000000 0.000000 0.000000 0.000000 0.000000 -6.139848 -132.930143
201809070212 0.000000 0.000000 0.000000 0.000000 0.000000 0.000000 -6.155267 -132.923929
201902221017 0.000000 0.000000 0.000000 0.000000 0.000000 0.000000 -6.155628 -132.926495
201901051925 0.000000 0.000000 0.000000 0.000000 0.000000 0.000000 -6.169956 -132.937174
201808240904 0.000000 0.000000 0.000000 0.000000 0.000000 0.000000 -6.175965 -132.939401
201903010850 0.000000 0.000000 0.000000 0.000000 0.000000 0.000000 -6.184171 -132.938531
201903150503 0.000000 0.000000 0.000000 0.000000 0.000000 0.000000 -6.188812 -132.945946
201811012219 0.000000 0.000000 0.000000 0.000000 0.000000 0.000000 -6.194127 -132.941559
201901200132 0.000000 0.000000 0.000000 0.000000 0.000000 0.000000 -6.215462 -132.949986
201812190137 0.000000 0.000000 0.000000 0.000000 0.000000 0.000000 -6.265273 -132.956458
201904221449 0.000000 0.000000 0.000000 0.000000 0.000000 0.000000 -6.221920 -133.005839
201810290654 0.000000 0.000000 0.000000 0.000000 0.000000 0.000000 -6.243124 -132.994600
201808140329 0.000000 0.000000 0.000000 0.000000 0.000000 0.000000 -6.223249 -133.008306
201904181446 0.000000 0.000000 0.000000 0.000000 0.000000 0.000000 -6.223714 -133.099843
201809162111 0.000000 0.000000 0.000000 0.000000 0.000000 0.000000 -6.216103 -133.155045
201808290351 0.000000 0.000000 0.000000 0.000000 0.000000 0.000000 -6.203611 -133.156985
201809101931 0.000000 0.000000 0.000000 0.000000 0.000000 0.000000 -6.203563 -133.157110
201812050418 0.000000 0.000000 0.000000 0.000000 0.000000 0.000000 -6.202972 -133.156434
201810160103 0.000000 0.000000 0.000000 0.000000 0.000000 0.000000 -6.202575 -133.156719
201905191427 0.000000 0.000000 0.000000 0.000000 0.000000 0.000000 -6.202591 -133.156791
201905190123 0.000000 0.000000 0.000000 0.000000 0.000000 0.000000 -6.202569 -133.157050
201809301052 0.000000 0.000000 0.000000 0.000000 0.000000 0.000000 -6.202034 -133.168306
201809061549 0.000000 0.000000 0.000000 0.000000 0.000000 0.000000 -6.199675 -133.164095
201807130946 0.000000 0.000000 0.000000 0.000000 0.000000 0.000000 -6.195679 -133.157872
201808190428 0.000000 0.000000 0.000000 0.000000 0.000000 0.000000 -6.198607 -133.171623
201806212113 0.000000 0.000000 0.000000 0.000000 0.000000 0.000000 -6.192899 -133.158615
201808212232 0.000000 0.000000 0.000000 0.000000 0.000000 0.000000 -6.188987 -133.160103
201901151806 0.000000 0.000000 0.000000 0.000000 0.000000 0.000000 -6.182360 -133.159991
201905062119 0.000000 0.000000 0.000000 0.000000 0.000000 0.000000 -6.167986 -133.134821
201805090757 0.000000 0.000000 0.000000 0.000000 0.000000 0.000000 -6.166142 -133.142502
201810102048 0.000000 0.000000 0.000000 0.000000 0.000000 0.000000 -6.165852 -133.141636
201905141258 0.000000 0.000000 0.000000 0.000000 0.000000 0.000000 -6.162915 -133.143558
201902171435 0.000000 0.000000 0.000000 0.000000 0.000000 0.000000 -6.161676 -133.140799
201808282235 0.000000 0.000000 0.000000 0.000000 0.000000 0.000000 -6.132603 -133.128335
201808161822 0.000000 0.000000 0.000000 0.000000 0.000000 0.000000 -6.126413 -133.119983
201809051807 0.000000 0.000000 0.000000 0.000000 0.000000 0.000000 -6.107336 -133.102413
201811021101 0.000000 0.000000 0.000000 0.000000 0.000000 0.000000 -6.102014 -133.097155
201805042232 0.000000 0.000000 0.000000 0.000000 0.000000 0.000000 -6.044561 -133.142870
201807060140 0.000000 0.000000 0.000000 0.000000 0.000000 0.000000 -6.089286 -133.097423
201810131110 0.000000 0.000000 0.000000 0.000000 0.000000 0.000000 -6.094157 -133.093170
201812201701 0.000000 0.000000 0.000000 0.000000 0.000000 0.000000 -6.082367 -133.092806
201808152156 0.000000 0.000000 0.000000 0.000000 0.000000 0.000000 -6.068084 -133.095471
201808251650 0.000000 0.000000 0.000000 0.000000 0.000000 0.000000 -6.061826 -133.090847
201811301729 0.000000 0.000000 0.000000 0.000000 0.000000 0.000000 -6.056411 -133.062072
201808121458 0.000000 0.000000 0.000000 0.000000 0.000000 0.000000 -6.065003 -133.053647
CC08
201902011614 0.000000 0.000000 0.000000 0.000000 0.000000 0.000000 -6.419238 -133.004193
201808212131 0.000000 0.000000 0.000000 0.000000 0.000000 0.000000 -6.458624 -133.026750
201902221017 0.000000 0.000000 0.000000 0.000000 0.000000 0.000000 -6.478052 -133.003418
201808240904 0.000000 0.000000 0.000000 0.000000 0.000000 0.000000 -6.498494 -133.016184
201903010850 0.000000 0.000000 0.000000 0.000000 0.000000 0.000000 -6.506711 -133.015262
201901200132 0.000000 0.000000 0.000000 0.000000 0.000000 0.000000 -6.538115 -133.026529
201812190137 0.000000 0.000000 0.000000 0.000000 0.000000 0.000000 -6.587867 -133.032561
201903061546 0.000000 0.000000 0.000000 0.000000 0.000000 0.000000 -6.560309 -133.226971
201904231420 0.000000 0.000000 0.000000 0.000000 0.000000 0.000000 -6.541377 -133.237711
201901261956 0.000000 0.000000 0.000000 0.000000 0.000000 0.000000 -6.530764 -133.240861
201905190123 0.000000 0.000000 0.000000 0.000000 0.000000 0.000000 -6.525147 -133.234330
201901181318 0.000000 0.000000 0.000000 0.000000 0.000000 0.000000 -6.518990 -133.235483
201903201523 0.000000 0.000000 0.000000 0.000000 0.000000 0.000000 -6.510153 -133.236343
201812221425 0.000000 0.000000 0.000000 0.000000 0.000000 0.000000 -6.505003 -133.237036
201901151806 0.000000 0.000000 0.000000 0.000000 0.000000 0.000000 -6.504883 -133.237195
201903101248 0.000000 0.000000 0.000000 0.000000 0.000000 0.000000 -6.496204 -133.219550
201905062119 0.000000 0.000000 0.000000 0.000000 0.000000 0.000000 -6.490751 -133.211902
201904121451 0.000000 0.000000 0.000000 0.000000 0.000000 0.000000 -6.489988 -133.215526
201901260351 0.000000 0.000000 0.000000 0.000000 0.000000 0.000000 -6.490486 -133.223290
201905030725 0.000000 0.000000 0.000000 0.000000 0.000000 0.000000 -6.490426 -133.230250
201905141258 0.000000 0.000000 0.000000 0.000000 0.000000 0.000000 -6.485602 -133.220612
201901171506 0.000000 0.000000 0.000000 0.000000 0.000000 0.000000 -6.484972 -133.212420
201811021101 0.000000 0.000000 0.000000 0.000000 0.000000 0.000000 -6.424901 -133.173991
201903282206 0.000000 0.000000 0.000000 0.000000 0.000000 0.000000 -6.410902 -133.176027
201812201701 0.000000 0.000000 0.000000 0.000000 0.000000 0.000000 -6.405432 -133.169482
201808251650 0.000000 0.000000 0.000000 0.000000 0.000000 0.000000 -6.384909 -133.167441
WC02
201808212131 0.000000 0.000000 0.000000 0.000000 0.000000 0.000000 -4.950598 -133.609158
201902221017 0.000000 0.000000 0.000000 0.000000 0.000000 0.000000 -4.971226 -133.586506
201808240904 0.000000 0.000000 0.000000 0.000000 0.000000 0.000000 -4.990750 -133.599798
201903010850 0.000000 0.000000 0.000000 0.000000 0.000000 0.000000 -4.998766 -133.599129
201811012219 0.000000 0.000000 0.000000 0.000000 0.000000 0.000000 -5.008425 -133.602293
201901200132 0.000000 0.000000 0.000000 0.000000 0.000000 0.000000 -5.029174 -133.610857
201812190137 0.000000 0.000000 0.000000 0.000000 0.000000 0.000000 -5.078285 -133.617351
201810290654 0.000000 0.000000 0.000000 0.000000 0.000000 0.000000 -5.055524 -133.654704
201812121313 0.000000 0.000000 0.000000 0.000000 0.000000 0.000000 -5.099508 -133.697157
201810300213 0.000000 0.000000 0.000000 0.000000 0.000000 0.000000 -5.053405 -133.789931
201812050418 0.000000 0.000000 0.000000 0.000000 0.000000 0.000000 -5.018356 -133.814763
201810160028 0.000000 0.000000 0.000000 0.000000 0.000000 0.000000 -5.018342 -133.814842
201810160103 0.000000 0.000000 0.000000 0.000000 0.000000 0.000000 -5.017969 -133.815054
201809301052 0.000000 0.000000 0.000000 0.000000 0.000000 0.000000 -5.018564 -133.826300
201905062119 0.000000 0.000000 0.000000 0.000000 0.000000 0.000000 -4.982113 -133.794285
201810102048 0.000000 0.000000 0.000000 0.000000 0.000000 0.000000 -4.980148 -133.801105
201905141258 0.000000 0.000000 0.000000 0.000000 0.000000 0.000000 -4.977240 -133.803085
201902171435 0.000000 0.000000 0.000000 0.000000 0.000000 0.000000 -4.975956 -133.800376
201811021101 0.000000 0.000000 0.000000 0.000000 0.000000 0.000000 -4.914442 -133.757167
201903282206 0.000000 0.000000 0.000000 0.000000 0.000000 0.000000 -4.900234 -133.759241
201807060140 0.000000 0.000000 0.000000 0.000000 0.000000 0.000000 -4.901613 -133.757308
201810131110 0.000000 0.000000 0.000000 0.000000 0.000000 0.000000 -4.906488 -133.753034
201812201701 0.000000 0.000000 0.000000 0.000000 0.000000 0.000000 -4.894605 -133.752540
201808230335 0.000000 0.000000 0.000000 0.000000 0.000000 0.000000 -4.879974 -133.755114
201808251650 0.000000 0.000000 0.000000 0.000000 0.000000 0.000000 -4.873944 -133.750273
201811301729 0.000000 0.000000 0.000000 0.000000 0.000000 0.000000 -4.868528 -133.720803
WC03
201810282223 0.000000 0.000000 0.000000 0.000000 0.000000 0.000000 -5.655195 -133.969873
201811250340 0.000000 0.000000 0.000000 0.000000 0.000000 0.000000 -5.666502 -133.977704
201811111403 0.000000 0.000000 0.000000 0.000000 0.000000 0.000000 -5.685391 -134.013144
201808212131 0.000000 0.000000 0.000000 0.000000 0.000000 0.000000 -5.685596 -133.995736
201903231921 0.000000 0.000000 0.000000 0.000000 0.000000 0.000000 -5.689924 -133.976230
201902221017 0.000000 0.000000 0.000000 0.000000 0.000000 0.000000 -5.705439 -133.972831
201901051925 0.000000 0.000000 0.000000 0.000000 0.000000 0.000000 -5.719275 -133.983556
201903010850 0.000000 0.000000 0.000000 0.000000 0.000000 0.000000 -5.733138 -133.985019
201811012219 0.000000 0.000000 0.000000 0.000000 0.000000 0.000000 -5.742842 -133.988041
201901200132 0.000000 0.000000 0.000000 0.000000 0.000000 0.000000 -5.763697 -133.996263
201812190137 0.000000 0.000000 0.000000 0.000000 0.000000 0.000000 -5.812499 -134.001465
201810290654 0.000000 0.000000 0.000000 0.000000 0.000000 0.000000 -5.790940 -134.040045
201810300213 0.000000 0.000000 0.000000 0.000000 0.000000 0.000000 -5.788927 -134.177018
201903061546 0.000000 0.000000 0.000000 0.000000 0.000000 0.000000 -5.788318 -134.193858
201809162111 0.000000 0.000000 0.000000 0.000000 0.000000 0.000000 -5.766624 -134.199989
201811100833 0.000000 0.000000 0.000000 0.000000 0.000000 0.000000 -5.765578 -134.218788
201812050643 0.000000 0.000000 0.000000 0.000000 0.000000 0.000000 -5.753542 -134.202082
201812050418 0.000000 0.000000 0.000000 0.000000 0.000000 0.000000 -5.753059 -134.201894
201810160103 0.000000 0.000000 0.000000 0.000000 0.000000 0.000000 -5.752666 -134.202189
201809301052 0.000000 0.000000 0.000000 0.000000 0.000000 0.000000 -5.752707 -134.213573
201811182025 0.000000 0.000000 0.000000 0.000000 0.000000 0.000000 -5.750580 -134.213529
201904121223 0.000000 0.000000 0.000000 0.000000 0.000000 0.000000 -5.750111 -134.227888
201905062119 0.000000 0.000000 0.000000 0.000000 0.000000 0.000000 -5.717025 -134.180959
201810102048 0.000000 0.000000 0.000000 0.000000 0.000000 0.000000 -5.714918 -134.187780
201812160942 0.000000 0.000000 0.000000 0.000000 0.000000 0.000000 -5.712620 -134.173140
201905141258 0.000000 0.000000 0.000000 0.000000 0.000000 0.000000 -5.711948 -134.189708
201901171506 0.000000 0.000000 0.000000 0.000000 0.000000 0.000000 -5.711148 -134.181570
201902171435 0.000000 0.000000 0.000000 0.000000 0.000000 0.000000 -5.710676 -134.186952
201903282206 0.000000 0.000000 0.000000 0.000000 0.000000 0.000000 -5.635558 -134.144740
201810131110 0.000000 0.000000 0.000000 0.000000 0.000000 0.000000 -5.641892 -134.138619
201811142121 0.000000 0.000000 0.000000 0.000000 0.000000 0.000000 -5.632163 -134.137084
201812201701 0.000000 0.000000 0.000000 0.000000 0.000000 0.000000 -5.630051 -134.138001
201811301729 0.000000 0.000000 0.000000 0.000000 0.000000 0.000000 -5.604445 -134.106205
