 -10.0000000    0.0255046
  -9.9800000    0.0245048
  -9.9600000    0.0232490
  -9.9400000    0.0217819
  -9.9200000    0.0201641
  -9.9000000    0.0184674
  -9.8800000    0.0167713
  -9.8600000    0.0151565
  -9.8400000    0.0137015
  -9.8200000    0.0124777
  -9.8000000    0.0115472
  -9.7800000    0.0109615
  -9.7600000    0.0107612
  -9.7400000    0.0109771
  -9.7200000    0.0116303
  -9.7000000    0.0127330
  -9.6800000    0.0142882
  -9.6600000    0.0162873
  -9.6400000    0.0187089
  -9.6200000    0.0215148
  -9.6000000    0.0246485
  -9.5800000    0.0280336
  -9.5600000    0.0315741
  -9.5400000    0.0351575
  -9.5200000    0.0386599
  -9.5000000    0.0419529
  -9.4800000    0.0449121
  -9.4600000    0.0474255
  -9.4400000    0.0494007
  -9.4200000    0.0507712
  -9.4000000    0.0514987
  -9.3800000    0.0515744
  -9.3600000    0.0510160
  -9.3400000    0.0498635
  -9.3200000    0.0481740
  -9.3000000    0.0460150
  -9.2800000    0.0434593
  -9.2600000    0.0405799
  -9.2400000    0.0374463
  -9.2200000    0.0341229
  -9.2000000    0.0306674
  -9.1800000    0.0271306
  -9.1600000    0.0235570
  -9.1400000    0.0199848
  -9.1200000    0.0164468
  -9.1000000    0.0129710
  -9.0800000    0.0095814
  -9.0600000    0.0062990
  -9.0400000    0.0031427
  -9.0200000    0.0001311
  -9.0000000   -0.0027167
  -8.9800000   -0.0053799
  -8.9600000   -0.0078358
  -8.9400000   -0.0100595
  -8.9200000   -0.0120261
  -8.9000000   -0.0137116
  -8.8800000   -0.0150961
  -8.8600000   -0.0161665
  -8.8400000   -0.0169188
  -8.8200000   -0.0173601
  -8.8000000   -0.0175091
  -8.7800000   -0.0173954
  -8.7600000   -0.0170576
  -8.7400000   -0.0165400
  -8.7200000   -0.0158884
  -8.7000000   -0.0151463
  -8.6800000   -0.0143504
  -8.6600000   -0.0135281
  -8.6400000   -0.0126955
  -8.6200000   -0.0118576
  -8.6000000   -0.0110094
  -8.5800000   -0.0101394
  -8.5600000   -0.0092336
  -8.5400000   -0.0082801
  -8.5200000   -0.0072740
  -8.5000000   -0.0062219
  -8.4800000   -0.0051442
  -8.4600000   -0.0040776
  -8.4400000   -0.0030743
  -8.4200000   -0.0022007
  -8.4000000   -0.0015334
  -8.3800000   -0.0011548
  -8.3600000   -0.0011477
  -8.3400000   -0.0015883
  -8.3200000   -0.0025408
  -8.3000000   -0.0040510
  -8.2800000   -0.0061413
  -8.2600000   -0.0088065
  -8.2400000   -0.0120111
  -8.2200000   -0.0156880
  -8.2000000   -0.0197392
  -8.1800000   -0.0240386
  -8.1600000   -0.0284363
  -8.1400000   -0.0327657
  -8.1200000   -0.0368516
  -8.1000000   -0.0405197
  -8.0800000   -0.0436067
  -8.0600000   -0.0459702
  -8.0400000   -0.0474969
  -8.0200000   -0.0481100
  -8.0000000   -0.0477730
  -7.9800000   -0.0464912
  -7.9600000   -0.0443103
  -7.9400000   -0.0413122
  -7.9200000   -0.0376088
  -7.9000000   -0.0333348
  -7.8800000   -0.0286399
  -7.8600000   -0.0236812
  -7.8400000   -0.0186168
  -7.8200000   -0.0136002
  -7.8000000   -0.0087762
  -7.7800000   -0.0042781
  -7.7600000   -0.0002245
  -7.7400000    0.0032818
  -7.7200000    0.0061562
  -7.7000000    0.0083338
  -7.6800000    0.0097711
  -7.6600000    0.0104475
  -7.6400000    0.0103654
  -7.6200000    0.0095500
  -7.6000000    0.0080481
  -7.5800000    0.0059249
  -7.5600000    0.0032611
  -7.5400000    0.0001484
  -7.5200000   -0.0033140
  -7.5000000   -0.0070233
  -7.4800000   -0.0108755
  -7.4600000   -0.0147674
  -7.4400000   -0.0185979
  -7.4200000   -0.0222679
  -7.4000000   -0.0256815
  -7.3800000   -0.0287460
  -7.3600000   -0.0313735
  -7.3400000   -0.0334833
  -7.3200000   -0.0350044
  -7.3000000   -0.0358797
  -7.2800000   -0.0360692
  -7.2600000   -0.0355538
  -7.2400000   -0.0343382
  -7.2200000   -0.0324525
  -7.2000000   -0.0299528
  -7.1800000   -0.0269197
  -7.1600000   -0.0234562
  -7.1400000   -0.0196839
  -7.1200000   -0.0157381
  -7.1000000   -0.0117624
  -7.0800000   -0.0079033
  -7.0600000   -0.0043037
  -7.0400000   -0.0010972
  -7.0200000    0.0015970
  -7.0000000    0.0036797
  -6.9800000    0.0050757
  -6.9600000    0.0057372
  -6.9400000    0.0056465
  -6.9200000    0.0048168
  -6.9000000    0.0032919
  -6.8800000    0.0011449
  -6.8600000   -0.0015260
  -6.8400000   -0.0046014
  -6.8200000   -0.0079468
  -6.8000000   -0.0114196
  -6.7800000   -0.0148759
  -6.7600000   -0.0181781
  -6.7400000   -0.0212018
  -6.7200000   -0.0238420
  -6.7000000   -0.0260183
  -6.6800000   -0.0276784
  -6.6600000   -0.0288005
  -6.6400000   -0.0293930
  -6.6200000   -0.0294929
  -6.6000000   -0.0291617
  -6.5800000   -0.0284793
  -6.5600000   -0.0275371
  -6.5400000   -0.0264288
  -6.5200000   -0.0252421
  -6.5000000   -0.0240504
  -6.4800000   -0.0229058
  -6.4600000   -0.0218345
  -6.4400000   -0.0208351
  -6.4200000   -0.0198799
  -6.4000000   -0.0189187
  -6.3800000   -0.0178857
  -6.3600000   -0.0167072
  -6.3400000   -0.0153108
  -6.3200000   -0.0136332
  -6.3000000   -0.0116272
  -6.2800000   -0.0092664
  -6.2600000   -0.0065468
  -6.2400000   -0.0034873
  -6.2200000   -0.0001263
  -6.2000000    0.0034819
  -6.1800000    0.0072721
  -6.1600000    0.0111735
  -6.1400000    0.0151137
  -6.1200000    0.0190221
  -6.1000000    0.0228318
  -6.0800000    0.0264803
  -6.0600000    0.0299086
  -6.0400000    0.0330598
  -6.0200000    0.0358774
  -6.0000000    0.0383040
  -5.9800000    0.0402803
  -5.9600000    0.0417453
  -5.9400000    0.0426377
  -5.9200000    0.0428981
  -5.9000000    0.0424724
  -5.8800000    0.0413159
  -5.8600000    0.0393970
  -5.8400000    0.0367014
  -5.8200000    0.0332350
  -5.8000000    0.0290270
  -5.7800000    0.0241309
  -5.7600000    0.0186253
  -5.7400000    0.0126134
  -5.7200000    0.0062215
  -5.7000000   -0.0004038
  -5.6800000   -0.0070990
  -5.6600000   -0.0136885
  -5.6400000   -0.0199906
  -5.6200000   -0.0258234
  -5.6000000   -0.0310130
  -5.5800000   -0.0354007
  -5.5600000   -0.0388507
  -5.5400000   -0.0412569
  -5.5200000   -0.0425486
  -5.5000000   -0.0426939
  -5.4800000   -0.0417018
  -5.4600000   -0.0396217
  -5.4400000   -0.0365409
  -5.4200000   -0.0325806
  -5.4000000   -0.0278905
  -5.3800000   -0.0226437
  -5.3600000   -0.0170296
  -5.3400000   -0.0112491
  -5.3200000   -0.0055081
  -5.3000000   -0.0000120
  -5.2800000    0.0050397
  -5.2600000    0.0094599
  -5.2400000    0.0130798
  -5.2200000    0.0157551
  -5.2000000    0.0173731
  -5.1800000    0.0178572
  -5.1600000    0.0171722
  -5.1400000    0.0153267
  -5.1200000    0.0123731
  -5.1000000    0.0084062
  -5.0800000    0.0035586
  -5.0600000   -0.0020056
  -5.0400000   -0.0080981
  -5.0200000   -0.0145154
  -5.0000000   -0.0210470
  -4.9800000   -0.0274840
  -4.9600000   -0.0336264
  -4.9400000   -0.0392901
  -4.9200000   -0.0443126
  -4.9000000   -0.0485581
  -4.8800000   -0.0519215
  -4.8600000   -0.0543318
  -4.8400000   -0.0557544
  -4.8200000   -0.0561921
  -4.8000000   -0.0556849
  -4.7800000   -0.0543079
  -4.7600000   -0.0521673
  -4.7400000   -0.0493953
  -4.7200000   -0.0461428
  -4.7000000   -0.0425716
  -4.6800000   -0.0388464
  -4.6600000   -0.0351267
  -4.6400000   -0.0315595
  -4.6200000   -0.0282739
  -4.6000000   -0.0253763
  -4.5800000   -0.0229480
  -4.5600000   -0.0210436
  -4.5400000   -0.0196915
  -4.5200000   -0.0188945
  -4.5000000   -0.0186319
  -4.4800000   -0.0188624
  -4.4600000   -0.0195272
  -4.4400000   -0.0205543
  -4.4200000   -0.0218627
  -4.4000000   -0.0233672
  -4.3800000   -0.0249835
  -4.3600000   -0.0266323
  -4.3400000   -0.0282437
  -4.3200000   -0.0297592
  -4.3000000   -0.0311340
  -4.2800000   -0.0323370
  -4.2600000   -0.0333503
  -4.2400000   -0.0341676
  -4.2200000   -0.0347923
  -4.2000000   -0.0352353
  -4.1800000   -0.0355132
  -4.1600000   -0.0356466
  -4.1400000   -0.0356586
  -4.1200000   -0.0355737
  -4.1000000   -0.0354165
  -4.0800000   -0.0352106
  -4.0600000   -0.0349770
  -4.0400000   -0.0347329
  -4.0200000   -0.0344899
  -4.0000000   -0.0342535
  -3.9800000   -0.0340214
  -3.9600000   -0.0337843
  -3.9400000   -0.0335259
  -3.9200000   -0.0332243
  -3.9000000   -0.0328543
  -3.8800000   -0.0323893
  -3.8600000   -0.0318050
  -3.8400000   -0.0310814
  -3.8200000   -0.0302057
  -3.8000000   -0.0291740
  -3.7800000   -0.0279923
  -3.7600000   -0.0266764
  -3.7400000   -0.0252509
  -3.7200000   -0.0237468
  -3.7000000   -0.0221993
  -3.6800000   -0.0206448
  -3.6600000   -0.0191184
  -3.6400000   -0.0176526
  -3.6200000   -0.0162763
  -3.6000000   -0.0150161
  -3.5800000   -0.0138974
  -3.5600000   -0.0129466
  -3.5400000   -0.0121936
  -3.5200000   -0.0116729
  -3.5000000   -0.0114234
  -3.4800000   -0.0114868
  -3.4600000   -0.0119041
  -3.4400000   -0.0127104
  -3.4200000   -0.0139293
  -3.4000000   -0.0155669
  -3.3800000   -0.0176075
  -3.3600000   -0.0200105
  -3.3400000   -0.0227101
  -3.3200000   -0.0256178
  -3.3000000   -0.0286271
  -3.2800000   -0.0316200
  -3.2600000   -0.0344752
  -3.2400000   -0.0370748
  -3.2200000   -0.0393123
  -3.2000000   -0.0410968
  -3.1800000   -0.0423569
  -3.1600000   -0.0430414
  -3.1400000   -0.0431191
  -3.1200000   -0.0425768
  -3.1000000   -0.0414165
  -3.0800000   -0.0396527
  -3.0600000   -0.0373097
  -3.0400000   -0.0344203
  -3.0200000   -0.0310235
  -3.0000000   -0.0271650
  -2.9800000   -0.0228961
  -2.9600000   -0.0182741
  -2.9400000   -0.0133622
  -2.9200000   -0.0082293
  -2.9000000   -0.0029493
  -2.8800000    0.0023997
  -2.8600000    0.0077366
  -2.8400000    0.0129782
  -2.8200000    0.0180408
  -2.8000000    0.0228416
  -2.7800000    0.0272995
  -2.7600000    0.0313368
  -2.7400000    0.0348805
  -2.7200000    0.0378642
  -2.7000000    0.0402300
  -2.6800000    0.0419316
  -2.6600000    0.0429365
  -2.6400000    0.0432296
  -2.6200000    0.0428157
  -2.6000000    0.0417215
  -2.5800000    0.0399972
  -2.5600000    0.0377161
  -2.5400000    0.0349734
  -2.5200000    0.0318829
  -2.5000000    0.0285738
  -2.4800000    0.0251845
  -2.4600000    0.0218583
  -2.4400000    0.0187365
  -2.4200000    0.0159537
  -2.4000000    0.0136321
  -2.3800000    0.0118770
  -2.3600000    0.0107733
  -2.3400000    0.0103823
  -2.3200000    0.0107398
  -2.3000000    0.0118550
  -2.2800000    0.0137106
  -2.2600000    0.0162635
  -2.2400000    0.0194470
  -2.2200000    0.0231734
  -2.2000000    0.0273368
  -2.1800000    0.0318173
  -2.1600000    0.0364843
  -2.1400000    0.0412003
  -2.1200000    0.0458244
  -2.1000000    0.0502157
  -2.0800000    0.0542364
  -2.0600000    0.0577553
  -2.0400000    0.0606506
  -2.0200000    0.0628135
  -2.0000000    0.0641509
  -1.9800000    0.0645889
  -1.9600000    0.0640750
  -1.9400000    0.0625807
  -1.9200000    0.0601027
  -1.9000000    0.0566634
  -1.8800000    0.0523117
  -1.8600000    0.0471212
  -1.8400000    0.0411898
  -1.8200000    0.0346366
  -1.8000000    0.0276004
  -1.7800000    0.0202361
  -1.7600000    0.0127119
  -1.7400000    0.0052049
  -1.7200000   -0.0021028
  -1.7000000   -0.0090289
  -1.6800000   -0.0153963
  -1.6600000   -0.0210390
  -1.6400000   -0.0258074
  -1.6200000   -0.0295744
  -1.6000000   -0.0322407
  -1.5800000   -0.0337389
  -1.5600000   -0.0340369
  -1.5400000   -0.0331398
  -1.5200000   -0.0310900
  -1.5000000   -0.0279656
  -1.4800000   -0.0238779
  -1.4600000   -0.0189671
  -1.4400000   -0.0133970
  -1.4200000   -0.0073491
  -1.4000000   -0.0010162
  -1.3800000    0.0054046
  -1.3600000    0.0117190
  -1.3400000    0.0177417
  -1.3200000    0.0233033
  -1.3000000    0.0282557
  -1.2800000    0.0324763
  -1.2600000    0.0358704
  -1.2400000    0.0383727
  -1.2200000    0.0399459
  -1.2000000    0.0405783
  -1.1800000    0.0402799
  -1.1600000    0.0390782
  -1.1400000    0.0370135
  -1.1200000    0.0341357
  -1.1000000    0.0305017
  -1.0800000    0.0261734
  -1.0600000    0.0212184
  -1.0400000    0.0157093
  -1.0200000    0.0097256
  -1.0000000    0.0033532
  -0.9800000   -0.0033147
  -0.9600000   -0.0101779
  -0.9400000   -0.0171302
  -0.9200000   -0.0240602
  -0.9000000   -0.0308518
  -0.8800000   -0.0373859
  -0.8600000   -0.0435412
  -0.8400000   -0.0491957
  -0.8200000   -0.0542290
  -0.8000000   -0.0585249
  -0.7800000   -0.0619760
  -0.7600000   -0.0644877
  -0.7400000   -0.0659832
  -0.7200000   -0.0664080
  -0.7000000   -0.0657336
  -0.6800000   -0.0639596
  -0.6600000   -0.0611136
  -0.6400000   -0.0572501
  -0.6200000   -0.0524477
  -0.6000000   -0.0468050
  -0.5800000   -0.0404370
  -0.5600000   -0.0334711
  -0.5400000   -0.0260438
  -0.5200000   -0.0182986
  -0.5000000   -0.0103825
  -0.4800000   -0.0024439
  -0.4600000    0.0053721
  -0.4400000    0.0129297
  -0.4200000    0.0201103
  -0.4000000    0.0268235
  -0.3800000    0.0330187
  -0.3600000    0.0386988
  -0.3400000    0.0439324
  -0.3200000    0.0488643
  -0.3000000    0.0537228
  -0.2800000    0.0588218
  -0.2600000    0.0645558
  -0.2400000    0.0713892
  -0.2200000    0.0798374
  -0.2000000    0.0904412
  -0.1800000    0.1037343
  -0.1600000    0.1202068
  -0.1400000    0.1402638
  -0.1200000    0.1641841
  -0.1000000    0.1920795
  -0.0800000    0.2238584
  -0.0600000    0.2591979
  -0.0400000    0.2975255
  -0.0200000    0.3380164
   0.0000000    0.3796059
   0.0200000    0.4210205
   0.0400000    0.4608268
   0.0600000    0.4974969
   0.0800000    0.5294861
   0.1000000    0.5553182
   0.1200000    0.5736730
   0.1400000    0.5834661
   0.1600000    0.5839180
   0.1800000    0.5746034
   0.2000000    0.5554794
   0.2200000    0.5268885
   0.2400000    0.4895398
   0.2600000    0.4444694
   0.2800000    0.3929853
   0.3000000    0.3366025
   0.3200000    0.2769735
   0.3400000    0.2158195
   0.3600000    0.1548647
   0.3800000    0.0957778
   0.4000000    0.0401202
   0.4200000   -0.0106994
   0.4400000   -0.0554620
   0.4600000   -0.0931702
   0.4800000   -0.1230724
   0.5000000   -0.1446804
   0.5200000   -0.1577783
   0.5400000   -0.1624224
   0.5600000   -0.1589324
   0.5800000   -0.1478729
   0.6000000   -0.1300268
   0.6200000   -0.1063641
   0.6400000   -0.0780054
   0.6600000   -0.0461857
   0.6800000   -0.0122165
   0.7000000    0.0225491
   0.7200000    0.0567525
   0.7400000    0.0890640
   0.7600000    0.1182187
   0.7800000    0.1430536
   0.8000000    0.1625452
   0.8200000    0.1758473
   0.8400000    0.1823260
   0.8600000    0.1815897
   0.8800000    0.1735104
   0.9000000    0.1582346
   0.9200000    0.1361829
   0.9400000    0.1080361
   0.9600000    0.0747107
   0.9800000    0.0373240
   1.0000000   -0.0028488
   1.0200000   -0.0444236
   1.0400000   -0.0859603
   1.0600000   -0.1260189
   1.0800000   -0.1632167
   1.1000000   -0.1962840
   1.1200000   -0.2241186
   1.1400000   -0.2458331
   1.1600000   -0.2607954
   1.1800000   -0.2686560
   1.2000000   -0.2693622
   1.2200000   -0.2631555
   1.2400000   -0.2505531
   1.2600000   -0.2323140
   1.2800000   -0.2093933
   1.3000000   -0.1828870
   1.3200000   -0.1539730
   1.3400000   -0.1238527
   1.3600000   -0.0936955
   1.3800000   -0.0645903
   1.4000000   -0.0375059
   1.4200000   -0.0132598
   1.4400000    0.0075031
   1.4600000    0.0243243
   1.4800000    0.0369362
   1.5000000    0.0452616
   1.5200000    0.0494048
   1.5400000    0.0496391
   1.5600000    0.0463879
   1.5800000    0.0402016
   1.6000000    0.0317307
   1.6200000    0.0216958
   1.6400000    0.0108552
   1.6600000   -0.0000273
   1.6800000   -0.0102149
   1.7000000   -0.0190280
   1.7200000   -0.0258709
   1.7400000   -0.0302541
   1.7600000   -0.0318119
   1.7800000   -0.0303135
   1.8000000   -0.0256686
   1.8200000   -0.0179275
   1.8400000   -0.0072749
   1.8600000    0.0059803
   1.8800000    0.0214200
   1.9000000    0.0385359
   1.9200000    0.0567507
   1.9400000    0.0754429
   1.9600000    0.0939721
   1.9800000    0.1117054
   2.0000000    0.1280431
   2.0200000    0.1424429
   2.0400000    0.1544416
   2.0600000    0.1636724
   2.0800000    0.1698780
   2.1000000    0.1729185
   2.1200000    0.1727742
   2.1400000    0.1695421
   2.1600000    0.1634287
   2.1800000    0.1547378
   2.2000000    0.1438542
   2.2200000    0.1312252
   2.2400000    0.1173391
   2.2600000    0.1027026
   2.2800000    0.0878180
   2.3000000    0.0731605
   2.3200000    0.0591581
   2.3400000    0.0461738
   2.3600000    0.0344919
   2.3800000    0.0243093
   2.4000000    0.0157316
   2.4200000    0.0087748
   2.4400000    0.0033720
   2.4600000   -0.0006164
   2.4800000   -0.0033873
   2.5000000   -0.0051794
   2.5200000   -0.0062548
   2.5400000   -0.0068815
   2.5600000   -0.0073172
   2.5800000   -0.0077946
   2.6000000   -0.0085104
   2.6200000   -0.0096178
   2.6400000   -0.0112219
   2.6600000   -0.0133804
   2.6800000   -0.0161065
   2.7000000   -0.0193753
   2.7200000   -0.0231324
   2.7400000   -0.0273026
   2.7600000   -0.0317992
   2.7800000   -0.0365325
   2.8000000   -0.0414162
   2.8200000   -0.0463725
   2.8400000   -0.0513351
   2.8600000   -0.0562506
   2.8800000   -0.0610791
   2.9000000   -0.0657929
   2.9200000   -0.0703756
   2.9400000   -0.0748198
   2.9600000   -0.0791248
   2.9800000   -0.0832927
   3.0000000   -0.0873246
   3.0200000   -0.0912157
   3.0400000   -0.0949500
   3.0600000   -0.0984957
   3.0800000   -0.1018015
   3.1000000   -0.1047950
   3.1200000   -0.1073832
   3.1400000   -0.1094563
   3.1600000   -0.1108941
   3.1800000   -0.1115745
   3.2000000   -0.1113834
   3.2200000   -0.1102249
   3.2400000   -0.1080300
   3.2600000   -0.1047639
   3.2800000   -0.1004306
   3.3000000   -0.0950736
   3.3200000   -0.0887750
   3.3400000   -0.0816506
   3.3600000   -0.0738439
   3.3800000   -0.0655180
   3.4000000   -0.0568472
   3.4200000   -0.0480082
   3.4400000   -0.0391719
   3.4600000   -0.0304962
   3.4800000   -0.0221200
   3.5000000   -0.0141589
   3.5200000   -0.0067028
   3.5400000    0.0001843
   3.5600000    0.0064625
   3.5800000    0.0121127
   3.6000000    0.0171321
   3.6200000    0.0215285
   3.6400000    0.0253149
   3.6600000    0.0285057
   3.6800000    0.0311126
   3.7000000    0.0331440
   3.7200000    0.0346054
   3.7400000    0.0355011
   3.7600000    0.0358385
   3.7800000    0.0356312
   3.8000000    0.0349038
   3.8200000    0.0336937
   3.8400000    0.0320535
   3.8600000    0.0300500
   3.8800000    0.0277617
   3.9000000    0.0252749
   3.9200000    0.0226772
   3.9400000    0.0200515
   3.9600000    0.0174693
   3.9800000    0.0149841
   4.0000000    0.0126274
   4.0200000    0.0104063
   4.0400000    0.0083027
   4.0600000    0.0062768
   4.0800000    0.0042715
   4.1000000    0.0022196
   4.1200000    0.0000516
   4.1400000   -0.0022951
   4.1600000   -0.0048690
   4.1800000   -0.0076983
   4.2000000   -0.0107866
   4.2200000   -0.0141114
   4.2400000   -0.0176261
   4.2600000   -0.0212627
   4.2800000   -0.0249377
   4.3000000   -0.0285576
   4.3200000   -0.0320254
   4.3400000   -0.0352460
   4.3600000   -0.0381301
   4.3800000   -0.0405983
   4.4000000   -0.0425823
   4.4200000   -0.0440271
   4.4400000   -0.0448915
   4.4600000   -0.0451504
   4.4800000   -0.0447955
   4.5000000   -0.0438378
   4.5200000   -0.0423096
   4.5400000   -0.0402657
   4.5600000   -0.0377833
   4.5800000   -0.0349609
   4.6000000   -0.0319141
   4.6200000   -0.0287697
   4.6400000   -0.0256580
   4.6600000   -0.0227036
   4.6800000   -0.0200168
   4.7000000   -0.0176849
   4.7200000   -0.0157663
   4.7400000   -0.0142869
   4.7600000   -0.0132392
   4.7800000   -0.0125848
   4.8000000   -0.0122597
   4.8200000   -0.0121807
   4.8400000   -0.0122536
   4.8600000   -0.0123816
   4.8800000   -0.0124725
   4.9000000   -0.0124461
   4.9200000   -0.0122391
   4.9400000   -0.0118088
   4.9600000   -0.0111358
   4.9800000   -0.0102241
   5.0000000   -0.0091005
   5.0200000   -0.0078124
   5.0400000   -0.0064239
   5.0600000   -0.0050113
   5.0800000   -0.0036574
   5.1000000   -0.0024454
   5.1200000   -0.0014527
   5.1400000   -0.0007451
   5.1600000   -0.0003718
   5.1800000   -0.0003624
   5.2000000   -0.0007244
   5.2200000   -0.0014439
   5.2400000   -0.0024863
   5.2600000   -0.0038003
   5.2800000   -0.0053210
   5.3000000   -0.0069750
   5.3200000   -0.0086853
   5.3400000   -0.0103755
   5.3600000   -0.0119740
   5.3800000   -0.0134172
   5.4000000   -0.0146521
   5.4200000   -0.0156379
   5.4400000   -0.0163463
   5.4600000   -0.0167618
   5.4800000   -0.0168808
   5.5000000   -0.0167100
   5.5200000   -0.0162651
   5.5400000   -0.0155679
   5.5600000   -0.0146448
   5.5800000   -0.0135247
   5.6000000   -0.0122376
   5.6200000   -0.0108133
   5.6400000   -0.0092820
   5.6600000   -0.0076748
   5.6800000   -0.0060247
   5.7000000   -0.0043687
   5.7200000   -0.0027489
   5.7400000   -0.0012134
   5.7600000    0.0001846
   5.7800000    0.0013886
   5.8000000    0.0023428
   5.8200000    0.0029971
   5.8400000    0.0033134
   5.8600000    0.0032711
   5.8800000    0.0028721
   5.9000000    0.0021438
   5.9200000    0.0011392
   5.9400000   -0.0000663
   5.9600000   -0.0013800
   5.9800000   -0.0027002
   6.0000000   -0.0039256
   6.0200000   -0.0049637
   6.0400000   -0.0057399
   6.0600000   -0.0062031
   6.0800000   -0.0063299
   6.1000000   -0.0061254
   6.1200000   -0.0056221
   6.1400000   -0.0048768
   6.1600000   -0.0039659
   6.1800000   -0.0029805
   6.2000000   -0.0020211
   6.2200000   -0.0011919
   6.2400000   -0.0005963
   6.2600000   -0.0003317
   6.2800000   -0.0004851
   6.3000000   -0.0011284
   6.3200000   -0.0023147
   6.3400000   -0.0040738
   6.3600000   -0.0064098
   6.3800000   -0.0092987
   6.4000000   -0.0126878
   6.4200000   -0.0164964
   6.4400000   -0.0206186
   6.4600000   -0.0249275
   6.4800000   -0.0292808
   6.5000000   -0.0335281
   6.5200000   -0.0375187
   6.5400000   -0.0411098
   6.5600000   -0.0441748
   6.5800000   -0.0466104
   6.6000000   -0.0483426
   6.6200000   -0.0493305
   6.6400000   -0.0495684
   6.6600000   -0.0490844
   6.6800000   -0.0479376
   6.7000000   -0.0462115
   6.7200000   -0.0440068
   6.7400000   -0.0414327
   6.7600000   -0.0385969
   6.7800000   -0.0355983
   6.8000000   -0.0325192
   6.8200000   -0.0294214
   6.8400000   -0.0263438
   6.8600000   -0.0233039
   6.8800000   -0.0203009
   6.9000000   -0.0173208
   6.9200000   -0.0143433
   6.9400000   -0.0113483
   6.9600000   -0.0083216
   6.9800000   -0.0052603
   7.0000000   -0.0021754
   7.0200000    0.0009065
   7.0400000    0.0039440
   7.0600000    0.0068824
   7.0800000    0.0096572
   7.1000000    0.0121967
   7.1200000    0.0144265
   7.1400000    0.0162723
   7.1600000    0.0176631
   7.1800000    0.0185345
   7.2000000    0.0188306
   7.2200000    0.0185064
   7.2400000    0.0175305
   7.2600000    0.0158872
   7.2800000    0.0135789
   7.3000000    0.0106279
   7.3200000    0.0070785
   7.3400000    0.0029979
   7.3600000   -0.0015243
   7.3800000   -0.0063771
   7.4000000   -0.0114317
   7.4200000   -0.0165456
   7.4400000   -0.0215688
   7.4600000   -0.0263501
   7.4800000   -0.0307451
   7.5000000   -0.0346227
   7.5200000   -0.0378713
   7.5400000   -0.0404040
   7.5600000   -0.0421612
   7.5800000   -0.0431117
   7.6000000   -0.0432512
   7.6200000   -0.0425994
   7.6400000   -0.0411953
   7.6600000   -0.0390919
   7.6800000   -0.0363504
   7.7000000   -0.0330360
   7.7200000   -0.0292137
   7.7400000   -0.0249469
   7.7600000   -0.0202973
   7.7800000   -0.0153275
   7.8000000   -0.0101039
   7.8200000   -0.0047016
   7.8400000    0.0007916
   7.8600000    0.0062719
   7.8800000    0.0116188
   7.9000000    0.0166962
   7.9200000    0.0213576
   7.9400000    0.0254538
   7.9600000    0.0288429
   7.9800000    0.0314019
   8.0000000    0.0330381
   8.0200000    0.0336988
   8.0400000    0.0333784
   8.0600000    0.0321214
   8.0800000    0.0300205
   8.1000000    0.0272114
   8.1200000    0.0238628
   8.1400000    0.0201646
   8.1600000    0.0163155
   8.1800000    0.0125106
   8.2000000    0.0089307
   8.2200000    0.0057354
   8.2400000    0.0030573
   8.2600000    0.0010010
   8.2800000   -0.0003573
   8.3000000   -0.0009678
   8.3200000   -0.0008052
   8.3400000    0.0001338
   8.3600000    0.0018319
   8.3800000    0.0042528
   8.4000000    0.0073419
   8.4200000    0.0110272
   8.4400000    0.0152204
   8.4600000    0.0198187
   8.4800000    0.0247069
   8.5000000    0.0297602
   8.5200000    0.0348471
   8.5400000    0.0398330
   8.5600000    0.0445831
   8.5800000    0.0489656
   8.6000000    0.0528547
   8.6200000    0.0561338
   8.6400000    0.0586985
   8.6600000    0.0604600
   8.6800000    0.0613488
   8.7000000    0.0613177
   8.7200000    0.0603449
   8.7400000    0.0584362
   8.7600000    0.0556256
   8.7800000    0.0519744
   8.8000000    0.0475694
   8.8200000    0.0425189
   8.8400000    0.0369477
   8.8600000    0.0309917
   8.8800000    0.0247928
   8.9000000    0.0184932
   8.9200000    0.0122320
   8.9400000    0.0061423
   8.9600000    0.0003491
   8.9800000   -0.0050317
   9.0000000   -0.0098933
   9.0200000   -0.0141388
   9.0400000   -0.0176826
   9.0600000   -0.0204511
   9.0800000   -0.0223863
   9.1000000   -0.0234480
   9.1200000   -0.0236180
   9.1400000   -0.0229030
   9.1600000   -0.0213374
   9.1800000   -0.0189844
   9.2000000   -0.0159357
   9.2200000   -0.0123090
   9.2400000   -0.0082437
   9.2600000   -0.0038951
   9.2800000    0.0005737
   9.3000000    0.0049989
   9.3200000    0.0092249
   9.3400000    0.0131117
   9.3600000    0.0165408
   9.3800000    0.0194201
   9.4000000    0.0216864
   9.4200000    0.0233054
   9.4400000    0.0242706
   9.4600000    0.0245995
   9.4800000    0.0243298
   9.5000000    0.0235135
   9.5200000    0.0222129
   9.5400000    0.0204957
   9.5600000    0.0184316
   9.5800000    0.0160910
   9.6000000    0.0135437
   9.6200000    0.0108597
   9.6400000    0.0081099
   9.6600000    0.0053681
   9.6800000    0.0027113
   9.7000000    0.0002205
   9.7200000   -0.0020202
   9.7400000   -0.0039255
   9.7600000   -0.0054113
   9.7800000   -0.0063986
   9.8000000   -0.0068170
   9.8200000   -0.0066090
   9.8400000   -0.0057330
   9.8600000   -0.0041666
   9.8800000   -0.0019081
   9.9000000    0.0010214
   9.9200000    0.0045780
   9.9400000    0.0086949
   9.9600000    0.0132831
   9.9800000    0.0182325
  10.0000000    0.0234144
  10.0200000    0.0286836
  10.0400000    0.0338826
  10.0600000    0.0388460
  10.0800000    0.0434063
  10.1000000    0.0474000
  10.1200000    0.0506755
  10.1400000    0.0531000
  10.1600000    0.0545674
  10.1800000    0.0550045
  10.2000000    0.0543767
  10.2200000    0.0526918
  10.2400000    0.0500004
  10.2600000    0.0463953
  10.2800000    0.0420063
  10.3000000    0.0369937
  10.3200000    0.0315384
  10.3400000    0.0258308
  10.3600000    0.0200588
  10.3800000    0.0143958
  10.4000000    0.0089907
  10.4200000    0.0039601
  10.4400000   -0.0006164
  10.4600000   -0.0046966
  10.4800000   -0.0082726
  10.5000000   -0.0113643
  10.5200000   -0.0140102
  10.5400000   -0.0162574
  10.5600000   -0.0181516
  10.5800000   -0.0197286
  10.6000000   -0.0210090
  10.6200000   -0.0219955
  10.6400000   -0.0226753
  10.6600000   -0.0230245
  10.6800000   -0.0230155
  10.7000000   -0.0226263
  10.7200000   -0.0218484
  10.7400000   -0.0206945
  10.7600000   -0.0192023
  10.7800000   -0.0174357
  10.8000000   -0.0154823
  10.8200000   -0.0134477
  10.8400000   -0.0114468
  10.8600000   -0.0095946
  10.8800000   -0.0079960
  10.9000000   -0.0067369
  10.9200000   -0.0058775
  10.9400000   -0.0054476
  10.9600000   -0.0054460
  10.9800000   -0.0058416
  11.0000000   -0.0065781
  11.0200000   -0.0075801
  11.0400000   -0.0087606
  11.0600000   -0.0100293
  11.0800000   -0.0113002
  11.1000000   -0.0124983
  11.1200000   -0.0135649
  11.1400000   -0.0144606
  11.1600000   -0.0151667
  11.1800000   -0.0156838
  11.2000000   -0.0160286
  11.2200000   -0.0162299
  11.2400000   -0.0163224
  11.2600000   -0.0163415
  11.2800000   -0.0163175
  11.3000000   -0.0162717
  11.3200000   -0.0162137
  11.3400000   -0.0161407
  11.3600000   -0.0160386
  11.3800000   -0.0158851
  11.4000000   -0.0156540
  11.4200000   -0.0153196
  11.4400000   -0.0148614
  11.4600000   -0.0142685
  11.4800000   -0.0135422
  11.5000000   -0.0126975
  11.5200000   -0.0117628
  11.5400000   -0.0107786
  11.5600000   -0.0097939
  11.5800000   -0.0088628
  11.6000000   -0.0080400
  11.6200000   -0.0073757
  11.6400000   -0.0069121
  11.6600000   -0.0066789
  11.6800000   -0.0066909
  11.7000000   -0.0069465
  11.7200000   -0.0074268
  11.7400000   -0.0080970
  11.7600000   -0.0089076
  11.7800000   -0.0097978
  11.8000000   -0.0106987
  11.8200000   -0.0115369
  11.8400000   -0.0122389
  11.8600000   -0.0127343
  11.8800000   -0.0129593
  11.9000000   -0.0128598
  11.9200000   -0.0123926
  11.9400000   -0.0115274
  11.9600000   -0.0102465
  11.9800000   -0.0085447
  12.0000000   -0.0064278
  12.0200000   -0.0039110
  12.0400000   -0.0010163
  12.0600000    0.0022288
  12.0800000    0.0057935
  12.1000000    0.0096446
  12.1200000    0.0137458
  12.1400000    0.0180574
  12.1600000    0.0225335
  12.1800000    0.0271198
  12.2000000    0.0317507
  12.2200000    0.0363474
  12.2400000    0.0408170
  12.2600000    0.0450527
  12.2800000    0.0489369
  12.3000000    0.0523455
  12.3200000    0.0551538
  12.3400000    0.0572438
  12.3600000    0.0585115
  12.3800000    0.0588743
  12.4000000    0.0582767
  12.4200000    0.0566945
  12.4400000    0.0541363
  12.4600000    0.0506438
  12.4800000    0.0462883
  12.5000000    0.0411659
  12.5200000    0.0353919
  12.5400000    0.0290927
  12.5600000    0.0223992
  12.5800000    0.0154396
  12.6000000    0.0083342
  12.6200000    0.0011910
  12.6400000   -0.0058958
  12.6600000   -0.0128466
  12.6800000   -0.0195943
  12.7000000   -0.0260815
  12.7200000   -0.0322566
  12.7400000   -0.0380707
  12.7600000   -0.0434739
  12.7800000   -0.0484142
  12.8000000   -0.0528369
  12.8200000   -0.0566869
  12.8400000   -0.0599113
  12.8600000   -0.0624645
  12.8800000   -0.0643118
  12.9000000   -0.0654346
  12.9200000   -0.0658324
  12.9400000   -0.0655249
  12.9600000   -0.0645504
  12.9800000   -0.0629632
  13.0000000   -0.0608292
  13.0200000   -0.0582201
  13.0400000   -0.0552081
  13.0600000   -0.0518608
  13.0800000   -0.0482373
  13.1000000   -0.0443867
  13.1200000   -0.0403483
  13.1400000   -0.0361533
  13.1600000   -0.0318284
  13.1800000   -0.0274002
  13.2000000   -0.0228997
  13.2200000   -0.0183658
  13.2400000   -0.0138483
  13.2600000   -0.0094090
  13.2800000   -0.0051213
  13.3000000   -0.0010671
  13.3200000    0.0026662
  13.3400000    0.0059917
  13.3600000    0.0088283
  13.3800000    0.0111069
  13.4000000    0.0127755
  13.4200000    0.0138035
  13.4400000    0.0141844
  13.4600000    0.0139360
  13.4800000    0.0130997
  13.5000000    0.0117367
  13.5200000    0.0099243
  13.5400000    0.0077499
  13.5600000    0.0053060
  13.5800000    0.0026849
  13.6000000   -0.0000252
  13.6200000   -0.0027425
  13.6400000   -0.0053939
  13.6600000   -0.0079140
  13.6800000   -0.0102453
  13.7000000   -0.0123368
  13.7200000   -0.0141427
  13.7400000   -0.0156218
  13.7600000   -0.0167378
  13.7800000   -0.0174599
  13.8000000   -0.0177641
  13.8200000   -0.0176352
  13.8400000   -0.0170688
  13.8600000   -0.0160730
  13.8800000   -0.0146694
  13.9000000   -0.0128938
  13.9200000   -0.0107955
  13.9400000   -0.0084359
  13.9600000   -0.0058867
  13.9800000   -0.0032274
  14.0000000   -0.0005425
  14.0200000    0.0020811
  14.0400000    0.0045569
  14.0600000    0.0068005
  14.0800000    0.0087328
  14.1000000    0.0102812
  14.1200000    0.0113829
  14.1400000    0.0119869
  14.1600000    0.0120569
  14.1800000    0.0115744
  14.2000000    0.0105412
  14.2200000    0.0089814
  14.2400000    0.0069420
  14.2600000    0.0044924
  14.2800000    0.0017216
  14.3000000   -0.0012665
  14.3200000   -0.0043592
  14.3400000   -0.0074433
  14.3600000   -0.0104136
  14.3800000   -0.0131808
  14.4000000   -0.0156792
  14.4200000   -0.0178715
  14.4400000   -0.0197512
  14.4600000   -0.0213420
  14.4800000   -0.0226939
  14.5000000   -0.0238762
  14.5200000   -0.0249692
  14.5400000   -0.0260543
  14.5600000   -0.0272042
  14.5800000   -0.0284749
  14.6000000   -0.0298993
  14.6200000   -0.0314840
  14.6400000   -0.0332089
  14.6600000   -0.0350303
  14.6800000   -0.0368860
  14.7000000   -0.0387024
  14.7200000   -0.0404019
  14.7400000   -0.0419112
  14.7600000   -0.0431673
  14.7800000   -0.0441226
  14.8000000   -0.0447480
  14.8200000   -0.0450333
  14.8400000   -0.0449862
  14.8600000   -0.0446290
  14.8800000   -0.0439947
  14.9000000   -0.0431224
  14.9200000   -0.0420531
  14.9400000   -0.0408249
  14.9600000   -0.0394706
  14.9800000   -0.0380154
  15.0000000   -0.0364765
  15.0200000   -0.0348630
  15.0400000   -0.0331779
  15.0600000   -0.0314199
  15.0800000   -0.0295863
  15.1000000   -0.0276757
  15.1200000   -0.0256906
  15.1400000   -0.0236396
  15.1600000   -0.0215392
  15.1800000   -0.0194142
  15.2000000   -0.0172972
  15.2200000   -0.0152276
  15.2400000   -0.0132488
  15.2600000   -0.0114048
  15.2800000   -0.0097366
  15.3000000   -0.0082781
  15.3200000   -0.0070521
  15.3400000   -0.0060677
  15.3600000   -0.0053181
  15.3800000   -0.0047803
  15.4000000   -0.0044160
  15.4200000   -0.0041735
  15.4400000   -0.0039917
  15.4600000   -0.0038032
  15.4800000   -0.0035395
  15.5000000   -0.0031346
  15.5200000   -0.0025294
  15.5400000   -0.0016753
  15.5600000   -0.0005370
  15.5800000    0.0009042
  15.6000000    0.0026483
  15.6200000    0.0046749
  15.6400000    0.0069414
  15.6600000    0.0093832
  15.6800000    0.0119140
  15.7000000    0.0144279
  15.7200000    0.0168042
  15.7400000    0.0189125
  15.7600000    0.0206214
  15.7800000    0.0218073
  15.8000000    0.0223644
  15.8200000    0.0222145
  15.8400000    0.0213148
  15.8600000    0.0196638
  15.8800000    0.0173028
  15.9000000    0.0143139
  15.9200000    0.0108143
  15.9400000    0.0069459
  15.9600000    0.0028644
  15.9800000   -0.0012746
  16.0000000   -0.0053266
  16.0200000   -0.0091688
  16.0400000   -0.0127059
  16.0600000   -0.0158730
  16.0800000   -0.0186335
  16.1000000   -0.0209753
  16.1200000   -0.0229029
  16.1400000   -0.0244308
  16.1600000   -0.0255758
  16.1800000   -0.0263520
  16.2000000   -0.0267677
  16.2200000   -0.0268248
  16.2400000   -0.0265209
  16.2600000   -0.0258520
  16.2800000   -0.0248175
  16.3000000   -0.0234231
  16.3200000   -0.0216848
  16.3400000   -0.0196303
  16.3600000   -0.0173000
  16.3800000   -0.0147456
  16.4000000   -0.0120288
  16.4200000   -0.0092181
  16.4400000   -0.0063867
  16.4600000   -0.0036086
  16.4800000   -0.0009566
  16.5000000    0.0015015
  16.5200000    0.0037045
  16.5400000    0.0056012
  16.5600000    0.0071517
  16.5800000    0.0083294
  16.6000000    0.0091218
  16.6200000    0.0095306
  16.6400000    0.0095707
  16.6600000    0.0092677
  16.6800000    0.0086559
  16.7000000    0.0077739
  16.7200000    0.0066616
  16.7400000    0.0053567
  16.7600000    0.0038929
  16.7800000    0.0022981
  16.8000000    0.0005954
  16.8200000   -0.0011962
  16.8400000   -0.0030588
  16.8600000   -0.0049738
  16.8800000   -0.0069183
  16.9000000   -0.0088644
  16.9200000   -0.0107774
  16.9400000   -0.0126170
  16.9600000   -0.0143386
  16.9800000   -0.0158962
  17.0000000   -0.0172456
  17.0200000   -0.0183473
  17.0400000   -0.0191701
  17.0600000   -0.0196928
  17.0800000   -0.0199056
  17.1000000   -0.0198099
  17.1200000   -0.0194175
  17.1400000   -0.0187488
  17.1600000   -0.0178305
  17.1800000   -0.0166924
  17.2000000   -0.0153649
  17.2200000   -0.0138759
  17.2400000   -0.0122487
  17.2600000   -0.0105001
  17.2800000   -0.0086391
  17.3000000   -0.0066669
  17.3200000   -0.0045777
  17.3400000   -0.0023602
  17.3600000   -0.0000005
  17.3800000    0.0025148
  17.4000000    0.0051959
  17.4200000    0.0080466
  17.4400000    0.0110622
  17.4600000    0.0142286
  17.4800000    0.0175222
  17.5000000    0.0209110
  17.5200000    0.0243565
  17.5400000    0.0278151
  17.5600000    0.0312404
  17.5800000    0.0345844
  17.6000000    0.0377976
  17.6200000    0.0408296
  17.6400000    0.0436287
  17.6600000    0.0461417
  17.6800000    0.0483144
  17.7000000    0.0500931
  17.7200000    0.0514268
  17.7400000    0.0522702
  17.7600000    0.0525872
  17.7800000    0.0523549
  17.8000000    0.0515657
  17.8200000    0.0502296
  17.8400000    0.0483745
  17.8600000    0.0460447
  17.8800000    0.0432987
  17.9000000    0.0402055
  17.9200000    0.0368408
  17.9400000    0.0332829
  17.9600000    0.0296089
  17.9800000    0.0258921
  18.0000000    0.0221992
  18.0200000    0.0185893
  18.0400000    0.0151122
  18.0600000    0.0118080
  18.0800000    0.0087063
  18.1000000    0.0058253
  18.1200000    0.0031719
  18.1400000    0.0007407
  18.1600000   -0.0014851
  18.1800000   -0.0035334
  18.2000000   -0.0054404
  18.2200000   -0.0072485
  18.2400000   -0.0090024
  18.2600000   -0.0107443
  18.2800000   -0.0125094
  18.3000000   -0.0143217
  18.3200000   -0.0161905
  18.3400000   -0.0181076
  18.3600000   -0.0200472
  18.3800000   -0.0219665
  18.4000000   -0.0238086
  18.4200000   -0.0255068
  18.4400000   -0.0269892
  18.4600000   -0.0281839
  18.4800000   -0.0290248
  18.5000000   -0.0294551
  18.5200000   -0.0294313
  18.5400000   -0.0289253
  18.5600000   -0.0279247
  18.5800000   -0.0264336
  18.6000000   -0.0244708
  18.6200000   -0.0220687
  18.6400000   -0.0192713
  18.6600000   -0.0161319
  18.6800000   -0.0127114
  18.7000000   -0.0090756
  18.7200000   -0.0052931
  18.7400000   -0.0014325
  18.7600000    0.0024404
  18.7800000    0.0062653
  18.8000000    0.0099905
  18.8200000    0.0135756
  18.8400000    0.0169930
  18.8600000    0.0202287
  18.8800000    0.0232818
  18.9000000    0.0261623
  18.9200000    0.0288872
  18.9400000    0.0314759
  18.9600000    0.0339450
  18.9800000    0.0363031
  19.0000000    0.0385461
  19.0200000    0.0406550
  19.0400000    0.0425947
  19.0600000    0.0443156
  19.0800000    0.0457575
  19.1000000    0.0468542
  19.1200000    0.0475407
  19.1400000    0.0477594
  19.1600000    0.0474668
  19.1800000    0.0466390
  19.2000000    0.0452756
  19.2200000    0.0434023
  19.2400000    0.0410705
  19.2600000    0.0383567
  19.2800000    0.0353584
  19.3000000    0.0321891
  19.3200000    0.0289725
  19.3400000    0.0258344
  19.3600000    0.0228950
  19.3800000    0.0202605
  19.4000000    0.0180163
  19.4200000    0.0162198
  19.4400000    0.0148966
  19.4600000    0.0140385
  19.4800000    0.0136044
  19.5000000    0.0135234
  19.5200000    0.0137019
  19.5400000    0.0140310
  19.5600000    0.0143970
  19.5800000    0.0146902
  19.6000000    0.0148151
  19.6200000    0.0146973
  19.6400000    0.0142887
  19.6600000    0.0135703
  19.6800000    0.0125511
  19.7000000    0.0112648
  19.7200000    0.0097642
  19.7400000    0.0081139
  19.7600000    0.0063825
  19.7800000    0.0046354
  19.8000000    0.0029289
  19.8200000    0.0013060
  19.8400000   -0.0002048
  19.8600000   -0.0015889
  19.8800000   -0.0028425
  19.9000000   -0.0039682
  19.9200000   -0.0049706
  19.9400000   -0.0058517
  19.9600000   -0.0066080
  19.9800000   -0.0072293
  20.0000000   -0.0076998
  20.0200000   -0.0080007
  20.0400000   -0.0081146
  20.0600000   -0.0080304
  20.0800000   -0.0077475
  20.1000000   -0.0072795
  20.1200000   -0.0066555
  20.1400000   -0.0059197
  20.1600000   -0.0051289
  20.1800000   -0.0043478
  20.2000000   -0.0036435
  20.2200000   -0.0030795
  20.2400000   -0.0027104
  20.2600000   -0.0025765
  20.2800000   -0.0027010
  20.3000000   -0.0030887
  20.3200000   -0.0037257
  20.3400000   -0.0045816
  20.3600000   -0.0056121
  20.3800000   -0.0067624
  20.4000000   -0.0079714
  20.4200000   -0.0091750
  20.4400000   -0.0103095
  20.4600000   -0.0113143
  20.4800000   -0.0121336
  20.5000000   -0.0127186
  20.5200000   -0.0130286
  20.5400000   -0.0130317
  20.5600000   -0.0127062
  20.5800000   -0.0120408
  20.6000000   -0.0110356
  20.6200000   -0.0097019
  20.6400000   -0.0080620
  20.6600000   -0.0061482
  20.6800000   -0.0040011
  20.7000000   -0.0016674
  20.7200000    0.0008030
  20.7400000    0.0033598
  20.7600000    0.0059548
  20.7800000    0.0085445
  20.8000000    0.0110908
  20.8200000    0.0135617
  20.8400000    0.0159306
  20.8600000    0.0181744
  20.8800000    0.0202721
  20.9000000    0.0222023
  20.9200000    0.0239415
  20.9400000    0.0254633
  20.9600000    0.0267382
  20.9800000    0.0277341
  21.0000000    0.0284182
  21.0200000    0.0287590
  21.0400000    0.0287288
  21.0600000    0.0283059
  21.0800000    0.0274771
  21.1000000    0.0262388
  21.1200000    0.0245982
  21.1400000    0.0225736
  21.1600000    0.0201939
  21.1800000    0.0174974
  21.2000000    0.0145308
  21.2200000    0.0113468
  21.2400000    0.0080022
  21.2600000    0.0045556
  21.2800000    0.0010651
  21.3000000   -0.0024132
  21.3200000   -0.0058263
  21.3400000   -0.0091250
  21.3600000   -0.0122634
  21.3800000   -0.0151985
  21.4000000   -0.0178890
  21.4200000   -0.0202945
  21.4400000   -0.0223757
  21.4600000   -0.0240945
  21.4800000   -0.0254168
  21.5000000   -0.0263145
  21.5200000   -0.0267698
  21.5400000   -0.0267784
  21.5600000   -0.0263534
  21.5800000   -0.0255272
  21.6000000   -0.0243518
  21.6200000   -0.0228974
  21.6400000   -0.0212491
  21.6600000   -0.0195012
  21.6800000   -0.0177508
  21.7000000   -0.0160913
  21.7200000   -0.0146057
  21.7400000   -0.0133614
  21.7600000   -0.0124070
  21.7800000   -0.0117703
  21.8000000   -0.0114587
  21.8200000   -0.0114608
  21.8400000   -0.0117494
  21.8600000   -0.0122850
  21.8800000   -0.0130187
  21.9000000   -0.0138958
  21.9200000   -0.0148583
  21.9400000   -0.0158473
  21.9600000   -0.0168046
  21.9800000   -0.0176753
  22.0000000   -0.0184085
  22.0200000   -0.0189599
  22.0400000   -0.0192928
  22.0600000   -0.0193795
  22.0800000   -0.0192018
  22.1000000   -0.0187507
  22.1200000   -0.0180262
  22.1400000   -0.0170356
  22.1600000   -0.0157923
  22.1800000   -0.0143141
  22.2000000   -0.0126225
  22.2200000   -0.0107425
  22.2400000   -0.0087029
  22.2600000   -0.0065372
  22.2800000   -0.0042852
  22.3000000   -0.0019938
  22.3200000    0.0002829
  22.3400000    0.0024841
  22.3600000    0.0045446
  22.3800000    0.0063980
  22.4000000    0.0079814
  22.4200000    0.0092393
  22.4400000    0.0101287
  22.4600000    0.0106224
  22.4800000    0.0107119
  22.5000000    0.0104080
  22.5200000    0.0097408
  22.5400000    0.0087576
  22.5600000    0.0075209
  22.5800000    0.0061044
  22.6000000    0.0045900
  22.6200000    0.0030635
  22.6400000    0.0016111
  22.6600000    0.0003158
  22.6800000   -0.0007469
  22.7000000   -0.0015123
  22.7200000   -0.0019300
  22.7400000   -0.0019674
  22.7600000   -0.0016112
  22.7800000   -0.0008690
  22.8000000    0.0002320
  22.8200000    0.0016472
  22.8400000    0.0033187
  22.8600000    0.0051816
  22.8800000    0.0071699
  22.9000000    0.0092236
  22.9200000    0.0112945
  22.9400000    0.0133497
  22.9600000    0.0153739
  22.9800000    0.0173682
  23.0000000    0.0193464
  23.0200000    0.0213291
  23.0400000    0.0233364
  23.0600000    0.0253802
  23.0800000    0.0274570
  23.1000000    0.0295426
  23.1200000    0.0315898
  23.1400000    0.0335278
  23.1600000    0.0352664
  23.1800000    0.0367017
  23.2000000    0.0377248
  23.2200000    0.0382311
  23.2400000    0.0381301
  23.2600000    0.0373546
  23.2800000    0.0358677
  23.3000000    0.0336678
  23.3200000    0.0307909
  23.3400000    0.0273095
  23.3600000    0.0233293
  23.3800000    0.0189834
  23.4000000    0.0144250
  23.4200000    0.0098183
  23.4400000    0.0053296
  23.4600000    0.0011188
  23.4800000   -0.0026693
  23.5000000   -0.0059111
  23.5200000   -0.0085095
  23.5400000   -0.0103974
  23.5600000   -0.0115387
  23.5800000   -0.0119282
  23.6000000   -0.0115899
  23.6200000   -0.0105737
  23.6400000   -0.0089518
  23.6600000   -0.0068143
  23.6800000   -0.0042645
  23.7000000   -0.0014143
  23.7200000    0.0016198
  23.7400000    0.0047214
  23.7600000    0.0077774
  23.7800000    0.0106819
  23.8000000    0.0133396
  23.8200000    0.0156690
  23.8400000    0.0176053
  23.8600000    0.0191031
  23.8800000    0.0201384
  23.9000000    0.0207109
  23.9200000    0.0208436
  23.9400000    0.0205831
  23.9600000    0.0199973
  23.9800000    0.0191721
  24.0000000    0.0182064
  24.0200000    0.0172064
  24.0400000    0.0162785
  24.0600000    0.0155223
  24.0800000    0.0150233
  24.1000000    0.0148476
  24.1200000    0.0150368
  24.1400000    0.0156059
  24.1600000    0.0165430
  24.1800000    0.0178107
  24.2000000    0.0193500
  24.2200000    0.0210852
  24.2400000    0.0229297
  24.2600000    0.0247920
  24.2800000    0.0265812
  24.3000000    0.0282117
  24.3200000    0.0296072
  24.3400000    0.0307025
  24.3600000    0.0314451
  24.3800000    0.0317955
  24.4000000    0.0317271
  24.4200000    0.0312257
  24.4400000    0.0302892
  24.4600000    0.0289269
  24.4800000    0.0271597
  24.5000000    0.0250192
  24.5200000    0.0225473
  24.5400000    0.0197954
  24.5600000    0.0168219
  24.5800000    0.0136907
  24.6000000    0.0104676
  24.6200000    0.0072181
  24.6400000    0.0040041
  24.6600000    0.0008822
  24.6800000   -0.0020975
  24.7000000   -0.0048913
  24.7200000   -0.0074606
  24.7400000   -0.0097705
  24.7600000   -0.0117875
  24.7800000   -0.0134777
  24.8000000   -0.0148066
  24.8200000   -0.0157388
  24.8400000   -0.0162408
  24.8600000   -0.0162839
  24.8800000   -0.0158487
  24.9000000   -0.0149300
  24.9200000   -0.0135413
  24.9400000   -0.0117183
  24.9600000   -0.0095210
  24.9800000   -0.0070335
  25.0000000   -0.0043614
  25.0200000   -0.0016278
  25.0400000    0.0010333
  25.0600000    0.0034845
  25.0800000    0.0055925
  25.1000000    0.0072363
  25.1200000    0.0083135
  25.1400000    0.0087454
  25.1600000    0.0084799
  25.1800000    0.0074925
  25.2000000    0.0057846
  25.2200000    0.0033811
  25.2400000    0.0003262
  25.2600000   -0.0033210
  25.2800000   -0.0074909
  25.3000000   -0.0121065
  25.3200000   -0.0170862
  25.3400000   -0.0223444
  25.3600000   -0.0277920
  25.3800000   -0.0333354
  25.4000000   -0.0388754
  25.4200000   -0.0443068
  25.4400000   -0.0495181
  25.4600000   -0.0543938
  25.4800000   -0.0588164
  25.5000000   -0.0626713
  25.5200000   -0.0658520
  25.5400000   -0.0682656
  25.5600000   -0.0698385
  25.5800000   -0.0705210
  25.6000000   -0.0702905
  25.6200000   -0.0691530
  25.6400000   -0.0671424
  25.6600000   -0.0643184
  25.6800000   -0.0607633
  25.7000000   -0.0565775
  25.7200000   -0.0518756
  25.7400000   -0.0467819
  25.7600000   -0.0414273
  25.7800000   -0.0359463
  25.8000000   -0.0304739
  25.8200000   -0.0251439
  25.8400000   -0.0200853
  25.8600000   -0.0154194
  25.8800000   -0.0112555
  25.9000000   -0.0076859
  25.9200000   -0.0047814
  25.9400000   -0.0025868
  25.9600000   -0.0011167
  25.9800000   -0.0003546
  26.0000000   -0.0002524
  26.0200000   -0.0007337
  26.0400000   -0.0016988
  26.0600000   -0.0030314
  26.0800000   -0.0046070
  26.1000000   -0.0063007
  26.1200000   -0.0079959
  26.1400000   -0.0095900
  26.1600000   -0.0109990
  26.1800000   -0.0121605
  26.2000000   -0.0130336
  26.2200000   -0.0135985
  26.2400000   -0.0138539
  26.2600000   -0.0138142
  26.2800000   -0.0135074
  26.3000000   -0.0129714
  26.3200000   -0.0122526
  26.3400000   -0.0114028
  26.3600000   -0.0104775
  26.3800000   -0.0095332
  26.4000000   -0.0086249
  26.4200000   -0.0078030
  26.4400000   -0.0071101
  26.4600000   -0.0065788
  26.4800000   -0.0062284
  26.5000000   -0.0060643
  26.5200000   -0.0060770
  26.5400000   -0.0062437
  26.5600000   -0.0065298
  26.5800000   -0.0068925
  26.6000000   -0.0072844
  26.6200000   -0.0076577
  26.6400000   -0.0079679
  26.6600000   -0.0081776
  26.6800000   -0.0082588
  26.7000000   -0.0081948
  26.7200000   -0.0079810
  26.7400000   -0.0076243
  26.7600000   -0.0071426
  26.7800000   -0.0065622
  26.8000000   -0.0059159
  26.8200000   -0.0052399
  26.8400000   -0.0045710
  26.8600000   -0.0039431
  26.8800000   -0.0033846
  26.9000000   -0.0029156
  26.9200000   -0.0025462
  26.9400000   -0.0022755
  26.9600000   -0.0020911
  26.9800000   -0.0019705
  27.0000000   -0.0018830
  27.0200000   -0.0017924
  27.0400000   -0.0016606
  27.0600000   -0.0014517
  27.0800000   -0.0011357
  27.1000000   -0.0006919
  27.1200000   -0.0001117
  27.1400000    0.0005996
  27.1600000    0.0014222
  27.1800000    0.0023232
  27.2000000    0.0032577
  27.2200000    0.0041729
  27.2400000    0.0050112
  27.2600000    0.0057155
  27.2800000    0.0062333
  27.3000000    0.0065217
  27.3200000    0.0065502
  27.3400000    0.0063045
  27.3600000    0.0057872
  27.3800000    0.0050185
  27.4000000    0.0040348
  27.4200000    0.0028862
  27.4400000    0.0016334
  27.4600000    0.0003432
  27.4800000   -0.0009158
  27.5000000   -0.0020779
  27.5200000   -0.0030848
  27.5400000   -0.0038890
  27.5600000   -0.0044571
  27.5800000   -0.0047713
  27.6000000   -0.0048304
  27.6200000   -0.0046493
  27.6400000   -0.0042567
  27.6600000   -0.0036930
  27.6800000   -0.0030063
  27.7000000   -0.0022484
  27.7200000   -0.0014703
  27.7400000   -0.0007188
  27.7600000   -0.0000330
  27.7800000    0.0005580
  27.8000000    0.0010360
  27.8200000    0.0013938
  27.8400000    0.0016342
  27.8600000    0.0017686
  27.8800000    0.0018144
  27.9000000    0.0017938
  27.9200000    0.0017316
  27.9400000    0.0016541
  27.9600000    0.0015885
  27.9800000    0.0015628
  28.0000000    0.0016058
  28.0200000    0.0017473
  28.0400000    0.0020180
  28.0600000    0.0024492
  28.0800000    0.0030716
  28.1000000    0.0039135
  28.1200000    0.0049992
  28.1400000    0.0063458
  28.1600000    0.0079612
  28.1800000    0.0098414
  28.2000000    0.0119686
  28.2200000    0.0143099
  28.2400000    0.0168173
  28.2600000    0.0194283
  28.2800000    0.0220673
  28.3000000    0.0246492
  28.3200000    0.0270824
  28.3400000    0.0292743
  28.3600000    0.0311358
  28.3800000    0.0325872
  28.4000000    0.0335638
  28.4200000    0.0340203
  28.4400000    0.0339352
  28.4600000    0.0333132
  28.4800000    0.0321854
  28.5000000    0.0306087
  28.5200000    0.0286617
  28.5400000    0.0264394
  28.5600000    0.0240466
  28.5800000    0.0215901
  28.6000000    0.0191709
  28.6200000    0.0168769
  28.6400000    0.0147772
  28.6600000    0.0129182
  28.6800000    0.0113218
  28.7000000    0.0099856
  28.7200000    0.0088859
  28.7400000    0.0079814
  28.7600000    0.0072184
  28.7800000    0.0065367
  28.8000000    0.0058747
  28.8200000    0.0051749
  28.8400000    0.0043879
  28.8600000    0.0034756
  28.8800000    0.0024133
  28.9000000    0.0011911
  28.9200000   -0.0001862
  28.9400000   -0.0016986
  28.9600000   -0.0033127
  28.9800000   -0.0049824
  29.0000000   -0.0066516
  29.0200000   -0.0082569
  29.0400000   -0.0097307
  29.0600000   -0.0110061
  29.0800000   -0.0120214
  29.1000000   -0.0127248
  29.1200000   -0.0130796
  29.1400000   -0.0130673
  29.1600000   -0.0126907
  29.1800000   -0.0119735
  29.2000000   -0.0109590
  29.2200000   -0.0097063
  29.2400000   -0.0082841
  29.2600000   -0.0067646
  29.2800000   -0.0052163
  29.3000000   -0.0036982
  29.3200000   -0.0022546
  29.3400000   -0.0009136
  29.3600000    0.0003139
  29.3800000    0.0014322
  29.4000000    0.0024568
  29.4200000    0.0034102
  29.4400000    0.0043177
  29.4600000    0.0052031
  29.4800000    0.0060860
  29.5000000    0.0069803
  29.5200000    0.0078937
  29.5400000    0.0088287
  29.5600000    0.0097836
  29.5800000    0.0107543
  29.6000000    0.0117357
  29.6200000    0.0127227
  29.6400000    0.0137111
  29.6600000    0.0146979
  29.6800000    0.0156817
  29.7000000    0.0166622
  29.7200000    0.0176400
  29.7400000    0.0186162
  29.7600000    0.0195913
  29.7800000    0.0205643
  29.8000000    0.0215315
  29.8200000    0.0224844
  29.8400000    0.0234093
  29.8600000    0.0242855
  29.8800000    0.0250852
  29.9000000    0.0257746
  29.9200000    0.0263146
  29.9400000    0.0266647
  29.9600000    0.0267860
  29.9800000    0.0266456
  30.0000000    0.0262211
