 -10.0000000    0.0263694
  -9.9800000    0.0264850
  -9.9600000    0.0263773
  -9.9400000    0.0260351
  -9.9200000    0.0254660
  -9.9000000    0.0246965
  -9.8800000    0.0237713
  -9.8600000    0.0227504
  -9.8400000    0.0217066
  -9.8200000    0.0207212
  -9.8000000    0.0198813
  -9.7800000    0.0192761
  -9.7600000    0.0189937
  -9.7400000    0.0191180
  -9.7200000    0.0197252
  -9.7000000    0.0208796
  -9.6800000    0.0226291
  -9.6600000    0.0250001
  -9.6400000    0.0279934
  -9.6200000    0.0315795
  -9.6000000    0.0356966
  -9.5800000    0.0402503
  -9.5600000    0.0451160
  -9.5400000    0.0501443
  -9.5200000    0.0551683
  -9.5000000    0.0600127
  -9.4800000    0.0645044
  -9.4600000    0.0684820
  -9.4400000    0.0718041
  -9.4200000    0.0743561
  -9.4000000    0.0760537
  -9.3800000    0.0768448
  -9.3600000    0.0767086
  -9.3400000    0.0756537
  -9.3200000    0.0737144
  -9.3000000    0.0709482
  -9.2800000    0.0674319
  -9.2600000    0.0632591
  -9.2400000    0.0585374
  -9.2200000    0.0533852
  -9.2000000    0.0479288
  -9.1800000    0.0422979
  -9.1600000    0.0366208
  -9.1400000    0.0310191
  -9.1200000    0.0256023
  -9.1000000    0.0204631
  -9.0800000    0.0156745
  -9.0600000    0.0112874
  -9.0400000    0.0073321
  -9.0200000    0.0038204
  -9.0000000    0.0007491
  -8.9800000   -0.0018948
  -8.9600000   -0.0041307
  -8.9400000   -0.0059806
  -8.9200000   -0.0074677
  -8.9000000   -0.0086164
  -8.8800000   -0.0094536
  -8.8600000   -0.0100107
  -8.8400000   -0.0103261
  -8.8200000   -0.0104462
  -8.8000000   -0.0104251
  -8.7800000   -0.0103226
  -8.7600000   -0.0101999
  -8.7400000   -0.0101143
  -8.7200000   -0.0101126
  -8.7000000   -0.0102254
  -8.6800000   -0.0104624
  -8.6600000   -0.0108095
  -8.6400000   -0.0112299
  -8.6200000   -0.0116675
  -8.6000000   -0.0120533
  -8.5800000   -0.0123143
  -8.5600000   -0.0123846
  -8.5400000   -0.0122152
  -8.5200000   -0.0117834
  -8.5000000   -0.0111002
  -8.4800000   -0.0102132
  -8.4600000   -0.0092059
  -8.4400000   -0.0081932
  -8.4200000   -0.0073129
  -8.4000000   -0.0067140
  -8.3800000   -0.0065448
  -8.3600000   -0.0069397
  -8.3400000   -0.0080085
  -8.3200000   -0.0098272
  -8.3000000   -0.0124324
  -8.2800000   -0.0158191
  -8.2600000   -0.0199412
  -8.2400000   -0.0247147
  -8.2200000   -0.0300224
  -8.2000000   -0.0357199
  -8.1800000   -0.0416412
  -8.1600000   -0.0476048
  -8.1400000   -0.0534198
  -8.1200000   -0.0588911
  -8.1000000   -0.0638258
  -8.0800000   -0.0680393
  -8.0600000   -0.0713623
  -8.0400000   -0.0736478
  -8.0200000   -0.0747782
  -8.0000000   -0.0746718
  -7.9800000   -0.0732878
  -7.9600000   -0.0706302
  -7.9400000   -0.0667485
  -7.9200000   -0.0617369
  -7.9000000   -0.0557306
  -7.8800000   -0.0489006
  -7.8600000   -0.0414466
  -7.8400000   -0.0335899
  -7.8200000   -0.0255653
  -7.8000000   -0.0176128
  -7.7800000   -0.0099704
  -7.7600000   -0.0028663
  -7.7400000    0.0034879
  -7.7200000    0.0089037
  -7.7000000    0.0132220
  -7.6800000    0.0163180
  -7.6600000    0.0181058
  -7.6400000    0.0185406
  -7.6200000    0.0176200
  -7.6000000    0.0153833
  -7.5800000    0.0119095
  -7.5600000    0.0073137
  -7.5400000    0.0017430
  -7.5200000   -0.0046279
  -7.5000000   -0.0116010
  -7.4800000   -0.0189593
  -7.4600000   -0.0264715
  -7.4400000   -0.0338960
  -7.4200000   -0.0409873
  -7.4000000   -0.0475022
  -7.3800000   -0.0532088
  -7.3600000   -0.0578956
  -7.3400000   -0.0613824
  -7.3200000   -0.0635304
  -7.3000000   -0.0642516
  -7.2800000   -0.0635157
  -7.2600000   -0.0613535
  -7.2400000   -0.0578570
  -7.2200000   -0.0531748
  -7.2000000   -0.0475039
  -7.1800000   -0.0410798
  -7.1600000   -0.0341626
  -7.1400000   -0.0270244
  -7.1200000   -0.0199363
  -7.1000000   -0.0131564
  -7.0800000   -0.0069206
  -7.0600000   -0.0014345
  -7.0400000    0.0031316
  -7.0200000    0.0066468
  -7.0000000    0.0090214
  -6.9800000    0.0102084
  -6.9600000    0.0102030
  -6.9400000    0.0090425
  -6.9200000    0.0068036
  -6.9000000    0.0036002
  -6.8800000   -0.0004210
  -6.8600000   -0.0050870
  -6.8400000   -0.0102051
  -6.8200000   -0.0155717
  -6.8000000   -0.0209825
  -6.7800000   -0.0262416
  -6.7600000   -0.0311721
  -6.7400000   -0.0356243
  -6.7200000   -0.0394827
  -6.7000000   -0.0426711
  -6.6800000   -0.0451547
  -6.6600000   -0.0469388
  -6.6400000   -0.0480656
  -6.6200000   -0.0486074
  -6.6000000   -0.0486579
  -6.5800000   -0.0483219
  -6.5600000   -0.0477037
  -6.5400000   -0.0468965
  -6.5200000   -0.0459719
  -6.5000000   -0.0449730
  -6.4800000   -0.0439095
  -6.4600000   -0.0427573
  -6.4400000   -0.0414616
  -6.4200000   -0.0399431
  -6.4000000   -0.0381082
  -6.3800000   -0.0358587
  -6.3600000   -0.0331040
  -6.3400000   -0.0297698
  -6.3200000   -0.0258064
  -6.3000000   -0.0211929
  -6.2800000   -0.0159387
  -6.2600000   -0.0100819
  -6.2400000   -0.0036860
  -6.2200000    0.0031655
  -6.2000000    0.0103737
  -6.1800000    0.0178295
  -6.1600000    0.0254171
  -6.1400000    0.0330165
  -6.1200000    0.0405051
  -6.1000000    0.0477578
  -6.0800000    0.0546482
  -6.0600000    0.0610486
  -6.0400000    0.0668315
  -6.0200000    0.0718712
  -6.0000000    0.0760472
  -5.9800000    0.0792471
  -5.9600000    0.0813707
  -5.9400000    0.0823340
  -5.9200000    0.0820729
  -5.9000000    0.0805464
  -5.8800000    0.0777390
  -5.8600000    0.0736627
  -5.8400000    0.0683576
  -5.8200000    0.0618922
  -5.8000000    0.0543629
  -5.7800000    0.0458935
  -5.7600000    0.0366335
  -5.7400000    0.0267568
  -5.7200000    0.0164599
  -5.7000000    0.0059595
  -5.6800000   -0.0045108
  -5.6600000   -0.0147042
  -5.6400000   -0.0243667
  -5.6200000   -0.0332434
  -5.6000000   -0.0410872
  -5.5800000   -0.0476679
  -5.5600000   -0.0527827
  -5.5400000   -0.0562665
  -5.5200000   -0.0580012
  -5.5000000   -0.0579239
  -5.4800000   -0.0560324
  -5.4600000   -0.0523880
  -5.4400000   -0.0471152
  -5.4200000   -0.0403980
  -5.4000000   -0.0324740
  -5.3800000   -0.0236256
  -5.3600000   -0.0141700
  -5.3400000   -0.0044483
  -5.3200000    0.0051867
  -5.3000000    0.0143822
  -5.2800000    0.0227977
  -5.2600000    0.0301165
  -5.2400000    0.0360577
  -5.2200000    0.0403867
  -5.2000000    0.0429246
  -5.1800000    0.0435566
  -5.1600000    0.0422364
  -5.1400000    0.0389891
  -5.1200000    0.0339093
  -5.1000000    0.0271564
  -5.0800000    0.0189464
  -5.0600000    0.0095416
  -5.0400000   -0.0007619
  -5.0200000   -0.0116469
  -5.0000000   -0.0227874
  -4.9800000   -0.0338597
  -4.9600000   -0.0445529
  -4.9400000   -0.0545775
  -4.9200000   -0.0636731
  -4.9000000   -0.0716155
  -4.8800000   -0.0782239
  -4.8600000   -0.0833674
  -4.8400000   -0.0869709
  -4.8200000   -0.0890199
  -4.8000000   -0.0895632
  -4.7800000   -0.0887124
  -4.7600000   -0.0866370
  -4.7400000   -0.0835563
  -4.7200000   -0.0797262
  -4.7000000   -0.0754241
  -4.6800000   -0.0709306
  -4.6600000   -0.0665127
  -4.6400000   -0.0624071
  -4.6200000   -0.0588076
  -4.6000000   -0.0558567
  -4.5800000   -0.0536416
  -4.5600000   -0.0521949
  -4.5400000   -0.0514995
  -4.5200000   -0.0514960
  -4.5000000   -0.0520925
  -4.4800000   -0.0531743
  -4.4600000   -0.0546138
  -4.4400000   -0.0562791
  -4.4200000   -0.0580412
  -4.4000000   -0.0597797
  -4.3800000   -0.0613866
  -4.3600000   -0.0627691
  -4.3400000   -0.0638512
  -4.3200000   -0.0645738
  -4.3000000   -0.0648948
  -4.2800000   -0.0647885
  -4.2600000   -0.0642449
  -4.2400000   -0.0632688
  -4.2200000   -0.0618796
  -4.2000000   -0.0601110
  -4.1800000   -0.0580110
  -4.1600000   -0.0556413
  -4.1400000   -0.0530774
  -4.1200000   -0.0504065
  -4.1000000   -0.0477256
  -4.0800000   -0.0451374
  -4.0600000   -0.0427450
  -4.0400000   -0.0406457
  -4.0200000   -0.0389233
  -4.0000000   -0.0376409
  -3.9800000   -0.0368339
  -3.9600000   -0.0365046
  -3.9400000   -0.0366191
  -3.9200000   -0.0371076
  -3.9000000   -0.0378674
  -3.8800000   -0.0387705
  -3.8600000   -0.0396728
  -3.8400000   -0.0404271
  -3.8200000   -0.0408951
  -3.8000000   -0.0409603
  -3.7800000   -0.0405379
  -3.7600000   -0.0395814
  -3.7400000   -0.0380851
  -3.7200000   -0.0360825
  -3.7000000   -0.0336406
  -3.6800000   -0.0308518
  -3.6600000   -0.0278246
  -3.6400000   -0.0246749
  -3.6200000   -0.0215184
  -3.6000000   -0.0184659
  -3.5800000   -0.0156214
  -3.5600000   -0.0130818
  -3.5400000   -0.0109379
  -3.5200000   -0.0092755
  -3.5000000   -0.0081746
  -3.4800000   -0.0077073
  -3.4600000   -0.0079326
  -3.4400000   -0.0088903
  -3.4200000   -0.0105931
  -3.4000000   -0.0130203
  -3.3800000   -0.0161129
  -3.3600000   -0.0197729
  -3.3400000   -0.0238659
  -3.3200000   -0.0282280
  -3.3000000   -0.0326769
  -3.2800000   -0.0370238
  -3.2600000   -0.0410875
  -3.2400000   -0.0447056
  -3.2200000   -0.0477444
  -3.2000000   -0.0501044
  -3.1800000   -0.0517216
  -3.1600000   -0.0525651
  -3.1400000   -0.0526315
  -3.1200000   -0.0519375
  -3.1000000   -0.0505115
  -3.0800000   -0.0483868
  -3.0600000   -0.0455963
  -3.0400000   -0.0421694
  -3.0200000   -0.0381321
  -3.0000000   -0.0335089
  -2.9800000   -0.0283266
  -2.9600000   -0.0226186
  -2.9400000   -0.0164292
  -2.9200000   -0.0098171
  -2.9000000   -0.0028573
  -2.8800000    0.0043585
  -2.8600000    0.0117230
  -2.8400000    0.0191155
  -2.8200000    0.0264052
  -2.8000000    0.0334549
  -2.7800000    0.0401250
  -2.7600000    0.0462777
  -2.7400000    0.0517810
  -2.7200000    0.0565138
  -2.7000000    0.0603701
  -2.6800000    0.0632638
  -2.6600000    0.0651338
  -2.6400000    0.0659477
  -2.6200000    0.0657052
  -2.6000000    0.0644398
  -2.5800000    0.0622191
  -2.5600000    0.0591427
  -2.5400000    0.0553389
  -2.5200000    0.0509601
  -2.5000000    0.0461771
  -2.4800000    0.0411730
  -2.4600000    0.0361382
  -2.4400000    0.0312641
  -2.4200000    0.0267390
  -2.4000000    0.0227432
  -2.3800000    0.0194448
  -2.3600000    0.0169952
  -2.3400000    0.0155248
  -2.3200000    0.0151386
  -2.3000000    0.0159123
  -2.2800000    0.0178886
  -2.2600000    0.0210749
  -2.2400000    0.0254418
  -2.2200000    0.0309227
  -2.2000000    0.0374141
  -2.1800000    0.0447772
  -2.1600000    0.0528397
  -2.1400000    0.0613974
  -2.1200000    0.0702176
  -2.1000000    0.0790424
  -2.0800000    0.0875927
  -2.0600000    0.0955752
  -2.0400000    0.1026892
  -2.0200000    0.1086373
  -2.0000000    0.1131354
  -1.9800000    0.1159257
  -1.9600000    0.1167882
  -1.9400000    0.1155524
  -1.9200000    0.1121071
  -1.9000000    0.1064080
  -1.8800000    0.0984826
  -1.8600000    0.0884323
  -1.8400000    0.0764316
  -1.8200000    0.0627252
  -1.8000000    0.0476220
  -1.7800000    0.0314877
  -1.7600000    0.0147351
  -1.7400000   -0.0021873
  -1.7200000   -0.0188091
  -1.7000000   -0.0346529
  -1.6800000   -0.0492516
  -1.6600000   -0.0621660
  -1.6400000   -0.0730036
  -1.6200000   -0.0814358
  -1.6000000   -0.0872137
  -1.5800000   -0.0901810
  -1.5600000   -0.0902821
  -1.5400000   -0.0875654
  -1.5200000   -0.0821815
  -1.5000000   -0.0743758
  -1.4800000   -0.0644767
  -1.4600000   -0.0528802
  -1.4400000   -0.0400321
  -1.4200000   -0.0264086
  -1.4000000   -0.0124974
  -1.3800000    0.0012210
  -1.3600000    0.0142904
  -1.3400000    0.0262938
  -1.3200000    0.0368670
  -1.3000000    0.0457085
  -1.2800000    0.0525879
  -1.2600000    0.0573501
  -1.2400000    0.0599170
  -1.2200000    0.0602855
  -1.2000000    0.0585227
  -1.1800000    0.0547578
  -1.1600000    0.0491730
  -1.1400000    0.0419923
  -1.1200000    0.0334705
  -1.1000000    0.0238824
  -1.0800000    0.0135128
  -1.0600000    0.0026475
  -1.0400000   -0.0084349
  -1.0200000   -0.0194703
  -1.0000000   -0.0302152
  -0.9800000   -0.0404531
  -0.9600000   -0.0499986
  -0.9400000   -0.0587007
  -0.9200000   -0.0664449
  -0.9000000   -0.0731521
  -0.8800000   -0.0787765
  -0.8600000   -0.0833016
  -0.8400000   -0.0867349
  -0.8200000   -0.0891024
  -0.8000000   -0.0904435
  -0.7800000   -0.0908067
  -0.7600000   -0.0902465
  -0.7400000   -0.0888215
  -0.7200000   -0.0865932
  -0.7000000   -0.0836254
  -0.6800000   -0.0799832
  -0.6600000   -0.0757320
  -0.6400000   -0.0709363
  -0.6200000   -0.0656580
  -0.6000000   -0.0599548
  -0.5800000   -0.0538803
  -0.5600000   -0.0474835
  -0.5400000   -0.0408107
  -0.5200000   -0.0339069
  -0.5000000   -0.0268182
  -0.4800000   -0.0195923
  -0.4600000   -0.0122780
  -0.4400000   -0.0049210
  -0.4200000    0.0024443
  -0.4000000    0.0098068
  -0.3800000    0.0171946
  -0.3600000    0.0246942
  -0.3400000    0.0324703
  -0.3200000    0.0407840
  -0.3000000    0.0500073
  -0.2800000    0.0606294
  -0.2600000    0.0732532
  -0.2400000    0.0885798
  -0.2200000    0.1073791
  -0.2000000    0.1304481
  -0.1800000    0.1585558
  -0.1600000    0.1923798
  -0.1400000    0.2324372
  -0.1200000    0.2790134
  -0.1000000    0.3320963
  -0.0800000    0.3913199
  -0.0600000    0.4559240
  -0.0400000    0.5247345
  -0.0200000    0.5961698
   0.0000000    0.6682757
   0.0200000    0.7387901
   0.0400000    0.8052366
   0.0600000    0.8650414
   0.0800000    0.9156689
   0.1000000    0.9547640
   0.1200000    0.9802923
   0.1400000    0.9906652
   0.1600000    0.9848405
   0.1800000    0.9623889
   0.2000000    0.9235227
   0.2200000    0.8690848
   0.2400000    0.8005010
   0.2600000    0.7197022
   0.2800000    0.6290255
   0.3000000    0.5311025
   0.3200000    0.4287449
   0.3400000    0.3248344
   0.3600000    0.2222211
   0.3800000    0.1236343
   0.4000000    0.0316046
   0.4200000   -0.0516026
   0.4400000   -0.1240427
   0.4600000   -0.1841388
   0.4800000   -0.2307186
   0.5000000   -0.2630400
   0.5200000   -0.2808048
   0.5400000   -0.2841587
   0.5600000   -0.2736768
   0.5800000   -0.2503361
   0.6000000   -0.2154757
   0.6200000   -0.1707497
   0.6400000   -0.1180734
   0.6600000   -0.0595678
   0.6800000    0.0024971
   0.7000000    0.0657600
   0.7200000    0.1278278
   0.7400000    0.1863382
   0.7600000    0.2390270
   0.7800000    0.2838005
   0.8000000    0.3188097
   0.8200000    0.3425257
   0.8400000    0.3538071
   0.8600000    0.3519575
   0.8800000    0.3367642
   0.9000000    0.3085172
   0.9200000    0.2680035
   0.9400000    0.2164791
   0.9600000    0.1556206
   0.9800000    0.0874588
   1.0000000    0.0143002
   1.0200000   -0.0613612
   1.0400000   -0.1369384
   1.0600000   -0.2098497
   1.0800000   -0.2776181
   1.1000000   -0.3379697
   1.1200000   -0.3889275
   1.1400000   -0.4288964
   1.1600000   -0.4567327
   1.1800000   -0.4717943
   1.2000000   -0.4739656
   1.2200000   -0.4636538
   1.2400000   -0.4417565
   1.2600000   -0.4096026
   1.2800000   -0.3688706
   1.3000000   -0.3214919
   1.3200000   -0.2695467
   1.3400000   -0.2151594
   1.3600000   -0.1604019
   1.3800000   -0.1072081
   1.4000000   -0.0573044
   1.4200000   -0.0121558
   1.4400000    0.0270712
   1.4600000    0.0595305
   1.4800000    0.0847051
   1.5000000    0.1024039
   1.5200000    0.1127473
   1.5400000    0.1161446
   1.5600000    0.1132616
   1.5800000    0.1049823
   1.6000000    0.0923632
   1.6200000    0.0765832
   1.6400000    0.0588912
   1.6600000    0.0405519
   1.6800000    0.0227937
   1.7000000    0.0067604
   1.7200000   -0.0065318
   1.7400000   -0.0162295
   1.7600000   -0.0216687
   1.7800000   -0.0223934
   1.8000000   -0.0181648
   1.8200000   -0.0089624
   1.8400000    0.0050219
   1.8600000    0.0233964
   1.8800000    0.0455880
   1.9000000    0.0708663
   1.9200000    0.0983722
   1.9400000    0.1271509
   1.9600000    0.1561896
   1.9800000    0.1844568
   2.0000000    0.2109446
   2.0200000    0.2347098
   2.0400000    0.2549128
   2.0600000    0.2708525
   2.0800000    0.2819948
   2.1000000    0.2879926
   2.1200000    0.2886981
   2.1400000    0.2841642
   2.1600000    0.2746383
   2.1800000    0.2605458
   2.2000000    0.2424669
   2.2200000    0.2211062
   2.2400000    0.1972574
   2.2600000    0.1717644
   2.2800000    0.1454811
   2.3000000    0.1192316
   2.3200000    0.0937738
   2.3400000    0.0697672
   2.3600000    0.0477485
   2.3800000    0.0281146
   2.4000000    0.0111152
   2.4200000   -0.0031462
   2.4400000   -0.0147019
   2.4600000   -0.0237036
   2.4800000   -0.0303996
   2.5000000   -0.0351095
   2.5200000   -0.0381961
   2.5400000   -0.0400388
   2.5600000   -0.0410091
   2.5800000   -0.0414490
   2.6000000   -0.0416551
   2.6200000   -0.0418681
   2.6400000   -0.0422678
   2.6600000   -0.0429744
   2.6800000   -0.0440544
   2.7000000   -0.0455306
   2.7200000   -0.0473938
   2.7400000   -0.0496160
   2.7600000   -0.0521617
   2.7800000   -0.0549973
   2.8000000   -0.0580973
   2.8200000   -0.0614475
   2.8400000   -0.0650448
   2.8600000   -0.0688952
   2.8800000   -0.0730111
   2.9000000   -0.0774079
   2.9200000   -0.0821016
   2.9400000   -0.0871064
   2.9600000   -0.0924326
   2.9800000   -0.0980840
   3.0000000   -0.1040540
   3.0200000   -0.1103202
   3.0400000   -0.1168371
   3.0600000   -0.1235287
   3.0800000   -0.1302809
   3.1000000   -0.1369369
   3.1200000   -0.1432963
   3.1400000   -0.1491193
   3.1600000   -0.1541362
   3.1800000   -0.1580634
   3.2000000   -0.1606220
   3.2200000   -0.1615592
   3.2400000   -0.1606686
   3.2600000   -0.1578077
   3.2800000   -0.1529109
   3.3000000   -0.1459951
   3.3200000   -0.1371595
   3.3400000   -0.1265789
   3.3600000   -0.1144914
   3.3800000   -0.1011828
   3.4000000   -0.0869687
   3.4200000   -0.0721771
   3.4400000   -0.0571310
   3.4600000   -0.0421342
   3.4800000   -0.0274597
   3.5000000   -0.0133414
   3.5200000    0.0000301
   3.5400000    0.0125094
   3.5600000    0.0239943
   3.5800000    0.0344218
   3.6000000    0.0437621
   3.6200000    0.0520121
   3.6400000    0.0591882
   3.6600000    0.0653200
   3.6800000    0.0704452
   3.7000000    0.0746058
   3.7200000    0.0778461
   3.7400000    0.0802119
   3.7600000    0.0817512
   3.7800000    0.0825151
   3.8000000    0.0825584
   3.8200000    0.0819408
   3.8400000    0.0807256
   3.8600000    0.0789787
   3.8800000    0.0767662
   3.9000000    0.0741505
   3.9200000    0.0711872
   3.9400000    0.0679205
   3.9600000    0.0643807
   3.9800000    0.0605815
   4.0000000    0.0565198
   4.0200000    0.0521766
   4.0400000    0.0475210
   4.0600000    0.0425151
   4.0800000    0.0371208
   4.1000000    0.0313078
   4.1200000    0.0250611
   4.1400000    0.0183882
   4.1600000    0.0113245
   4.1800000    0.0039359
   4.2000000   -0.0036812
   4.2200000   -0.0114021
   4.2400000   -0.0190800
   4.2600000   -0.0265532
   4.2800000   -0.0336542
   4.3000000   -0.0402191
   4.3200000   -0.0460961
   4.3400000   -0.0511538
   4.3600000   -0.0552873
   4.3800000   -0.0584222
   4.4000000   -0.0605178
   4.4200000   -0.0615675
   4.4400000   -0.0615991
   4.4600000   -0.0606735
   4.4800000   -0.0588837
   4.5000000   -0.0563521
   4.5200000   -0.0532286
   4.5400000   -0.0496862
   4.5600000   -0.0459171
   4.5800000   -0.0421250
   4.6000000   -0.0385175
   4.6200000   -0.0352955
   4.6400000   -0.0326416
   4.6600000   -0.0307085
   4.6800000   -0.0296081
   4.7000000   -0.0294022
   4.7200000   -0.0300972
   4.7400000   -0.0316420
   4.7600000   -0.0339305
   4.7800000   -0.0368087
   4.8000000   -0.0400847
   4.8200000   -0.0435417
   4.8400000   -0.0469519
   4.8600000   -0.0500913
   4.8800000   -0.0527527
   4.9000000   -0.0547578
   4.9200000   -0.0559669
   4.9400000   -0.0562854
   4.9600000   -0.0556687
   4.9800000   -0.0541231
   5.0000000   -0.0517048
   5.0200000   -0.0485153
   5.0400000   -0.0446947
   5.0600000   -0.0404124
   5.0800000   -0.0358557
   5.1000000   -0.0312176
   5.1200000   -0.0266846
   5.1400000   -0.0224246
   5.1600000   -0.0185777
   5.1800000   -0.0152493
   5.2000000   -0.0125062
   5.2200000   -0.0103772
   5.2400000   -0.0088561
   5.2600000   -0.0079079
   5.2800000   -0.0074766
   5.3000000   -0.0074936
   5.3200000   -0.0078866
   5.3400000   -0.0085856
   5.3600000   -0.0095287
   5.3800000   -0.0106646
   5.4000000   -0.0119529
   5.4200000   -0.0133626
   5.4400000   -0.0148695
   5.4600000   -0.0164518
   5.4800000   -0.0180867
   5.5000000   -0.0197469
   5.5200000   -0.0213986
   5.5400000   -0.0230006
   5.5600000   -0.0245053
   5.5800000   -0.0258607
   5.6000000   -0.0270139
   5.6200000   -0.0279150
   5.6400000   -0.0285221
   5.6600000   -0.0288051
   5.6800000   -0.0287491
   5.7000000   -0.0283571
   5.7200000   -0.0276498
   5.7400000   -0.0266650
   5.7600000   -0.0254535
   5.7800000   -0.0240744
   5.8000000   -0.0225886
   5.8200000   -0.0210524
   5.8400000   -0.0195105
   5.8600000   -0.0179919
   5.8800000   -0.0165069
   5.9000000   -0.0150471
   5.9200000   -0.0135890
   5.9400000   -0.0120995
   5.9600000   -0.0105428
   5.9800000   -0.0088888
   6.0000000   -0.0071198
   6.0200000   -0.0052356
   6.0400000   -0.0032558
   6.0600000   -0.0012190
   6.0800000    0.0008203
   6.1000000    0.0027975
   6.1200000    0.0046442
   6.1400000    0.0062938
   6.1600000    0.0076861
   6.1800000    0.0087703
   6.2000000    0.0095052
   6.2200000    0.0098579
   6.2400000    0.0098016
   6.2600000    0.0093134
   6.2800000    0.0083724
   6.3000000    0.0069600
   6.3200000    0.0050609
   6.3400000    0.0026671
   6.3600000   -0.0002184
   6.3800000   -0.0035764
   6.4000000   -0.0073676
   6.4200000   -0.0115295
   6.4400000   -0.0159760
   6.4600000   -0.0205987
   6.4800000   -0.0252708
   6.5000000   -0.0298535
   6.5200000   -0.0342036
   6.5400000   -0.0381821
   6.5600000   -0.0416632
   6.5800000   -0.0445421
   6.6000000   -0.0467419
   6.6200000   -0.0482179
   6.6400000   -0.0489594
   6.6600000   -0.0489891
   6.6800000   -0.0483584
   6.7000000   -0.0471414
   6.7200000   -0.0454255
   6.7400000   -0.0433021
   6.7600000   -0.0408559
   6.7800000   -0.0381559
   6.8000000   -0.0352487
   6.8200000   -0.0321539
   6.8400000   -0.0288644
   6.8600000   -0.0253493
   6.8800000   -0.0215611
   6.9000000   -0.0174448
   6.9200000   -0.0129491
   6.9400000   -0.0080373
   6.9600000   -0.0026971
   6.9800000    0.0030512
   7.0000000    0.0091512
   7.0200000    0.0155085
   7.0400000    0.0219938
   7.0600000    0.0284484
   7.0800000    0.0346917
   7.1000000    0.0405306
   7.1200000    0.0457682
   7.1400000    0.0502130
   7.1600000    0.0536865
   7.1800000    0.0560291
   7.2000000    0.0571060
   7.2200000    0.0568110
   7.2400000    0.0550702
   7.2600000    0.0518460
   7.2800000    0.0471401
   7.3000000    0.0409977
   7.3200000    0.0335100
   7.3400000    0.0248162
   7.3600000    0.0151037
   7.3800000    0.0046055
   7.4000000   -0.0064052
   7.4200000   -0.0176246
   7.4400000   -0.0287300
   7.4600000   -0.0393941
   7.4800000   -0.0493016
   7.5000000   -0.0581643
   7.5200000   -0.0657352
   7.5400000   -0.0718204
   7.5600000   -0.0762851
   7.5800000   -0.0790567
   7.6000000   -0.0801214
   7.6200000   -0.0795176
   7.6400000   -0.0773257
   7.6600000   -0.0736555
   7.6800000   -0.0686343
   7.7000000   -0.0623955
   7.7200000   -0.0550709
   7.7400000   -0.0467864
   7.7600000   -0.0376619
   7.7800000   -0.0278155
   7.8000000   -0.0173703
   7.8200000   -0.0064635
   7.8400000    0.0047449
   7.8600000    0.0160649
   7.8800000    0.0272732
   7.9000000    0.0381146
   7.9200000    0.0483085
   7.9400000    0.0575609
   7.9600000    0.0655810
   7.9800000    0.0721003
   8.0000000    0.0768920
   8.0200000    0.0797894
   8.0400000    0.0807001
   8.0600000    0.0796143
   8.0800000    0.0766077
   8.1000000    0.0718369
   8.1200000    0.0655297
   8.1400000    0.0579710
   8.1600000    0.0494869
   8.1800000    0.0404273
   8.2000000    0.0311509
   8.2200000    0.0220110
   8.2400000    0.0133448
   8.2600000    0.0054644
   8.2800000   -0.0013505
   8.3000000   -0.0068588
   8.3200000   -0.0108640
   8.3400000   -0.0132196
   8.3600000   -0.0138346
   8.3800000   -0.0126777
   8.4000000   -0.0097792
   8.4200000   -0.0052307
   8.4400000    0.0008179
   8.4600000    0.0081652
   8.4800000    0.0165668
   8.5000000    0.0257459
   8.5200000    0.0354043
   8.5400000    0.0452325
   8.5600000    0.0549192
   8.5800000    0.0641589
   8.6000000    0.0726583
   8.6200000    0.0801421
   8.6400000    0.0863580
   8.6600000    0.0910831
   8.6800000    0.0941300
   8.7000000    0.0953542
   8.7200000    0.0946612
   8.7400000    0.0920122
   8.7600000    0.0874290
   8.7800000    0.0809947
   8.8000000    0.0728521
   8.8200000    0.0631982
   8.8400000    0.0522762
   8.8600000    0.0403650
   8.8800000    0.0277687
   8.9000000    0.0148051
   8.9200000    0.0017967
   8.9400000   -0.0109376
   8.9600000   -0.0230887
   8.9800000   -0.0343625
   9.0000000   -0.0444843
   9.0200000   -0.0532030
   9.0400000   -0.0602970
   9.0600000   -0.0655797
   9.0800000   -0.0689073
   9.1000000   -0.0701865
   9.1200000   -0.0693816
   9.1400000   -0.0665215
   9.1600000   -0.0617030
   9.1800000   -0.0550927
   9.2000000   -0.0469235
   9.2200000   -0.0374883
   9.2400000   -0.0271296
   9.2600000   -0.0162255
   9.2800000   -0.0051733
   9.3000000    0.0056283
   9.3200000    0.0157970
   9.3400000    0.0249842
   9.3600000    0.0328901
   9.3800000    0.0392748
   9.4000000    0.0439671
   9.4200000    0.0468680
   9.4400000    0.0479504
   9.4600000    0.0472555
   9.4800000    0.0448858
   9.5000000    0.0409957
   9.5200000    0.0357820
   9.5400000    0.0294728
   9.5600000    0.0223182
   9.5800000    0.0145811
   9.6000000    0.0065297
   9.6200000   -0.0015689
   9.6400000   -0.0094550
   9.6600000   -0.0168813
   9.6800000   -0.0236188
   9.7000000   -0.0294625
   9.7200000   -0.0342369
   9.7400000   -0.0378023
   9.7600000   -0.0400593
   9.7800000   -0.0409528
   9.8000000   -0.0404733
   9.8200000   -0.0386566
   9.8400000   -0.0355798
   9.8600000   -0.0313559
   9.8800000   -0.0261252
   9.9000000   -0.0200467
   9.9200000   -0.0132885
   9.9400000   -0.0060192
   9.9600000    0.0015985
   9.9800000    0.0094126
  10.0000000    0.0172824
  10.0200000    0.0250783
  10.0400000    0.0326777
  10.0600000    0.0399609
  10.0800000    0.0468067
  10.1000000    0.0530889
  10.1200000    0.0586755
  10.1400000    0.0634303
  10.1600000    0.0672190
  10.1800000    0.0699170
  10.2000000    0.0714201
  10.2200000    0.0716565
  10.2400000    0.0705969
  10.2600000    0.0682634
  10.2800000    0.0647337
  10.3000000    0.0601410
  10.3200000    0.0546675
  10.3400000    0.0485344
  10.3600000    0.0419869
  10.3800000    0.0352768
  10.4000000    0.0286458
  10.4200000    0.0223086
  10.4400000    0.0164413
  10.4600000    0.0111727
  10.4800000    0.0065814
  10.5000000    0.0026982
  10.5200000   -0.0004874
  10.5400000   -0.0030177
  10.5600000   -0.0049556
  10.5800000   -0.0063729
  10.6000000   -0.0073404
  10.6200000   -0.0079203
  10.6400000   -0.0081618
  10.6600000   -0.0080998
  10.6800000   -0.0077567
  10.7000000   -0.0071469
  10.7200000   -0.0062828
  10.7400000   -0.0051807
  10.7600000   -0.0038674
  10.7800000   -0.0023843
  10.8000000   -0.0007894
  10.8200000    0.0008422
  10.8400000    0.0024223
  10.8600000    0.0038541
  10.8800000    0.0050395
  10.9000000    0.0058872
  10.9200000    0.0063204
  10.9400000    0.0062831
  10.9600000    0.0057446
  10.9800000    0.0047013
  11.0000000    0.0031759
  11.0200000    0.0012137
  11.0400000   -0.0011224
  11.0600000   -0.0037584
  11.0800000   -0.0066149
  11.1000000   -0.0096125
  11.1200000   -0.0126752
  11.1400000   -0.0157322
  11.1600000   -0.0187179
  11.1800000   -0.0215710
  11.2000000   -0.0242334
  11.2200000   -0.0266489
  11.2400000   -0.0287635
  11.2600000   -0.0305269
  11.2800000   -0.0318955
  11.3000000   -0.0328354
  11.3200000   -0.0333272
  11.3400000   -0.0333687
  11.3600000   -0.0329774
  11.3800000   -0.0321903
  11.4000000   -0.0310622
  11.4200000   -0.0296620
  11.4400000   -0.0280669
  11.4600000   -0.0263569
  11.4800000   -0.0246095
  11.5000000   -0.0228943
  11.5200000   -0.0212709
  11.5400000   -0.0197875
  11.5600000   -0.0184816
  11.5800000   -0.0173821
  11.6000000   -0.0165116
  11.6200000   -0.0158889
  11.6400000   -0.0155304
  11.6600000   -0.0154503
  11.6800000   -0.0156590
  11.7000000   -0.0161605
  11.7200000   -0.0169481
  11.7400000   -0.0180004
  11.7600000   -0.0192765
  11.7800000   -0.0207130
  11.8000000   -0.0222223
  11.8200000   -0.0236926
  11.8400000   -0.0249914
  11.8600000   -0.0259702
  11.8800000   -0.0264725
  11.9000000   -0.0263431
  11.9200000   -0.0254384
  11.9400000   -0.0236369
  11.9600000   -0.0208487
  11.9800000   -0.0170220
  12.0000000   -0.0121479
  12.0200000   -0.0062609
  12.0400000    0.0005636
  12.0600000    0.0082154
  12.0800000    0.0165572
  12.1000000    0.0254342
  12.1200000    0.0346825
  12.1400000    0.0441376
  12.1600000    0.0536400
  12.1800000    0.0630379
  12.2000000    0.0721884
  12.2200000    0.0809551
  12.2400000    0.0892058
  12.2600000    0.0968082
  12.2800000    0.1036270
  12.3000000    0.1095225
  12.3200000    0.1143502
  12.3400000    0.1179637
  12.3600000    0.1202194
  12.3800000    0.1209831
  12.4000000    0.1201386
  12.4200000    0.1175960
  12.4400000    0.1133004
  12.4600000    0.1072397
  12.4800000    0.0994497
  12.5000000    0.0900171
  12.5200000    0.0790796
  12.5400000    0.0668225
  12.5600000    0.0534720
  12.5800000    0.0392856
  12.6000000    0.0245412
  12.6200000    0.0095240
  12.6400000   -0.0054858
  12.6600000   -0.0202251
  12.6800000   -0.0344577
  12.7000000   -0.0479809
  12.7200000   -0.0606303
  12.7400000   -0.0722806
  12.7600000   -0.0828440
  12.7800000   -0.0922665
  12.8000000   -0.1005236
  12.8200000   -0.1076142
  12.8400000   -0.1135557
  12.8600000   -0.1183790
  12.8800000   -0.1221245
  12.9000000   -0.1248380
  12.9200000   -0.1265676
  12.9400000   -0.1273606
  12.9600000   -0.1272598
  12.9800000   -0.1263013
  13.0000000   -0.1245114
  13.0200000   -0.1219056
  13.0400000   -0.1184886
  13.0600000   -0.1142568
  13.0800000   -0.1092023
  13.1000000   -0.1033191
  13.1200000   -0.0966114
  13.1400000   -0.0891011
  13.1600000   -0.0808365
  13.1800000   -0.0718980
  13.2000000   -0.0624020
  13.2200000   -0.0525020
  13.2400000   -0.0423855
  13.2600000   -0.0322681
  13.2800000   -0.0223852
  13.3000000   -0.0129804
  13.3200000   -0.0042937
  13.3400000    0.0034513
  13.3600000    0.0100597
  13.3800000    0.0153756
  13.4000000    0.0192914
  13.4200000    0.0217533
  13.4400000    0.0227641
  13.4600000    0.0223827
  13.4800000    0.0207193
  13.5000000    0.0179285
  13.5200000    0.0141989
  13.5400000    0.0097417
  13.5600000    0.0047784
  13.5800000   -0.0004710
  13.6000000   -0.0057983
  13.6200000   -0.0110155
  13.6400000   -0.0159600
  13.6600000   -0.0204977
  13.6800000   -0.0245231
  13.7000000   -0.0279584
  13.7200000   -0.0307504
  13.7400000   -0.0328679
  13.7600000   -0.0342984
  13.7800000   -0.0350463
  13.8000000   -0.0351310
  13.8200000   -0.0345859
  13.8400000   -0.0334585
  13.8600000   -0.0318094
  13.8800000   -0.0297114
  13.9000000   -0.0272480
  13.9200000   -0.0245106
  13.9400000   -0.0215950
  13.9600000   -0.0185974
  13.9800000   -0.0156098
  14.0000000   -0.0127169
  14.0200000   -0.0099927
  14.0400000   -0.0074993
  14.0600000   -0.0052862
  14.0800000   -0.0033917
  14.1000000   -0.0018440
  14.1200000   -0.0006638
  14.1400000    0.0001354
  14.1600000    0.0005459
  14.1800000    0.0005670
  14.2000000    0.0002065
  14.2200000   -0.0005174
  14.2400000   -0.0015739
  14.2600000   -0.0029185
  14.2800000   -0.0044939
  14.3000000   -0.0062328
  14.3200000   -0.0080632
  14.3400000   -0.0099151
  14.3600000   -0.0117296
  14.3800000   -0.0134668
  14.4000000   -0.0151135
  14.4200000   -0.0166872
  14.4400000   -0.0182376
  14.4600000   -0.0198431
  14.4800000   -0.0216035
  14.5000000   -0.0236291
  14.5200000   -0.0260266
  14.5400000   -0.0288857
  14.5600000   -0.0322651
  14.5800000   -0.0361821
  14.6000000   -0.0406062
  14.6200000   -0.0454572
  14.6400000   -0.0506087
  14.6600000   -0.0558963
  14.6800000   -0.0611290
  14.7000000   -0.0661027
  14.7200000   -0.0706147
  14.7400000   -0.0744767
  14.7600000   -0.0775257
  14.7800000   -0.0796316
  14.8000000   -0.0807027
  14.8200000   -0.0806865
  14.8400000   -0.0795700
  14.8600000   -0.0773761
  14.8800000   -0.0741612
  14.9000000   -0.0700101
  14.9200000   -0.0650326
  14.9400000   -0.0593588
  14.9600000   -0.0531346
  14.9800000   -0.0465174
  15.0000000   -0.0396708
  15.0200000   -0.0327591
  15.0400000   -0.0259423
  15.0600000   -0.0193700
  15.0800000   -0.0131774
  15.1000000   -0.0074814
  15.1200000   -0.0023782
  15.1400000    0.0020572
  15.1600000    0.0057711
  15.1800000    0.0087293
  15.2000000    0.0109153
  15.2200000    0.0123288
  15.2400000    0.0129838
  15.2600000    0.0129085
  15.2800000    0.0121448
  15.3000000    0.0107495
  15.3200000    0.0087944
  15.3400000    0.0063676
  15.3600000    0.0035726
  15.3800000    0.0005279
  15.4000000   -0.0026353
  15.4200000   -0.0057764
  15.4400000   -0.0087489
  15.4600000   -0.0114057
  15.4800000   -0.0136030
  15.5000000   -0.0152064
  15.5200000   -0.0160955
  15.5400000   -0.0161695
  15.5600000   -0.0153525
  15.5800000   -0.0135991
  15.6000000   -0.0109001
  15.6200000   -0.0072873
  15.6400000   -0.0028376
  15.6600000    0.0023243
  15.6800000    0.0080264
  15.7000000    0.0140523
  15.7200000    0.0201485
  15.7400000    0.0260358
  15.7600000    0.0314233
  15.7800000    0.0360265
  15.8000000    0.0395863
  15.8200000    0.0418874
  15.8400000    0.0427755
  15.8600000    0.0421696
  15.8800000    0.0400692
  15.9000000    0.0365553
  15.9200000    0.0317838
  15.9400000    0.0259741
  15.9600000    0.0193917
  15.9800000    0.0123287
  16.0000000    0.0050831
  16.0200000   -0.0020605
  16.0400000   -0.0088467
  16.0600000   -0.0150610
  16.0800000   -0.0205368
  16.1000000   -0.0251574
  16.1200000   -0.0288538
  16.1400000   -0.0316003
  16.1600000   -0.0334078
  16.1800000   -0.0343172
  16.2000000   -0.0343924
  16.2200000   -0.0337152
  16.2400000   -0.0323797
  16.2600000   -0.0304890
  16.2800000   -0.0281509
  16.3000000   -0.0254751
  16.3200000   -0.0225696
  16.3400000   -0.0195376
  16.3600000   -0.0164749
  16.3800000   -0.0134678
  16.4000000   -0.0105918
  16.4200000   -0.0079116
  16.4400000   -0.0054817
  16.4600000   -0.0033474
  16.4800000   -0.0015457
  16.5000000   -0.0001061
  16.5200000    0.0009505
  16.5400000    0.0016133
  16.5600000    0.0018839
  16.5800000    0.0017792
  16.6000000    0.0013342
  16.6200000    0.0006025
  16.6400000   -0.0003441
  16.6600000   -0.0014184
  16.6800000   -0.0025232
  16.7000000   -0.0035582
  16.7200000   -0.0044270
  16.7400000   -0.0050451
  16.7600000   -0.0053462
  16.7800000   -0.0052868
  16.8000000   -0.0048486
  16.8200000   -0.0040388
  16.8400000   -0.0028883
  16.8600000   -0.0014480
  16.8800000    0.0002147
  16.9000000    0.0020214
  16.9200000    0.0038871
  16.9400000    0.0057252
  16.9600000    0.0074517
  16.9800000    0.0089900
  17.0000000    0.0102754
  17.0200000    0.0112582
  17.0400000    0.0119080
  17.0600000    0.0122157
  17.0800000    0.0121953
  17.1000000    0.0118828
  17.1200000    0.0113354
  17.1400000    0.0106270
  17.1600000    0.0098440
  17.1800000    0.0090798
  17.2000000    0.0084287
  17.2200000    0.0079810
  17.2400000    0.0078188
  17.2600000    0.0080124
  17.2800000    0.0086188
  17.3000000    0.0096804
  17.3200000    0.0112256
  17.3400000    0.0132686
  17.3600000    0.0158102
  17.3800000    0.0188392
  17.4000000    0.0223330
  17.4200000    0.0262591
  17.4400000    0.0305768
  17.4600000    0.0352394
  17.4800000    0.0401961
  17.5000000    0.0453937
  17.5200000    0.0507782
  17.5400000    0.0562946
  17.5600000    0.0618854
  17.5800000    0.0674882
  17.6000000    0.0730322
  17.6200000    0.0784345
  17.6400000    0.0835973
  17.6600000    0.0884073
  17.6800000    0.0927374
  17.7000000    0.0964509
  17.7200000    0.0994098
  17.7400000    0.1014835
  17.7600000    0.1025595
  17.7800000    0.1025532
  17.8000000    0.1014156
  17.8200000    0.0991381
  17.8400000    0.0957535
  17.8600000    0.0913335
  17.8800000    0.0859825
  17.9000000    0.0798298
  17.9200000    0.0730194
  17.9400000    0.0657016
  17.9600000    0.0580243
  17.9800000    0.0501265
  18.0000000    0.0421345
  18.0200000    0.0341593
  18.0400000    0.0262960
  18.0600000    0.0186244
  18.0800000    0.0112099
  18.1000000    0.0041048
  18.1200000   -0.0026510
  18.1400000   -0.0090293
  18.1600000   -0.0150128
  18.1800000   -0.0205948
  18.2000000   -0.0257778
  18.2200000   -0.0305721
  18.2400000   -0.0349935
  18.2600000   -0.0390599
  18.2800000   -0.0427886
  18.3000000   -0.0461929
  18.3200000   -0.0492797
  18.3400000   -0.0520475
  18.3600000   -0.0544860
  18.3800000   -0.0565768
  18.4000000   -0.0582955
  18.4200000   -0.0596138
  18.4400000   -0.0605028
  18.4600000   -0.0609359
  18.4800000   -0.0608907
  18.5000000   -0.0603507
  18.5200000   -0.0593060
  18.5400000   -0.0577532
  18.5600000   -0.0556950
  18.5800000   -0.0531396
  18.6000000   -0.0501008
  18.6200000   -0.0465978
  18.6400000   -0.0426560
  18.6600000   -0.0383075
  18.6800000   -0.0335924
  18.7000000   -0.0285585
  18.7200000   -0.0232608
  18.7400000   -0.0177600
  18.7600000   -0.0121189
  18.7800000   -0.0063989
  18.8000000   -0.0006556
  18.8200000    0.0050659
  18.8400000    0.0107344
  18.8600000    0.0163340
  18.8800000    0.0218644
  18.9000000    0.0273377
  18.9200000    0.0327729
  18.9400000    0.0381892
  18.9600000    0.0435976
  18.9800000    0.0489923
  19.0000000    0.0543440
  19.0200000    0.0595945
  19.0400000    0.0646555
  19.0600000    0.0694102
  19.0800000    0.0737185
  19.1000000    0.0774263
  19.1200000    0.0803758
  19.1400000    0.0824185
  19.1600000    0.0834275
  19.1800000    0.0833090
  19.2000000    0.0820119
  19.2200000    0.0795346
  19.2400000    0.0759279
  19.2600000    0.0712952
  19.2800000    0.0657876
  19.3000000    0.0595966
  19.3200000    0.0529435
  19.3400000    0.0460661
  19.3600000    0.0392040
  19.3800000    0.0325846
  19.4000000    0.0264083
  19.4200000    0.0208374
  19.4400000    0.0159873
  19.4600000    0.0119211
  19.4800000    0.0086498
  19.5000000    0.0061352
  19.5200000    0.0042977
  19.5400000    0.0030264
  19.5600000    0.0021916
  19.5800000    0.0016576
  19.6000000    0.0012948
  19.6200000    0.0009911
  19.6400000    0.0006593
  19.6600000    0.0002424
  19.6800000   -0.0002851
  19.7000000   -0.0009197
  19.7200000   -0.0016339
  19.7400000   -0.0023842
  19.7600000   -0.0031193
  19.7800000   -0.0037901
  19.8000000   -0.0043564
  19.8200000   -0.0047936
  19.8400000   -0.0050947
  19.8600000   -0.0052698
  19.8800000   -0.0053432
  19.9000000   -0.0053470
  19.9200000   -0.0053143
  19.9400000   -0.0052730
  19.9600000   -0.0052398
  19.9800000   -0.0052180
  20.0000000   -0.0051974
  20.0200000   -0.0051573
  20.0400000   -0.0050728
  20.0600000   -0.0049214
  20.0800000   -0.0046901
  20.1000000   -0.0043825
  20.1200000   -0.0040220
  20.1400000   -0.0036533
  20.1600000   -0.0033403
  20.1800000   -0.0031609
  20.2000000   -0.0031998
  20.2200000   -0.0035396
  20.2400000   -0.0042517
  20.2600000   -0.0053882
  20.2800000   -0.0069756
  20.3000000   -0.0090106
  20.3200000   -0.0114592
  20.3400000   -0.0142579
  20.3600000   -0.0173178
  20.3800000   -0.0205299
  20.4000000   -0.0237719
  20.4200000   -0.0269153
  20.4400000   -0.0298316
  20.4600000   -0.0323989
  20.4800000   -0.0345065
  20.5000000   -0.0360592
  20.5200000   -0.0369802
  20.5400000   -0.0372134
  20.5600000   -0.0367251
  20.5800000   -0.0355046
  20.6000000   -0.0335646
  20.6200000   -0.0309407
  20.6400000   -0.0276901
  20.6600000   -0.0238890
  20.6800000   -0.0196296
  20.7000000   -0.0150158
  20.7200000   -0.0101584
  20.7400000   -0.0051705
  20.7600000   -0.0001617
  20.7800000    0.0047650
  20.8000000    0.0095171
  20.8200000    0.0140146
  20.8400000    0.0181904
  20.8600000    0.0219905
  20.8800000    0.0253727
  20.9000000    0.0283053
  20.9200000    0.0307658
  20.9400000    0.0327399
  20.9600000    0.0342208
  20.9800000    0.0352094
  21.0000000    0.0357139
  21.0200000    0.0357501
  21.0400000    0.0353409
  21.0600000    0.0345154
  21.0800000    0.0333072
  21.1000000    0.0317526
  21.1200000    0.0298881
  21.1400000    0.0277490
  21.1600000    0.0253671
  21.1800000    0.0227710
  21.2000000    0.0199855
  21.2200000    0.0170332
  21.2400000    0.0139356
  21.2600000    0.0107156
  21.2800000    0.0073985
  21.3000000    0.0040145
  21.3200000    0.0005990
  21.3400000   -0.0028059
  21.3600000   -0.0061521
  21.3800000   -0.0093856
  21.4000000   -0.0124474
  21.4200000   -0.0152757
  21.4400000   -0.0178083
  21.4600000   -0.0199856
  21.4800000   -0.0217552
  21.5000000   -0.0230755
  21.5200000   -0.0239208
  21.5400000   -0.0242842
  21.5600000   -0.0241803
  21.5800000   -0.0236459
  21.6000000   -0.0227385
  21.6200000   -0.0215327
  21.6400000   -0.0201149
  21.6600000   -0.0185769
  21.6800000   -0.0170089
  21.7000000   -0.0154936
  21.7200000   -0.0141003
  21.7400000   -0.0128824
  21.7600000   -0.0118753
  21.7800000   -0.0110973
  21.8000000   -0.0105514
  21.8200000   -0.0102278
  21.8400000   -0.0101071
  21.8600000   -0.0101628
  21.8800000   -0.0103633
  21.9000000   -0.0106733
  21.9200000   -0.0110543
  21.9400000   -0.0114657
  21.9600000   -0.0118643
  21.9800000   -0.0122063
  22.0000000   -0.0124482
  22.0200000   -0.0125488
  22.0400000   -0.0124714
  22.0600000   -0.0121865
  22.0800000   -0.0116731
  22.1000000   -0.0109204
  22.1200000   -0.0099282
  22.1400000   -0.0087062
  22.1600000   -0.0072735
  22.1800000   -0.0056566
  22.2000000   -0.0038881
  22.2200000   -0.0020052
  22.2400000   -0.0000482
  22.2600000    0.0019397
  22.2800000    0.0039139
  22.3000000    0.0058284
  22.3200000    0.0076374
  22.3400000    0.0092960
  22.3600000    0.0107624
  22.3800000    0.0119999
  22.4000000    0.0129784
  22.4200000    0.0136767
  22.4400000    0.0140824
  22.4600000    0.0141923
  22.4800000    0.0140110
  22.5000000    0.0135492
  22.5200000    0.0128214
  22.5400000    0.0118442
  22.5600000    0.0106356
  22.5800000    0.0092146
  22.6000000    0.0076035
  22.6200000    0.0058296
  22.6400000    0.0039284
  22.6600000    0.0019460
  22.6800000   -0.0000598
  22.7000000   -0.0020196
  22.7200000   -0.0038548
  22.7400000   -0.0054820
  22.7600000   -0.0068179
  22.7800000   -0.0077855
  22.8000000   -0.0083192
  22.8200000   -0.0083691
  22.8400000   -0.0079027
  22.8600000   -0.0069052
  22.8800000   -0.0053774
  22.9000000   -0.0033326
  22.9200000   -0.0007933
  22.9400000    0.0022118
  22.9600000    0.0056490
  22.9800000    0.0094790
  23.0000000    0.0136546
  23.0200000    0.0181169
  23.0400000    0.0227904
  23.0600000    0.0275801
  23.0800000    0.0323689
  23.1000000    0.0370185
  23.1200000    0.0413740
  23.1400000    0.0452703
  23.1600000    0.0485430
  23.1800000    0.0510391
  23.2000000    0.0526288
  23.2200000    0.0532162
  23.2400000    0.0527473
  23.2600000    0.0512142
  23.2800000    0.0486565
  23.3000000    0.0451586
  23.3200000    0.0408437
  23.3400000    0.0358660
  23.3600000    0.0304018
  23.3800000    0.0246396
  23.4000000    0.0187717
  23.4200000    0.0129865
  23.4400000    0.0074619
  23.4600000    0.0023613
  23.4800000   -0.0021706
  23.5000000   -0.0060094
  23.5200000   -0.0090535
  23.5400000   -0.0112253
  23.5600000   -0.0124729
  23.5800000   -0.0127719
  23.6000000   -0.0121271
  23.6200000   -0.0105743
  23.6400000   -0.0081812
  23.6600000   -0.0050478
  23.6800000   -0.0013047
  23.7000000    0.0028898
  23.7200000    0.0073548
  23.7400000    0.0118941
  23.7600000    0.0163052
  23.7800000    0.0203894
  23.8000000    0.0239623
  23.8200000    0.0268650
  23.8400000    0.0289733
  23.8600000    0.0302057
  23.8800000    0.0305289
  23.9000000    0.0299606
  23.9200000    0.0285688
  23.9400000    0.0264688
  23.9600000    0.0238165
  23.9800000    0.0208001
  24.0000000    0.0176292
  24.0200000    0.0145230
  24.0400000    0.0116975
  24.0600000    0.0093540
  24.0800000    0.0076666
  24.1000000    0.0067733
  24.1200000    0.0067680
  24.1400000    0.0076957
  24.1600000    0.0095508
  24.1800000    0.0122788
  24.2000000    0.0157803
  24.2200000    0.0199186
  24.2400000    0.0245289
  24.2600000    0.0294287
  24.2800000    0.0344284
  24.3000000    0.0393414
  24.3200000    0.0439924
  24.3400000    0.0482238
  24.3600000    0.0518996
  24.3800000    0.0549069
  24.4000000    0.0571560
  24.4200000    0.0585788
  24.4400000    0.0591275
  24.4600000    0.0587727
  24.4800000    0.0575037
  24.5000000    0.0553284
  24.5200000    0.0522747
  24.5400000    0.0483926
  24.5600000    0.0437553
  24.5800000    0.0384599
  24.6000000    0.0326269
  24.6200000    0.0263976
  24.6400000    0.0199306
  24.6600000    0.0133966
  24.6800000    0.0069729
  24.7000000    0.0008376
  24.7200000   -0.0048360
  24.7400000   -0.0098843
  24.7600000   -0.0141577
  24.7800000   -0.0175257
  24.8000000   -0.0198807
  24.8200000   -0.0211435
  24.8400000   -0.0212685
  24.8600000   -0.0202496
  24.8800000   -0.0181250
  24.9000000   -0.0149814
  24.9200000   -0.0109555
  24.9400000   -0.0062321
  24.9600000   -0.0010384
  24.9800000    0.0043655
  25.0000000    0.0096995
  25.0200000    0.0146796
  25.0400000    0.0190338
  25.0600000    0.0225182
  25.0800000    0.0249304
  25.1000000    0.0261192
  25.1200000    0.0259898
  25.1400000    0.0245044
  25.1600000    0.0216782
  25.1800000    0.0175721
  25.2000000    0.0122836
  25.2200000    0.0059368
  25.2400000   -0.0013271
  25.2600000   -0.0093570
  25.2800000   -0.0179976
  25.3000000   -0.0270916
  25.3200000   -0.0364800
  25.3400000   -0.0460009
  25.3600000   -0.0554871
  25.3800000   -0.0647637
  25.4000000   -0.0736468
  25.4200000   -0.0819441
  25.4400000   -0.0894570
  25.4600000   -0.0959857
  25.4800000   -0.1013364
  25.5000000   -0.1053301
  25.5200000   -0.1078127
  25.5400000   -0.1086654
  25.5600000   -0.1078137
  25.5800000   -0.1052350
  25.6000000   -0.1009637
  25.6200000   -0.0950916
  25.6400000   -0.0877659
  25.6600000   -0.0791830
  25.6800000   -0.0695788
  25.7000000   -0.0592171
  25.7200000   -0.0483767
  25.7400000   -0.0373383
  25.7600000   -0.0263725
  25.7800000   -0.0157298
  25.8000000   -0.0056327
  25.8200000    0.0037291
  25.8400000    0.0122010
  25.8600000    0.0196643
  25.8800000    0.0260347
  25.9000000    0.0312605
  25.9200000    0.0353203
  25.9400000    0.0382208
  25.9600000    0.0399945
  25.9800000    0.0406978
  26.0000000    0.0404089
  26.0200000    0.0392251
  26.0400000    0.0372602
  26.0600000    0.0346409
  26.0800000    0.0315028
  26.1000000    0.0279861
  26.1200000    0.0242317
  26.1400000    0.0203766
  26.1600000    0.0165508
  26.1800000    0.0128733
  26.2000000    0.0094495
  26.2200000    0.0063681
  26.2400000    0.0036980
  26.2600000    0.0014859
  26.2800000   -0.0002466
  26.3000000   -0.0015043
  26.3200000   -0.0023187
  26.3400000   -0.0027469
  26.3600000   -0.0028676
  26.3800000   -0.0027748
  26.4000000   -0.0025696
  26.4200000   -0.0023503
  26.4400000   -0.0022023
  26.4600000   -0.0021881
  26.4800000   -0.0023400
  26.5000000   -0.0026563
  26.5200000   -0.0031010
  26.5400000   -0.0036076
  26.5600000   -0.0040878
  26.5800000   -0.0044425
  26.6000000   -0.0045741
  26.6200000   -0.0043994
  26.6400000   -0.0038608
  26.6600000   -0.0029345
  26.6800000   -0.0016343
  26.7000000   -0.0000117
  26.7200000    0.0018482
  26.7400000    0.0038350
  26.7600000    0.0058229
  26.7800000    0.0076829
  26.8000000    0.0092945
  26.8200000    0.0105562
  26.8400000    0.0113946
  26.8600000    0.0117705
  26.8800000    0.0116816
  26.9000000    0.0111625
  26.9200000    0.0102807
  26.9400000    0.0091307
  26.9600000    0.0078248
  26.9800000    0.0064826
  27.0000000    0.0052200
  27.0200000    0.0041383
  27.0400000    0.0033143
  27.0600000    0.0027932
  27.0800000    0.0025846
  27.1000000    0.0026616
  27.1200000    0.0029642
  27.1400000    0.0034059
  27.1600000    0.0038828
  27.1800000    0.0042851
  27.2000000    0.0045079
  27.2200000    0.0044627
  27.2400000    0.0040858
  27.2600000    0.0033447
  27.2800000    0.0022403
  27.3000000    0.0008069
  27.3200000   -0.0008920
  27.3400000   -0.0027702
  27.3600000   -0.0047263
  27.3800000   -0.0066520
  27.4000000   -0.0084408
  27.4200000   -0.0099943
  27.4400000   -0.0112277
  27.4600000   -0.0120726
  27.4800000   -0.0124792
  27.5000000   -0.0124156
  27.5200000   -0.0118673
  27.5400000   -0.0108362
  27.5600000   -0.0093385
  27.5800000   -0.0074050
  27.6000000   -0.0050792
  27.6200000   -0.0024177
  27.6400000    0.0005111
  27.6600000    0.0036277
  27.6800000    0.0068438
  27.7000000    0.0100652
  27.7200000    0.0131951
  27.7400000    0.0161389
  27.7600000    0.0188085
  27.7800000    0.0211266
  27.8000000    0.0230310
  27.8200000    0.0244771
  27.8400000    0.0254402
  27.8600000    0.0259165
  27.8800000    0.0259228
  27.9000000    0.0254953
  27.9200000    0.0246884
  27.9400000    0.0235715
  27.9600000    0.0222264
  27.9800000    0.0207438
  28.0000000    0.0192194
  28.0200000    0.0177497
  28.0400000    0.0164284
  28.0600000    0.0153417
  28.0800000    0.0145649
  28.1000000    0.0141592
  28.1200000    0.0141685
  28.1400000    0.0146178
  28.1600000    0.0155120
  28.1800000    0.0168354
  28.2000000    0.0185524
  28.2200000    0.0206085
  28.2400000    0.0229319
  28.2600000    0.0254364
  28.2800000    0.0280236
  28.3000000    0.0305869
  28.3200000    0.0330150
  28.3400000    0.0351968
  28.3600000    0.0370265
  28.3800000    0.0384085
  28.4000000    0.0392632
  28.4200000    0.0395322
  28.4400000    0.0391819
  28.4600000    0.0382072
  28.4800000    0.0366322
  28.5000000    0.0345096
  28.5200000    0.0319178
  28.5400000    0.0289564
  28.5600000    0.0257394
  28.5800000    0.0223887
  28.6000000    0.0190261
  28.6200000    0.0157666
  28.6400000    0.0127121
  28.6600000    0.0099463
  28.6800000    0.0075318
  28.7000000    0.0055075
  28.7200000    0.0038889
  28.7400000    0.0026683
  28.7600000    0.0018164
  28.7800000    0.0012853
  28.8000000    0.0010110
  28.8200000    0.0009172
  28.8400000    0.0009191
  28.8600000    0.0009279
  28.8800000    0.0008556
  28.9000000    0.0006198
  28.9200000    0.0001491
  28.9400000   -0.0006120
  28.9600000   -0.0016985
  28.9800000   -0.0031213
  29.0000000   -0.0048655
  29.0200000   -0.0068899
  29.0400000   -0.0091297
  29.0600000   -0.0115010
  29.0800000   -0.0139073
  29.1000000   -0.0162482
  29.1200000   -0.0184277
  29.1400000   -0.0203627
  29.1600000   -0.0219898
  29.1800000   -0.0232684
  29.2000000   -0.0241822
  29.2200000   -0.0247360
  29.2400000   -0.0249505
  29.2600000   -0.0248552
  29.2800000   -0.0244803
  29.3000000   -0.0238508
  29.3200000   -0.0229812
  29.3400000   -0.0218747
  29.3600000   -0.0205246
  29.3800000   -0.0189191
  29.4000000   -0.0170471
  29.4200000   -0.0149054
  29.4400000   -0.0125042
  29.4600000   -0.0098711
  29.4800000   -0.0070516
  29.5000000   -0.0041079
  29.5200000   -0.0011135
  29.5400000    0.0018527
  29.5600000    0.0047136
  29.5800000    0.0074003
  29.6000000    0.0098574
  29.6200000    0.0120463
  29.6400000    0.0139463
  29.6600000    0.0155542
  29.6800000    0.0168818
  29.7000000    0.0179536
  29.7200000    0.0188032
  29.7400000    0.0194708
  29.7600000    0.0199997
  29.7800000    0.0204347
  29.8000000    0.0208190
  29.8200000    0.0211926
  29.8400000    0.0215891
  29.8600000    0.0220339
  29.8800000    0.0225410
  29.9000000    0.0231119
  29.9200000    0.0237338
  29.9400000    0.0243808
  29.9600000    0.0250151
  29.9800000    0.0255907
  30.0000000    0.0260580
