 -10.0000000    0.0094849
  -9.9800000    0.0108682
  -9.9600000    0.0122588
  -9.9400000    0.0135405
  -9.9200000    0.0145924
  -9.9000000    0.0152974
  -9.8800000    0.0155506
  -9.8600000    0.0152682
  -9.8400000    0.0143942
  -9.8200000    0.0129060
  -9.8000000    0.0108171
  -9.7800000    0.0081775
  -9.7600000    0.0050713
  -9.7400000    0.0016112
  -9.7200000   -0.0020680
  -9.7000000   -0.0058179
  -9.6800000   -0.0094865
  -9.6600000   -0.0129264
  -9.6400000   -0.0160039
  -9.6200000   -0.0186056
  -9.6000000   -0.0206432
  -9.5800000   -0.0220563
  -9.5600000   -0.0228122
  -9.5400000   -0.0229046
  -9.5200000   -0.0223499
  -9.5000000   -0.0211828
  -9.4800000   -0.0194515
  -9.4600000   -0.0172135
  -9.4400000   -0.0145320
  -9.4200000   -0.0114732
  -9.4000000   -0.0081051
  -9.3800000   -0.0044972
  -9.3600000   -0.0007205
  -9.3400000    0.0031519
  -9.3200000    0.0070453
  -9.3000000    0.0108834
  -9.2800000    0.0145897
  -9.2600000    0.0180895
  -9.2400000    0.0213121
  -9.2200000    0.0241931
  -9.2000000    0.0266769
  -9.1800000    0.0287183
  -9.1600000    0.0302839
  -9.1400000    0.0313526
  -9.1200000    0.0319156
  -9.1000000    0.0319761
  -9.0800000    0.0315485
  -9.0600000    0.0306582
  -9.0400000    0.0293410
  -9.0200000    0.0276425
  -9.0000000    0.0256183
  -8.9800000    0.0233336
  -8.9600000    0.0208630
  -8.9400000    0.0182895
  -8.9200000    0.0157037
  -8.9000000    0.0132015
  -8.8800000    0.0108811
  -8.8600000    0.0088397
  -8.8400000    0.0071684
  -8.8200000    0.0059476
  -8.8000000    0.0052411
  -8.7800000    0.0050914
  -8.7600000    0.0055150
  -8.7400000    0.0064997
  -8.7200000    0.0080036
  -8.7000000    0.0099554
  -8.6800000    0.0122582
  -8.6600000    0.0147946
  -8.6400000    0.0174333
  -8.6200000    0.0200367
  -8.6000000    0.0224696
  -8.5800000    0.0246061
  -8.5600000    0.0263365
  -8.5400000    0.0275723
  -8.5200000    0.0282497
  -8.5000000    0.0283313
  -8.4800000    0.0278067
  -8.4600000    0.0266919
  -8.4400000    0.0250271
  -8.4200000    0.0228749
  -8.4000000    0.0203170
  -8.3800000    0.0174504
  -8.3600000    0.0143835
  -8.3400000    0.0112308
  -8.3200000    0.0081087
  -8.3000000    0.0051294
  -8.2800000    0.0023960
  -8.2600000   -0.0000011
  -8.2400000   -0.0019883
  -8.2200000   -0.0035106
  -8.2000000   -0.0045317
  -8.1800000   -0.0050342
  -8.1600000   -0.0050173
  -8.1400000   -0.0044952
  -8.1200000   -0.0034945
  -8.1000000   -0.0020530
  -8.0800000   -0.0002183
  -8.0600000    0.0019531
  -8.0400000    0.0043953
  -8.0200000    0.0070340
  -8.0000000    0.0097859
  -7.9800000    0.0125612
  -7.9600000    0.0152649
  -7.9400000    0.0178006
  -7.9200000    0.0200747
  -7.9000000    0.0220006
  -7.8800000    0.0235031
  -7.8600000    0.0245218
  -7.8400000    0.0250135
  -7.8200000    0.0249528
  -7.8000000    0.0243320
  -7.7800000    0.0231589
  -7.7600000    0.0214552
  -7.7400000    0.0192541
  -7.7200000    0.0165982
  -7.7000000    0.0135391
  -7.6800000    0.0101361
  -7.6600000    0.0064572
  -7.6400000    0.0025781
  -7.6200000   -0.0014174
  -7.6000000   -0.0054387
  -7.5800000   -0.0093909
  -7.5600000   -0.0131777
  -7.5400000   -0.0167056
  -7.5200000   -0.0198878
  -7.5000000   -0.0226484
  -7.4800000   -0.0249258
  -7.4600000   -0.0266743
  -7.4400000   -0.0278658
  -7.4200000   -0.0284889
  -7.4000000   -0.0285484
  -7.3800000   -0.0280636
  -7.3600000   -0.0270668
  -7.3400000   -0.0256021
  -7.3200000   -0.0237243
  -7.3000000   -0.0214980
  -7.2800000   -0.0189971
  -7.2600000   -0.0163031
  -7.2400000   -0.0135036
  -7.2200000   -0.0106901
  -7.2000000   -0.0079542
  -7.1800000   -0.0053848
  -7.1600000   -0.0030638
  -7.1400000   -0.0010639
  -7.1200000    0.0005543
  -7.1000000    0.0017431
  -7.0800000    0.0024678
  -7.0600000    0.0027060
  -7.0400000    0.0024465
  -7.0200000    0.0016887
  -7.0000000    0.0004417
  -6.9800000   -0.0012747
  -6.9600000   -0.0034289
  -6.9400000   -0.0059759
  -6.9200000   -0.0088560
  -6.9000000   -0.0119937
  -6.8800000   -0.0152993
  -6.8600000   -0.0186711
  -6.8400000   -0.0220006
  -6.8200000   -0.0251791
  -6.8000000   -0.0281052
  -6.7800000   -0.0306925
  -6.7600000   -0.0328765
  -6.7400000   -0.0346195
  -6.7200000   -0.0359125
  -6.7000000   -0.0367745
  -6.6800000   -0.0372485
  -6.6600000   -0.0373951
  -6.6400000   -0.0372842
  -6.6200000   -0.0369867
  -6.6000000   -0.0365657
  -6.5800000   -0.0360697
  -6.5600000   -0.0355279
  -6.5400000   -0.0349476
  -6.5200000   -0.0343150
  -6.5000000   -0.0335975
  -6.4800000   -0.0327478
  -6.4600000   -0.0317098
  -6.4400000   -0.0304241
  -6.4200000   -0.0288333
  -6.4000000   -0.0268869
  -6.3800000   -0.0245447
  -6.3600000   -0.0217790
  -6.3400000   -0.0185760
  -6.3200000   -0.0149355
  -6.3000000   -0.0108703
  -6.2800000   -0.0064049
  -6.2600000   -0.0015743
  -6.2400000    0.0035783
  -6.2200000    0.0090020
  -6.2000000    0.0146400
  -6.1800000    0.0204294
  -6.1600000    0.0263014
  -6.1400000    0.0321805
  -6.1200000    0.0379836
  -6.1000000    0.0436185
  -6.0800000    0.0489836
  -6.0600000    0.0539677
  -6.0400000    0.0584509
  -6.0200000    0.0623086
  -6.0000000    0.0654154
  -5.9800000    0.0676523
  -5.9600000    0.0689142
  -5.9400000    0.0691184
  -5.9200000    0.0682128
  -5.9000000    0.0661826
  -5.8800000    0.0630550
  -5.8600000    0.0589009
  -5.8400000    0.0538332
  -5.8200000    0.0480018
  -5.8000000    0.0415862
  -5.7800000    0.0347848
  -5.7600000    0.0278042
  -5.7400000    0.0208471
  -5.7200000    0.0141021
  -5.7000000    0.0077340
  -5.6800000    0.0018774
  -5.6600000   -0.0033670
  -5.6400000   -0.0079343
  -5.6200000   -0.0117933
  -5.6000000   -0.0149430
  -5.5800000   -0.0174073
  -5.5600000   -0.0192287
  -5.5400000   -0.0204619
  -5.5200000   -0.0211672
  -5.5000000   -0.0214063
  -5.4800000   -0.0212373
  -5.4600000   -0.0207136
  -5.4400000   -0.0198823
  -5.4200000   -0.0187853
  -5.4000000   -0.0174604
  -5.3800000   -0.0159436
  -5.3600000   -0.0142718
  -5.3400000   -0.0124839
  -5.3200000   -0.0106231
  -5.3000000   -0.0087374
  -5.2800000   -0.0068793
  -5.2600000   -0.0051048
  -5.2400000   -0.0034719
  -5.2200000   -0.0020378
  -5.2000000   -0.0008565
  -5.1800000    0.0000253
  -5.1600000    0.0005706
  -5.1400000    0.0007557
  -5.1200000    0.0005732
  -5.1000000    0.0000337
  -5.0800000   -0.0008330
  -5.0600000   -0.0019776
  -5.0400000   -0.0033333
  -5.0200000   -0.0048186
  -5.0000000   -0.0063424
  -4.9800000   -0.0078098
  -4.9600000   -0.0091292
  -4.9400000   -0.0102196
  -4.9200000   -0.0110178
  -4.9000000   -0.0114835
  -4.8800000   -0.0116038
  -4.8600000   -0.0113933
  -4.8400000   -0.0108936
  -4.8200000   -0.0101686
  -4.8000000   -0.0092980
  -4.7800000   -0.0083703
  -4.7600000   -0.0074740
  -4.7400000   -0.0066912
  -4.7200000   -0.0060912
  -4.7000000   -0.0057273
  -4.6800000   -0.0056355
  -4.6600000   -0.0058354
  -4.6400000   -0.0063333
  -4.6200000   -0.0071256
  -4.6000000   -0.0082030
  -4.5800000   -0.0095538
  -4.5600000   -0.0111659
  -4.5400000   -0.0130279
  -4.5200000   -0.0151283
  -4.5000000   -0.0174536
  -4.4800000   -0.0199865
  -4.4600000   -0.0227031
  -4.4400000   -0.0255711
  -4.4200000   -0.0285489
  -4.4000000   -0.0315861
  -4.3800000   -0.0346240
  -4.3600000   -0.0375987
  -4.3400000   -0.0404430
  -4.3200000   -0.0430893
  -4.3000000   -0.0454724
  -4.2800000   -0.0475305
  -4.2600000   -0.0492073
  -4.2400000   -0.0504517
  -4.2200000   -0.0512181
  -4.2000000   -0.0514670
  -4.1800000   -0.0511648
  -4.1600000   -0.0502858
  -4.1400000   -0.0488131
  -4.1200000   -0.0467423
  -4.1000000   -0.0440836
  -4.0800000   -0.0408651
  -4.0600000   -0.0371348
  -4.0400000   -0.0329615
  -4.0200000   -0.0284340
  -4.0000000   -0.0236583
  -3.9800000   -0.0187535
  -3.9600000   -0.0138459
  -3.9400000   -0.0090622
  -3.9200000   -0.0045231
  -3.9000000   -0.0003371
  -3.8800000    0.0034046
  -3.8600000    0.0066319
  -3.8400000    0.0092973
  -3.8200000    0.0113765
  -3.8000000    0.0128676
  -3.7800000    0.0137883
  -3.7600000    0.0141734
  -3.7400000    0.0140710
  -3.7200000    0.0135384
  -3.7000000    0.0126376
  -3.6800000    0.0114312
  -3.6600000    0.0099778
  -3.6400000    0.0083287
  -3.6200000    0.0065244
  -3.6000000    0.0045932
  -3.5800000    0.0025508
  -3.5600000    0.0004010
  -3.5400000   -0.0018614
  -3.5200000   -0.0042472
  -3.5000000   -0.0067678
  -3.4800000   -0.0094313
  -3.4600000   -0.0122376
  -3.4400000   -0.0151752
  -3.4200000   -0.0182193
  -3.4000000   -0.0213303
  -3.3800000   -0.0244551
  -3.3600000   -0.0275282
  -3.3400000   -0.0304750
  -3.3200000   -0.0332148
  -3.3000000   -0.0356652
  -3.2800000   -0.0377457
  -3.2600000   -0.0393823
  -3.2400000   -0.0405119
  -3.2200000   -0.0410858
  -3.2000000   -0.0410737
  -3.1800000   -0.0404667
  -3.1600000   -0.0392796
  -3.1400000   -0.0375514
  -3.1200000   -0.0353452
  -3.1000000   -0.0327453
  -3.0800000   -0.0298534
  -3.0600000   -0.0267826
  -3.0400000   -0.0236503
  -3.0200000   -0.0205695
  -3.0000000   -0.0176414
  -2.9800000   -0.0149470
  -2.9600000   -0.0125411
  -2.9400000   -0.0104489
  -2.9200000   -0.0086636
  -2.9000000   -0.0071493
  -2.8800000   -0.0058446
  -2.8600000   -0.0046702
  -2.8400000   -0.0035374
  -2.8200000   -0.0023574
  -2.8000000   -0.0010509
  -2.7800000    0.0004450
  -2.7600000    0.0021711
  -2.7400000    0.0041435
  -2.7200000    0.0063544
  -2.7000000    0.0087751
  -2.6800000    0.0113609
  -2.6600000    0.0140572
  -2.6400000    0.0168059
  -2.6200000    0.0195503
  -2.6000000    0.0222389
  -2.5800000    0.0248269
  -2.5600000    0.0272766
  -2.5400000    0.0295554
  -2.5200000    0.0316334
  -2.5000000    0.0334810
  -2.4800000    0.0350665
  -2.4600000    0.0363548
  -2.4400000    0.0373073
  -2.4200000    0.0378827
  -2.4000000    0.0380392
  -2.3800000    0.0377376
  -2.3600000    0.0369440
  -2.3400000    0.0356336
  -2.3200000    0.0337943
  -2.3000000    0.0314301
  -2.2800000    0.0285637
  -2.2600000    0.0252394
  -2.2400000    0.0215241
  -2.2200000    0.0175081
  -2.2000000    0.0133036
  -2.1800000    0.0090415
  -2.1600000    0.0048662
  -2.1400000    0.0009284
  -2.1200000   -0.0026241
  -2.1000000   -0.0056561
  -2.0800000   -0.0080555
  -2.0600000   -0.0097415
  -2.0400000   -0.0106721
  -2.0200000   -0.0108475
  -2.0000000   -0.0103098
  -1.9800000   -0.0091397
  -1.9600000   -0.0074483
  -1.9400000   -0.0053678
  -1.9200000   -0.0030387
  -1.9000000   -0.0005989
  -1.8800000    0.0018280
  -1.8600000    0.0041407
  -1.8400000    0.0062657
  -1.8200000    0.0081587
  -1.8000000    0.0098028
  -1.7800000    0.0112035
  -1.7600000    0.0123812
  -1.7400000    0.0133636
  -1.7200000    0.0141770
  -1.7000000    0.0148401
  -1.6800000    0.0153595
  -1.6600000    0.0157280
  -1.6400000    0.0159261
  -1.6200000    0.0159257
  -1.6000000    0.0156962
  -1.5800000    0.0152111
  -1.5600000    0.0144545
  -1.5400000    0.0134268
  -1.5200000    0.0121477
  -1.5000000    0.0106573
  -1.4800000    0.0090139
  -1.4600000    0.0072898
  -1.4400000    0.0055659
  -1.4200000    0.0039246
  -1.4000000    0.0024443
  -1.3800000    0.0011938
  -1.3600000    0.0002291
  -1.3400000   -0.0004084
  -1.3200000   -0.0006922
  -1.3000000   -0.0006094
  -1.2800000   -0.0001601
  -1.2600000    0.0006442
  -1.2400000    0.0017794
  -1.2200000    0.0032087
  -1.2000000    0.0048797
  -1.1800000    0.0067215
  -1.1600000    0.0086430
  -1.1400000    0.0105304
  -1.1200000    0.0122484
  -1.1000000    0.0136426
  -1.0800000    0.0145457
  -1.0600000    0.0147852
  -1.0400000    0.0141944
  -1.0200000    0.0126243
  -1.0000000    0.0099554
  -0.9800000    0.0061096
  -0.9600000    0.0010595
  -0.9400000   -0.0051645
  -0.9200000   -0.0124700
  -0.9000000   -0.0207028
  -0.8800000   -0.0296488
  -0.8600000   -0.0390402
  -0.8400000   -0.0485626
  -0.8200000   -0.0578642
  -0.8000000   -0.0665653
  -0.7800000   -0.0742685
  -0.7600000   -0.0805682
  -0.7400000   -0.0850603
  -0.7200000   -0.0873512
  -0.7000000   -0.0870677
  -0.6800000   -0.0838674
  -0.6600000   -0.0774503
  -0.6400000   -0.0675728
  -0.6200000   -0.0540634
  -0.6000000   -0.0368415
  -0.5800000   -0.0159371
  -0.5600000    0.0084870
  -0.5400000    0.0361150
  -0.5200000    0.0664602
  -0.5000000    0.0988537
  -0.4800000    0.1324422
  -0.4600000    0.1661995
  -0.4400000    0.1989519
  -0.4200000    0.2294224
  -0.4000000    0.2562892
  -0.3800000    0.2782593
  -0.3600000    0.2941509
  -0.3400000    0.3029775
  -0.3200000    0.3040289
  -0.3000000    0.2969377
  -0.2800000    0.2817286
  -0.2600000    0.2588421
  -0.2400000    0.2291330
  -0.2200000    0.1938410
  -0.2000000    0.1545379
  -0.1800000    0.1130539
  -0.1600000    0.0713888
  -0.1400000    0.0316135
  -0.1200000   -0.0042314
  -0.1000000   -0.0342368
  -0.0800000   -0.0567179
  -0.0600000   -0.0702983
  -0.0400000   -0.0739770
  -0.0200000   -0.0671799
   0.0000000   -0.0497897
   0.0200000   -0.0221554
   0.0400000    0.0149200
   0.0600000    0.0602123
   0.0800000    0.1121277
   0.1000000    0.1687712
   0.1200000    0.2280275
   0.1400000    0.2876541
   0.1600000    0.3453801
   0.1800000    0.3990101
   0.2000000    0.4465266
   0.2200000    0.4861873
   0.2400000    0.5166113
   0.2600000    0.5368476
   0.2800000    0.5464194
   0.3000000    0.5453406
   0.3200000    0.5340998
   0.3400000    0.5136143
   0.3600000    0.4851542
   0.3800000    0.4502465
   0.4000000    0.4105665
   0.4200000    0.3678267
   0.4400000    0.3236756
   0.4600000    0.2796121
   0.4800000    0.2369243
   0.5000000    0.1966547
   0.5200000    0.1595897
   0.5400000    0.1262727
   0.5600000    0.0970329
   0.5800000    0.0720235
   0.6000000    0.0512638
   0.6200000    0.0346779
   0.6400000    0.0221264
   0.6600000    0.0134292
   0.6800000    0.0083776
   0.7000000    0.0067381
   0.7200000    0.0082487
   0.7400000    0.0126125
   0.7600000    0.0194895
   0.7800000    0.0284908
   0.8000000    0.0391778
   0.8200000    0.0510664
   0.8400000    0.0636370
   0.8600000    0.0763509
   0.8800000    0.0886702
   0.9000000    0.1000802
   0.9200000    0.1101122
   0.9400000    0.1183641
   0.9600000    0.1245175
   0.9800000    0.1283494
   1.0000000    0.1297380
   1.0200000    0.1286626
   1.0400000    0.1251971
   1.0600000    0.1194996
   1.0800000    0.1117973
   1.1000000    0.1023703
   1.1200000    0.0915338
   1.1400000    0.0796215
   1.1600000    0.0669701
   1.1800000    0.0539072
   1.2000000    0.0407408
   1.2200000    0.0277527
   1.2400000    0.0151941
   1.2600000    0.0032834
   1.2800000   -0.0077942
   1.3000000   -0.0178862
   1.3200000   -0.0268721
   1.3400000   -0.0346617
   1.3600000   -0.0411943
   1.3800000   -0.0464376
   1.4000000   -0.0503863
   1.4200000   -0.0530615
   1.4400000   -0.0545087
   1.4600000   -0.0547960
   1.4800000   -0.0540122
   1.5000000   -0.0522639
   1.5200000   -0.0496726
   1.5400000   -0.0463718
   1.5600000   -0.0425038
   1.5800000   -0.0382163
   1.6000000   -0.0336589
   1.6200000   -0.0289796
   1.6400000   -0.0243211
   1.6600000   -0.0198166
   1.6800000   -0.0155858
   1.7000000   -0.0117314
   1.7200000   -0.0083356
   1.7400000   -0.0054574
   1.7600000   -0.0031323
   1.7800000   -0.0013718
   1.8000000   -0.0001660
   1.8200000    0.0005142
   1.8400000    0.0007119
   1.8600000    0.0004809
   1.8800000   -0.0001194
   1.9000000   -0.0010265
   1.9200000   -0.0021772
   1.9400000   -0.0035081
   1.9600000   -0.0049550
   1.9800000   -0.0064511
   2.0000000   -0.0079257
   2.0200000   -0.0093029
   2.0400000   -0.0105018
   2.0600000   -0.0114383
   2.0800000   -0.0120290
   2.1000000   -0.0121959
   2.1200000   -0.0118728
   2.1400000   -0.0110111
   2.1600000   -0.0095850
   2.1800000   -0.0075942
   2.2000000   -0.0050644
   2.2200000   -0.0020448
   2.2400000    0.0013974
   2.2600000    0.0051843
   2.2800000    0.0092360
   2.3000000    0.0134788
   2.3200000    0.0178524
   2.3400000    0.0223144
   2.3600000    0.0268417
   2.3800000    0.0314285
   2.4000000    0.0360810
   2.4200000    0.0408098
   2.4400000    0.0456216
   2.4600000    0.0505102
   2.4800000    0.0554491
   2.5000000    0.0603873
   2.5200000    0.0652475
   2.5400000    0.0699283
   2.5600000    0.0743098
   2.5800000    0.0782615
   2.6000000    0.0816518
   2.6200000    0.0843578
   2.6400000    0.0862741
   2.6600000    0.0873198
   2.6800000    0.0874421
   2.7000000    0.0866174
   2.7200000    0.0848497
   2.7400000    0.0821658
   2.7600000    0.0786099
   2.7800000    0.0742374
   2.8000000    0.0691098
   2.8200000    0.0632902
   2.8400000    0.0568414
   2.8600000    0.0498265
   2.8800000    0.0423104
   2.9000000    0.0343642
   2.9200000    0.0260691
   2.9400000    0.0175208
   2.9600000    0.0088321
   2.9800000    0.0001346
   3.0000000   -0.0084233
   3.0200000   -0.0166795
   3.0400000   -0.0244650
   3.0600000   -0.0316117
   3.0800000   -0.0379617
   3.1000000   -0.0433773
   3.1200000   -0.0477497
   3.1400000   -0.0510068
   3.1600000   -0.0531187
   3.1800000   -0.0541008
   3.2000000   -0.0540128
   3.2200000   -0.0529565
   3.2400000   -0.0510693
   3.2600000   -0.0485162
   3.2800000   -0.0454801
   3.3000000   -0.0421510
   3.3200000   -0.0387158
   3.3400000   -0.0353486
   3.3600000   -0.0322030
   3.3800000   -0.0294068
   3.4000000   -0.0270592
   3.4200000   -0.0252304
   3.4400000   -0.0239635
   3.4600000   -0.0232783
   3.4800000   -0.0231753
   3.5000000   -0.0236397
   3.5200000   -0.0246453
   3.5400000   -0.0261558
   3.5600000   -0.0281259
   3.5800000   -0.0305000
   3.6000000   -0.0332108
   3.6200000   -0.0361781
   3.6400000   -0.0393072
   3.6600000   -0.0424904
   3.6800000   -0.0456084
   3.7000000   -0.0485358
   3.7200000   -0.0511462
   3.7400000   -0.0533199
   3.7600000   -0.0549507
   3.7800000   -0.0559523
   3.8000000   -0.0562637
   3.8200000   -0.0558518
   3.8400000   -0.0547117
   3.8600000   -0.0528658
   3.8800000   -0.0503595
   3.9000000   -0.0472573
   3.9200000   -0.0436369
   3.9400000   -0.0395845
   3.9600000   -0.0351898
   3.9800000   -0.0305422
   4.0000000   -0.0257281
   4.0200000   -0.0208285
   4.0400000   -0.0159184
   4.0600000   -0.0110657
   4.0800000   -0.0063315
   4.1000000   -0.0017708
   4.1200000    0.0025678
   4.1400000    0.0066403
   4.1600000    0.0104070
   4.1800000    0.0138314
   4.2000000    0.0168795
   4.2200000    0.0195192
   4.2400000    0.0217205
   4.2600000    0.0234555
   4.2800000    0.0247003
   4.3000000    0.0254359
   4.3200000    0.0256506
   4.3400000    0.0253420
   4.3600000    0.0245189
   4.3800000    0.0232032
   4.4000000    0.0214301
   4.4200000    0.0192484
   4.4400000    0.0167189
   4.4600000    0.0139122
   4.4800000    0.0109057
   4.5000000    0.0077801
   4.5200000    0.0046157
   4.5400000    0.0014885
   4.5600000   -0.0015324
   4.5800000   -0.0043876
   4.6000000   -0.0070289
   4.6200000   -0.0094202
   4.6400000   -0.0115381
   4.6600000   -0.0133711
   4.6800000   -0.0149194
   4.7000000   -0.0161933
   4.7200000   -0.0172116
   4.7400000   -0.0180001
   4.7600000   -0.0185885
   4.7800000   -0.0190083
   4.8000000   -0.0192893
   4.8200000   -0.0194573
   4.8400000   -0.0195312
   4.8600000   -0.0195219
   4.8800000   -0.0194306
   4.9000000   -0.0192501
   4.9200000   -0.0189657
   4.9400000   -0.0185577
   4.9600000   -0.0180049
   4.9800000   -0.0172878
   5.0000000   -0.0163918
   5.0200000   -0.0153105
   5.0400000   -0.0140474
   5.0600000   -0.0126168
   5.0800000   -0.0110445
   5.1000000   -0.0093660
   5.1200000   -0.0076249
   5.1400000   -0.0058702
   5.1600000   -0.0041535
   5.1800000   -0.0025256
   5.2000000   -0.0010334
   5.2200000    0.0002828
   5.2400000    0.0013911
   5.2600000    0.0022698
   5.2800000    0.0029075
   5.3000000    0.0033028
   5.3200000    0.0034621
   5.3400000    0.0033979
   5.3600000    0.0031256
   5.3800000    0.0026601
   5.4000000    0.0020132
   5.4200000    0.0011911
   5.4400000    0.0001931
   5.4600000   -0.0009884
   5.4800000   -0.0023667
   5.5000000   -0.0039586
   5.5200000   -0.0057802
   5.5400000   -0.0078437
   5.5600000   -0.0101529
   5.5800000   -0.0126997
   5.6000000   -0.0154615
   5.6200000   -0.0184006
   5.6400000   -0.0214637
   5.6600000   -0.0245849
   5.6800000   -0.0276889
   5.7000000   -0.0306952
   5.7200000   -0.0335241
   5.7400000   -0.0361014
   5.7600000   -0.0383635
   5.7800000   -0.0402612
   5.8000000   -0.0417625
   5.8200000   -0.0428538
   5.8400000   -0.0435394
   5.8600000   -0.0438405
   5.8800000   -0.0437915
   5.9000000   -0.0434367
   5.9200000   -0.0428257
   5.9400000   -0.0420088
   5.9600000   -0.0410321
   5.9800000   -0.0399336
   6.0000000   -0.0387399
   6.0200000   -0.0374647
   6.0400000   -0.0361083
   6.0600000   -0.0346598
   6.0800000   -0.0331004
   6.1000000   -0.0314090
   6.1200000   -0.0295676
   6.1400000   -0.0275679
   6.1600000   -0.0254167
   6.1800000   -0.0231390
   6.2000000   -0.0207799
   6.2200000   -0.0184027
   6.2400000   -0.0160853
   6.2600000   -0.0139141
   6.2800000   -0.0119767
   6.3000000   -0.0103550
   6.3200000   -0.0091180
   6.3400000   -0.0083179
   6.3600000   -0.0079868
   6.3800000   -0.0081365
   6.4000000   -0.0087599
   6.4200000   -0.0098337
   6.4400000   -0.0113215
   6.4600000   -0.0131769
   6.4800000   -0.0153460
   6.5000000   -0.0177688
   6.5200000   -0.0203795
   6.5400000   -0.0231065
   6.5600000   -0.0258717
   6.5800000   -0.0285909
   6.6000000   -0.0311735
   6.6200000   -0.0335246
   6.6400000   -0.0355469
   6.6600000   -0.0371446
   6.6800000   -0.0382263
   6.7000000   -0.0387104
   6.7200000   -0.0385279
   6.7400000   -0.0376268
   6.7600000   -0.0359745
   6.7800000   -0.0335600
   6.8000000   -0.0303952
   6.8200000   -0.0265154
   6.8400000   -0.0219795
   6.8600000   -0.0168694
   6.8800000   -0.0112896
   6.9000000   -0.0053656
   6.9200000    0.0007574
   6.9400000    0.0069173
   6.9600000    0.0129390
   6.9800000    0.0186385
   7.0000000    0.0238300
   7.0200000    0.0283326
   7.0400000    0.0319789
   7.0600000    0.0346231
   7.0800000    0.0361500
   7.1000000    0.0364814
   7.1200000    0.0355817
   7.1400000    0.0334608
   7.1600000    0.0301749
   7.1800000    0.0258233
   7.2000000    0.0205442
   7.2200000    0.0145074
   7.2400000    0.0079063
   7.2600000    0.0009488
   7.2800000   -0.0061516
   7.3000000   -0.0131842
   7.3200000   -0.0199485
   7.3400000   -0.0262601
   7.3600000   -0.0319563
   7.3800000   -0.0368992
   7.4000000   -0.0409793
   7.4200000   -0.0441166
   7.4400000   -0.0462627
   7.4600000   -0.0474008
   7.4800000   -0.0475455
   7.5000000   -0.0467421
   7.5200000   -0.0450641
   7.5400000   -0.0426108
   7.5600000   -0.0395030
   7.5800000   -0.0358785
   7.6000000   -0.0318864
   7.6200000   -0.0276812
   7.6400000   -0.0234173
   7.6600000   -0.0192426
   7.6800000   -0.0152942
   7.7000000   -0.0116938
   7.7200000   -0.0085448
   7.7400000   -0.0059302
   7.7600000   -0.0039126
   7.7800000   -0.0025339
   7.8000000   -0.0018167
   7.8200000   -0.0017663
   7.8400000   -0.0023720
   7.8600000   -0.0036090
   7.8800000   -0.0054397
   7.9000000   -0.0078138
   7.9200000   -0.0106684
   7.9400000   -0.0139280
   7.9600000   -0.0175033
   7.9800000   -0.0212919
   8.0000000   -0.0251786
   8.0200000   -0.0290377
   8.0400000   -0.0327367
   8.0600000   -0.0361410
   8.0800000   -0.0391203
   8.1000000   -0.0415555
   8.1200000   -0.0433459
   8.1400000   -0.0444154
   8.1600000   -0.0447177
   8.1800000   -0.0442393
   8.2000000   -0.0430004
   8.2200000   -0.0410535
   8.2400000   -0.0384789
   8.2600000   -0.0353794
   8.2800000   -0.0318728
   8.3000000   -0.0280842
   8.3200000   -0.0241380
   8.3400000   -0.0201509
   8.3600000   -0.0162261
   8.3800000   -0.0124488
   8.4000000   -0.0088843
   8.4200000   -0.0055771
   8.4400000   -0.0025519
   8.4600000    0.0001837
   8.4800000    0.0026361
   8.5000000    0.0048226
   8.5200000    0.0067672
   8.5400000    0.0084984
   8.5600000    0.0100463
   8.5800000    0.0114411
   8.6000000    0.0127125
   8.6200000    0.0138890
   8.6400000    0.0149980
   8.6600000    0.0160661
   8.6800000    0.0171194
   8.7000000    0.0181830
   8.7200000    0.0192812
   8.7400000    0.0204367
   8.7600000    0.0216699
   8.7800000    0.0229981
   8.8000000    0.0244342
   8.8200000    0.0259855
   8.8400000    0.0276522
   8.8600000    0.0294260
   8.8800000    0.0312888
   8.9000000    0.0332109
   8.9200000    0.0351506
   8.9400000    0.0370533
   8.9600000    0.0388519
   8.9800000    0.0404685
   9.0000000    0.0418164
   9.0200000    0.0428043
   9.0400000    0.0433410
   9.0600000    0.0433410
   9.0800000    0.0427307
   9.1000000    0.0414549
   9.1200000    0.0394818
   9.1400000    0.0368080
   9.1600000    0.0334614
   9.1800000    0.0295020
   9.2000000    0.0250215
   9.2200000    0.0201398
   9.2400000    0.0150004
   9.2600000    0.0097639
   9.2800000    0.0046002
   9.3000000   -0.0003195
   9.3200000   -0.0048312
   9.3400000   -0.0087858
   9.3600000   -0.0120558
   9.3800000   -0.0145410
   9.4000000   -0.0161719
   9.4200000   -0.0169119
   9.4400000   -0.0167578
   9.4600000   -0.0157383
   9.4800000   -0.0139119
   9.5000000   -0.0113634
   9.5200000   -0.0082007
   9.5400000   -0.0045497
   9.5600000   -0.0005502
   9.5800000    0.0036484
   9.6000000    0.0078926
   9.6200000    0.0120293
   9.6400000    0.0159112
   9.6600000    0.0194015
   9.6800000    0.0223786
   9.7000000    0.0247405
   9.7200000    0.0264083
   9.7400000    0.0273283
   9.7600000    0.0274736
   9.7800000    0.0268441
   9.8000000    0.0254664
   9.8200000    0.0233917
   9.8400000    0.0206946
   9.8600000    0.0174702
   9.8800000    0.0138320
   9.9000000    0.0099089
   9.9200000    0.0058411
   9.9400000    0.0017771
   9.9600000   -0.0021324
   9.9800000   -0.0057393
  10.0000000   -0.0089048
  10.0200000   -0.0115062
  10.0400000   -0.0134424
  10.0600000   -0.0146399
  10.0800000   -0.0150562
  10.1000000   -0.0146820
  10.1200000   -0.0135409
  10.1400000   -0.0116874
  10.1600000   -0.0092025
  10.1800000   -0.0061892
  10.2000000   -0.0027662
  10.2200000    0.0009383
  10.2400000    0.0047917
  10.2600000    0.0086629
  10.2800000    0.0124261
  10.3000000    0.0159648
  10.3200000    0.0191749
  10.3400000    0.0219672
  10.3600000    0.0242693
  10.3800000    0.0260268
  10.4000000    0.0272038
  10.4200000    0.0277826
  10.4400000    0.0277628
  10.4600000    0.0271588
  10.4800000    0.0259979
  10.5000000    0.0243175
  10.5200000    0.0221625
  10.5400000    0.0195840
  10.5600000    0.0166376
  10.5800000    0.0133841
  10.6000000    0.0098894
  10.6200000    0.0062252
  10.6400000    0.0024700
  10.6600000   -0.0012918
  10.6800000   -0.0049706
  10.7000000   -0.0084747
  10.7200000   -0.0117139
  10.7400000   -0.0146046
  10.7600000   -0.0170745
  10.7800000   -0.0190684
  10.8000000   -0.0205519
  10.8200000   -0.0215148
  10.8400000   -0.0219723
  10.8600000   -0.0219643
  10.8800000   -0.0215526
  10.9000000   -0.0208163
  10.9200000   -0.0198452
  10.9400000   -0.0187328
  10.9600000   -0.0175684
  10.9800000   -0.0164300
  11.0000000   -0.0153782
  11.0200000   -0.0144520
  11.0400000   -0.0136670
  11.0600000   -0.0130172
  11.0800000   -0.0124776
  11.1000000   -0.0120109
  11.1200000   -0.0115738
  11.1400000   -0.0111250
  11.1600000   -0.0106318
  11.1800000   -0.0100756
  11.2000000   -0.0094552
  11.2200000   -0.0087876
  11.2400000   -0.0081063
  11.2600000   -0.0074574
  11.2800000   -0.0068941
  11.3000000   -0.0064700
  11.3200000   -0.0062327
  11.3400000   -0.0062172
  11.3600000   -0.0064410
  11.3800000   -0.0069009
  11.4000000   -0.0075711
  11.4200000   -0.0084042
  11.4400000   -0.0093339
  11.4600000   -0.0102797
  11.4800000   -0.0111527
  11.5000000   -0.0118629
  11.5200000   -0.0123256
  11.5400000   -0.0124679
  11.5600000   -0.0122343
  11.5800000   -0.0115898
  11.6000000   -0.0105215
  11.6200000   -0.0090380
  11.6400000   -0.0071672
  11.6600000   -0.0049519
  11.6800000   -0.0024456
  11.7000000    0.0002929
  11.7200000    0.0032040
  11.7400000    0.0062316
  11.7600000    0.0093255
  11.7800000    0.0124433
  11.8000000    0.0155506
  11.8200000    0.0186201
  11.8400000    0.0216301
  11.8600000    0.0245623
  11.8800000    0.0273992
  11.9000000    0.0301212
  11.9200000    0.0327045
  11.9400000    0.0351186
  11.9600000    0.0373252
  11.9800000    0.0392769
  12.0000000    0.0409178
  12.0200000    0.0421850
  12.0400000    0.0430112
  12.0600000    0.0433285
  12.0800000    0.0430732
  12.1000000    0.0421913
  12.1200000    0.0406438
  12.1400000    0.0384121
  12.1600000    0.0355020
  12.1800000    0.0319461
  12.2000000    0.0278057
  12.2200000    0.0231695
  12.2400000    0.0181516
  12.2600000    0.0128874
  12.2800000    0.0075286
  12.3000000    0.0022370
  12.3200000   -0.0028225
  12.3400000   -0.0074896
  12.3600000   -0.0116158
  12.3800000   -0.0150719
  12.4000000   -0.0177552
  12.4200000   -0.0195950
  12.4400000   -0.0205572
  12.4600000   -0.0206470
  12.4800000   -0.0199085
  12.5000000   -0.0184231
  12.5200000   -0.0163047
  12.5400000   -0.0136924
  12.5600000   -0.0107425
  12.5800000   -0.0076184
  12.6000000   -0.0044808
  12.6200000   -0.0014785
  12.6400000    0.0012596
  12.6600000    0.0036306
  12.6800000    0.0055609
  12.7000000    0.0070072
  12.7200000    0.0079546
  12.7400000    0.0084128
  12.7600000    0.0084109
  12.7800000    0.0079909
  12.8000000    0.0072019
  12.8200000    0.0060946
  12.8400000    0.0047178
  12.8600000    0.0031164
  12.8800000    0.0013309
  12.9000000   -0.0006008
  12.9200000   -0.0026413
  12.9400000   -0.0047506
  12.9600000   -0.0068842
  12.9800000   -0.0089908
  13.0000000   -0.0110129
  13.0200000   -0.0128873
  13.0400000   -0.0145476
  13.0600000   -0.0159274
  13.0800000   -0.0169635
  13.1000000   -0.0175990
  13.1200000   -0.0177861
  13.1400000   -0.0174874
  13.1600000   -0.0166770
  13.1800000   -0.0153404
  13.2000000   -0.0134749
  13.2200000   -0.0110895
  13.2400000   -0.0082055
  13.2600000   -0.0048580
  13.2800000   -0.0010969
  13.3000000    0.0030109
  13.3200000    0.0073807
  13.3400000    0.0119095
  13.3600000    0.0164778
  13.3800000    0.0209531
  13.4000000    0.0251949
  13.4200000    0.0290622
  13.4400000    0.0324219
  13.4600000    0.0351567
  13.4800000    0.0371737
  13.5000000    0.0384099
  13.5200000    0.0388369
  13.5400000    0.0384614
  13.5600000    0.0373245
  13.5800000    0.0354974
  13.6000000    0.0330759
  13.6200000    0.0301733
  13.6400000    0.0269131
  13.6600000    0.0234225
  13.6800000    0.0198254
  13.7000000    0.0162379
  13.7200000    0.0127642
  13.7400000    0.0094940
  13.7600000    0.0065006
  13.7800000    0.0038404
  13.8000000    0.0015529
  13.8200000   -0.0003388
  13.8400000   -0.0018265
  13.8600000   -0.0029152
  13.8800000   -0.0036203
  13.9000000   -0.0039655
  13.9200000   -0.0039793
  13.9400000   -0.0036927
  13.9600000   -0.0031365
  13.9800000   -0.0023401
  14.0000000   -0.0013305
  14.0200000   -0.0001323
  14.0400000    0.0012306
  14.0600000    0.0027343
  14.0800000    0.0043529
  14.1000000    0.0060573
  14.1200000    0.0078142
  14.1400000    0.0095864
  14.1600000    0.0113336
  14.1800000    0.0130143
  14.2000000    0.0145874
  14.2200000    0.0160148
  14.2400000    0.0172631
  14.2600000    0.0183041
  14.2800000    0.0191156
  14.3000000    0.0196796
  14.3200000    0.0199809
  14.3400000    0.0200045
  14.3600000    0.0197329
  14.3800000    0.0191439
  14.4000000    0.0182097
  14.4200000    0.0168968
  14.4400000    0.0151681
  14.4600000    0.0129860
  14.4800000    0.0103178
  14.5000000    0.0071411
  14.5200000    0.0034501
  14.5400000   -0.0007385
  14.5600000   -0.0053817
  14.5800000   -0.0104075
  14.6000000   -0.0157155
  14.6200000   -0.0211793
  14.6400000   -0.0266520
  14.6600000   -0.0319740
  14.6800000   -0.0369820
  14.7000000   -0.0415185
  14.7200000   -0.0454418
  14.7400000   -0.0486344
  14.7600000   -0.0510105
  14.7800000   -0.0525208
  14.8000000   -0.0531553
  14.8200000   -0.0529435
  14.8400000   -0.0519517
  14.8600000   -0.0502790
  14.8800000   -0.0480499
  14.9000000   -0.0454067
  14.9200000   -0.0424998
  14.9400000   -0.0394787
  14.9600000   -0.0364827
  14.9800000   -0.0336334
  15.0000000   -0.0310283
  15.0200000   -0.0287378
  15.0400000   -0.0268036
  15.0600000   -0.0252409
  15.0800000   -0.0240413
  15.1000000   -0.0231789
  15.1200000   -0.0226162
  15.1400000   -0.0223102
  15.1600000   -0.0222179
  15.1800000   -0.0223001
  15.2000000   -0.0225242
  15.2200000   -0.0228639
  15.2400000   -0.0232982
  15.2600000   -0.0238092
  15.2800000   -0.0243779
  15.3000000   -0.0249816
  15.3200000   -0.0255901
  15.3400000   -0.0261639
  15.3600000   -0.0266534
  15.3800000   -0.0270000
  15.4000000   -0.0271384
  15.4200000   -0.0270011
  15.4400000   -0.0265238
  15.4600000   -0.0256519
  15.4800000   -0.0243466
  15.5000000   -0.0225910
  15.5200000   -0.0203944
  15.5400000   -0.0177943
  15.5600000   -0.0148565
  15.5800000   -0.0116713
  15.6000000   -0.0083485
  15.6200000   -0.0050087
  15.6400000   -0.0017747
  15.6600000    0.0012383
  15.6800000    0.0039317
  15.7000000    0.0062299
  15.7200000    0.0080852
  15.7400000    0.0094792
  15.7600000    0.0104218
  15.7800000    0.0109473
  15.8000000    0.0111087
  15.8200000    0.0109713
  15.8400000    0.0106062
  15.8600000    0.0100835
  15.8800000    0.0094679
  15.9000000    0.0088148
  15.9200000    0.0081681
  15.9400000    0.0075599
  15.9600000    0.0070107
  15.9800000    0.0065307
  16.0000000    0.0061218
  16.0200000    0.0057794
  16.0400000    0.0054943
  16.0600000    0.0052538
  16.0800000    0.0050429
  16.1000000    0.0048437
  16.1200000    0.0046356
  16.1400000    0.0043938
  16.1600000    0.0040884
  16.1800000    0.0036835
  16.2000000    0.0031374
  16.2200000    0.0024042
  16.2400000    0.0014368
  16.2600000    0.0001914
  16.2800000   -0.0013661
  16.3000000   -0.0032537
  16.3200000   -0.0054669
  16.3400000   -0.0079732
  16.3600000   -0.0107094
  16.3800000   -0.0135821
  16.4000000   -0.0164710
  16.4200000   -0.0192361
  16.4400000   -0.0217276
  16.4600000   -0.0237975
  16.4800000   -0.0253116
  16.5000000   -0.0261605
  16.5200000   -0.0262688
  16.5400000   -0.0256005
  16.5600000   -0.0241607
  16.5800000   -0.0219939
  16.6000000   -0.0191784
  16.6200000   -0.0158184
  16.6400000   -0.0120348
  16.6600000   -0.0079553
  16.6800000   -0.0037052
  16.7000000    0.0005991
  16.7200000    0.0048555
  16.7400000    0.0089781
  16.7600000    0.0128972
  16.7800000    0.0165564
  16.8000000    0.0199091
  16.8200000    0.0229139
  16.8400000    0.0255297
  16.8600000    0.0277131
  16.8800000    0.0294159
  16.9000000    0.0305864
  16.9200000    0.0311715
  16.9400000    0.0311220
  16.9600000    0.0303985
  16.9800000    0.0289781
  17.0000000    0.0268614
  17.0200000    0.0240765
  17.0400000    0.0206826
  17.0600000    0.0167698
  17.0800000    0.0124558
  17.1000000    0.0078806
  17.1200000    0.0031984
  17.1400000   -0.0014306
  17.1600000   -0.0058506
  17.1800000   -0.0099177
  17.2000000   -0.0135081
  17.2200000   -0.0165233
  17.2400000   -0.0188934
  17.2600000   -0.0205788
  17.2800000   -0.0215700
  17.3000000   -0.0218853
  17.3200000   -0.0215688
  17.3400000   -0.0206857
  17.3600000   -0.0193190
  17.3800000   -0.0175643
  17.4000000   -0.0155249
  17.4200000   -0.0133063
  17.4400000   -0.0110115
  17.4600000   -0.0087354
  17.4800000   -0.0065597
  17.5000000   -0.0045497
  17.5200000   -0.0027505
  17.5400000   -0.0011863
  17.5600000    0.0001402
  17.5800000    0.0012448
  17.6000000    0.0021593
  17.6200000    0.0029257
  17.6400000    0.0035908
  17.6600000    0.0042003
  17.6800000    0.0047931
  17.7000000    0.0053973
  17.7200000    0.0060269
  17.7400000    0.0066818
  17.7600000    0.0073480
  17.7800000    0.0080010
  17.8000000    0.0086095
  17.8200000    0.0091402
  17.8400000    0.0095619
  17.8600000    0.0098495
  17.8800000    0.0099863
  17.9000000    0.0099644
  17.9200000    0.0097843
  17.9400000    0.0094527
  17.9600000    0.0089793
  17.9800000    0.0083736
  18.0000000    0.0076419
  18.0200000    0.0067854
  18.0400000    0.0057992
  18.0600000    0.0046732
  18.0800000    0.0033938
  18.1000000    0.0019475
  18.1200000    0.0003241
  18.1400000   -0.0014795
  18.1600000   -0.0034559
  18.1800000   -0.0055853
  18.2000000   -0.0078348
  18.2200000   -0.0101585
  18.2400000   -0.0125000
  18.2600000   -0.0147947
  18.2800000   -0.0169741
  18.3000000   -0.0189694
  18.3200000   -0.0207152
  18.3400000   -0.0221527
  18.3600000   -0.0232322
  18.3800000   -0.0239147
  18.4000000   -0.0241729
  18.4200000   -0.0239908
  18.4400000   -0.0233643
  18.4600000   -0.0223000
  18.4800000   -0.0208152
  18.5000000   -0.0189375
  18.5200000   -0.0167047
  18.5400000   -0.0141644
  18.5600000   -0.0113743
  18.5800000   -0.0084009
  18.6000000   -0.0053187
  18.6200000   -0.0022077
  18.6400000    0.0008490
  18.6600000    0.0037696
  18.6800000    0.0064772
  18.7000000    0.0089045
  18.7200000    0.0109975
  18.7400000    0.0127184
  18.7600000    0.0140478
  18.7800000    0.0149839
  18.8000000    0.0155415
  18.8200000    0.0157487
  18.8400000    0.0156428
  18.8600000    0.0152656
  18.8800000    0.0146589
  18.9000000    0.0138605
  18.9200000    0.0129020
  18.9400000    0.0118069
  18.9600000    0.0105911
  18.9800000    0.0092638
  19.0000000    0.0078301
  19.0200000    0.0062936
  19.0400000    0.0046594
  19.0600000    0.0029371
  19.0800000    0.0011430
  19.1000000   -0.0006976
  19.1200000   -0.0025500
  19.1400000   -0.0043695
  19.1600000   -0.0061027
  19.1800000   -0.0076901
  19.2000000   -0.0090700
  19.2200000   -0.0101829
  19.2400000   -0.0109774
  19.2600000   -0.0114164
  19.2800000   -0.0114818
  19.3000000   -0.0111793
  19.3200000   -0.0105396
  19.3400000   -0.0096180
  19.3600000   -0.0084912
  19.3800000   -0.0072507
  19.4000000   -0.0059947
  19.4200000   -0.0048191
  19.4400000   -0.0038075
  19.4600000   -0.0030238
  19.4800000   -0.0025053
  19.5000000   -0.0022603
  19.5200000   -0.0022680
  19.5400000   -0.0024821
  19.5600000   -0.0028364
  19.5800000   -0.0032533
  19.6000000   -0.0036522
  19.6200000   -0.0039579
  19.6400000   -0.0041078
  19.6600000   -0.0040567
  19.6800000   -0.0037796
  19.7000000   -0.0032717
  19.7200000   -0.0025462
  19.7400000   -0.0016311
  19.7600000   -0.0005645
  19.7800000    0.0006098
  19.8000000    0.0018461
  19.8200000    0.0031005
  19.8400000    0.0043325
  19.8600000    0.0055066
  19.8800000    0.0065928
  19.9000000    0.0075673
  19.9200000    0.0084125
  19.9400000    0.0091178
  19.9600000    0.0096802
  19.9800000    0.0101044
  20.0000000    0.0104034
  20.0200000    0.0105982
  20.0400000    0.0107160
  20.0600000    0.0107883
  20.0800000    0.0108481
  20.1000000    0.0109261
  20.1200000    0.0110471
  20.1400000    0.0112266
  20.1600000    0.0114682
  20.1800000    0.0117617
  20.2000000    0.0120832
  20.2200000    0.0123959
  20.2400000    0.0126524
  20.2600000    0.0127985
  20.2800000    0.0127771
  20.3000000    0.0125334
  20.3200000    0.0120195
  20.3400000    0.0111987
  20.3600000    0.0100494
  20.3800000    0.0085670
  20.4000000    0.0067656
  20.4200000    0.0046765
  20.4400000    0.0023466
  20.4600000   -0.0001654
  20.4800000   -0.0027939
  20.5000000   -0.0054711
  20.5200000   -0.0081329
  20.5400000   -0.0107227
  20.5600000   -0.0131957
  20.5800000   -0.0155205
  20.6000000   -0.0176800
  20.6200000   -0.0196704
  20.6400000   -0.0214985
  20.6600000   -0.0231790
  20.6800000   -0.0247300
  20.7000000   -0.0261691
  20.7200000   -0.0275098
  20.7400000   -0.0287582
  20.7600000   -0.0299113
  20.7800000   -0.0309561
  20.8000000   -0.0318703
  20.8200000   -0.0326239
  20.8400000   -0.0331822
  20.8600000   -0.0335096
  20.8800000   -0.0335729
  20.9000000   -0.0333455
  20.9200000   -0.0328098
  20.9400000   -0.0319598
  20.9600000   -0.0308009
  20.9800000   -0.0293489
  21.0000000   -0.0276285
  21.0200000   -0.0256691
  21.0400000   -0.0235024
  21.0600000   -0.0211585
  21.0800000   -0.0186643
  21.1000000   -0.0160424
  21.1200000   -0.0133117
  21.1400000   -0.0104895
  21.1600000   -0.0075935
  21.1800000   -0.0046454
  21.2000000   -0.0016722
  21.2200000    0.0012923
  21.2400000    0.0042083
  21.2600000    0.0070323
  21.2800000    0.0097200
  21.3000000    0.0122303
  21.3200000    0.0145287
  21.3400000    0.0165903
  21.3600000    0.0184006
  21.3800000    0.0199551
  21.4000000    0.0212578
  21.4200000    0.0223180
  21.4400000    0.0231472
  21.4600000    0.0237564
  21.4800000    0.0241538
  21.5000000    0.0243447
  21.5200000    0.0243315
  21.5400000    0.0241155
  21.5600000    0.0236988
  21.5800000    0.0230868
  21.6000000    0.0222894
  21.6200000    0.0213223
  21.6400000    0.0202069
  21.6600000    0.0189696
  21.6800000    0.0176410
  21.7000000    0.0162539
  21.7200000    0.0148422
  21.7400000    0.0134396
  21.7600000    0.0120788
  21.7800000    0.0107907
  21.8000000    0.0096044
  21.8200000    0.0085463
  21.8400000    0.0076398
  21.8600000    0.0069047
  21.8800000    0.0063563
  21.9000000    0.0060046
  21.9200000    0.0058531
  21.9400000    0.0058984
  21.9600000    0.0061295
  21.9800000    0.0065274
  22.0000000    0.0070662
  22.0200000    0.0077132
  22.0400000    0.0084314
  22.0600000    0.0091812
  22.0800000    0.0099235
  22.1000000    0.0106229
  22.1200000    0.0112514
  22.1400000    0.0117910
  22.1600000    0.0122368
  22.1800000    0.0125977
  22.2000000    0.0128971
  22.2200000    0.0131707
  22.2400000    0.0134638
  22.2600000    0.0138265
  22.2800000    0.0143089
  22.3000000    0.0149555
  22.3200000    0.0158001
  22.3400000    0.0168617
  22.3600000    0.0181417
  22.3800000    0.0196227
  22.4000000    0.0212691
  22.4200000    0.0230287
  22.4400000    0.0248363
  22.4600000    0.0266174
  22.4800000    0.0282923
  22.5000000    0.0297811
  22.5200000    0.0310075
  22.5400000    0.0319026
  22.5600000    0.0324077
  22.5800000    0.0324775
  22.6000000    0.0320812
  22.6200000    0.0312045
  22.6400000    0.0298508
  22.6600000    0.0280413
  22.6800000    0.0258156
  22.7000000    0.0232314
  22.7200000    0.0203629
  22.7400000    0.0172988
  22.7600000    0.0141389
  22.7800000    0.0109893
  22.8000000    0.0079564
  22.8200000    0.0051412
  22.8400000    0.0026327
  22.8600000    0.0005020
  22.8800000   -0.0012019
  22.9000000   -0.0024544
  22.9200000   -0.0032553
  22.9400000   -0.0036275
  22.9600000   -0.0036121
  22.9800000   -0.0032641
  23.0000000   -0.0026464
  23.0200000   -0.0018246
  23.0400000   -0.0008631
  23.0600000    0.0001778
  23.0800000    0.0012422
  23.1000000    0.0022790
  23.1200000    0.0032402
  23.1400000    0.0040796
  23.1600000    0.0047520
  23.1800000    0.0052135
  23.2000000    0.0054227
  23.2200000    0.0053442
  23.2400000    0.0049515
  23.2600000    0.0042311
  23.2800000    0.0031861
  23.3000000    0.0018379
  23.3200000    0.0002266
  23.3400000   -0.0015904
  23.3600000   -0.0035426
  23.3800000   -0.0055508
  23.4000000   -0.0075338
  23.4200000   -0.0094142
  23.4400000   -0.0111243
  23.4600000   -0.0126102
  23.4800000   -0.0138344
  23.5000000   -0.0147767
  23.5200000   -0.0154332
  23.5400000   -0.0158134
  23.5600000   -0.0159375
  23.5800000   -0.0158315
  23.6000000   -0.0155245
  23.6200000   -0.0150452
  23.6400000   -0.0144206
  23.6600000   -0.0136745
  23.6800000   -0.0128286
  23.7000000   -0.0119039
  23.7200000   -0.0109221
  23.7400000   -0.0099082
  23.7600000   -0.0088916
  23.7800000   -0.0079069
  23.8000000   -0.0069937
  23.8200000   -0.0061942
  23.8400000   -0.0055506
  23.8600000   -0.0051009
  23.8800000   -0.0048739
  23.9000000   -0.0048851
  23.9200000   -0.0051325
  23.9400000   -0.0055938
  23.9600000   -0.0062262
  23.9800000   -0.0069672
  24.0000000   -0.0077382
  24.0200000   -0.0084497
  24.0400000   -0.0090082
  24.0600000   -0.0093228
  24.0800000   -0.0093132
  24.1000000   -0.0089161
  24.1200000   -0.0080899
  24.1400000   -0.0068189
  24.1600000   -0.0051140
  24.1800000   -0.0030127
  24.2000000   -0.0005767
  24.2200000    0.0021126
  24.2400000    0.0049584
  24.2600000    0.0078551
  24.2800000    0.0106942
  24.3000000    0.0133703
  24.3200000    0.0157869
  24.3400000    0.0178610
  24.3600000    0.0195265
  24.3800000    0.0207369
  24.4000000    0.0214655
  24.4200000    0.0217060
  24.4400000    0.0214696
  24.4600000    0.0207840
  24.4800000    0.0196893
  24.5000000    0.0182355
  24.5200000    0.0164794
  24.5400000    0.0144825
  24.5600000    0.0123088
  24.5800000    0.0100242
  24.6000000    0.0076959
  24.6200000    0.0053918
  24.6400000    0.0031809
  24.6600000    0.0011318
  24.6800000   -0.0006884
  24.7000000   -0.0022166
  24.7200000   -0.0033971
  24.7400000   -0.0041852
  24.7600000   -0.0045518
  24.7800000   -0.0044865
  24.8000000   -0.0040005
  24.8200000   -0.0031275
  24.8400000   -0.0019229
  24.8600000   -0.0004610
  24.8800000    0.0011704
  24.9000000    0.0028757
  24.9200000    0.0045587
  24.9400000    0.0061299
  24.9600000    0.0075124
  24.9800000    0.0086468
  25.0000000    0.0094943
  25.0200000    0.0100374
  25.0400000    0.0102787
  25.0600000    0.0102377
  25.0800000    0.0099467
  25.1000000    0.0094461
  25.1200000    0.0087791
  25.1400000    0.0079876
  25.1600000    0.0071087
  25.1800000    0.0061726
  25.2000000    0.0052020
  25.2200000    0.0042122
  25.2400000    0.0032125
  25.2600000    0.0022082
  25.2800000    0.0012029
  25.3000000    0.0001996
  25.3200000   -0.0007974
  25.3400000   -0.0017826
  25.3600000   -0.0027488
  25.3800000   -0.0036889
  25.4000000   -0.0045963
  25.4200000   -0.0054670
  25.4400000   -0.0063001
  25.4600000   -0.0070984
  25.4800000   -0.0078683
  25.5000000   -0.0086189
  25.5200000   -0.0093601
  25.5400000   -0.0101009
  25.5600000   -0.0108473
  25.5800000   -0.0116009
  25.6000000   -0.0123575
  25.6200000   -0.0131073
  25.6400000   -0.0138356
  25.6600000   -0.0145241
  25.6800000   -0.0151531
  25.7000000   -0.0157032
  25.7200000   -0.0161577
  25.7400000   -0.0165033
  25.7600000   -0.0167311
  25.7800000   -0.0168367
  25.8000000   -0.0168193
  25.8200000   -0.0166816
  25.8400000   -0.0164292
  25.8600000   -0.0160703
  25.8800000   -0.0156163
  25.9000000   -0.0150829
  25.9200000   -0.0144908
  25.9400000   -0.0138673
  25.9600000   -0.0132465
  25.9800000   -0.0126684
  26.0000000   -0.0121776
  26.0200000   -0.0118198
  26.0400000   -0.0116374
  26.0600000   -0.0116646
  26.0800000   -0.0119223
  26.1000000   -0.0124133
  26.1200000   -0.0131194
  26.1400000   -0.0139999
  26.1600000   -0.0149929
  26.1800000   -0.0160181
  26.2000000   -0.0169818
  26.2200000   -0.0177836
  26.2400000   -0.0183229
  26.2600000   -0.0185063
  26.2800000   -0.0182530
  26.3000000   -0.0175000
  26.3200000   -0.0162047
  26.3400000   -0.0143469
  26.3600000   -0.0119282
  26.3800000   -0.0089713
  26.4000000   -0.0055183
  26.4200000   -0.0016282
  26.4400000    0.0026251
  26.4600000    0.0071552
  26.4800000    0.0118655
  26.5000000    0.0166518
  26.5200000    0.0214053
  26.5400000    0.0260159
  26.5600000    0.0303763
  26.5800000    0.0343864
  26.6000000    0.0379579
  26.6200000    0.0410178
  26.6400000    0.0435127
  26.6600000    0.0454099
  26.6800000    0.0466983
  26.7000000    0.0473868
  26.7200000    0.0475018
  26.7400000    0.0470827
  26.7600000    0.0461774
  26.7800000    0.0448377
  26.8000000    0.0431154
  26.8200000    0.0410588
  26.8400000    0.0387119
  26.8600000    0.0361142
  26.8800000    0.0333014
  26.9000000    0.0303073
  26.9200000    0.0271661
  26.9400000    0.0239132
  26.9600000    0.0205869
  26.9800000    0.0172275
  27.0000000    0.0138773
  27.0200000    0.0105783
  27.0400000    0.0073709
  27.0600000    0.0042919
  27.0800000    0.0013735
  27.1000000   -0.0013576
  27.1200000   -0.0038801
  27.1400000   -0.0061776
  27.1600000   -0.0082375
  27.1800000   -0.0100507
  27.2000000   -0.0116103
  27.2200000   -0.0129115
  27.2400000   -0.0139522
  27.2600000   -0.0147331
  27.2800000   -0.0152588
  27.3000000   -0.0155386
  27.3200000   -0.0155876
  27.3400000   -0.0154268
  27.3600000   -0.0150837
  27.3800000   -0.0145920
  27.4000000   -0.0139904
  27.4200000   -0.0133225
  27.4400000   -0.0126347
  27.4600000   -0.0119744
  27.4800000   -0.0113884
  27.5000000   -0.0109195
  27.5200000   -0.0106040
  27.5400000   -0.0104687
  27.5600000   -0.0105278
  27.5800000   -0.0107805
  27.6000000   -0.0112100
  27.6200000   -0.0117829
  27.6400000   -0.0124510
  27.6600000   -0.0131541
  27.6800000   -0.0138246
  27.7000000   -0.0143929
  27.7200000   -0.0147931
  27.7400000   -0.0149685
  27.7600000   -0.0148763
  27.7800000   -0.0144909
  27.8000000   -0.0138057
  27.8200000   -0.0128329
  27.8400000   -0.0116023
  27.8600000   -0.0101584
  27.8800000   -0.0085579
  27.9000000   -0.0068657
  27.9200000   -0.0051520
  27.9400000   -0.0034890
  27.9600000   -0.0019478
  27.9800000   -0.0005958
  28.0000000    0.0005064
  28.0200000    0.0013079
  28.0400000    0.0017711
  28.0600000    0.0018745
  28.0800000    0.0016158
  28.1000000    0.0010139
  28.1200000    0.0001095
  28.1400000   -0.0010352
  28.1600000   -0.0023401
  28.1800000   -0.0037110
  28.2000000   -0.0050465
  28.2200000   -0.0062451
  28.2400000   -0.0072131
  28.2600000   -0.0078719
  28.2800000   -0.0081646
  28.3000000   -0.0080600
  28.3200000   -0.0075548
  28.3400000   -0.0066735
  28.3600000   -0.0054651
  28.3800000   -0.0039988
  28.4000000   -0.0023571
  28.4200000   -0.0006292
  28.4400000    0.0010966
  28.4600000    0.0027393
  28.4800000    0.0042309
  28.5000000    0.0055203
  28.5200000    0.0065757
  28.5400000    0.0073848
  28.5600000    0.0079541
  28.5800000    0.0083056
  28.6000000    0.0084741
  28.6200000    0.0085020
  28.6400000    0.0084356
  28.6600000    0.0083203
  28.6800000    0.0081970
  28.7000000    0.0080990
  28.7200000    0.0080505
  28.7400000    0.0080652
  28.7600000    0.0081471
  28.7800000    0.0082914
  28.8000000    0.0084869
  28.8200000    0.0087186
  28.8400000    0.0089708
  28.8600000    0.0092298
  28.8800000    0.0094867
  28.9000000    0.0097395
  28.9200000    0.0099940
  28.9400000    0.0102644
  28.9600000    0.0105717
  28.9800000    0.0109425
  29.0000000    0.0114052
  29.0200000    0.0119876
  29.0400000    0.0127121
  29.0600000    0.0135934
  29.0800000    0.0146354
  29.1000000    0.0158298
  29.1200000    0.0171563
  29.1400000    0.0185842
  29.1600000    0.0200752
  29.1800000    0.0215868
  29.2000000    0.0230766
  29.2200000    0.0245062
  29.2400000    0.0258434
  29.2600000    0.0270643
  29.2800000    0.0281532
  29.3000000    0.0291015
  29.3200000    0.0299053
  29.3400000    0.0305635
  29.3600000    0.0310748
  29.3800000    0.0314367
  29.4000000    0.0316448
  29.4200000    0.0316929
  29.4400000    0.0315747
  29.4600000    0.0312852
  29.4800000    0.0308231
  29.5000000    0.0301913
  29.5200000    0.0293981
  29.5400000    0.0284566
  29.5600000    0.0273837
  29.5800000    0.0261985
  29.6000000    0.0249204
  29.6200000    0.0235675
  29.6400000    0.0221561
  29.6600000    0.0206994
  29.6800000    0.0192089
  29.7000000    0.0176950
  29.7200000    0.0161690
  29.7400000    0.0146445
  29.7600000    0.0131392
  29.7800000    0.0116763
  29.8000000    0.0102853
  29.8200000    0.0090015
  29.8400000    0.0078652
  29.8600000    0.0069195
  29.8800000    0.0062072
  29.9000000    0.0057677
  29.9200000    0.0056316
  29.9400000    0.0058172
  29.9600000    0.0063258
  29.9800000    0.0071383
  30.0000000    0.0082129
