 -10.0000000   -0.0064779
  -9.9800000   -0.0044486
  -9.9600000   -0.0024186
  -9.9400000   -0.0004483
  -9.9200000    0.0014017
  -9.9000000    0.0030714
  -9.8800000    0.0045031
  -9.8600000    0.0056446
  -9.8400000    0.0064538
  -9.8200000    0.0069036
  -9.8000000    0.0069862
  -9.7800000    0.0067172
  -9.7600000    0.0061370
  -9.7400000    0.0053091
  -9.7200000    0.0043161
  -9.7000000    0.0032527
  -9.6800000    0.0022168
  -9.6600000    0.0013000
  -9.6400000    0.0005782
  -9.6200000    0.0001048
  -9.6000000   -0.0000943
  -9.5800000   -0.0000216
  -9.5600000    0.0002943
  -9.5400000    0.0008036
  -9.5200000    0.0014422
  -9.5000000    0.0021400
  -9.4800000    0.0028284
  -9.4600000    0.0034475
  -9.4400000    0.0039509
  -9.4200000    0.0043091
  -9.4000000    0.0045107
  -9.3800000    0.0045617
  -9.3600000    0.0044846
  -9.3400000    0.0043151
  -9.3200000    0.0040994
  -9.3000000    0.0038912
  -9.2800000    0.0037478
  -9.2600000    0.0037276
  -9.2400000    0.0038859
  -9.2200000    0.0042720
  -9.2000000    0.0049256
  -9.1800000    0.0058735
  -9.1600000    0.0071266
  -9.1400000    0.0086775
  -9.1200000    0.0104984
  -9.1000000    0.0125409
  -9.0800000    0.0147362
  -9.0600000    0.0169981
  -9.0400000    0.0192264
  -9.0200000    0.0213128
  -9.0000000    0.0231480
  -8.9800000    0.0246294
  -8.9600000    0.0256691
  -8.9400000    0.0262014
  -8.9200000    0.0261888
  -8.9000000    0.0256254
  -8.8800000    0.0245381
  -8.8600000    0.0229842
  -8.8400000    0.0210466
  -8.8200000    0.0188264
  -8.8000000    0.0164341
  -8.7800000    0.0139803
  -8.7600000    0.0115680
  -8.7400000    0.0092850
  -8.7200000    0.0072005
  -8.7000000    0.0053629
  -8.6800000    0.0038009
  -8.6600000    0.0025262
  -8.6400000    0.0015377
  -8.6200000    0.0008261
  -8.6000000    0.0003771
  -8.5800000    0.0001745
  -8.5600000    0.0002013
  -8.5400000    0.0004387
  -8.5200000    0.0008652
  -8.5000000    0.0014536
  -8.4800000    0.0021692
  -8.4600000    0.0029684
  -8.4400000    0.0037984
  -8.4200000    0.0045996
  -8.4000000    0.0053087
  -8.3800000    0.0058638
  -8.3600000    0.0062100
  -8.3400000    0.0063054
  -8.3200000    0.0061256
  -8.3000000    0.0056668
  -8.2800000    0.0049470
  -8.2600000    0.0040047
  -8.2400000    0.0028950
  -8.2200000    0.0016849
  -8.2000000    0.0004471
  -8.1800000   -0.0007455
  -8.1600000   -0.0018251
  -8.1400000   -0.0027324
  -8.1200000   -0.0034192
  -8.1000000   -0.0038490
  -8.0800000   -0.0039969
  -8.0600000   -0.0038492
  -8.0400000   -0.0034031
  -8.0200000   -0.0026668
  -8.0000000   -0.0016602
  -7.9800000   -0.0004157
  -7.9600000    0.0010208
  -7.9400000    0.0025900
  -7.9200000    0.0042216
  -7.9000000    0.0058369
  -7.8800000    0.0073548
  -7.8600000    0.0086976
  -7.8400000    0.0097987
  -7.8200000    0.0106080
  -7.8000000    0.0110970
  -7.7800000    0.0112604
  -7.7600000    0.0111153
  -7.7400000    0.0106967
  -7.7200000    0.0100519
  -7.7000000    0.0092321
  -7.6800000    0.0082855
  -7.6600000    0.0072506
  -7.6400000    0.0061514
  -7.6200000    0.0049960
  -7.6000000    0.0037773
  -7.5800000    0.0024764
  -7.5600000    0.0010669
  -7.5400000   -0.0004790
  -7.5200000   -0.0021861
  -7.5000000   -0.0040723
  -7.4800000   -0.0061462
  -7.4600000   -0.0084072
  -7.4400000   -0.0108468
  -7.4200000   -0.0134519
  -7.4000000   -0.0162075
  -7.3800000   -0.0191008
  -7.3600000   -0.0221230
  -7.3400000   -0.0252709
  -7.3200000   -0.0285466
  -7.3000000   -0.0319556
  -7.2800000   -0.0355038
  -7.2600000   -0.0391940
  -7.2400000   -0.0430221
  -7.2200000   -0.0469739
  -7.2000000   -0.0510231
  -7.1800000   -0.0551297
  -7.1600000   -0.0592410
  -7.1400000   -0.0632933
  -7.1200000   -0.0672143
  -7.1000000   -0.0709276
  -7.0800000   -0.0743566
  -7.0600000   -0.0774291
  -7.0400000   -0.0800824
  -7.0200000   -0.0822666
  -7.0000000   -0.0839488
  -6.9800000   -0.0851143
  -6.9600000   -0.0857678
  -6.9400000   -0.0859319
  -6.9200000   -0.0856439
  -6.9000000   -0.0849512
  -6.8800000   -0.0839047
  -6.8600000   -0.0825526
  -6.8400000   -0.0809338
  -6.8200000   -0.0790730
  -6.8000000   -0.0769769
  -6.7800000   -0.0746344
  -6.7600000   -0.0720178
  -6.7400000   -0.0690877
  -6.7200000   -0.0657986
  -6.7000000   -0.0621059
  -6.6800000   -0.0579721
  -6.6600000   -0.0533723
  -6.6400000   -0.0482972
  -6.6200000   -0.0427548
  -6.6000000   -0.0367694
  -6.5800000   -0.0303798
  -6.5600000   -0.0236363
  -6.5400000   -0.0165979
  -6.5200000   -0.0093296
  -6.5000000   -0.0019012
  -6.4800000    0.0056137
  -6.4600000    0.0131378
  -6.4400000    0.0205902
  -6.4200000    0.0278867
  -6.4000000    0.0349408
  -6.3800000    0.0416658
  -6.3600000    0.0479773
  -6.3400000    0.0537963
  -6.3200000    0.0590519
  -6.3000000    0.0636841
  -6.2800000    0.0676447
  -6.2600000    0.0708979
  -6.2400000    0.0734187
  -6.2200000    0.0751915
  -6.2000000    0.0762071
  -6.1800000    0.0764603
  -6.1600000    0.0759481
  -6.1400000    0.0746679
  -6.1200000    0.0726177
  -6.1000000    0.0697967
  -6.0800000    0.0662070
  -6.0600000    0.0618552
  -6.0400000    0.0567552
  -6.0200000    0.0509295
  -6.0000000    0.0444111
  -5.9800000    0.0372442
  -5.9600000    0.0294847
  -5.9400000    0.0212002
  -5.9200000    0.0124698
  -5.9000000    0.0033842
  -5.8800000   -0.0059540
  -5.8600000   -0.0154301
  -5.8400000   -0.0249165
  -5.8200000   -0.0342730
  -5.8000000   -0.0433473
  -5.7800000   -0.0519774
  -5.7600000   -0.0599958
  -5.7400000   -0.0672353
  -5.7200000   -0.0735378
  -5.7000000   -0.0787632
  -5.6800000   -0.0827999
  -5.6600000   -0.0855741
  -5.6400000   -0.0870567
  -5.6200000   -0.0872675
  -5.6000000   -0.0862744
  -5.5800000   -0.0841887
  -5.5600000   -0.0811551
  -5.5400000   -0.0773387
  -5.5200000   -0.0729098
  -5.5000000   -0.0680283
  -5.4800000   -0.0628306
  -5.4600000   -0.0574193
  -5.4400000   -0.0518585
  -5.4200000   -0.0461739
  -5.4000000   -0.0403594
  -5.3800000   -0.0343873
  -5.3600000   -0.0282215
  -5.3400000   -0.0218322
  -5.3200000   -0.0152092
  -5.3000000   -0.0083726
  -5.2800000   -0.0013796
  -5.2600000    0.0056741
  -5.2400000    0.0126571
  -5.2200000    0.0194099
  -5.2000000    0.0257558
  -5.1800000    0.0315136
  -5.1600000    0.0365114
  -5.1400000    0.0405993
  -5.1200000    0.0436599
  -5.1000000    0.0456170
  -5.0800000    0.0464400
  -5.0600000    0.0461452
  -5.0400000    0.0447939
  -5.0200000    0.0424870
  -5.0000000    0.0393580
  -4.9800000    0.0355632
  -4.9600000    0.0312725
  -4.9400000    0.0266596
  -4.9200000    0.0218932
  -4.9000000    0.0171297
  -4.8800000    0.0125081
  -4.8600000    0.0081465
  -4.8400000    0.0041404
  -4.8200000    0.0005626
  -4.8000000   -0.0025357
  -4.7800000   -0.0051245
  -4.7600000   -0.0071924
  -4.7400000   -0.0087461
  -4.7200000   -0.0098084
  -4.7000000   -0.0104168
  -4.6800000   -0.0106212
  -4.6600000   -0.0104817
  -4.6400000   -0.0100651
  -4.6200000   -0.0094410
  -4.6000000   -0.0086781
  -4.5800000   -0.0078402
  -4.5600000   -0.0069834
  -4.5400000   -0.0061539
  -4.5200000   -0.0053878
  -4.5000000   -0.0047117
  -4.4800000   -0.0041448
  -4.4600000   -0.0037008
  -4.4400000   -0.0033907
  -4.4200000   -0.0032240
  -4.4000000   -0.0032091
  -4.3800000   -0.0033531
  -4.3600000   -0.0036593
  -4.3400000   -0.0041257
  -4.3200000   -0.0047424
  -4.3000000   -0.0054906
  -4.2800000   -0.0063424
  -4.2600000   -0.0072623
  -4.2400000   -0.0082101
  -4.2200000   -0.0091447
  -4.2000000   -0.0100276
  -4.1800000   -0.0108268
  -4.1600000   -0.0115181
  -4.1400000   -0.0120850
  -4.1200000   -0.0125165
  -4.1000000   -0.0128030
  -4.0800000   -0.0129310
  -4.0600000   -0.0128782
  -4.0400000   -0.0126091
  -4.0200000   -0.0120733
  -4.0000000   -0.0112068
  -3.9800000   -0.0099357
  -3.9600000   -0.0081843
  -3.9400000   -0.0058837
  -3.9200000   -0.0029818
  -3.9000000    0.0005472
  -3.8800000    0.0046959
  -3.8600000    0.0094200
  -3.8400000    0.0146383
  -3.8200000    0.0202364
  -3.8000000    0.0260737
  -3.7800000    0.0319921
  -3.7600000    0.0378259
  -3.7400000    0.0434107
  -3.7200000    0.0485910
  -3.7000000    0.0532257
  -3.6800000    0.0571910
  -3.6600000    0.0603816
  -3.6400000    0.0627100
  -3.6200000    0.0641053
  -3.6000000    0.0645120
  -3.5800000    0.0638891
  -3.5600000    0.0622109
  -3.5400000    0.0594675
  -3.5200000    0.0556682
  -3.5000000    0.0508435
  -3.4800000    0.0450494
  -3.4600000    0.0383695
  -3.4400000    0.0309171
  -3.4200000    0.0228355
  -3.4000000    0.0142962
  -3.3800000    0.0054942
  -3.3600000   -0.0033588
  -3.3400000   -0.0120436
  -3.3200000   -0.0203444
  -3.3000000   -0.0280607
  -3.2800000   -0.0350185
  -3.2600000   -0.0410797
  -3.2400000   -0.0461489
  -3.2200000   -0.0501763
  -3.2000000   -0.0531558
  -3.1800000   -0.0551196
  -3.1600000   -0.0561291
  -3.1400000   -0.0562633
  -3.1200000   -0.0556067
  -3.1000000   -0.0542382
  -3.0800000   -0.0522225
  -3.0600000   -0.0496050
  -3.0400000   -0.0464116
  -3.0200000   -0.0426527
  -3.0000000   -0.0383305
  -2.9800000   -0.0334502
  -2.9600000   -0.0280305
  -2.9400000   -0.0221148
  -2.9200000   -0.0157790
  -2.9000000   -0.0091352
  -2.8800000   -0.0023313
  -2.8600000    0.0044550
  -2.8400000    0.0110270
  -2.8200000    0.0171821
  -2.8000000    0.0227278
  -2.7800000    0.0274960
  -2.7600000    0.0313566
  -2.7400000    0.0342258
  -2.7200000    0.0360704
  -2.7000000    0.0369067
  -2.6800000    0.0367943
  -2.6600000    0.0358263
  -2.6400000    0.0341173
  -2.6200000    0.0317903
  -2.6000000    0.0289655
  -2.5800000    0.0257509
  -2.5600000    0.0222365
  -2.5400000    0.0184930
  -2.5200000    0.0145727
  -2.5000000    0.0105145
  -2.4800000    0.0063501
  -2.4600000    0.0021108
  -2.4400000   -0.0021667
  -2.4200000   -0.0064352
  -2.4000000   -0.0106350
  -2.3800000   -0.0146939
  -2.3600000   -0.0185291
  -2.3400000   -0.0220508
  -2.3200000   -0.0251675
  -2.3000000   -0.0277915
  -2.2800000   -0.0298444
  -2.2600000   -0.0312622
  -2.2400000   -0.0320012
  -2.2200000   -0.0320416
  -2.2000000   -0.0313916
  -2.1800000   -0.0300903
  -2.1600000   -0.0282088
  -2.1400000   -0.0258499
  -2.1200000   -0.0231454
  -2.1000000   -0.0202509
  -2.0800000   -0.0173379
  -2.0600000   -0.0145839
  -2.0400000   -0.0121603
  -2.0200000   -0.0102202
  -2.0000000   -0.0088869
  -1.9800000   -0.0082431
  -1.9600000   -0.0083245
  -1.9400000   -0.0091163
  -1.9200000   -0.0105542
  -1.9000000   -0.0125291
  -1.8800000   -0.0148966
  -1.8600000   -0.0174882
  -1.8400000   -0.0201248
  -1.8200000   -0.0226302
  -1.8000000   -0.0248431
  -1.7800000   -0.0266274
  -1.7600000   -0.0278784
  -1.7400000   -0.0285251
  -1.7200000   -0.0285284
  -1.7000000   -0.0278757
  -1.6800000   -0.0265729
  -1.6600000   -0.0246344
  -1.6400000   -0.0220741
  -1.6200000   -0.0188972
  -1.6000000   -0.0150962
  -1.5800000   -0.0106489
  -1.5600000   -0.0055225
  -1.5400000    0.0003203
  -1.5200000    0.0069111
  -1.5000000    0.0142646
  -1.4800000    0.0223671
  -1.4600000    0.0311665
  -1.4400000    0.0405649
  -1.4200000    0.0504145
  -1.4000000    0.0605184
  -1.3800000    0.0706345
  -1.3600000    0.0804842
  -1.3400000    0.0897643
  -1.3200000    0.0981600
  -1.3000000    0.1053614
  -1.2800000    0.1110779
  -1.2600000    0.1150537
  -1.2400000    0.1170801
  -1.2200000    0.1170059
  -1.2000000    0.1147444
  -1.1800000    0.1102769
  -1.1600000    0.1036523
  -1.1400000    0.0949837
  -1.1200000    0.0844427
  -1.1000000    0.0722514
  -1.0800000    0.0586729
  -1.0600000    0.0440027
  -1.0400000    0.0285590
  -1.0200000    0.0126743
  -1.0000000   -0.0033127
  -0.9800000   -0.0190647
  -0.9600000   -0.0342538
  -0.9400000   -0.0485695
  -0.9200000   -0.0617261
  -0.9000000   -0.0734710
  -0.8800000   -0.0835914
  -0.8600000   -0.0919190
  -0.8400000   -0.0983329
  -0.8200000   -0.1027577
  -0.8000000   -0.1051597
  -0.7800000   -0.1055386
  -0.7600000   -0.1039183
  -0.7400000   -0.1003372
  -0.7200000   -0.0948409
  -0.7000000   -0.0874790
  -0.6800000   -0.0783074
  -0.6600000   -0.0673966
  -0.6400000   -0.0548460
  -0.6200000   -0.0408009
  -0.6000000   -0.0254704
  -0.5800000   -0.0091419
  -0.5600000    0.0078114
  -0.5400000    0.0249334
  -0.5200000    0.0416986
  -0.5000000    0.0575389
  -0.4800000    0.0718790
  -0.4600000    0.0841784
  -0.4400000    0.0939745
  -0.4200000    0.1009215
  -0.4000000    0.1048199
  -0.3800000    0.1056326
  -0.3600000    0.1034862
  -0.3400000    0.0986564
  -0.3200000    0.0915415
  -0.3000000    0.0826263
  -0.2800000    0.0724437
  -0.2600000    0.0615367
  -0.2400000    0.0504275
  -0.2200000    0.0395948
  -0.2000000    0.0294619
  -0.1800000    0.0203924
  -0.1600000    0.0126934
  -0.1400000    0.0066216
  -0.1200000    0.0023889
  -0.1000000    0.0001656
  -0.0800000    0.0000803
  -0.0600000    0.0022163
  -0.0400000    0.0066065
  -0.0200000    0.0132299
   0.0000000    0.0220109
   0.0200000    0.0328242
   0.0400000    0.0455048
   0.0600000    0.0598623
   0.0800000    0.0756970
   0.1000000    0.0928143
   0.1200000    0.1110344
   0.1400000    0.1301945
   0.1600000    0.1501424
   0.1800000    0.1707226
   0.2000000    0.1917570
   0.2200000    0.2130243
   0.2400000    0.2342415
   0.2600000    0.2550532
   0.2800000    0.2750305
   0.3000000    0.2936826
   0.3200000    0.3104795
   0.3400000    0.3248841
   0.3600000    0.3363902
   0.3800000    0.3445613
   0.4000000    0.3490646
   0.4200000    0.3496968
   0.4400000    0.3463969
   0.4600000    0.3392454
   0.4800000    0.3284499
   0.5000000    0.3143190
   0.5200000    0.2972284
   0.5400000    0.2775843
   0.5600000    0.2557883
   0.5800000    0.2322091
   0.6000000    0.2071638
   0.6200000    0.1809118
   0.6400000    0.1536603
   0.6600000    0.1255808
   0.6800000    0.0968335
   0.7000000    0.0675957
   0.7200000    0.0380889
   0.7400000    0.0086016
   0.7600000   -0.0204971
   0.7800000   -0.0487555
   0.8000000   -0.0756497
   0.8200000   -0.1006053
   0.8400000   -0.1230298
   0.8600000   -0.1423504
   0.8800000   -0.1580550
   0.9000000   -0.1697296
   0.9200000   -0.1770900
   0.9400000   -0.1800036
   0.9600000   -0.1784990
   0.9800000   -0.1727640
   1.0000000   -0.1631316
   1.0200000   -0.1500575
   1.0400000   -0.1340902
   1.0600000   -0.1158395
   1.0800000   -0.0959436
   1.1000000   -0.0750392
   1.1200000   -0.0537366
   1.1400000   -0.0325984
   1.1600000   -0.0121256
   1.1800000    0.0072534
   1.2000000    0.0251877
   1.2200000    0.0414067
   1.2400000    0.0557192
   1.2600000    0.0680107
   1.2800000    0.0782383
   1.3000000    0.0864237
   1.3200000    0.0926446
   1.3400000    0.0970238
   1.3600000    0.0997181
   1.3800000    0.1009059
   1.4000000    0.1007761
   1.4200000    0.0995176
   1.4400000    0.0973118
   1.4600000    0.0943271
   1.4800000    0.0907173
   1.5000000    0.0866209
   1.5200000    0.0821643
   1.5400000    0.0774636
   1.5600000    0.0726278
   1.5800000    0.0677604
   1.6000000    0.0629588
   1.6200000    0.0583130
   1.6400000    0.0539019
   1.6600000    0.0497894
   1.6800000    0.0460201
   1.7000000    0.0426160
   1.7200000    0.0395747
   1.7400000    0.0368692
   1.7600000    0.0344492
   1.7800000    0.0322448
   1.8000000    0.0301702
   1.8200000    0.0281284
   1.8400000    0.0260169
   1.8600000    0.0237317
   1.8800000    0.0211728
   1.9000000    0.0182486
   1.9200000    0.0148812
   1.9400000    0.0110113
   1.9600000    0.0066036
   1.9800000    0.0016517
   2.0000000   -0.0038172
   2.0200000   -0.0097399
   2.0400000   -0.0160162
   2.0600000   -0.0225107
   2.0800000   -0.0290573
   2.1000000   -0.0354672
   2.1200000   -0.0415382
   2.1400000   -0.0470666
   2.1600000   -0.0518589
   2.1800000   -0.0557429
   2.2000000   -0.0585783
   2.2200000   -0.0602629
   2.2400000   -0.0607376
   2.2600000   -0.0599864
   2.2800000   -0.0580341
   2.3000000   -0.0549398
   2.3200000   -0.0507889
   2.3400000   -0.0456826
   2.3600000   -0.0397274
   2.3800000   -0.0330250
   2.4000000   -0.0256634
   2.4200000   -0.0177117
   2.4400000   -0.0092167
   2.4600000   -0.0002051
   2.4800000    0.0093124
   2.5000000    0.0193327
   2.5200000    0.0298498
   2.5400000    0.0408436
   2.5600000    0.0522680
   2.5800000    0.0640413
   2.6000000    0.0760387
   2.6200000    0.0880887
   2.6400000    0.0999728
   2.6600000    0.1114305
   2.6800000    0.1221679
   2.7000000    0.1318703
   2.7200000    0.1402175
   2.7400000    0.1469017
   2.7600000    0.1516455
   2.7800000    0.1542200
   2.8000000    0.1544608
   2.8200000    0.1522808
   2.8400000    0.1476788
   2.8600000    0.1407431
   2.8800000    0.1316491
   2.9000000    0.1206514
   2.9200000    0.1080717
   2.9400000    0.0942815
   2.9600000    0.0796832
   2.9800000    0.0646899
   3.0000000    0.0497061
   3.0200000    0.0351098
   3.0400000    0.0212384
   3.0600000    0.0083783
   3.0800000   -0.0032423
   3.1000000   -0.0134555
   3.1200000   -0.0221534
   3.1400000   -0.0292849
   3.1600000   -0.0348496
   3.1800000   -0.0388913
   3.2000000   -0.0414901
   3.2200000   -0.0427535
   3.2400000   -0.0428086
   3.2600000   -0.0417933
   3.2800000   -0.0398497
   3.3000000   -0.0371178
   3.3200000   -0.0337305
   3.3400000   -0.0298112
   3.3600000   -0.0254729
   3.3800000   -0.0208187
   3.4000000   -0.0159445
   3.4200000   -0.0109423
   3.4400000   -0.0059038
   3.4600000   -0.0009232
   3.4800000    0.0039000
   3.5000000    0.0084610
   3.5200000    0.0126502
   3.5400000    0.0163564
   3.5600000    0.0194701
   3.5800000    0.0218886
   3.6000000    0.0235207
   3.6200000    0.0242908
   3.6400000    0.0241424
   3.6600000    0.0230408
   3.6800000    0.0209743
   3.7000000    0.0179547
   3.7200000    0.0140174
   3.7400000    0.0092203
   3.7600000    0.0036438
   3.7800000   -0.0026105
   3.8000000   -0.0094212
   3.8200000   -0.0166489
   3.8400000   -0.0241392
   3.8600000   -0.0317269
   3.8800000   -0.0392412
   3.9000000   -0.0465125
   3.9200000   -0.0533787
   3.9400000   -0.0596925
   3.9600000   -0.0653274
   3.9800000   -0.0701822
   4.0000000   -0.0741836
   4.0200000   -0.0772862
   4.0400000   -0.0794705
   4.0600000   -0.0807392
   4.0800000   -0.0811128
   4.1000000   -0.0806241
   4.1200000   -0.0793150
   4.1400000   -0.0772330
   4.1600000   -0.0744310
   4.1800000   -0.0709679
   4.2000000   -0.0669104
   4.2200000   -0.0623356
   4.2400000   -0.0573329
   4.2600000   -0.0520043
   4.2800000   -0.0464627
   4.3000000   -0.0408275
   4.3200000   -0.0352181
   4.3400000   -0.0297462
   4.3600000   -0.0245075
   4.3800000   -0.0195741
   4.4000000   -0.0149903
   4.4200000   -0.0107703
   4.4400000   -0.0069008
   4.4600000   -0.0033467
   4.4800000   -0.0000594
   4.5000000    0.0030134
   4.5200000    0.0059178
   4.5400000    0.0086860
   4.5600000    0.0113311
   4.5800000    0.0138462
   4.6000000    0.0162062
   4.6200000    0.0183741
   4.6400000    0.0203078
   4.6600000    0.0219688
   4.6800000    0.0233295
   4.7000000    0.0243786
   4.7200000    0.0251240
   4.7400000    0.0255925
   4.7600000    0.0258268
   4.7800000    0.0258803
   4.8000000    0.0258105
   4.8200000    0.0256722
   4.8400000    0.0255110
   4.8600000    0.0253580
   4.8800000    0.0252259
   4.9000000    0.0251069
   4.9200000    0.0249719
   4.9400000    0.0247717
   4.9600000    0.0244385
   4.9800000    0.0238894
   5.0000000    0.0230302
   5.0200000    0.0217600
   5.0400000    0.0199773
   5.0600000    0.0175858
   5.0800000    0.0145014
   5.1000000    0.0106590
   5.1200000    0.0060199
   5.1400000    0.0005767
   5.1600000   -0.0056410
   5.1800000   -0.0125644
   5.2000000   -0.0200851
   5.2200000   -0.0280571
   5.2400000   -0.0363012
   5.2600000   -0.0446126
   5.2800000   -0.0527687
   5.3000000   -0.0605393
   5.3200000   -0.0676966
   5.3400000   -0.0740248
   5.3600000   -0.0793290
   5.3800000   -0.0834430
   5.4000000   -0.0862346
   5.4200000   -0.0876102
   5.4400000   -0.0875173
   5.4600000   -0.0859444
   5.4800000   -0.0829203
   5.5000000   -0.0785114
   5.5200000   -0.0728174
   5.5400000   -0.0659661
   5.5600000   -0.0581075
   5.5800000   -0.0494072
   5.6000000   -0.0400403
   5.6200000   -0.0301859
   5.6400000   -0.0200226
   5.6600000   -0.0097249
   5.6800000    0.0005383
   5.7000000    0.0106051
   5.7200000    0.0203207
   5.7400000    0.0295377
   5.7600000    0.0381168
   5.7800000    0.0459279
   5.8000000    0.0528520
   5.8200000    0.0587839
   5.8400000    0.0636346
   5.8600000    0.0673344
   5.8800000    0.0698343
   5.9000000    0.0711073
   5.9200000    0.0711478
   5.9400000    0.0699711
   5.9600000    0.0676117
   5.9800000    0.0641210
   6.0000000    0.0595662
   6.0200000    0.0540288
   6.0400000    0.0476039
   6.0600000    0.0403994
   6.0800000    0.0325363
   6.1000000    0.0241473
   6.1200000    0.0153759
   6.1400000    0.0063740
   6.1600000   -0.0027014
   6.1800000   -0.0116916
   6.2000000   -0.0204412
   6.2200000   -0.0288023
   6.2400000   -0.0366392
   6.2600000   -0.0438319
   6.2800000   -0.0502795
   6.3000000   -0.0559021
   6.3200000   -0.0606416
   6.3400000   -0.0644624
   6.3600000   -0.0673502
   6.3800000   -0.0693103
   6.4000000   -0.0703661
   6.4200000   -0.0705561
   6.4400000   -0.0699313
   6.4600000   -0.0685527
   6.4800000   -0.0664889
   6.5000000   -0.0638142
   6.5200000   -0.0606080
   6.5400000   -0.0569540
   6.5600000   -0.0529414
   6.5800000   -0.0486657
   6.6000000   -0.0442299
   6.6200000   -0.0397451
   6.6400000   -0.0353305
   6.6600000   -0.0311106
   6.6800000   -0.0272118
   6.7000000   -0.0237559
   6.7200000   -0.0208526
   6.7400000   -0.0185909
   6.7600000   -0.0170307
   6.7800000   -0.0161956
   6.8000000   -0.0160679
   6.8200000   -0.0165873
   6.8400000   -0.0176529
   6.8600000   -0.0191292
   6.8800000   -0.0208558
   6.9000000   -0.0226582
   6.9200000   -0.0243617
   6.9400000   -0.0258029
   6.9600000   -0.0268418
   6.9800000   -0.0273692
   7.0000000   -0.0273127
   7.0200000   -0.0266376
   7.0400000   -0.0253452
   7.0600000   -0.0234681
   7.0800000   -0.0210635
   7.1000000   -0.0182058
   7.1200000   -0.0149792
   7.1400000   -0.0114706
   7.1600000   -0.0077649
   7.1800000   -0.0039407
   7.2000000   -0.0000682
   7.2200000    0.0037920
   7.2400000    0.0075896
   7.2600000    0.0112839
   7.2800000    0.0148437
   7.3000000    0.0182463
   7.3200000    0.0214757
   7.3400000    0.0245211
   7.3600000    0.0273734
   7.3800000    0.0300229
   7.4000000    0.0324547
   7.4200000    0.0346458
   7.4400000    0.0365626
   7.4600000    0.0381601
   7.4800000    0.0393821
   7.5000000    0.0401646
   7.5200000    0.0404406
   7.5400000    0.0401453
   7.5600000    0.0392231
   7.5800000    0.0376326
   7.6000000    0.0353513
   7.6200000    0.0323782
   7.6400000    0.0287344
   7.6600000    0.0244617
   7.6800000    0.0196212
   7.7000000    0.0142899
   7.7200000    0.0085595
   7.7400000    0.0025344
   7.7600000   -0.0036677
   7.7800000   -0.0099167
   7.8000000   -0.0160687
   7.8200000   -0.0219675
   7.8400000   -0.0274468
   7.8600000   -0.0323352
   7.8800000   -0.0364634
   7.9000000   -0.0396743
   7.9200000   -0.0418327
   7.9400000   -0.0428370
   7.9600000   -0.0426274
   7.9800000   -0.0411918
   8.0000000   -0.0385682
   8.0200000   -0.0348419
   8.0400000   -0.0301387
   8.0600000   -0.0246155
   8.0800000   -0.0184484
   8.1000000   -0.0118210
   8.1200000   -0.0049138
   8.1400000    0.0021034
   8.1600000    0.0090756
   8.1800000    0.0158639
   8.2000000    0.0223433
   8.2200000    0.0283989
   8.2400000    0.0339221
   8.2600000    0.0388072
   8.2800000    0.0429510
   8.3000000    0.0462536
   8.3200000    0.0486234
   8.3400000    0.0499829
   8.3600000    0.0502763
   8.3800000    0.0494757
   8.4000000    0.0475868
   8.4200000    0.0446510
   8.4400000    0.0407445
   8.4600000    0.0359749
   8.4800000    0.0304737
   8.5000000    0.0243890
   8.5200000    0.0178763
   8.5400000    0.0110909
   8.5600000    0.0041813
   8.5800000   -0.0027145
   8.6000000   -0.0094714
   8.6200000   -0.0159769
   8.6400000   -0.0221297
   8.6600000   -0.0278383
   8.6800000   -0.0330185
   8.7000000   -0.0375927
   8.7200000   -0.0414887
   8.7400000   -0.0446406
   8.7600000   -0.0469898
   8.7800000   -0.0484862
   8.8000000   -0.0490907
   8.8200000   -0.0487770
   8.8400000   -0.0475345
   8.8600000   -0.0453703
   8.8800000   -0.0423124
   8.9000000   -0.0384120
   8.9200000   -0.0337455
   8.9400000   -0.0284158
   8.9600000   -0.0225526
   8.9800000   -0.0163101
   9.0000000   -0.0098640
   9.0200000   -0.0034054
   9.0400000    0.0028660
   9.0600000    0.0087508
   9.0800000    0.0140580
   9.1000000    0.0186138
   9.1200000    0.0222691
   9.1400000    0.0249045
   9.1600000    0.0264347
   9.1800000    0.0268106
   9.2000000    0.0260190
   9.2200000    0.0240829
   9.2400000    0.0210590
   9.2600000    0.0170361
   9.2800000    0.0121329
   9.3000000    0.0064953
   9.3200000    0.0002930
   9.3400000   -0.0062839
   9.3600000   -0.0130300
   9.3800000   -0.0197310
   9.4000000   -0.0261710
   9.4200000   -0.0321413
   9.4400000   -0.0374494
   9.4600000   -0.0419284
   9.4800000   -0.0454452
   9.5000000   -0.0479071
   9.5200000   -0.0492659
   9.5400000   -0.0495187
   9.5600000   -0.0487063
   9.5800000   -0.0469080
   9.6000000   -0.0442339
   9.6200000   -0.0408155
   9.6400000   -0.0367965
   9.6600000   -0.0323225
   9.6800000   -0.0275329
   9.7000000   -0.0225550
   9.7200000   -0.0174998
   9.7400000   -0.0124607
   9.7600000   -0.0075143
   9.7800000   -0.0027232
   9.8000000    0.0018609
   9.8200000    0.0061935
   9.8400000    0.0102343
   9.8600000    0.0139452
   9.8800000    0.0172895
   9.9000000    0.0202328
   9.9200000    0.0227442
   9.9400000    0.0247981
   9.9600000    0.0263769
   9.9800000    0.0274717
  10.0000000    0.0280831
  10.0200000    0.0282210
  10.0400000    0.0279030
  10.0600000    0.0271525
  10.0800000    0.0259962
  10.1000000    0.0244622
  10.1200000    0.0225780
  10.1400000    0.0203703
  10.1600000    0.0178644
  10.1800000    0.0150858
  10.2000000    0.0120622
  10.2200000    0.0088256
  10.2400000    0.0054156
  10.2600000    0.0018810
  10.2800000   -0.0017172
  10.3000000   -0.0053056
  10.3200000   -0.0087984
  10.3400000   -0.0120992
  10.3600000   -0.0151051
  10.3800000   -0.0177117
  10.4000000   -0.0198207
  10.4200000   -0.0213473
  10.4400000   -0.0222288
  10.4600000   -0.0224320
  10.4800000   -0.0219589
  10.5000000   -0.0208493
  10.5200000   -0.0191803
  10.5400000   -0.0170617
  10.5600000   -0.0146278
  10.5800000   -0.0120269
  10.6000000   -0.0094090
  10.6200000   -0.0069139
  10.6400000   -0.0046603
  10.6600000   -0.0027385
  10.6800000   -0.0012064
  10.7000000   -0.0000897
  10.7200000    0.0006150
  10.7400000    0.0009331
  10.7600000    0.0009045
  10.7800000    0.0005754
  10.8000000   -0.0000091
  10.8200000   -0.0008106
  10.8400000   -0.0018001
  10.8600000   -0.0029591
  10.8800000   -0.0042780
  10.9000000   -0.0057522
  10.9200000   -0.0073782
  10.9400000   -0.0091485
  10.9600000   -0.0110467
  10.9800000   -0.0130440
  11.0000000   -0.0150968
  11.0200000   -0.0171453
  11.0400000   -0.0191153
  11.0600000   -0.0209202
  11.0800000   -0.0224655
  11.1000000   -0.0236540
  11.1200000   -0.0243917
  11.1400000   -0.0245930
  11.1600000   -0.0241865
  11.1800000   -0.0231182
  11.2000000   -0.0213542
  11.2200000   -0.0188816
  11.2400000   -0.0157085
  11.2600000   -0.0118626
  11.2800000   -0.0073902
  11.3000000   -0.0023546
  11.3200000    0.0031645
  11.3400000    0.0090713
  11.3600000    0.0152541
  11.3800000    0.0215852
  11.4000000    0.0279221
  11.4200000    0.0341093
  11.4400000    0.0399829
  11.4600000    0.0453760
  11.4800000    0.0501274
  11.5000000    0.0540898
  11.5200000    0.0571405
  11.5400000    0.0591894
  11.5600000    0.0601866
  11.5800000    0.0601261
  11.6000000    0.0590466
  11.6200000    0.0570276
  11.6400000    0.0541820
  11.6600000    0.0506454
  11.6800000    0.0465638
  11.7000000    0.0420800
  11.7200000    0.0373216
  11.7400000    0.0323912
  11.7600000    0.0273600
  11.7800000    0.0222661
  11.8000000    0.0171178
  11.8200000    0.0119001
  11.8400000    0.0065857
  11.8600000    0.0011475
  11.8800000   -0.0044284
  11.9000000   -0.0101311
  11.9200000   -0.0159162
  11.9400000   -0.0217008
  11.9600000   -0.0273635
  11.9800000   -0.0327496
  12.0000000   -0.0376801
  12.0200000   -0.0419643
  12.0400000   -0.0454141
  12.0600000   -0.0478592
  12.0800000   -0.0491602
  12.1000000   -0.0492199
  12.1200000   -0.0479903
  12.1400000   -0.0454760
  12.1600000   -0.0417325
  12.1800000   -0.0368616
  12.2000000   -0.0310035
  12.2200000   -0.0243268
  12.2400000   -0.0170184
  12.2600000   -0.0092730
  12.2800000   -0.0012846
  12.3000000    0.0067604
  12.3200000    0.0146893
  12.3400000    0.0223456
  12.3600000    0.0295921
  12.3800000    0.0363122
  12.4000000    0.0424107
  12.4200000    0.0478150
  12.4400000    0.0524758
  12.4600000    0.0563673
  12.4800000    0.0594867
  12.5000000    0.0618532
  12.5200000    0.0635041
  12.5400000    0.0644913
  12.5600000    0.0648749
  12.5800000    0.0647175
  12.6000000    0.0640775
  12.6200000    0.0630037
  12.6400000    0.0615315
  12.6600000    0.0596806
  12.6800000    0.0574558
  12.7000000    0.0548497
  12.7200000    0.0518473
  12.7400000    0.0484318
  12.7600000    0.0445915
  12.7800000    0.0403250
  12.8000000    0.0356463
  12.8200000    0.0305871
  12.8400000    0.0251971
  12.8600000    0.0195417
  12.8800000    0.0136977
  12.9000000    0.0077472
  12.9200000    0.0017710
  12.9400000   -0.0041584
  12.9600000   -0.0099821
  12.9800000   -0.0156583
  13.0000000   -0.0211644
  13.0200000   -0.0264949
  13.0400000   -0.0316583
  13.0600000   -0.0366713
  13.0800000   -0.0415514
  13.1000000   -0.0463101
  13.1200000   -0.0509450
  13.1400000   -0.0554353
  13.1600000   -0.0597373
  13.1800000   -0.0637848
  13.2000000   -0.0674911
  13.2200000   -0.0707541
  13.2400000   -0.0734646
  13.2600000   -0.0755157
  13.2800000   -0.0768133
  13.3000000   -0.0772858
  13.3200000   -0.0768927
  13.3400000   -0.0756299
  13.3600000   -0.0735325
  13.3800000   -0.0706728
  13.4000000   -0.0671549
  13.4200000   -0.0631062
  13.4400000   -0.0586661
  13.4600000   -0.0539739
  13.4800000   -0.0491567
  13.5000000   -0.0443190
  13.5200000   -0.0395354
  13.5400000   -0.0348467
  13.5600000   -0.0302599
  13.5800000   -0.0257525
  13.6000000   -0.0212803
  13.6200000   -0.0167868
  13.6400000   -0.0122140
  13.6600000   -0.0075124
  13.6800000   -0.0026494
  13.7000000    0.0023860
  13.7200000    0.0075814
  13.7400000    0.0129031
  13.7600000    0.0183011
  13.7800000    0.0237169
  13.8000000    0.0290910
  13.8200000    0.0343703
  13.8400000    0.0395136
  13.8600000    0.0444936
  13.8800000    0.0492966
  13.9000000    0.0539176
  13.9200000    0.0583542
  13.9400000    0.0625986
  13.9600000    0.0666299
  13.9800000    0.0704080
  14.0000000    0.0738698
  14.0200000    0.0769296
  14.0400000    0.0794818
  14.0600000    0.0814078
  14.0800000    0.0825847
  14.1000000    0.0828950
  14.1200000    0.0822365
  14.1400000    0.0805307
  14.1600000    0.0777293
  14.1800000    0.0738180
  14.2000000    0.0688179
  14.2200000    0.0627842
  14.2400000    0.0558036
  14.2600000    0.0479898
  14.2800000    0.0394785
  14.3000000    0.0304227
  14.3200000    0.0209873
  14.3400000    0.0113446
  14.3600000    0.0016701
  14.3800000   -0.0078617
  14.4000000   -0.0170807
  14.4200000   -0.0258244
  14.4400000   -0.0339415
  14.4600000   -0.0412948
  14.4800000   -0.0477642
  14.5000000   -0.0532492
  14.5200000   -0.0576716
  14.5400000   -0.0609771
  14.5600000   -0.0631370
  14.5800000   -0.0641480
  14.6000000   -0.0640321
  14.6200000   -0.0628346
  14.6400000   -0.0606215
  14.6600000   -0.0574759
  14.6800000   -0.0534943
  14.7000000   -0.0487823
  14.7200000   -0.0434512
  14.7400000   -0.0376153
  14.7600000   -0.0313903
  14.7800000   -0.0248931
  14.8000000   -0.0182418
  14.8200000   -0.0115572
  14.8400000   -0.0049633
  14.8600000    0.0014128
  14.8800000    0.0074425
  14.9000000    0.0129986
  14.9200000    0.0179616
  14.9400000    0.0222258
  14.9600000    0.0257075
  14.9800000    0.0283527
  15.0000000    0.0301434
  15.0200000    0.0311011
  15.0400000    0.0312876
  15.0600000    0.0308015
  15.0800000    0.0297708
  15.1000000    0.0283425
  15.1200000    0.0266704
  15.1400000    0.0249017
  15.1600000    0.0231649
  15.1800000    0.0215600
  15.2000000    0.0201523
  15.2200000    0.0189703
  15.2400000    0.0180077
  15.2600000    0.0172302
  15.2800000    0.0165837
  15.3000000    0.0160051
  15.3200000    0.0154325
  15.3400000    0.0148140
  15.3600000    0.0141141
  15.3800000    0.0133156
  15.4000000    0.0124195
  15.4200000    0.0114406
  15.4400000    0.0104005
  15.4600000    0.0093209
  15.4800000    0.0082155
  15.5000000    0.0070844
  15.5200000    0.0059103
  15.5400000    0.0046581
  15.5600000    0.0032768
  15.5800000    0.0017047
  15.6000000   -0.0001247
  15.6200000   -0.0022745
  15.6400000   -0.0047978
  15.6600000   -0.0077310
  15.6800000   -0.0110891
  15.7000000   -0.0148632
  15.7200000   -0.0190195
  15.7400000   -0.0235007
  15.7600000   -0.0282280
  15.7800000   -0.0331050
  15.8000000   -0.0380218
  15.8200000   -0.0428588
  15.8400000   -0.0474913
  15.8600000   -0.0517932
  15.8800000   -0.0556410
  15.9000000   -0.0589167
  15.9200000   -0.0615121
  15.9400000   -0.0633318
  15.9600000   -0.0642968
  15.9800000   -0.0643482
  16.0000000   -0.0634503
  16.0200000   -0.0615930
  16.0400000   -0.0587935
  16.0600000   -0.0550969
  16.0800000   -0.0505744
  16.1000000   -0.0453203
  16.1200000   -0.0394473
  16.1400000   -0.0330803
  16.1600000   -0.0263494
  16.1800000   -0.0193826
  16.2000000   -0.0122997
  16.2200000   -0.0052064
  16.2400000    0.0018086
  16.2600000    0.0086754
  16.2800000    0.0153417
  16.3000000    0.0217704
  16.3200000    0.0279350
  16.3400000    0.0338150
  16.3600000    0.0393904
  16.3800000    0.0446373
  16.4000000    0.0495238
  16.4200000    0.0540085
  16.4400000    0.0580392
  16.4600000    0.0615545
  16.4800000    0.0644855
  16.5000000    0.0667600
  16.5200000    0.0683060
  16.5400000    0.0690571
  16.5600000    0.0689562
  16.5800000    0.0679603
  16.6000000    0.0660433
  16.6200000    0.0631990
  16.6400000    0.0594425
  16.6600000    0.0548107
  16.6800000    0.0493624
  16.7000000    0.0431770
  16.7200000    0.0363534
  16.7400000    0.0290076
  16.7600000    0.0212705
  16.7800000    0.0132855
  16.8000000    0.0052046
  16.8200000   -0.0028147
  16.8400000   -0.0106144
  16.8600000   -0.0180410
  16.8800000   -0.0249507
  16.9000000   -0.0312156
  16.9200000   -0.0367287
  16.9400000   -0.0414085
  16.9600000   -0.0452020
  16.9800000   -0.0480856
  17.0000000   -0.0500644
  17.0200000   -0.0511692
  17.0400000   -0.0514515
  17.0600000   -0.0509779
  17.0800000   -0.0498240
  17.1000000   -0.0480680
  17.1200000   -0.0457865
  17.1400000   -0.0430506
  17.1600000   -0.0399245
  17.1800000   -0.0364650
  17.2000000   -0.0327235
  17.2200000   -0.0287470
  17.2400000   -0.0245814
  17.2600000   -0.0202735
  17.2800000   -0.0158728
  17.3000000   -0.0114327
  17.3200000   -0.0070109
  17.3400000   -0.0026691
  17.3600000    0.0015285
  17.3800000    0.0055163
  17.4000000    0.0092300
  17.4200000    0.0126081
  17.4400000    0.0155953
  17.4600000    0.0181445
  17.4800000    0.0202195
  17.5000000    0.0217976
  17.5200000    0.0228714
  17.5400000    0.0234505
  17.5600000    0.0235618
  17.5800000    0.0232493
  17.6000000    0.0225730
  17.6200000    0.0216060
  17.6400000    0.0204312
  17.6600000    0.0191371
  17.6800000    0.0178136
  17.7000000    0.0165464
  17.7200000    0.0154133
  17.7400000    0.0144789
  17.7600000    0.0137917
  17.7800000    0.0133797
  17.8000000    0.0132482
  17.8200000    0.0133777
  17.8400000    0.0137230
  17.8600000    0.0142138
  17.8800000    0.0147574
  17.9000000    0.0152430
  17.9200000    0.0155493
  17.9400000    0.0155533
  17.9600000    0.0151416
  17.9800000    0.0142210
  18.0000000    0.0127298
  18.0200000    0.0106456
  18.0400000    0.0079906
  18.0600000    0.0048317
  18.0800000    0.0012767
  18.1000000   -0.0025343
  18.1200000   -0.0064408
  18.1400000   -0.0102751
  18.1600000   -0.0138767
  18.1800000   -0.0171031
  18.2000000   -0.0198397
  18.2200000   -0.0220034
  18.2400000   -0.0235438
  18.2600000   -0.0244394
  18.2800000   -0.0246918
  18.3000000   -0.0243180
  18.3200000   -0.0233439
  18.3400000   -0.0217980
  18.3600000   -0.0197083
  18.3800000   -0.0171023
  18.4000000   -0.0140086
  18.4200000   -0.0104610
  18.4400000   -0.0065035
  18.4600000   -0.0021948
  18.4800000    0.0023886
  18.5000000    0.0071517
  18.5200000    0.0119825
  18.5400000    0.0167564
  18.5600000    0.0213425
  18.5800000    0.0256117
  18.6000000    0.0294446
  18.6200000    0.0327397
  18.6400000    0.0354199
  18.6600000    0.0374368
  18.6800000    0.0387737
  18.7000000    0.0394450
  18.7200000    0.0394946
  18.7400000    0.0389912
  18.7600000    0.0380232
  18.7800000    0.0366916
  18.8000000    0.0351027
  18.8200000    0.0333617
  18.8400000    0.0315655
  18.8600000    0.0297978
  18.8800000    0.0281246
  18.9000000    0.0265920
  18.9200000    0.0252255
  18.9400000    0.0240308
  18.9600000    0.0229961
  18.9800000    0.0220965
  19.0000000    0.0212980
  19.0200000    0.0205636
  19.0400000    0.0198584
  19.0600000    0.0191550
  19.0800000    0.0184380
  19.1000000    0.0177074
  19.1200000    0.0169798
  19.1400000    0.0162883
  19.1600000    0.0156794
  19.1800000    0.0152087
  19.2000000    0.0149339
  19.2200000    0.0149076
  19.2400000    0.0151689
  19.2600000    0.0157361
  19.2800000    0.0166009
  19.3000000    0.0177252
  19.3200000    0.0190399
  19.3400000    0.0204484
  19.3600000    0.0218315
  19.3800000    0.0230555
  19.4000000    0.0239817
  19.4200000    0.0244761
  19.4400000    0.0244183
  19.4600000    0.0237097
  19.4800000    0.0222788
  19.5000000    0.0200846
  19.5200000    0.0171176
  19.5400000    0.0133991
  19.5600000    0.0089790
  19.5800000    0.0039334
  19.6000000   -0.0016391
  19.6200000   -0.0076206
  19.6400000   -0.0138768
  19.6600000   -0.0202608
  19.6800000   -0.0266174
  19.7000000   -0.0327878
  19.7200000   -0.0386155
  19.7400000   -0.0439530
  19.7600000   -0.0486683
  19.7800000   -0.0526512
  19.8000000   -0.0558183
  19.8200000   -0.0581164
  19.8400000   -0.0595224
  19.8600000   -0.0600419
  19.8800000   -0.0597045
  19.9000000   -0.0585577
  19.9200000   -0.0566604
  19.9400000   -0.0540760
  19.9600000   -0.0508674
  19.9800000   -0.0470931
  20.0000000   -0.0428063
  20.0200000   -0.0380555
  20.0400000   -0.0328869
  20.0600000   -0.0273482
  20.0800000   -0.0214918
  20.1000000   -0.0153785
  20.1200000   -0.0090794
  20.1400000   -0.0026766
  20.1600000    0.0037372
  20.1800000    0.0100613
  20.2000000    0.0161898
  20.2200000    0.0220152
  20.2400000    0.0274332
  20.2600000    0.0323457
  20.2800000    0.0366656
  20.3000000    0.0403191
  20.3200000    0.0432496
  20.3400000    0.0454195
  20.3600000    0.0468118
  20.3800000    0.0474314
  20.4000000    0.0473052
  20.4200000    0.0464810
  20.4400000    0.0450254
  20.4600000    0.0430210
  20.4800000    0.0405621
  20.5000000    0.0377497
  20.5200000    0.0346869
  20.5400000    0.0314732
  20.5600000    0.0282000
  20.5800000    0.0249471
  20.6000000    0.0217792
  20.6200000    0.0187446
  20.6400000    0.0158745
  20.6600000    0.0131837
  20.6800000    0.0106724
  20.7000000    0.0083284
  20.7200000    0.0061311
  20.7400000    0.0040556
  20.7600000    0.0020769
  20.7800000    0.0001755
  20.8000000   -0.0016588
  20.8200000   -0.0034223
  20.8400000   -0.0050956
  20.8600000   -0.0066418
  20.8800000   -0.0080086
  20.9000000   -0.0091312
  20.9200000   -0.0099376
  20.9400000   -0.0103561
  20.9600000   -0.0103227
  20.9800000   -0.0097887
  21.0000000   -0.0087281
  21.0200000   -0.0071415
  21.0400000   -0.0050593
  21.0600000   -0.0025405
  21.0800000    0.0003299
  21.1000000    0.0034470
  21.1200000    0.0066923
  21.1400000    0.0099420
  21.1600000    0.0130742
  21.1800000    0.0159755
  21.2000000    0.0185462
  21.2200000    0.0207035
  21.2400000    0.0223837
  21.2600000    0.0235424
  21.2800000    0.0241543
  21.3000000    0.0242118
  21.3200000    0.0237242
  21.3400000    0.0227154
  21.3600000    0.0212229
  21.3800000    0.0192958
  21.4000000    0.0169923
  21.4200000    0.0143777
  21.4400000    0.0115214
  21.4600000    0.0084936
  21.4800000    0.0053630
  21.5000000    0.0021940
  21.5200000   -0.0009546
  21.5400000   -0.0040307
  21.5600000   -0.0069885
  21.5800000   -0.0097876
  21.6000000   -0.0123913
  21.6200000   -0.0147654
  21.6400000   -0.0168771
  21.6600000   -0.0186948
  21.6800000   -0.0201888
  21.7000000   -0.0213334
  21.7200000   -0.0221096
  21.7400000   -0.0225080
  21.7600000   -0.0225327
  21.7800000   -0.0222027
  21.8000000   -0.0215542
  21.8200000   -0.0206393
  21.8400000   -0.0195238
  21.8600000   -0.0182837
  21.8800000   -0.0169989
  21.9000000   -0.0157473
  21.9200000   -0.0145980
  21.9400000   -0.0136060
  21.9600000   -0.0128071
  21.9800000   -0.0122161
  22.0000000   -0.0118262
  22.0200000   -0.0116112
  22.0400000   -0.0115295
  22.0600000   -0.0115293
  22.0800000   -0.0115549
  22.1000000   -0.0115528
  22.1200000   -0.0114771
  22.1400000   -0.0112940
  22.1600000   -0.0109847
  22.1800000   -0.0105462
  22.2000000   -0.0099913
  22.2200000   -0.0093460
  22.2400000   -0.0086470
  22.2600000   -0.0079368
  22.2800000   -0.0072594
  22.3000000   -0.0066546
  22.3200000   -0.0061538
  22.3400000   -0.0057753
  22.3600000   -0.0055215
  22.3800000   -0.0053768
  22.4000000   -0.0053086
  22.4200000   -0.0052685
  22.4400000   -0.0051967
  22.4600000   -0.0050270
  22.4800000   -0.0046935
  22.5000000   -0.0041362
  22.5200000   -0.0033074
  22.5400000   -0.0021761
  22.5600000   -0.0007308
  22.5800000    0.0010199
  22.6000000    0.0030482
  22.6200000    0.0053101
  22.6400000    0.0077491
  22.6600000    0.0103012
  22.6800000    0.0128986
  22.7000000    0.0154740
  22.7200000    0.0179623
  22.7400000    0.0203027
  22.7600000    0.0224388
  22.7800000    0.0243179
  22.8000000    0.0258905
  22.8200000    0.0271099
  22.8400000    0.0279324
  22.8600000    0.0283184
  22.8800000    0.0282351
  22.9000000    0.0276596
  22.9200000    0.0265823
  22.9400000    0.0250112
  22.9600000    0.0229742
  22.9800000    0.0205210
  23.0000000    0.0177227
  23.0200000    0.0146699
  23.0400000    0.0114682
  23.0600000    0.0082331
  23.0800000    0.0050830
  23.1000000    0.0021323
  23.1200000   -0.0005148
  23.1400000   -0.0027701
  23.1600000   -0.0045657
  23.1800000   -0.0058558
  23.2000000   -0.0066174
  23.2200000   -0.0068494
  23.2400000   -0.0065699
  23.2600000   -0.0058129
  23.2800000   -0.0046246
  23.3000000   -0.0030595
  23.3200000   -0.0011774
  23.3400000    0.0009598
  23.3600000    0.0032892
  23.3800000    0.0057480
  23.4000000    0.0082737
  23.4200000    0.0108027
  23.4400000    0.0132701
  23.4600000    0.0156082
  23.4800000    0.0177469
  23.5000000    0.0196140
  23.5200000    0.0211374
  23.5400000    0.0222489
  23.5600000    0.0228883
  23.5800000    0.0230092
  23.6000000    0.0225843
  23.6200000    0.0216102
  23.6400000    0.0201099
  23.6600000    0.0181341
  23.6800000    0.0157585
  23.7000000    0.0130789
  23.7200000    0.0102043
  23.7400000    0.0072475
  23.7600000    0.0043162
  23.7800000    0.0015047
  23.8000000   -0.0011130
  23.8200000   -0.0034866
  23.8400000   -0.0055900
  23.8600000   -0.0074191
  23.8800000   -0.0089866
  23.9000000   -0.0103155
  23.9200000   -0.0114320
  23.9400000   -0.0123588
  23.9600000   -0.0131108
  23.9800000   -0.0136920
  24.0000000   -0.0140953
  24.0200000   -0.0143053
  24.0400000   -0.0143015
  24.0600000   -0.0140645
  24.0800000   -0.0135804
  24.1000000   -0.0128463
  24.1200000   -0.0118735
  24.1400000   -0.0106898
  24.1600000   -0.0093387
  24.1800000   -0.0078783
  24.2000000   -0.0063780
  24.2200000   -0.0049141
  24.2400000   -0.0035655
  24.2600000   -0.0024090
  24.2800000   -0.0015148
  24.3000000   -0.0009429
  24.3200000   -0.0007393
  24.3400000   -0.0009333
  24.3600000   -0.0015352
  24.3800000   -0.0025345
  24.4000000   -0.0038993
  24.4200000   -0.0055766
  24.4400000   -0.0074938
  24.4600000   -0.0095628
  24.4800000   -0.0116845
  24.5000000   -0.0137553
  24.5200000   -0.0156747
  24.5400000   -0.0173531
  24.5600000   -0.0187180
  24.5800000   -0.0197201
  24.6000000   -0.0203361
  24.6200000   -0.0205689
  24.6400000   -0.0204457
  24.6600000   -0.0200128
  24.6800000   -0.0193292
  24.7000000   -0.0184584
  24.7200000   -0.0174610
  24.7400000   -0.0163875
  24.7600000   -0.0152728
  24.7800000   -0.0141335
  24.8000000   -0.0129666
  24.8200000   -0.0117513
  24.8400000   -0.0104527
  24.8600000   -0.0090278
  24.8800000   -0.0074319
  24.9000000   -0.0056268
  24.9200000   -0.0035881
  24.9400000   -0.0013126
  24.9600000    0.0011764
  24.9800000    0.0038249
  25.0000000    0.0065479
  25.0200000    0.0092307
  25.0400000    0.0117357
  25.0600000    0.0139101
  25.0800000    0.0155990
  25.1000000    0.0166580
  25.1200000    0.0169681
  25.1400000    0.0164487
  25.1600000    0.0150676
  25.1800000    0.0128476
  25.2000000    0.0098670
  25.2200000    0.0062548
  25.2400000    0.0021803
  25.2600000   -0.0021614
  25.2800000   -0.0065670
  25.3000000   -0.0108426
  25.3200000   -0.0148204
  25.3400000   -0.0183714
  25.3600000   -0.0214138
  25.3800000   -0.0239153
  25.4000000   -0.0258905
  25.4200000   -0.0273934
  25.4400000   -0.0285067
  25.4600000   -0.0293296
  25.4800000   -0.0299651
  25.5000000   -0.0305087
  25.5200000   -0.0310401
  25.5400000   -0.0316168
  25.5600000   -0.0322707
  25.5800000   -0.0330072
  25.6000000   -0.0338061
  25.6200000   -0.0346235
  25.6400000   -0.0353952
  25.6600000   -0.0360398
  25.6800000   -0.0364637
  25.7000000   -0.0365656
  25.7200000   -0.0362433
  25.7400000   -0.0354003
  25.7600000   -0.0339534
  25.7800000   -0.0318408
  25.8000000   -0.0290290
  25.8200000   -0.0255182
  25.8400000   -0.0213459
  25.8600000   -0.0165863
  25.8800000   -0.0113484
  25.9000000   -0.0057687
  25.9200000   -0.0000038
  25.9400000    0.0057803
  25.9600000    0.0114185
  25.9800000    0.0167561
  26.0000000    0.0216571
  26.0200000    0.0260092
  26.0400000    0.0297269
  26.0600000    0.0327505
  26.0800000    0.0350437
  26.1000000    0.0365888
  26.1200000    0.0373807
  26.1400000    0.0374213
  26.1600000    0.0367147
  26.1800000    0.0352636
  26.2000000    0.0330685
  26.2200000    0.0301282
  26.2400000    0.0264438
  26.2600000    0.0220230
  26.2800000    0.0168865
  26.3000000    0.0110738
  26.3200000    0.0046490
  26.3400000   -0.0022959
  26.3600000   -0.0096395
  26.3800000   -0.0172324
  26.4000000   -0.0249016
  26.4200000   -0.0324577
  26.4400000   -0.0397042
  26.4600000   -0.0464476
  26.4800000   -0.0525088
  26.5000000   -0.0577324
  26.5200000   -0.0619952
  26.5400000   -0.0652116
  26.5600000   -0.0673361
  26.5800000   -0.0683624
  26.6000000   -0.0683200
  26.6200000   -0.0672680
  26.6400000   -0.0652880
  26.6600000   -0.0624755
  26.6800000   -0.0589328
  26.7000000   -0.0547625
  26.7200000   -0.0500624
  26.7400000   -0.0449234
  26.7600000   -0.0394291
  26.7800000   -0.0336572
  26.8000000   -0.0276826
  26.8200000   -0.0215812
  26.8400000   -0.0154342
  26.8600000   -0.0093314
  26.8800000   -0.0033736
  26.9000000    0.0023277
  26.9200000    0.0076516
  26.9400000    0.0124730
  26.9600000    0.0166681
  26.9800000    0.0201240
  27.0000000    0.0227466
  27.0200000    0.0244705
  27.0400000    0.0252666
  27.0600000    0.0251470
  27.0800000    0.0241676
  27.1000000    0.0224259
  27.1200000    0.0200554
  27.1400000    0.0172160
  27.1600000    0.0140818
  27.1800000    0.0108272
  27.2000000    0.0076132
  27.2200000    0.0045751
  27.2400000    0.0018131
  27.2600000   -0.0006131
  27.2800000   -0.0026850
  27.3000000   -0.0044212
  27.3200000   -0.0058693
  27.3400000   -0.0070945
  27.3600000   -0.0081667
  27.3800000   -0.0091474
  27.4000000   -0.0100786
  27.4200000   -0.0109742
  27.4400000   -0.0118167
  27.4600000   -0.0125575
  27.4800000   -0.0131226
  27.5000000   -0.0134218
  27.5200000   -0.0133615
  27.5400000   -0.0128572
  27.5600000   -0.0118472
  27.5800000   -0.0103028
  27.6000000   -0.0082364
  27.6200000   -0.0057044
  27.6400000   -0.0028057
  27.6600000    0.0003237
  27.6800000    0.0035210
  27.7000000    0.0066092
  27.7200000    0.0094119
  27.7400000    0.0117680
  27.7600000    0.0135459
  27.7800000    0.0146552
  27.8000000    0.0150550
  27.8200000    0.0147582
  27.8400000    0.0138311
  27.8600000    0.0123886
  27.8800000    0.0105848
  27.9000000    0.0086008
  27.9200000    0.0066291
  27.9400000    0.0048574
  27.9600000    0.0034531
  27.9800000    0.0025491
  28.0000000    0.0022322
  28.0200000    0.0025370
  28.0400000    0.0034435
  28.0600000    0.0048801
  28.0800000    0.0067318
  28.1000000    0.0088521
  28.1200000    0.0110781
  28.1400000    0.0132466
  28.1600000    0.0152105
  28.1800000    0.0168524
  28.2000000    0.0180954
  28.2200000    0.0189085
  28.2400000    0.0193074
  28.2600000    0.0193496
  28.2800000    0.0191253
  28.3000000    0.0187449
  28.3200000    0.0183246
  28.3400000    0.0179725
  28.3600000    0.0177763
  28.3800000    0.0177948
  28.4000000    0.0180526
  28.4200000    0.0185400
  28.4400000    0.0192176
  28.4600000    0.0200228
  28.4800000    0.0208796
  28.5000000    0.0217082
  28.5200000    0.0224346
  28.5400000    0.0229979
  28.5600000    0.0233543
  28.5800000    0.0234799
  28.6000000    0.0233689
  28.6200000    0.0230310
  28.6400000    0.0224868
  28.6600000    0.0217628
  28.6800000    0.0208867
  28.7000000    0.0198842
  28.7200000    0.0187767
  28.7400000    0.0175799
  28.7600000    0.0163053
  28.7800000    0.0149610
  28.8000000    0.0135538
  28.8200000    0.0120920
  28.8400000    0.0105868
  28.8600000    0.0090543
  28.8800000    0.0075159
  28.9000000    0.0059992
  28.9200000    0.0045371
  28.9400000    0.0031664
  28.9600000    0.0019266
  28.9800000    0.0008573
  29.0000000   -0.0000037
  29.0200000   -0.0006226
  29.0400000   -0.0009719
  29.0600000   -0.0010310
  29.0800000   -0.0007879
  29.1000000   -0.0002383
  29.1200000    0.0006136
  29.1400000    0.0017564
  29.1600000    0.0031717
  29.1800000    0.0048341
  29.2000000    0.0067113
  29.2200000    0.0087633
  29.2400000    0.0109419
  29.2600000    0.0131898
  29.2800000    0.0154411
  29.3000000    0.0176221
  29.3200000    0.0196542
  29.3400000    0.0214566
  29.3600000    0.0229520
  29.3800000    0.0240715
  29.4000000    0.0247595
  29.4200000    0.0249790
  29.4400000    0.0247136
  29.4600000    0.0239695
  29.4800000    0.0227739
  29.5000000    0.0211720
  29.5200000    0.0192226
  29.5400000    0.0169924
  29.5600000    0.0145501
  29.5800000    0.0119617
  29.6000000    0.0092862
  29.6200000    0.0065744
  29.6400000    0.0038680
  29.6600000    0.0012018
  29.6800000   -0.0013937
  29.7000000   -0.0038889
  29.7200000   -0.0062525
  29.7400000   -0.0084489
  29.7600000   -0.0104383
  29.7800000   -0.0121776
  29.8000000   -0.0136228
  29.8200000   -0.0147334
  29.8400000   -0.0154760
  29.8600000   -0.0158283
  29.8800000   -0.0157821
  29.9000000   -0.0153443
  29.9200000   -0.0145368
  29.9400000   -0.0133944
  29.9600000   -0.0119628
  29.9800000   -0.0102945
  30.0000000   -0.0084465
