 -10.0000000   -0.0154457
  -9.9800000   -0.0117983
  -9.9600000   -0.0077086
  -9.9400000   -0.0032927
  -9.9200000    0.0012993
  -9.9000000    0.0058873
  -9.8800000    0.0102680
  -9.8600000    0.0142230
  -9.8400000    0.0175284
  -9.8200000    0.0199655
  -9.8000000    0.0213326
  -9.7800000    0.0214575
  -9.7600000    0.0202098
  -9.7400000    0.0175129
  -9.7200000    0.0133544
  -9.7000000    0.0077946
  -9.6800000    0.0009712
  -9.6600000   -0.0069007
  -9.6400000   -0.0155338
  -9.6200000   -0.0245804
  -9.6000000   -0.0336498
  -9.5800000   -0.0423318
  -9.5600000   -0.0502235
  -9.5400000   -0.0569570
  -9.5200000   -0.0622269
  -9.5000000   -0.0658119
  -9.4800000   -0.0675905
  -9.4600000   -0.0675464
  -9.4400000   -0.0657652
  -9.4200000   -0.0624201
  -9.4000000   -0.0577504
  -9.3800000   -0.0520352
  -9.3600000   -0.0455637
  -9.3400000   -0.0386088
  -9.3200000   -0.0314046
  -9.3000000   -0.0241314
  -9.2800000   -0.0169089
  -9.2600000   -0.0097983
  -9.2400000   -0.0028117
  -9.2200000    0.0040730
  -9.2000000    0.0108942
  -9.1800000    0.0176884
  -9.1600000    0.0244739
  -9.1400000    0.0312390
  -9.1200000    0.0379347
  -9.1000000    0.0444746
  -9.0800000    0.0507385
  -9.0600000    0.0565824
  -9.0400000    0.0618510
  -9.0200000    0.0663914
  -9.0000000    0.0700678
  -8.9800000    0.0727733
  -8.9600000    0.0744398
  -8.9400000    0.0750426
  -8.9200000    0.0746012
  -8.9000000    0.0731761
  -8.8800000    0.0708607
  -8.8600000    0.0677714
  -8.8400000    0.0640361
  -8.8200000    0.0597827
  -8.8000000    0.0551292
  -8.7800000    0.0501768
  -8.7600000    0.0450061
  -8.7400000    0.0396775
  -8.7200000    0.0342347
  -8.7000000    0.0287110
  -8.6800000    0.0231370
  -8.6600000    0.0175487
  -8.6400000    0.0119940
  -8.6200000    0.0065372
  -8.6000000    0.0012601
  -8.5800000   -0.0037405
  -8.5600000   -0.0083585
  -8.5400000   -0.0124864
  -8.5200000   -0.0160257
  -8.5000000   -0.0188970
  -8.4800000   -0.0210485
  -8.4600000   -0.0224625
  -8.4400000   -0.0231582
  -8.4200000   -0.0231896
  -8.4000000   -0.0226403
  -8.3800000   -0.0216135
  -8.3600000   -0.0202207
  -8.3400000   -0.0185692
  -8.3200000   -0.0167511
  -8.3000000   -0.0148346
  -8.2800000   -0.0128599
  -8.2600000   -0.0108398
  -8.2400000   -0.0087651
  -8.2200000   -0.0066137
  -8.2000000   -0.0043629
  -8.1800000   -0.0020022
  -8.1600000    0.0004551
  -8.1400000    0.0029628
  -8.1200000    0.0054376
  -8.1000000    0.0077592
  -8.0800000    0.0097765
  -8.0600000    0.0113185
  -8.0400000    0.0122084
  -8.0200000    0.0122806
  -8.0000000    0.0113979
  -7.9800000    0.0094663
  -7.9600000    0.0064476
  -7.9400000    0.0023670
  -7.9200000   -0.0026852
  -7.9000000   -0.0085568
  -7.8800000   -0.0150426
  -7.8600000   -0.0218968
  -7.8400000   -0.0288494
  -7.8200000   -0.0356224
  -7.8000000   -0.0419478
  -7.7800000   -0.0475822
  -7.7600000   -0.0523206
  -7.7400000   -0.0560062
  -7.7200000   -0.0585367
  -7.7000000   -0.0598672
  -7.6800000   -0.0600084
  -7.6600000   -0.0590225
  -7.6400000   -0.0570148
  -7.6200000   -0.0541229
  -7.6000000   -0.0505052
  -7.5800000   -0.0463267
  -7.5600000   -0.0417481
  -7.5400000   -0.0369141
  -7.5200000   -0.0319470
  -7.5000000   -0.0269423
  -7.4800000   -0.0219695
  -7.4600000   -0.0170755
  -7.4400000   -0.0122914
  -7.4200000   -0.0076395
  -7.4000000   -0.0031414
  -7.3800000    0.0011768
  -7.3600000    0.0052808
  -7.3400000    0.0091276
  -7.3200000    0.0126677
  -7.3000000    0.0158486
  -7.2800000    0.0186195
  -7.2600000    0.0209349
  -7.2400000    0.0227578
  -7.2200000    0.0240597
  -7.2000000    0.0248203
  -7.1800000    0.0250254
  -7.1600000    0.0246640
  -7.1400000    0.0237265
  -7.1200000    0.0222045
  -7.1000000    0.0200914
  -7.0800000    0.0173860
  -7.0600000    0.0140959
  -7.0400000    0.0102425
  -7.0200000    0.0058637
  -7.0000000    0.0010156
  -6.9800000   -0.0042282
  -6.9600000   -0.0097811
  -6.9400000   -0.0155495
  -6.9200000   -0.0214402
  -6.9000000   -0.0273678
  -6.8800000   -0.0332616
  -6.8600000   -0.0390682
  -6.8400000   -0.0447518
  -6.8200000   -0.0502911
  -6.8000000   -0.0556718
  -6.7800000   -0.0608787
  -6.7600000   -0.0658862
  -6.7400000   -0.0706504
  -6.7200000   -0.0751033
  -6.7000000   -0.0791505
  -6.6800000   -0.0826729
  -6.6600000   -0.0855315
  -6.6400000   -0.0875756
  -6.6200000   -0.0886527
  -6.6000000   -0.0886184
  -6.5800000   -0.0873465
  -6.5600000   -0.0847372
  -6.5400000   -0.0807234
  -6.5200000   -0.0752739
  -6.5000000   -0.0683963
  -6.4800000   -0.0601361
  -6.4600000   -0.0505761
  -6.4400000   -0.0398345
  -6.4200000   -0.0280631
  -6.4000000   -0.0154451
  -6.3800000   -0.0021919
  -6.3600000    0.0114598
  -6.3400000    0.0252534
  -6.3200000    0.0389185
  -6.3000000    0.0521801
  -6.2800000    0.0647688
  -6.2600000    0.0764320
  -6.2400000    0.0869458
  -6.2200000    0.0961255
  -6.2000000    0.1038331
  -6.1800000    0.1099818
  -6.1600000    0.1145363
  -6.1400000    0.1175091
  -6.1200000    0.1189538
  -6.1000000    0.1189559
  -6.0800000    0.1176237
  -6.0600000    0.1150799
  -6.0400000    0.1114548
  -6.0200000    0.1068824
  -6.0000000    0.1014981
  -5.9800000    0.0954379
  -5.9600000    0.0888378
  -5.9400000    0.0818318
  -5.9200000    0.0745487
  -5.9000000    0.0671057
  -5.8800000    0.0596017
  -5.8600000    0.0521086
  -5.8400000    0.0446640
  -5.8200000    0.0372671
  -5.8000000    0.0298777
  -5.7800000    0.0224213
  -5.7600000    0.0147985
  -5.7400000    0.0069000
  -5.7200000   -0.0013759
  -5.7000000   -0.0101046
  -5.6800000   -0.0193183
  -5.6600000   -0.0289927
  -5.6400000   -0.0390402
  -5.6200000   -0.0493092
  -5.6000000   -0.0595917
  -5.5800000   -0.0696357
  -5.5600000   -0.0791629
  -5.5400000   -0.0878885
  -5.5200000   -0.0955400
  -5.5000000   -0.1018743
  -5.4800000   -0.1066890
  -5.4600000   -0.1098303
  -5.4400000   -0.1111936
  -5.4200000   -0.1107209
  -5.4000000   -0.1083935
  -5.3800000   -0.1042233
  -5.3600000   -0.0982444
  -5.3400000   -0.0905054
  -5.3200000   -0.0810655
  -5.3000000   -0.0699940
  -5.2800000   -0.0573738
  -5.2600000   -0.0433087
  -5.2400000   -0.0279328
  -5.2200000   -0.0114218
  -5.2000000    0.0059981
  -5.1800000    0.0240437
  -5.1600000    0.0423738
  -5.1400000    0.0605943
  -5.1200000    0.0782709
  -5.1000000    0.0949468
  -5.0800000    0.1101666
  -5.0600000    0.1235010
  -5.0400000    0.1345722
  -5.0200000    0.1430751
  -5.0000000    0.1487931
  -4.9800000    0.1516067
  -4.9600000    0.1514948
  -4.9400000    0.1485287
  -4.9200000    0.1428607
  -4.9000000    0.1347093
  -4.8800000    0.1243437
  -4.8600000    0.1120677
  -4.8400000    0.0982064
  -4.8200000    0.0830943
  -4.8000000    0.0670663
  -4.7800000    0.0504498
  -4.7600000    0.0335577
  -4.7400000    0.0166816
  -4.7200000    0.0000854
  -4.7000000   -0.0160015
  -4.6800000   -0.0313897
  -4.6600000   -0.0459332
  -4.6400000   -0.0595299
  -4.6200000   -0.0721190
  -4.6000000   -0.0836732
  -4.5800000   -0.0941882
  -4.5600000   -0.1036694
  -4.5400000   -0.1121184
  -4.5200000   -0.1195204
  -4.5000000   -0.1258353
  -4.4800000   -0.1309944
  -4.4600000   -0.1349027
  -4.4400000   -0.1374481
  -4.4200000   -0.1385144
  -4.4000000   -0.1379992
  -4.3800000   -0.1358309
  -4.3600000   -0.1319845
  -4.3400000   -0.1264929
  -4.3200000   -0.1194518
  -4.3000000   -0.1110181
  -4.2800000   -0.1014010
  -4.2600000   -0.0908479
  -4.2400000   -0.0796268
  -4.2200000   -0.0680063
  -4.2000000   -0.0562371
  -4.1800000   -0.0445355
  -4.1600000   -0.0330706
  -4.1400000   -0.0219564
  -4.1200000   -0.0112487
  -4.1000000   -0.0009469
  -4.0800000    0.0090005
  -4.0600000    0.0186850
  -4.0400000    0.0282246
  -4.0200000    0.0377479
  -4.0000000    0.0473754
  -3.9800000    0.0572006
  -3.9600000    0.0672721
  -3.9400000    0.0775785
  -3.9200000    0.0880373
  -3.9000000    0.0984905
  -3.8800000    0.1087087
  -3.8600000    0.1184024
  -3.8400000    0.1272413
  -3.8200000    0.1348807
  -3.8000000    0.1409900
  -3.7800000    0.1452825
  -3.7600000    0.1475411
  -3.7400000    0.1476373
  -3.7200000    0.1455397
  -3.7000000    0.1413134
  -3.6800000    0.1351062
  -3.6600000    0.1271280
  -3.6400000    0.1176232
  -3.6200000    0.1068411
  -3.6000000    0.0950092
  -3.5800000    0.0823126
  -3.5600000    0.0688817
  -3.5400000    0.0547908
  -3.5200000    0.0400667
  -3.5000000    0.0247054
  -3.4800000    0.0086942
  -3.4600000   -0.0079637
  -3.4400000   -0.0252276
  -3.4200000   -0.0430013
  -3.4000000   -0.0611232
  -3.3800000   -0.0793643
  -3.3600000   -0.0974344
  -3.3400000   -0.1149949
  -3.3200000   -0.1316778
  -3.3000000   -0.1471062
  -3.2800000   -0.1609166
  -3.2600000   -0.1727788
  -3.2400000   -0.1824138
  -3.2200000   -0.1896064
  -3.2000000   -0.1942138
  -3.1800000   -0.1961689
  -3.1600000   -0.1954786
  -3.1400000   -0.1922177
  -3.1200000   -0.1865179
  -3.1000000   -0.1785546
  -3.0800000   -0.1685303
  -3.0600000   -0.1566576
  -3.0400000   -0.1431421
  -3.0200000   -0.1281671
  -3.0000000   -0.1118817
  -2.9800000   -0.0943933
  -2.9600000   -0.0757651
  -2.9400000   -0.0560207
  -2.9200000   -0.0351535
  -2.9000000   -0.0131429
  -2.8800000    0.0100250
  -2.8600000    0.0343337
  -2.8400000    0.0597107
  -2.8200000    0.0860030
  -2.8000000    0.1129565
  -2.7800000    0.1402021
  -2.7600000    0.1672518
  -2.7400000    0.1935061
  -2.7200000    0.2182759
  -2.7000000    0.2408169
  -2.6800000    0.2603761
  -2.6600000    0.2762465
  -2.6400000    0.2878239
  -2.6200000    0.2946608
  -2.6000000    0.2965097
  -2.5800000    0.2933497
  -2.5600000    0.2853928
  -2.5400000    0.2730684
  -2.5200000    0.2569850
  -2.5000000    0.2378758
  -2.4800000    0.2165321
  -2.4600000    0.1937338
  -2.4400000    0.1701845
  -2.4200000    0.1464584
  -2.4000000    0.1229648
  -2.3800000    0.0999332
  -2.3600000    0.0774201
  -2.3400000    0.0553336
  -2.3200000    0.0334746
  -2.3000000    0.0115875
  -2.2800000   -0.0105851
  -2.2600000   -0.0332478
  -2.2400000   -0.0565054
  -2.2200000   -0.0803247
  -2.2000000   -0.1045118
  -2.1800000   -0.1287039
  -2.1600000   -0.1523794
  -2.1400000   -0.1748854
  -2.1200000   -0.1954803
  -2.1000000   -0.2133901
  -2.0800000   -0.2278723
  -2.0600000   -0.2382819
  -2.0400000   -0.2441316
  -2.0200000   -0.2451403
  -2.0000000   -0.2412619
  -1.9800000   -0.2326912
  -1.9600000   -0.2198447
  -1.9400000   -0.2033170
  -1.9200000   -0.1838194
  -1.9000000   -0.1621054
  -1.8800000   -0.1388940
  -1.8600000   -0.1147985
  -1.8400000   -0.0902702
  -1.8200000   -0.0655637
  -1.8000000   -0.0407258
  -1.7800000   -0.0156123
  -1.7600000    0.0100723
  -1.7400000    0.0367155
  -1.7200000    0.0647235
  -1.7000000    0.0944430
  -1.6800000    0.1260863
  -1.6600000    0.1596671
  -1.6400000    0.1949552
  -1.6200000    0.2314546
  -1.6000000    0.2684107
  -1.5800000    0.3048440
  -1.5600000    0.3396114
  -1.5400000    0.3714865
  -1.5200000    0.3992541
  -1.5000000    0.4218061
  -1.4800000    0.4382313
  -1.4600000    0.4478880
  -1.4400000    0.4504516
  -1.4200000    0.4459342
  -1.4000000    0.4346723
  -1.3800000    0.4172879
  -1.3600000    0.3946263
  -1.3400000    0.3676791
  -1.3200000    0.3375019
  -1.3000000    0.3051333
  -1.2800000    0.2715249
  -1.2600000    0.2374853
  -1.2400000    0.2036422
  -1.2200000    0.1704234
  -1.2000000    0.1380529
  -1.1800000    0.1065628
  -1.1600000    0.0758141
  -1.1400000    0.0455262
  -1.1200000    0.0153112
  -1.1000000   -0.0152875
  -1.0800000   -0.0467528
  -1.0600000   -0.0795471
  -1.0400000   -0.1140626
  -1.0200000   -0.1505680
  -1.0000000   -0.1891555
  -0.9800000   -0.2296924
  -0.9600000   -0.2717837
  -0.9400000   -0.3147523
  -0.9200000   -0.3576433
  -0.9000000   -0.3992578
  -0.8800000   -0.4382173
  -0.8600000   -0.4730547
  -0.8400000   -0.5023255
  -0.8200000   -0.5247272
  -0.8000000   -0.5392116
  -0.7800000   -0.5450768
  -0.7600000   -0.5420247
  -0.7400000   -0.5301761
  -0.7200000   -0.5100407
  -0.7000000   -0.4824446
  -0.6800000   -0.4484252
  -0.6600000   -0.4091078
  -0.6400000   -0.3655800
  -0.6200000   -0.3187800
  -0.6000000   -0.2694138
  -0.5800000   -0.2179115
  -0.5600000   -0.1644265
  -0.5400000   -0.1088796
  -0.5200000   -0.0510394
  -0.5000000    0.0093697
  -0.4800000    0.0725455
  -0.4600000    0.1384879
  -0.4400000    0.2068951
  -0.4200000    0.2770912
  -0.4000000    0.3479937
  -0.3800000    0.4181295
  -0.3600000    0.4856993
  -0.3400000    0.5486850
  -0.3200000    0.6049918
  -0.3000000    0.6526094
  -0.2800000    0.6897749
  -0.2600000    0.7151216
  -0.2400000    0.7277950
  -0.2200000    0.7275267
  -0.2000000    0.7146575
  -0.1800000    0.6901111
  -0.1600000    0.6553214
  -0.1400000    0.6121265
  -0.1200000    0.5626400
  -0.1000000    0.5091132
  -0.0800000    0.4538019
  -0.0600000    0.3988459
  -0.0400000    0.3461669
  -0.0200000    0.2973891
   0.0000000    0.2537811
   0.0200000    0.2162184
   0.0400000    0.1851668
   0.0600000    0.1606841
   0.0800000    0.1424432
   0.1000000    0.1297754
   0.1200000    0.1217352
   0.1400000    0.1171858
   0.1600000    0.1149007
   0.1800000    0.1136746
   0.2000000    0.1124341
   0.2200000    0.1103367
   0.2400000    0.1068466
   0.2600000    0.1017774
   0.2800000    0.0952970
   0.3000000    0.0878918
   0.3200000    0.0802965
   0.3400000    0.0733962
   0.3600000    0.0681150
   0.3800000    0.0653036
   0.4000000    0.0656394
   0.4200000    0.0695496
   0.4400000    0.0771644
   0.4600000    0.0883037
   0.4800000    0.1024945
   0.5000000    0.1190156
   0.5200000    0.1369617
   0.5400000    0.1553187
   0.5600000    0.1730428
   0.5800000    0.1891344
   0.6000000    0.2027035
   0.6200000    0.2130207
   0.6400000    0.2195516
   0.6600000    0.2219744
   0.6800000    0.2201812
   0.7000000    0.2142631
   0.7200000    0.2044825
   0.7400000    0.1912363
   0.7600000    0.1750115
   0.7800000    0.1563406
   0.8000000    0.1357578
   0.8200000    0.1137634
   0.8400000    0.0907972
   0.8600000    0.0672250
   0.8800000    0.0433380
   0.9000000    0.0193637
   0.9200000   -0.0045139
   0.9400000   -0.0281286
   0.9600000   -0.0513075
   0.9800000   -0.0738502
   1.0000000   -0.0955170
   1.0200000   -0.1160277
   1.0400000   -0.1350717
   1.0600000   -0.1523268
   1.0800000   -0.1674845
   1.1000000   -0.1802762
   1.1200000   -0.1904970
   1.1400000   -0.1980217
   1.1600000   -0.2028121
   1.1800000   -0.2049131
   1.2000000   -0.2044398
   1.2200000   -0.2015567
   1.2400000   -0.1964535
   1.2600000   -0.1893206
   1.2800000   -0.1803277
   1.3000000   -0.1696092
   1.3200000   -0.1572578
   1.3400000   -0.1433269
   1.3600000   -0.1278424
   1.3800000   -0.1108215
   1.4000000   -0.0922965
   1.4200000   -0.0723404
   1.4400000   -0.0510917
   1.4600000   -0.0287733
   1.4800000   -0.0057041
   1.5000000    0.0177003
   1.5200000    0.0409375
   1.5400000    0.0634409
   1.5600000    0.0846107
   1.5800000    0.1038522
   1.6000000    0.1206171
   1.6200000    0.1344424
   1.6400000    0.1449846
   1.6600000    0.1520431
   1.6800000    0.1555736
   1.7000000    0.1556870
   1.7200000    0.1526382
   1.7400000    0.1468025
   1.7600000    0.1386459
   1.7800000    0.1286898
   1.8000000    0.1174752
   1.8200000    0.1055269
   1.8400000    0.0933232
   1.8600000    0.0812700
   1.8800000    0.0696828
   1.9000000    0.0587757
   1.9200000    0.0486597
   1.9400000    0.0393486
   1.9600000    0.0307725
   1.9800000    0.0227985
   2.0000000    0.0152566
   2.0200000    0.0079676
   2.0400000    0.0007729
   2.0600000   -0.0064399
   2.0800000   -0.0137146
   2.1000000   -0.0210131
   2.1200000   -0.0282097
   2.1400000   -0.0350951
   2.1600000   -0.0413887
   2.1800000   -0.0467590
   2.2000000   -0.0508476
   2.2200000   -0.0532971
   2.2400000   -0.0537782
   2.2600000   -0.0520144
   2.2800000   -0.0478031
   2.3000000   -0.0410304
   2.3200000   -0.0316807
   2.3400000   -0.0198400
   2.3600000   -0.0056927
   2.3800000    0.0104859
   2.4000000    0.0283425
   2.4200000    0.0474606
   2.4400000    0.0673793
   2.4600000    0.0876119
   2.4800000    0.1076655
   2.5000000    0.1270596
   2.5200000    0.1453428
   2.5400000    0.1621080
   2.5600000    0.1770040
   2.5800000    0.1897449
   2.6000000    0.2001153
   2.6200000    0.2079717
   2.6400000    0.2132398
   2.6600000    0.2159075
   2.6800000    0.2160136
   2.7000000    0.2136326
   2.7200000    0.2088580
   2.7400000    0.2017842
   2.7600000    0.1924909
   2.7800000    0.1810314
   2.8000000    0.1674284
   2.8200000    0.1516780
   2.8400000    0.1337633
   2.8600000    0.1136759
   2.8800000    0.0914444
   2.9000000    0.0671643
   2.9200000    0.0410259
   2.9400000    0.0133353
   2.9600000   -0.0154763
   2.9800000   -0.0448575
   3.0000000   -0.0741564
   3.0200000   -0.1026544
   3.0400000   -0.1296109
   3.0600000   -0.1543127
   3.0800000   -0.1761247
   3.1000000   -0.1945348
   3.1200000   -0.2091881
   3.1400000   -0.2199084
   3.1600000   -0.2267049
   3.1800000   -0.2297641
   3.2000000   -0.2294285
   3.2200000   -0.2261663
   3.2400000   -0.2205330
   3.2600000   -0.2131299
   3.2800000   -0.2045623
   3.3000000   -0.1953996
   3.3200000   -0.1861399
   3.3400000   -0.1771820
   3.3600000   -0.1688051
   3.3800000   -0.1611588
   3.4000000   -0.1542635
   3.4200000   -0.1480214
   3.4400000   -0.1422380
   3.4600000   -0.1366504
   3.4800000   -0.1309628
   3.5000000   -0.1248824
   3.5200000   -0.1181541
   3.5400000   -0.1105900
   3.5600000   -0.1020899
   3.5800000   -0.0926521
   3.6000000   -0.0823725
   3.6200000   -0.0714338
   3.6400000   -0.0600863
   3.6600000   -0.0486224
   3.6800000   -0.0373496
   3.7000000   -0.0265632
   3.7200000   -0.0165228
   3.7400000   -0.0074340
   3.7600000    0.0005637
   3.7800000    0.0074026
   3.8000000    0.0130867
   3.8200000    0.0176861
   3.8400000    0.0213279
   3.8600000    0.0241841
   3.8800000    0.0264581
   3.9000000    0.0283695
   3.9200000    0.0301387
   3.9400000    0.0319723
   3.9600000    0.0340482
   3.9800000    0.0365032
   4.0000000    0.0394225
   4.0200000    0.0428324
   4.0400000    0.0466972
   4.0600000    0.0509199
   4.0800000    0.0553479
   4.1000000    0.0597824
   4.1200000    0.0639913
   4.1400000    0.0677233
   4.1600000    0.0707234
   4.1800000    0.0727475
   4.2000000    0.0735750
   4.2200000    0.0730191
   4.2400000    0.0709340
   4.2600000    0.0672195
   4.2800000    0.0618229
   4.3000000    0.0547392
   4.3200000    0.0460090
   4.3400000    0.0357162
   4.3600000    0.0239839
   4.3800000    0.0109699
   4.4000000   -0.0031387
   4.4200000   -0.0181313
   4.4400000   -0.0337808
   4.4600000   -0.0498505
   4.4800000   -0.0661010
   4.5000000   -0.0822973
   4.5200000   -0.0982148
   4.5400000   -0.1136451
   4.5600000   -0.1284001
   4.5800000   -0.1423152
   4.6000000   -0.1552519
   4.6200000   -0.1670979
   4.6400000   -0.1777675
   4.6600000   -0.1871989
   4.6800000   -0.1953520
   4.7000000   -0.2022030
   4.7200000   -0.2077396
   4.7400000   -0.2119538
   4.7600000   -0.2148361
   4.7800000   -0.2163689
   4.8000000   -0.2165221
   4.8200000   -0.2152500
   4.8400000   -0.2124922
   4.8600000   -0.2081765
   4.8800000   -0.2022264
   4.9000000   -0.1945713
   4.9200000   -0.1851596
   4.9400000   -0.1739732
   4.9600000   -0.1610415
   4.9800000   -0.1464545
   5.0000000   -0.1303714
   5.0200000   -0.1130239
   5.0400000   -0.0947133
   5.0600000   -0.0758004
   5.0800000   -0.0566884
   5.1000000   -0.0378003
   5.1200000   -0.0195527
   5.1400000   -0.0023288
   5.1600000    0.0135465
   5.1800000    0.0278274
   5.2000000    0.0403600
   5.2200000    0.0510865
   5.2400000    0.0600404
   5.2600000    0.0673316
   5.2800000    0.0731251
   5.3000000    0.0776142
   5.3200000    0.0809920
   5.3400000    0.0834242
   5.3600000    0.0850274
   5.3800000    0.0858544
   5.4000000    0.0858899
   5.4200000    0.0850560
   5.4400000    0.0832273
   5.4600000    0.0802547
   5.4800000    0.0759928
   5.5000000    0.0703297
   5.5200000    0.0632128
   5.5400000    0.0546693
   5.5600000    0.0448160
   5.5800000    0.0338586
   5.6000000    0.0220801
   5.6200000    0.0098182
   5.6400000   -0.0025634
   5.6600000   -0.0147072
   5.6800000   -0.0262935
   5.7000000   -0.0370659
   5.7200000   -0.0468497
   5.7400000   -0.0555579
   5.7600000   -0.0631875
   5.7800000   -0.0698046
   5.8000000   -0.0755226
   5.8200000   -0.0804750
   5.8400000   -0.0847896
   5.8600000   -0.0885646
   5.8800000   -0.0918528
   5.9000000   -0.0946543
   5.9200000   -0.0969191
   5.9400000   -0.0985587
   5.9600000   -0.0994645
   5.9800000   -0.0995304
   6.0000000   -0.0986754
   6.0200000   -0.0968636
   6.0400000   -0.0941168
   6.0600000   -0.0905194
   6.0800000   -0.0862134
   6.1000000   -0.0813849
   6.1200000   -0.0762436
   6.1400000   -0.0709980
   6.1600000   -0.0658309
   6.1800000   -0.0608771
   6.2000000   -0.0562080
   6.2200000   -0.0518244
   6.2400000   -0.0476586
   6.2600000   -0.0435861
   6.2800000   -0.0394447
   6.3000000   -0.0350582
   6.3200000   -0.0302631
   6.3400000   -0.0249324
   6.3600000   -0.0189956
   6.3800000   -0.0124514
   6.4000000   -0.0053711
   6.4200000    0.0021058
   6.4400000    0.0097857
   6.4600000    0.0174398
   6.4800000    0.0248272
   6.5000000    0.0317174
   6.5200000    0.0379108
   6.5400000    0.0432526
   6.5600000    0.0476404
   6.5800000    0.0510235
   6.6000000    0.0533954
   6.6200000    0.0547816
   6.6400000    0.0552240
   6.6600000    0.0547666
   6.6800000    0.0534427
   6.7000000    0.0512678
   6.7200000    0.0482375
   6.7400000    0.0443320
   6.7600000    0.0395242
   6.7800000    0.0337918
   6.8000000    0.0271299
   6.8200000    0.0195629
   6.8400000    0.0111537
   6.8600000    0.0020090
   6.8800000   -0.0077196
   6.9000000   -0.0178393
   6.9200000   -0.0281233
   6.9400000   -0.0383213
   6.9600000   -0.0481726
   6.9800000   -0.0574207
   7.0000000   -0.0658275
   7.0200000   -0.0731878
   7.0400000   -0.0793421
   7.0600000   -0.0841861
   7.0800000   -0.0876775
   7.1000000   -0.0898369
   7.1200000   -0.0907449
   7.1400000   -0.0905330
   7.1600000   -0.0893702
   7.1800000   -0.0874468
   7.2000000   -0.0849557
   7.2200000   -0.0820748
   7.2400000   -0.0789525
   7.2600000   -0.0756963
   7.2800000   -0.0723685
   7.3000000   -0.0689865
   7.3200000   -0.0655292
   7.3400000   -0.0619474
   7.3600000   -0.0581757
   7.3800000   -0.0541467
   7.4000000   -0.0498027
   7.4200000   -0.0451062
   7.4400000   -0.0400474
   7.4600000   -0.0346485
   7.4800000   -0.0289656
   7.5000000   -0.0230876
   7.5200000   -0.0171334
   7.5400000   -0.0112464
   7.5600000   -0.0055879
   7.5800000   -0.0003286
   7.6000000    0.0043617
   7.6200000    0.0083255
   7.6400000    0.0114282
   7.6600000    0.0135698
   7.6800000    0.0146927
   7.7000000    0.0147881
   7.7200000    0.0138976
   7.7400000    0.0121108
   7.7600000    0.0095587
   7.7800000    0.0064042
   7.8000000    0.0028295
   7.8200000   -0.0009758
   7.8400000   -0.0048276
   7.8600000   -0.0085571
   7.8800000   -0.0120188
   7.9000000   -0.0150958
   7.9200000   -0.0177028
   7.9400000   -0.0197864
   7.9600000   -0.0213254
   7.9800000   -0.0223287
   8.0000000   -0.0228340
   8.0200000   -0.0229049
   8.0400000   -0.0226277
   8.0600000   -0.0221068
   8.0800000   -0.0214587
   8.1000000   -0.0208050
   8.1200000   -0.0202638
   8.1400000   -0.0199414
   8.1600000   -0.0199236
   8.1800000   -0.0202697
   8.2000000   -0.0210083
   8.2200000   -0.0221364
   8.2400000   -0.0236214
   8.2600000   -0.0254064
   8.2800000   -0.0274168
   8.3000000   -0.0295681
   8.3200000   -0.0317724
   8.3400000   -0.0339440
   8.3600000   -0.0360025
   8.3800000   -0.0378740
   8.4000000   -0.0394900
   8.4200000   -0.0407863
   8.4400000   -0.0417014
   8.4600000   -0.0421758
   8.4800000   -0.0421532
   8.5000000   -0.0415832
   8.5200000   -0.0404254
   8.5400000   -0.0386541
   8.5600000   -0.0362629
   8.5800000   -0.0332683
   8.6000000   -0.0297114
   8.6200000   -0.0256578
   8.6400000   -0.0211948
   8.6600000   -0.0164276
   8.6800000   -0.0114733
   8.7000000   -0.0064545
   8.7200000   -0.0014928
   8.7400000    0.0032974
   8.7600000    0.0078140
   8.7800000    0.0119716
   8.8000000    0.0157050
   8.8200000    0.0189715
   8.8400000    0.0217524
   8.8600000    0.0240540
   8.8800000    0.0259078
   8.9000000    0.0273692
   8.9200000    0.0285158
   8.9400000    0.0294434
   8.9600000    0.0302605
   8.9800000    0.0310810
   9.0000000    0.0320151
   9.0200000    0.0331601
   9.0400000    0.0345900
   9.0600000    0.0363469
   9.0800000    0.0384349
   9.1000000    0.0408164
   9.1200000    0.0434131
   9.1400000    0.0461106
   9.1600000    0.0487675
   9.1800000    0.0512270
   9.2000000    0.0533312
   9.2200000    0.0549362
   9.2400000    0.0559262
   9.2600000    0.0562259
   9.2800000    0.0558101
   9.3000000    0.0547082
   9.3200000    0.0530047
   9.3400000    0.0508346
   9.3600000    0.0483732
   9.3800000    0.0458224
   9.4000000    0.0433930
   9.4200000    0.0412865
   9.4400000    0.0396755
   9.4600000    0.0386879
   9.4800000    0.0383938
   9.5000000    0.0387990
   9.5200000    0.0398447
   9.5400000    0.0414129
   9.5600000    0.0433388
   9.5800000    0.0454270
   9.6000000    0.0474695
   9.6200000    0.0492646
   9.6400000    0.0506337
   9.6600000    0.0514343
   9.6800000    0.0515683
   9.7000000    0.0509859
   9.7200000    0.0496845
   9.7400000    0.0477033
   9.7600000    0.0451169
   9.7800000    0.0420253
   9.8000000    0.0385456
   9.8200000    0.0348036
   9.8400000    0.0309266
   9.8600000    0.0270382
   9.8800000    0.0232548
   9.9000000    0.0196834
   9.9200000    0.0164204
   9.9400000    0.0135514
   9.9600000    0.0111504
   9.9800000    0.0092802
  10.0000000    0.0079912
  10.0200000    0.0073210
  10.0400000    0.0072925
  10.0600000    0.0079133
  10.0800000    0.0091748
  10.1000000    0.0110514
  10.1200000    0.0135018
  10.1400000    0.0164702
  10.1600000    0.0198886
  10.1800000    0.0236794
  10.2000000    0.0277582
  10.2200000    0.0320361
  10.2400000    0.0364207
  10.2600000    0.0408170
  10.2800000    0.0451275
  10.3000000    0.0492517
  10.3200000    0.0530875
  10.3400000    0.0565332
  10.3600000    0.0594909
  10.3800000    0.0618731
  10.4000000    0.0636092
  10.4200000    0.0646529
  10.4400000    0.0649883
  10.4600000    0.0646337
  10.4800000    0.0636411
  10.5000000    0.0620924
  10.5200000    0.0600904
  10.5400000    0.0577478
  10.5600000    0.0551732
  10.5800000    0.0524588
  10.6000000    0.0496696
  10.6200000    0.0468365
  10.6400000    0.0439552
  10.6600000    0.0409894
  10.6800000    0.0378787
  10.7000000    0.0345501
  10.7200000    0.0309300
  10.7400000    0.0269562
  10.7600000    0.0225873
  10.7800000    0.0178084
  10.8000000    0.0126333
  10.8200000    0.0071027
  10.8400000    0.0012794
  10.8600000   -0.0047581
  10.8800000   -0.0109228
  10.9000000   -0.0171252
  10.9200000   -0.0232790
  10.9400000   -0.0293031
  10.9600000   -0.0351239
  10.9800000   -0.0406735
  11.0000000   -0.0458887
  11.0200000   -0.0507083
  11.0400000   -0.0550707
  11.0600000   -0.0589120
  11.0800000   -0.0621649
  11.1000000   -0.0647586
  11.1200000   -0.0666205
  11.1400000   -0.0676787
  11.1600000   -0.0678658
  11.1800000   -0.0671244
  11.2000000   -0.0654127
  11.2200000   -0.0627106
  11.2400000   -0.0590251
  11.2600000   -0.0543948
  11.2800000   -0.0488923
  11.3000000   -0.0426231
  11.3200000   -0.0357230
  11.3400000   -0.0283504
  11.3600000   -0.0206779
  11.3800000   -0.0128813
  11.4000000   -0.0051283
  11.4200000    0.0024312
  11.4400000    0.0096721
  11.4600000    0.0164986
  11.4800000    0.0228437
  11.5000000    0.0286659
  11.5200000    0.0339433
  11.5400000    0.0386662
  11.5600000    0.0428303
  11.5800000    0.0464320
  11.6000000    0.0494657
  11.6200000    0.0519245
  11.6400000    0.0538038
  11.6600000    0.0551053
  11.6800000    0.0558422
  11.7000000    0.0560420
  11.7200000    0.0557477
  11.7400000    0.0550147
  11.7600000    0.0539057
  11.7800000    0.0524819
  11.8000000    0.0507937
  11.8200000    0.0488725
  11.8400000    0.0467230
  11.8600000    0.0443209
  11.8800000    0.0416140
  11.9000000    0.0385277
  11.9200000    0.0349757
  11.9400000    0.0308728
  11.9600000    0.0261488
  11.9800000    0.0207626
  12.0000000    0.0147131
  12.0200000    0.0080463
  12.0400000    0.0008578
  12.0600000   -0.0067106
  12.0800000   -0.0144788
  12.1000000   -0.0222407
  12.1200000   -0.0297785
  12.1400000   -0.0368781
  12.1600000   -0.0433446
  12.1800000   -0.0490143
  12.2000000   -0.0537642
  12.2200000   -0.0575177
  12.2400000   -0.0602455
  12.2600000   -0.0619638
  12.2800000   -0.0627281
  12.3000000   -0.0626264
  12.3200000   -0.0617696
  12.3400000   -0.0602833
  12.3600000   -0.0582989
  12.3800000   -0.0559468
  12.4000000   -0.0533507
  12.4200000   -0.0506236
  12.4400000   -0.0478645
  12.4600000   -0.0451571
  12.4800000   -0.0425681
  12.5000000   -0.0401466
  12.5200000   -0.0379236
  12.5400000   -0.0359116
  12.5600000   -0.0341056
  12.5800000   -0.0324837
  12.6000000   -0.0310098
  12.6200000   -0.0296367
  12.6400000   -0.0283097
  12.6600000   -0.0269709
  12.6800000   -0.0255635
  12.7000000   -0.0240352
  12.7200000   -0.0223415
  12.7400000   -0.0204476
  12.7600000   -0.0183304
  12.7800000   -0.0159797
  12.8000000   -0.0133989
  12.8200000   -0.0106060
  12.8400000   -0.0076341
  12.8600000   -0.0045313
  12.8800000   -0.0013593
  12.9000000    0.0018093
  12.9200000    0.0048950
  12.9400000    0.0078173
  12.9600000    0.0105008
  12.9800000    0.0128815
  13.0000000    0.0149117
  13.0200000    0.0165630
  13.0400000    0.0178263
  13.0600000    0.0187099
  13.0800000    0.0192349
  13.1000000    0.0194294
  13.1200000    0.0193229
  13.1400000    0.0189422
  13.1600000    0.0183081
  13.1800000    0.0174359
  13.2000000    0.0163371
  13.2200000    0.0150227
  13.2400000    0.0135079
  13.2600000    0.0118159
  13.2800000    0.0099799
  13.3000000    0.0080445
  13.3200000    0.0060638
  13.3400000    0.0040986
  13.3600000    0.0022112
  13.3800000    0.0004608
  13.4000000   -0.0011021
  13.4200000   -0.0024391
  13.4400000   -0.0035275
  13.4600000   -0.0043607
  13.4800000   -0.0049479
  13.5000000   -0.0053120
  13.5200000   -0.0054862
  13.5400000   -0.0055100
  13.5600000   -0.0054257
  13.5800000   -0.0052742
  13.6000000   -0.0050926
  13.6200000   -0.0049126
  13.6400000   -0.0047602
  13.6600000   -0.0046571
  13.6800000   -0.0046224
  13.7000000   -0.0046757
  13.7200000   -0.0048398
  13.7400000   -0.0051428
  13.7600000   -0.0056192
  13.7800000   -0.0063088
  13.8000000   -0.0072544
  13.8200000   -0.0084971
  13.8400000   -0.0100700
  13.8600000   -0.0119920
  13.8800000   -0.0142603
  13.9000000   -0.0168455
  13.9200000   -0.0196873
  13.9400000   -0.0226945
  13.9600000   -0.0257476
  13.9800000   -0.0287046
  14.0000000   -0.0314111
  14.0200000   -0.0337116
  14.0400000   -0.0354623
  14.0600000   -0.0365434
  14.0800000   -0.0368691
  14.1000000   -0.0363943
  14.1200000   -0.0351177
  14.1400000   -0.0330788
  14.1600000   -0.0303523
  14.1800000   -0.0270381
  14.2000000   -0.0232502
  14.2200000   -0.0191044
  14.2400000   -0.0147087
  14.2600000   -0.0101557
  14.2800000   -0.0055182
  14.3000000   -0.0008494
  14.3200000    0.0038144
  14.3400000    0.0084480
  14.3600000    0.0130301
  14.3800000    0.0175357
  14.4000000    0.0219296
  14.4200000    0.0261609
  14.4400000    0.0301599
  14.4600000    0.0338381
  14.4800000    0.0370906
  14.5000000    0.0398007
  14.5200000    0.0418479
  14.5400000    0.0431160
  14.5600000    0.0435035
  14.5800000    0.0429332
  14.6000000    0.0413608
  14.6200000    0.0387818
  14.6400000    0.0352354
  14.6600000    0.0308049
  14.6800000    0.0256152
  14.7000000    0.0198261
  14.7200000    0.0136229
  14.7400000    0.0072057
  14.7600000    0.0007768
  14.7800000   -0.0054712
  14.8000000   -0.0113660
  14.8200000   -0.0167646
  14.8400000   -0.0215595
  14.8600000   -0.0256810
  14.8800000   -0.0290981
  14.9000000   -0.0318153
  14.9200000   -0.0338678
  14.9400000   -0.0353150
  14.9600000   -0.0362331
  14.9800000   -0.0367082
  15.0000000   -0.0368292
  15.0200000   -0.0366824
  15.0400000   -0.0363476
  15.0600000   -0.0358955
  15.0800000   -0.0353863
  15.1000000   -0.0348696
  15.1200000   -0.0343852
  15.1400000   -0.0339633
  15.1600000   -0.0336253
  15.1800000   -0.0333846
  15.2000000   -0.0332473
  15.2200000   -0.0332124
  15.2400000   -0.0332730
  15.2600000   -0.0334181
  15.2800000   -0.0336343
  15.3000000   -0.0339084
  15.3200000   -0.0342298
  15.3400000   -0.0345926
  15.3600000   -0.0349962
  15.3800000   -0.0354457
  15.4000000   -0.0359494
  15.4200000   -0.0365160
  15.4400000   -0.0371500
  15.4600000   -0.0378474
  15.4800000   -0.0385908
  15.5000000   -0.0393471
  15.5200000   -0.0400661
  15.5400000   -0.0406823
  15.5600000   -0.0411189
  15.5800000   -0.0412935
  15.6000000   -0.0411264
  15.6200000   -0.0405481
  15.6400000   -0.0395067
  15.6600000   -0.0379734
  15.6800000   -0.0359462
  15.7000000   -0.0334497
  15.7200000   -0.0305329
  15.7400000   -0.0272652
  15.7600000   -0.0237300
  15.7800000   -0.0200185
  15.8000000   -0.0162241
  15.8200000   -0.0124377
  15.8400000   -0.0087444
  15.8600000   -0.0052216
  15.8800000   -0.0019380
  15.9000000    0.0010461
  15.9200000    0.0036802
  15.9400000    0.0059241
  15.9600000    0.0077497
  15.9800000    0.0091435
  16.0000000    0.0101091
  16.0200000    0.0106686
  16.0400000    0.0108640
  16.0600000    0.0107553
  16.0800000    0.0104175
  16.1000000    0.0099348
  16.1200000    0.0093941
  16.1400000    0.0088765
  16.1600000    0.0084499
  16.1800000    0.0081627
  16.2000000    0.0080385
  16.2200000    0.0080749
  16.2400000    0.0082440
  16.2600000    0.0084957
  16.2800000    0.0087632
  16.3000000    0.0089694
  16.3200000    0.0090340
  16.3400000    0.0088794
  16.3600000    0.0084363
  16.3800000    0.0076476
  16.4000000    0.0064706
  16.4200000    0.0048786
  16.4400000    0.0028617
  16.4600000    0.0004264
  16.4800000   -0.0024028
  16.5000000   -0.0055833
  16.5200000   -0.0090525
  16.5400000   -0.0127265
  16.5600000   -0.0164990
  16.5800000   -0.0202419
  16.6000000   -0.0238076
  16.6200000   -0.0270346
  16.6400000   -0.0297556
  16.6600000   -0.0318091
  16.6800000   -0.0330525
  16.7000000   -0.0333762
  16.7200000   -0.0327166
  16.7400000   -0.0310654
  16.7600000   -0.0284751
  16.7800000   -0.0250578
  16.8000000   -0.0209780
  16.8200000   -0.0164393
  16.8400000   -0.0116669
  16.8600000   -0.0068874
  16.8800000   -0.0023097
  16.9000000    0.0018926
  16.9200000    0.0055929
  16.9400000    0.0087184
  16.9600000    0.0112492
  16.9800000    0.0132127
  17.0000000    0.0146723
  17.0200000    0.0157141
  17.0400000    0.0164323
  17.0600000    0.0169159
  17.0800000    0.0172380
  17.1000000    0.0174490
  17.1200000    0.0175733
  17.1400000    0.0176109
  17.1600000    0.0175414
  17.1800000    0.0173315
  17.2000000    0.0169428
  17.2200000    0.0163408
  17.2400000    0.0155020
  17.2600000    0.0144200
  17.2800000    0.0131079
  17.3000000    0.0115993
  17.3200000    0.0099446
  17.3400000    0.0082063
  17.3600000    0.0064514
  17.3800000    0.0047439
  17.4000000    0.0031368
  17.4200000    0.0016658
  17.4400000    0.0003452
  17.4600000   -0.0008343
  17.4800000   -0.0019041
  17.5000000   -0.0029139
  17.5200000   -0.0039261
  17.5400000   -0.0050075
  17.5600000   -0.0062211
  17.5800000   -0.0076173
  17.6000000   -0.0092252
  17.6200000   -0.0110458
  17.6400000   -0.0130467
  17.6600000   -0.0151597
  17.6800000   -0.0172819
  17.7000000   -0.0192800
  17.7200000   -0.0209986
  17.7400000   -0.0222724
  17.7600000   -0.0229404
  17.7800000   -0.0228618
  17.8000000   -0.0219319
  17.8200000   -0.0200952
  17.8400000   -0.0173550
  17.8600000   -0.0137772
  17.8800000   -0.0094883
  17.9000000   -0.0046667
  17.9200000    0.0004711
  17.9400000    0.0056889
  17.9600000    0.0107508
  17.9800000    0.0154423
  18.0000000    0.0195879
  18.0200000    0.0230660
  18.0400000    0.0258179
  18.0600000    0.0278509
  18.0800000    0.0292354
  18.1000000    0.0300956
  18.1200000    0.0305954
  18.1400000    0.0309195
  18.1600000    0.0312528
  18.1800000    0.0317583
  18.2000000    0.0325563
  18.2200000    0.0337064
  18.2400000    0.0351952
  18.2600000    0.0369302
  18.2800000    0.0387423
  18.3000000    0.0403967
  18.3200000    0.0416127
  18.3400000    0.0420898
  18.3600000    0.0415392
  18.3800000    0.0397164
  18.4000000    0.0364523
  18.4200000    0.0316775
  18.4400000    0.0254392
  18.4600000    0.0179057
  18.4800000    0.0093592
  18.5000000    0.0001767
  18.5200000   -0.0091981
  18.5400000   -0.0182912
  18.5600000   -0.0266359
  18.5800000   -0.0338105
  18.6000000   -0.0394703
  18.6200000   -0.0433722
  18.6400000   -0.0453890
  18.6600000   -0.0455133
  18.6800000   -0.0438512
  18.7000000   -0.0406078
  18.7200000   -0.0360659
  18.7400000   -0.0305618
  18.7600000   -0.0244586
  18.7800000   -0.0181220
  18.8000000   -0.0118974
  18.8200000   -0.0060914
  18.8400000   -0.0009574
  18.8600000    0.0033145
  18.8800000    0.0066035
  18.9000000    0.0088604
  18.9200000    0.0101060
  18.9400000    0.0104266
  18.9600000    0.0099661
  18.9800000    0.0089156
  19.0000000    0.0074999
  19.0200000    0.0059622
  19.0400000    0.0045476
  19.0600000    0.0034855
  19.0800000    0.0029737
  19.1000000    0.0031634
  19.1200000    0.0041482
  19.1400000    0.0059565
  19.1600000    0.0085486
  19.1800000    0.0118189
  19.2000000    0.0156026
  19.2200000    0.0196866
  19.2400000    0.0238237
  19.2600000    0.0277499
  19.2800000    0.0312023
  19.3000000    0.0339373
  19.3200000    0.0357486
  19.3400000    0.0364813
  19.3600000    0.0360443
  19.3800000    0.0344167
  19.4000000    0.0316496
  19.4200000    0.0278627
  19.4400000    0.0232344
  19.4600000    0.0179884
  19.4800000    0.0123761
  19.5000000    0.0066572
  19.5200000    0.0010810
  19.5400000   -0.0041307
  19.5600000   -0.0087969
  19.5800000   -0.0127851
  19.6000000   -0.0160142
  19.6200000   -0.0184510
  19.6400000   -0.0201026
  19.6600000   -0.0210047
  19.6800000   -0.0212087
  19.7000000   -0.0207685
  19.7200000   -0.0197300
  19.7400000   -0.0181233
  19.7600000   -0.0159600
  19.7800000   -0.0132351
  19.8000000   -0.0099337
  19.8200000   -0.0060415
  19.8400000   -0.0015567
  19.8600000    0.0034965
  19.8800000    0.0090570
  19.9000000    0.0150188
  19.9200000    0.0212279
  19.9400000    0.0274848
  19.9600000    0.0335535
  19.9800000    0.0391755
  20.0000000    0.0440878
  20.0200000    0.0480439
  20.0400000    0.0508343
  20.0600000    0.0523054
  20.0800000    0.0523744
  20.1000000    0.0510378
  20.1200000    0.0483743
  20.1400000    0.0445401
  20.1600000    0.0397578
  20.1800000    0.0343005
  20.2000000    0.0284720
  20.2200000    0.0225850
  20.2400000    0.0169394
  20.2600000    0.0118031
  20.2800000    0.0073952
  20.3000000    0.0038741
  20.3200000    0.0013311
  20.3400000   -0.0002109
  20.3600000   -0.0007936
  20.3800000   -0.0005137
  20.4000000    0.0004897
  20.4200000    0.0020501
  20.4400000    0.0039902
  20.4600000    0.0061377
  20.4800000    0.0083381
  20.5000000    0.0104646
  20.5200000    0.0124236
  20.5400000    0.0141549
  20.5600000    0.0156280
  20.5800000    0.0168357
  20.6000000    0.0177845
  20.6200000    0.0184864
  20.6400000    0.0189511
  20.6600000    0.0191813
  20.6800000    0.0191713
  20.7000000    0.0189089
  20.7200000    0.0183799
  20.7400000    0.0175746
  20.7600000    0.0164939
  20.7800000    0.0151547
  20.8000000    0.0135928
  20.8200000    0.0118630
  20.8400000    0.0100357
  20.8600000    0.0081916
  20.8800000    0.0064139
  20.9000000    0.0047800
  20.9200000    0.0033543
  20.9400000    0.0021822
  20.9600000    0.0012862
  20.9800000    0.0006662
  21.0000000    0.0003018
  21.0200000    0.0001577
  21.0400000    0.0001910
  21.0600000    0.0003588
  21.0800000    0.0006261
  21.1000000    0.0009711
  21.1200000    0.0013879
  21.1400000    0.0018860
  21.1600000    0.0024857
  21.1800000    0.0032111
  21.2000000    0.0040806
  21.2200000    0.0050982
  21.2400000    0.0062456
  21.2600000    0.0074783
  21.2800000    0.0087258
  21.3000000    0.0098969
  21.3200000    0.0108897
  21.3400000    0.0116040
  21.3600000    0.0119560
  21.3800000    0.0118904
  21.4000000    0.0113903
  21.4200000    0.0104821
  21.4400000    0.0092335
  21.4600000    0.0077471
  21.4800000    0.0061486
  21.5000000    0.0045715
  21.5200000    0.0031418
  21.5400000    0.0019627
  21.5600000    0.0011038
  21.5800000    0.0005937
  21.6000000    0.0004187
  21.6200000    0.0005269
  21.6400000    0.0008372
  21.6600000    0.0012527
  21.6800000    0.0016758
  21.7000000    0.0020249
  21.7200000    0.0022493
  21.7400000    0.0023408
  21.7600000    0.0023409
  21.7800000    0.0023421
  21.8000000    0.0024819
  21.8200000    0.0029310
  21.8400000    0.0038752
  21.8600000    0.0054936
  21.8800000    0.0079359
  21.9000000    0.0113000
  21.9200000    0.0156147
  21.9400000    0.0208284
  21.9600000    0.0268070
  21.9800000    0.0333400
  22.0000000    0.0401560
  22.0200000    0.0469446
  22.0400000    0.0533827
  22.0600000    0.0591622
  22.0800000    0.0640146
  22.1000000    0.0677318
  22.1200000    0.0701782
  22.1400000    0.0712960
  22.1600000    0.0711009
  22.1800000    0.0696719
  22.2000000    0.0671352
  22.2200000    0.0636457
  22.2400000    0.0593683
  22.2600000    0.0544616
  22.2800000    0.0490656
  22.3000000    0.0432943
  22.3200000    0.0372349
  22.3400000    0.0309510
  22.3600000    0.0244903
  22.3800000    0.0178954
  22.4000000    0.0112138
  22.4200000    0.0045076
  22.4400000   -0.0021402
  22.4600000   -0.0086229
  22.4800000   -0.0148123
  22.5000000   -0.0205639
  22.5200000   -0.0257263
  22.5400000   -0.0301517
  22.5600000   -0.0337062
  22.5800000   -0.0362800
  22.6000000   -0.0377937
  22.6200000   -0.0382026
  22.6400000   -0.0374972
  22.6600000   -0.0357013
  22.6800000   -0.0328684
  22.7000000   -0.0290768
  22.7200000   -0.0244261
  22.7400000   -0.0190333
  22.7600000   -0.0130317
  22.7800000   -0.0065704
  22.8000000    0.0001856
  22.8200000    0.0070552
  22.8400000    0.0138427
  22.8600000    0.0203419
  22.8800000    0.0263428
  22.9000000    0.0316421
  22.9200000    0.0360567
  22.9400000    0.0394379
  22.9600000    0.0416861
  22.9800000    0.0427630
  23.0000000    0.0426986
  23.0200000    0.0415931
  23.0400000    0.0396107
  23.0600000    0.0369667
  23.0800000    0.0339076
  23.1000000    0.0306889
  23.1200000    0.0275496
  23.1400000    0.0246900
  23.1600000    0.0222538
  23.1800000    0.0203172
  23.2000000    0.0188868
  23.2200000    0.0179053
  23.2400000    0.0172659
  23.2600000    0.0168312
  23.2800000    0.0164552
  23.3000000    0.0160046
  23.3200000    0.0153775
  23.3400000    0.0145154
  23.3600000    0.0134095
  23.3800000    0.0120980
  23.4000000    0.0106580
  23.4200000    0.0091906
  23.4400000    0.0078037
  23.4600000    0.0065933
  23.4800000    0.0056271
  23.5000000    0.0049311
  23.5200000    0.0044829
  23.5400000    0.0042106
  23.5600000    0.0039987
  23.5800000    0.0037007
  23.6000000    0.0031547
  23.6200000    0.0022040
  23.6400000    0.0007160
  23.6600000   -0.0013996
  23.6800000   -0.0041773
  23.7000000   -0.0075878
  23.7200000   -0.0115372
  23.7400000   -0.0158736
  23.7600000   -0.0203989
  23.7800000   -0.0248865
  23.8000000   -0.0291016
  23.8200000   -0.0328211
  23.8400000   -0.0358523
  23.8600000   -0.0380478
  23.8800000   -0.0393139
  23.9000000   -0.0396148
  23.9200000   -0.0389697
  23.9400000   -0.0374459
  23.9600000   -0.0351480
  23.9800000   -0.0322051
  24.0000000   -0.0287577
  24.0200000   -0.0249459
  24.0400000   -0.0208988
  24.0600000   -0.0167271
  24.0800000   -0.0125190
  24.1000000   -0.0083382
  24.1200000   -0.0042255
  24.1400000   -0.0002026
  24.1600000    0.0037226
  24.1800000    0.0075499
  24.2000000    0.0112798
  24.2200000    0.0149079
  24.2400000    0.0184202
  24.2600000    0.0217904
  24.2800000    0.0249798
  24.3000000    0.0279388
  24.3200000    0.0306111
  24.3400000    0.0329383
  24.3600000    0.0348661
  24.3800000    0.0363495
  24.4000000    0.0373578
  24.4200000    0.0378778
  24.4400000    0.0379155
  24.4600000    0.0374960
  24.4800000    0.0366614
  24.5000000    0.0354674
  24.5200000    0.0339789
  24.5400000    0.0322635
  24.5600000    0.0303864
  24.5800000    0.0284034
  24.6000000    0.0263561
  24.6200000    0.0242671
  24.6400000    0.0221375
  24.6600000    0.0199470
  24.6800000    0.0176553
  24.7000000    0.0152075
  24.7200000    0.0125402
  24.7400000    0.0095906
  24.7600000    0.0063048
  24.7800000    0.0026471
  24.8000000   -0.0013932
  24.8200000   -0.0057965
  24.8400000   -0.0105112
  24.8600000   -0.0154549
  24.8800000   -0.0205185
  24.9000000   -0.0255734
  24.9200000   -0.0304806
  24.9400000   -0.0351001
  24.9600000   -0.0393005
  24.9800000   -0.0429680
  25.0000000   -0.0460123
  25.0200000   -0.0483709
  25.0400000   -0.0500098
  25.0600000   -0.0509223
  25.0800000   -0.0511247
  25.1000000   -0.0506506
  25.1200000   -0.0495442
  25.1400000   -0.0478539
  25.1600000   -0.0456261
  25.1800000   -0.0429009
  25.2000000   -0.0397102
  25.2200000   -0.0360774
  25.2400000   -0.0320199
  25.2600000   -0.0275528
  25.2800000   -0.0226942
  25.3000000   -0.0174711
  25.3200000   -0.0119244
  25.3400000   -0.0061132
  25.3600000   -0.0001174
  25.3800000    0.0059618
  25.4000000    0.0120039
  25.4200000    0.0178730
  25.4400000    0.0234227
  25.4600000    0.0285037
  25.4800000    0.0329703
  25.5000000    0.0366886
  25.5200000    0.0395425
  25.5400000    0.0414402
  25.5600000    0.0423187
  25.5800000    0.0421468
  25.6000000    0.0409266
  25.6200000    0.0386937
  25.6400000    0.0355151
  25.6600000    0.0314863
  25.6800000    0.0267260
  25.7000000    0.0213706
  25.7200000    0.0155672
  25.7400000    0.0094664
  25.7600000    0.0032147
  25.7800000   -0.0030522
  25.8000000   -0.0092154
  25.8200000   -0.0151770
  25.8400000   -0.0208637
  25.8600000   -0.0262272
  25.8800000   -0.0312435
  25.9000000   -0.0359100
  25.9200000   -0.0402414
  25.9400000   -0.0442637
  25.9600000   -0.0480077
  25.9800000   -0.0515018
  26.0000000   -0.0547651
  26.0200000   -0.0578010
  26.0400000   -0.0605918
  26.0600000   -0.0630949
  26.0800000   -0.0652417
  26.1000000   -0.0669377
  26.1200000   -0.0680664
  26.1400000   -0.0684948
  26.1600000   -0.0680819
  26.1800000   -0.0666885
  26.2000000   -0.0641888
  26.2200000   -0.0604816
  26.2400000   -0.0555022
  26.2600000   -0.0492312
  26.2800000   -0.0417020
  26.3000000   -0.0330046
  26.3200000   -0.0232851
  26.3400000   -0.0127422
  26.3600000   -0.0016194
  26.3800000    0.0098070
  26.4000000    0.0212406
  26.4200000    0.0323810
  26.4400000    0.0429384
  26.4600000    0.0526485
  26.4800000    0.0612844
  26.5000000    0.0686657
  26.5200000    0.0746631
  26.5400000    0.0791992
  26.5600000    0.0822450
  26.5800000    0.0838132
  26.6000000    0.0839480
  26.6200000    0.0827147
  26.6400000    0.0801886
  26.6600000    0.0764462
  26.6800000    0.0715584
  26.7000000    0.0655873
  26.7200000    0.0585867
  26.7400000    0.0506059
  26.7600000    0.0416957
  26.7800000    0.0319160
  26.8000000    0.0213444
  26.8200000    0.0100824
  26.8400000   -0.0017388
  26.8600000   -0.0139567
  26.8800000   -0.0263779
  26.9000000   -0.0387829
  26.9200000   -0.0509343
  26.9400000   -0.0625874
  26.9600000   -0.0735037
  26.9800000   -0.0834650
  27.0000000   -0.0922880
  27.0200000   -0.0998362
  27.0400000   -0.1060288
  27.0600000   -0.1108450
  27.0800000   -0.1143215
  27.1000000   -0.1165445
  27.1200000   -0.1176355
  27.1400000   -0.1177330
  27.1600000   -0.1169713
  27.1800000   -0.1154607
  27.2000000   -0.1132703
  27.2200000   -0.1104170
  27.2400000   -0.1068619
  27.2600000   -0.1025159
  27.2800000   -0.0972533
  27.3000000   -0.0909317
  27.3200000   -0.0834176
  27.3400000   -0.0746121
  27.3600000   -0.0644754
  27.3800000   -0.0530465
  27.4000000   -0.0404552
  27.4200000   -0.0269252
  27.4400000   -0.0127686
  27.4600000    0.0016298
  27.4800000    0.0158350
  27.5000000    0.0293895
  27.5200000    0.0418450
  27.5400000    0.0527927
  27.5600000    0.0618920
  27.5800000    0.0688932
  27.6000000    0.0736526
  27.6200000    0.0761395
  27.6400000    0.0764331
  27.6600000    0.0747109
  27.6800000    0.0712290
  27.7000000    0.0662972
  27.7200000    0.0602505
  27.7400000    0.0534202
  27.7600000    0.0461087
  27.7800000    0.0385681
  27.8000000    0.0309870
  27.8200000    0.0234845
  27.8400000    0.0161125
  27.8600000    0.0088658
  27.8800000    0.0016963
  27.9000000   -0.0054671
  27.9200000   -0.0127001
  27.9400000   -0.0200633
  27.9600000   -0.0275874
  27.9800000   -0.0352626
  28.0000000   -0.0430334
  28.0200000   -0.0507998
  28.0400000   -0.0584232
  28.0600000   -0.0657377
  28.0800000   -0.0725637
  28.1000000   -0.0787230
  28.1200000   -0.0840536
  28.1400000   -0.0884222
  28.1600000   -0.0917334
  28.1800000   -0.0939342
  28.2000000   -0.0950144
  28.2200000   -0.0950019
  28.2400000   -0.0939564
  28.2600000   -0.0919590
  28.2800000   -0.0891038
  28.3000000   -0.0854892
  28.3200000   -0.0812127
  28.3400000   -0.0763693
  28.3600000   -0.0710522
  28.3800000   -0.0653572
  28.4000000   -0.0593882
  28.4200000   -0.0532620
  28.4400000   -0.0471113
  28.4600000   -0.0410844
  28.4800000   -0.0353401
  28.5000000   -0.0300390
  28.5200000   -0.0253302
  28.5400000   -0.0213375
  28.5600000   -0.0181446
  28.5800000   -0.0157832
  28.6000000   -0.0142254
  28.6200000   -0.0133818
  28.6400000   -0.0131063
  28.6600000   -0.0132063
  28.6800000   -0.0134595
  28.7000000   -0.0136319
  28.7200000   -0.0134994
  28.7400000   -0.0128661
  28.7600000   -0.0115813
  28.7800000   -0.0095510
  28.8000000   -0.0067445
  28.8200000   -0.0031948
  28.8400000    0.0010057
  28.8600000    0.0057140
  28.8800000    0.0107493
  28.9000000    0.0159069
  28.9200000    0.0209733
  28.9400000    0.0257412
  28.9600000    0.0300230
  28.9800000    0.0336622
  29.0000000    0.0365419
  29.0200000    0.0385908
  29.0400000    0.0397848
  29.0600000    0.0401457
  29.0800000    0.0397362
  29.1000000    0.0386520
  29.1200000    0.0370122
  29.1400000    0.0349472
  29.1600000    0.0325883
  29.1800000    0.0300569
  29.2000000    0.0274561
  29.2200000    0.0248652
  29.2400000    0.0223371
  29.2600000    0.0198982
  29.2800000    0.0175523
  29.3000000    0.0152844
  29.3200000    0.0130680
  29.3400000    0.0108711
  29.3600000    0.0086627
  29.3800000    0.0064179
  29.4000000    0.0041222
  29.4200000    0.0017734
  29.4400000   -0.0006172
  29.4600000   -0.0030264
  29.4800000   -0.0054210
  29.5000000   -0.0077608
  29.5200000   -0.0100035
  29.5400000   -0.0121078
  29.5600000   -0.0140384
  29.5800000   -0.0157692
  29.6000000   -0.0172857
  29.6200000   -0.0185866
  29.6400000   -0.0196837
  29.6600000   -0.0206006
  29.6800000   -0.0213698
  29.7000000   -0.0220287
  29.7200000   -0.0226158
  29.7400000   -0.0231650
  29.7600000   -0.0237015
  29.7800000   -0.0242375
  29.8000000   -0.0247692
  29.8200000   -0.0252748
  29.8400000   -0.0257142
  29.8600000   -0.0260308
  29.8800000   -0.0261540
  29.9000000   -0.0260045
  29.9200000   -0.0254996
  29.9400000   -0.0245610
  29.9600000   -0.0231214
  29.9800000   -0.0211326
  30.0000000   -0.0185714
