 -10.0000000    0.0366492
  -9.9800000    0.0368484
  -9.9600000    0.0360858
  -9.9400000    0.0344926
  -9.9200000    0.0322327
  -9.9000000    0.0294894
  -9.8800000    0.0264526
  -9.8600000    0.0233072
  -9.8400000    0.0202255
  -9.8200000    0.0173617
  -9.8000000    0.0148506
  -9.7800000    0.0128085
  -9.7600000    0.0113352
  -9.7400000    0.0105169
  -9.7200000    0.0104274
  -9.7000000    0.0111279
  -9.6800000    0.0126645
  -9.6600000    0.0150635
  -9.6400000    0.0183244
  -9.6200000    0.0224132
  -9.6000000    0.0272556
  -9.5800000    0.0327318
  -9.5600000    0.0386757
  -9.5400000    0.0448768
  -9.5200000    0.0510870
  -9.5000000    0.0570326
  -9.4800000    0.0624290
  -9.4600000    0.0669987
  -9.4400000    0.0704902
  -9.4200000    0.0726958
  -9.4000000    0.0734676
  -9.3800000    0.0727284
  -9.3600000    0.0704790
  -9.3400000    0.0667979
  -9.3200000    0.0618371
  -9.3000000    0.0558114
  -9.2800000    0.0489848
  -9.2600000    0.0416529
  -9.2400000    0.0341253
  -9.2200000    0.0267076
  -9.2000000    0.0196841
  -9.1800000    0.0133038
  -9.1600000    0.0077688
  -9.1400000    0.0032260
  -9.1200000   -0.0002372
  -9.1000000   -0.0025942
  -9.0800000   -0.0038767
  -9.0600000   -0.0041690
  -9.0400000   -0.0036000
  -9.0200000   -0.0023332
  -9.0000000   -0.0005545
  -8.9800000    0.0015391
  -8.9600000    0.0037517
  -8.9400000    0.0058991
  -8.9200000    0.0078176
  -8.9000000    0.0093709
  -8.8800000    0.0104553
  -8.8600000    0.0110017
  -8.8400000    0.0109766
  -8.8200000    0.0103806
  -8.8000000    0.0092464
  -8.7800000    0.0076353
  -8.7600000    0.0056323
  -8.7400000    0.0033418
  -8.7200000    0.0008811
  -8.7000000   -0.0016255
  -8.6800000   -0.0040537
  -8.6600000   -0.0062861
  -8.6400000   -0.0082195
  -8.6200000   -0.0097707
  -8.6000000   -0.0108821
  -8.5800000   -0.0115248
  -8.5600000   -0.0117006
  -8.5400000   -0.0114403
  -8.5200000   -0.0108009
  -8.5000000   -0.0098600
  -8.4800000   -0.0087087
  -8.4600000   -0.0074442
  -8.4400000   -0.0061621
  -8.4200000   -0.0049496
  -8.4000000   -0.0038800
  -8.3800000   -0.0030094
  -8.3600000   -0.0023747
  -8.3400000   -0.0019938
  -8.3200000   -0.0018670
  -8.3000000   -0.0019794
  -8.2800000   -0.0023036
  -8.2600000   -0.0028031
  -8.2400000   -0.0034351
  -8.2200000   -0.0041533
  -8.2000000   -0.0049101
  -8.1800000   -0.0056585
  -8.1600000   -0.0063535
  -8.1400000   -0.0069529
  -8.1200000   -0.0074182
  -8.1000000   -0.0077150
  -8.0800000   -0.0078137
  -8.0600000   -0.0076908
  -8.0400000   -0.0073304
  -8.0200000   -0.0067264
  -8.0000000   -0.0058855
  -7.9800000   -0.0048299
  -7.9600000   -0.0036001
  -7.9400000   -0.0022553
  -7.9200000   -0.0008734
  -7.9000000    0.0004531
  -7.8800000    0.0016225
  -7.8600000    0.0025333
  -7.8400000    0.0030938
  -7.8200000    0.0032334
  -7.8000000    0.0029134
  -7.7800000    0.0021342
  -7.7600000    0.0009413
  -7.7400000   -0.0005752
  -7.7200000   -0.0022841
  -7.7000000   -0.0040216
  -7.6800000   -0.0056037
  -7.6600000   -0.0068407
  -7.6400000   -0.0075526
  -7.6200000   -0.0075847
  -7.6000000   -0.0068204
  -7.5800000   -0.0051913
  -7.5600000   -0.0026836
  -7.5400000    0.0006607
  -7.5200000    0.0047457
  -7.5000000    0.0094281
  -7.4800000    0.0145275
  -7.4600000    0.0198372
  -7.4400000    0.0251381
  -7.4200000    0.0302118
  -7.4000000    0.0348529
  -7.3800000    0.0388802
  -7.3600000    0.0421451
  -7.3400000    0.0445374
  -7.3200000    0.0459886
  -7.3000000    0.0464714
  -7.2800000    0.0459975
  -7.2600000    0.0446124
  -7.2400000    0.0423883
  -7.2200000    0.0394171
  -7.2000000    0.0358018
  -7.1800000    0.0316494
  -7.1600000    0.0270645
  -7.1400000    0.0221455
  -7.1200000    0.0169818
  -7.1000000    0.0116546
  -7.0800000    0.0062381
  -7.0600000    0.0008035
  -7.0400000   -0.0045780
  -7.0200000   -0.0098318
  -7.0000000   -0.0148785
  -6.9800000   -0.0196335
  -6.9600000   -0.0240105
  -6.9400000   -0.0279256
  -6.9200000   -0.0313035
  -6.9000000   -0.0340841
  -6.8800000   -0.0362286
  -6.8600000   -0.0377235
  -6.8400000   -0.0385823
  -6.8200000   -0.0388440
  -6.8000000   -0.0385689
  -6.7800000   -0.0378321
  -6.7600000   -0.0367158
  -6.7400000   -0.0353009
  -6.7200000   -0.0336602
  -6.7000000   -0.0318531
  -6.6800000   -0.0299232
  -6.6600000   -0.0278978
  -6.6400000   -0.0257906
  -6.6200000   -0.0236057
  -6.6000000   -0.0213424
  -6.5800000   -0.0190007
  -6.5600000   -0.0165863
  -6.5400000   -0.0141137
  -6.5200000   -0.0116090
  -6.5000000   -0.0091105
  -6.4800000   -0.0066685
  -6.4600000   -0.0043435
  -6.4400000   -0.0022047
  -6.4200000   -0.0003264
  -6.4000000    0.0012137
  -6.3800000    0.0023379
  -6.3600000    0.0029711
  -6.3400000    0.0030430
  -6.3200000    0.0024913
  -6.3000000    0.0012645
  -6.2800000   -0.0006748
  -6.2600000   -0.0033454
  -6.2400000   -0.0067435
  -6.2200000   -0.0108369
  -6.2000000   -0.0155604
  -6.1800000   -0.0208107
  -6.1600000   -0.0264431
  -6.1400000   -0.0322705
  -6.1200000   -0.0380647
  -6.1000000   -0.0435628
  -6.0800000   -0.0484764
  -6.0600000   -0.0525061
  -6.0400000   -0.0553586
  -6.0200000   -0.0567662
  -6.0000000   -0.0565071
  -5.9800000   -0.0544243
  -5.9600000   -0.0504408
  -5.9400000   -0.0445702
  -5.9200000   -0.0369220
  -5.9000000   -0.0276989
  -5.8800000   -0.0171893
  -5.8600000   -0.0057529
  -5.8400000    0.0061975
  -5.8200000    0.0182172
  -5.8000000    0.0298530
  -5.7800000    0.0406654
  -5.7600000    0.0502505
  -5.7400000    0.0582585
  -5.7200000    0.0644093
  -5.7000000    0.0685038
  -5.6800000    0.0704305
  -5.6600000    0.0701677
  -5.6400000    0.0677816
  -5.6200000    0.0634191
  -5.6000000    0.0572993
  -5.5800000    0.0497008
  -5.5600000    0.0409484
  -5.5400000    0.0313998
  -5.5200000    0.0214310
  -5.5000000    0.0114245
  -5.4800000    0.0017565
  -5.4600000   -0.0072143
  -5.4400000   -0.0151569
  -5.4200000   -0.0217787
  -5.4000000   -0.0268353
  -5.3800000   -0.0301403
  -5.3600000   -0.0315730
  -5.3400000   -0.0310855
  -5.3200000   -0.0287061
  -5.3000000   -0.0245403
  -5.2800000   -0.0187664
  -5.2600000   -0.0116286
  -5.2400000   -0.0034251
  -5.2200000    0.0055056
  -5.2000000    0.0148013
  -5.1800000    0.0240926
  -5.1600000    0.0330189
  -5.1400000    0.0412431
  -5.1200000    0.0484639
  -5.1000000    0.0544258
  -5.0800000    0.0589263
  -5.0600000    0.0618213
  -5.0400000    0.0630277
  -5.0200000    0.0625248
  -5.0000000    0.0603543
  -4.9800000    0.0566177
  -4.9600000    0.0514735
  -4.9400000    0.0451309
  -4.9200000    0.0378435
  -4.9000000    0.0298992
  -4.8800000    0.0216101
  -4.8600000    0.0132999
  -4.8400000    0.0052908
  -4.8200000   -0.0021099
  -4.8000000   -0.0086232
  -4.7800000   -0.0140106
  -4.7600000   -0.0180854
  -4.7400000   -0.0207215
  -4.7200000   -0.0218600
  -4.7000000   -0.0215135
  -4.6800000   -0.0197662
  -4.6600000   -0.0167705
  -4.6400000   -0.0127405
  -4.6200000   -0.0079409
  -4.6000000   -0.0026730
  -4.5800000    0.0027416
  -4.5600000    0.0079787
  -4.5400000    0.0127291
  -4.5200000    0.0167142
  -4.5000000    0.0196987
  -4.4800000    0.0215001
  -4.4600000    0.0219931
  -4.4400000    0.0211109
  -4.4200000    0.0188425
  -4.4000000    0.0152282
  -4.3800000    0.0103538
  -4.3600000    0.0043444
  -4.3400000   -0.0026413
  -4.3200000   -0.0104166
  -4.3000000   -0.0187719
  -4.2800000   -0.0274797
  -4.2600000   -0.0363003
  -4.2400000   -0.0449895
  -4.2200000   -0.0533057
  -4.2000000   -0.0610196
  -4.1800000   -0.0679235
  -4.1600000   -0.0738402
  -4.1400000   -0.0786310
  -4.1200000   -0.0822017
  -4.1000000   -0.0845062
  -4.0800000   -0.0855473
  -4.0600000   -0.0853746
  -4.0400000   -0.0840805
  -4.0200000   -0.0817939
  -4.0000000   -0.0786718
  -3.9800000   -0.0748910
  -3.9600000   -0.0706385
  -3.9400000   -0.0661019
  -3.9200000   -0.0614604
  -3.9000000   -0.0568777
  -3.8800000   -0.0524948
  -3.8600000   -0.0484262
  -3.8400000   -0.0447578
  -3.8200000   -0.0415463
  -3.8000000   -0.0388216
  -3.7800000   -0.0365890
  -3.7600000   -0.0348334
  -3.7400000   -0.0335226
  -3.7200000   -0.0326100
  -3.7000000   -0.0320373
  -3.6800000   -0.0317352
  -3.6600000   -0.0316252
  -3.6400000   -0.0316203
  -3.6200000   -0.0316278
  -3.6000000   -0.0315518
  -3.5800000   -0.0312984
  -3.5600000   -0.0307815
  -3.5400000   -0.0299288
  -3.5200000   -0.0286885
  -3.5000000   -0.0270348
  -3.4800000   -0.0249710
  -3.4600000   -0.0225314
  -3.4400000   -0.0197806
  -3.4200000   -0.0168095
  -3.4000000   -0.0137306
  -3.3800000   -0.0106708
  -3.3600000   -0.0077638
  -3.3400000   -0.0051418
  -3.3200000   -0.0029275
  -3.3000000   -0.0012262
  -3.2800000   -0.0001196
  -3.2600000    0.0003400
  -3.2400000    0.0001334
  -3.2200000   -0.0007230
  -3.2000000   -0.0021773
  -3.1800000   -0.0041441
  -3.1600000   -0.0065089
  -3.1400000   -0.0091343
  -3.1200000   -0.0118681
  -3.1000000   -0.0145521
  -3.0800000   -0.0170319
  -3.0600000   -0.0191657
  -3.0400000   -0.0208317
  -3.0200000   -0.0219348
  -3.0000000   -0.0224101
  -2.9800000   -0.0222248
  -2.9600000   -0.0213773
  -2.9400000   -0.0198950
  -2.9200000   -0.0178305
  -2.9000000   -0.0152562
  -2.8800000   -0.0122587
  -2.8600000   -0.0089328
  -2.8400000   -0.0053756
  -2.8200000   -0.0016813
  -2.8000000    0.0020636
  -2.7800000    0.0057833
  -2.7600000    0.0094146
  -2.7400000    0.0129064
  -2.7200000    0.0162179
  -2.7000000    0.0193153
  -2.6800000    0.0221675
  -2.6600000    0.0247414
  -2.6400000    0.0269990
  -2.6200000    0.0288953
  -2.6000000    0.0303796
  -2.5800000    0.0313986
  -2.5600000    0.0319022
  -2.5400000    0.0318512
  -2.5200000    0.0312249
  -2.5000000    0.0300275
  -2.4800000    0.0282924
  -2.4600000    0.0260835
  -2.4400000    0.0234918
  -2.4200000    0.0206293
  -2.4000000    0.0176198
  -2.3800000    0.0145879
  -2.3600000    0.0116483
  -2.3400000    0.0088966
  -2.3200000    0.0064021
  -2.3000000    0.0042053
  -2.2800000    0.0023181
  -2.2600000    0.0007282
  -2.2400000   -0.0005940
  -2.2200000   -0.0016867
  -2.2000000   -0.0025880
  -2.1800000   -0.0033278
  -2.1600000   -0.0039221
  -2.1400000   -0.0043697
  -2.1200000   -0.0046522
  -2.1000000   -0.0047374
  -2.0800000   -0.0045841
  -2.0600000   -0.0041500
  -2.0400000   -0.0033989
  -2.0200000   -0.0023090
  -2.0000000   -0.0008788
  -1.9800000    0.0008682
  -1.9600000    0.0028817
  -1.9400000    0.0050855
  -1.9200000    0.0073810
  -1.9000000    0.0096538
  -1.8800000    0.0117815
  -1.8600000    0.0136431
  -1.8400000    0.0151286
  -1.8200000    0.0161472
  -1.8000000    0.0166347
  -1.7800000    0.0165573
  -1.7600000    0.0159134
  -1.7400000    0.0147312
  -1.7200000    0.0130643
  -1.7000000    0.0109850
  -1.6800000    0.0085769
  -1.6600000    0.0059269
  -1.6400000    0.0031192
  -1.6200000    0.0002308
  -1.6000000   -0.0026703
  -1.5800000   -0.0055254
  -1.5600000   -0.0082824
  -1.5400000   -0.0108929
  -1.5200000   -0.0133083
  -1.5000000   -0.0154774
  -1.4800000   -0.0173433
  -1.4600000   -0.0188436
  -1.4400000   -0.0199103
  -1.4200000   -0.0204715
  -1.4000000   -0.0204544
  -1.3800000   -0.0197879
  -1.3600000   -0.0184069
  -1.3400000   -0.0162554
  -1.3200000   -0.0132923
  -1.3000000   -0.0094955
  -1.2800000   -0.0048685
  -1.2600000    0.0005541
  -1.2400000    0.0067001
  -1.2200000    0.0134545
  -1.2000000    0.0206553
  -1.1800000    0.0280929
  -1.1600000    0.0355112
  -1.1400000    0.0426139
  -1.1200000    0.0490747
  -1.1000000    0.0545508
  -1.0800000    0.0587007
  -1.0600000    0.0612035
  -1.0400000    0.0617796
  -1.0200000    0.0602108
  -1.0000000    0.0563572
  -0.9800000    0.0501721
  -0.9600000    0.0417103
  -0.9400000    0.0311323
  -0.9200000    0.0187022
  -0.9000000    0.0047794
  -0.8800000   -0.0101943
  -0.8600000   -0.0257122
  -0.8400000   -0.0412241
  -0.8200000   -0.0561594
  -0.8000000   -0.0699526
  -0.7800000   -0.0820675
  -0.7600000   -0.0920219
  -0.7400000   -0.0994096
  -0.7200000   -0.1039198
  -0.7000000   -0.1053526
  -0.6800000   -0.1036305
  -0.6600000   -0.0988046
  -0.6400000   -0.0910554
  -0.6200000   -0.0806876
  -0.6000000   -0.0681190
  -0.5800000   -0.0538638
  -0.5600000   -0.0385097
  -0.5400000   -0.0226902
  -0.5200000   -0.0070527
  -0.5000000    0.0077759
  -0.4800000    0.0212250
  -0.4600000    0.0328152
  -0.4400000    0.0421898
  -0.4200000    0.0491413
  -0.4000000    0.0536306
  -0.3800000    0.0557980
  -0.3600000    0.0559649
  -0.3400000    0.0546255
  -0.3200000    0.0524305
  -0.3000000    0.0501634
  -0.2800000    0.0487099
  -0.2600000    0.0490238
  -0.2400000    0.0520889
  -0.2200000    0.0588797
  -0.2000000    0.0703198
  -0.1800000    0.0872387
  -0.1600000    0.1103266
  -0.1400000    0.1400873
  -0.1200000    0.1767881
  -0.1000000    0.2204102
  -0.0800000    0.2706010
  -0.0600000    0.3266332
  -0.0400000    0.3873774
  -0.0200000    0.4512957
   0.0000000    0.5164627
   0.0200000    0.5806209
   0.0400000    0.6412732
   0.0600000    0.6958097
   0.0800000    0.7416643
   0.1000000    0.7764880
   0.1200000    0.7983232
   0.1400000    0.8057612
   0.1600000    0.7980650
   0.1800000    0.7752430
   0.2000000    0.7380636
   0.2200000    0.6880092
   0.2400000    0.6271739
   0.2600000    0.5581163
   0.2800000    0.4836835
   0.3000000    0.4068253
   0.3200000    0.3304144
   0.3400000    0.2570905
   0.3600000    0.1891358
   0.3800000    0.1283897
   0.4000000    0.0762033
   0.4200000    0.0334283
   0.4400000    0.0004374
   0.4600000   -0.0228333
   0.4800000   -0.0368272
   0.5000000   -0.0423013
   0.5200000   -0.0402563
   0.5400000   -0.0318690
   0.5600000   -0.0184268
   0.5800000   -0.0012667
   0.6000000    0.0182792
   0.6200000    0.0389341
   0.6400000    0.0595192
   0.6600000    0.0789913
   0.6800000    0.0964731
   0.7000000    0.1112761
   0.7200000    0.1229155
   0.7400000    0.1311166
   0.7600000    0.1358120
   0.7800000    0.1371300
   0.8000000    0.1353744
   0.8200000    0.1309965
   0.8400000    0.1245613
   0.8600000    0.1167089
   0.8800000    0.1081146
   0.9000000    0.0994488
   0.9200000    0.0913399
   0.9400000    0.0843414
   0.9600000    0.0789058
   0.9800000    0.0753654
   1.0000000    0.0739204
   1.0200000    0.0746355
   1.0400000    0.0774426
   1.0600000    0.0821500
   1.0800000    0.0884574
   1.1000000    0.0959742
   1.1200000    0.1042430
   1.1400000    0.1127640
   1.1600000    0.1210228
   1.1800000    0.1285179
   1.2000000    0.1347884
   1.2200000    0.1394388
   1.2400000    0.1421609
   1.2600000    0.1427496
   1.2800000    0.1411124
   1.3000000    0.1372707
   1.3200000    0.1313537
   1.3400000    0.1235850
   1.3600000    0.1142635
   1.3800000    0.1037410
   1.4000000    0.0923982
   1.4200000    0.0806223
   1.4400000    0.0687868
   1.4600000    0.0572367
   1.4800000    0.0462769
   1.5000000    0.0361654
   1.5200000    0.0271105
   1.5400000    0.0192688
   1.5600000    0.0127451
   1.5800000    0.0075921
   1.6000000    0.0038094
   1.6200000    0.0013427
   1.6400000    0.0000840
   1.6600000   -0.0001283
   1.6800000    0.0004945
   1.7000000    0.0016978
   1.7200000    0.0031929
   1.7400000    0.0046693
   1.7600000    0.0058100
   1.7800000    0.0063071
   1.8000000    0.0058775
   1.8200000    0.0042779
   1.8400000    0.0013171
   1.8600000   -0.0031333
   1.8800000   -0.0091313
   1.9000000   -0.0166591
   1.9200000   -0.0256201
   1.9400000   -0.0358375
   1.9600000   -0.0470563
   1.9800000   -0.0589467
   2.0000000   -0.0711118
   2.0200000   -0.0830998
   2.0400000   -0.0944199
   2.0600000   -0.1045634
   2.0800000   -0.1130296
   2.1000000   -0.1193532
   2.1200000   -0.1231336
   2.1400000   -0.1240621
   2.1600000   -0.1219448
   2.1800000   -0.1167190
   2.2000000   -0.1084609
   2.2200000   -0.0973837
   2.2400000   -0.0838257
   2.2600000   -0.0682302
   2.2800000   -0.0511181
   2.3000000   -0.0330558
   2.3200000   -0.0146226
   2.3400000    0.0036220
   2.3600000    0.0211659
   2.3800000    0.0375672
   2.4000000    0.0524692
   2.4200000    0.0656085
   2.4400000    0.0768150
   2.4600000    0.0860074
   2.4800000    0.0931823
   2.5000000    0.0984026
   2.5200000    0.1017831
   2.5400000    0.1034778
   2.5600000    0.1036687
   2.5800000    0.1025569
   2.6000000    0.1003559
   2.6200000    0.0972877
   2.6400000    0.0935791
   2.6600000    0.0894602
   2.6800000    0.0851609
   2.7000000    0.0809077
   2.7200000    0.0769182
   2.7400000    0.0733949
   2.7600000    0.0705166
   2.7800000    0.0684305
   2.8000000    0.0672434
   2.8200000    0.0670149
   2.8400000    0.0677519
   2.8600000    0.0694072
   2.8800000    0.0718807
   2.9000000    0.0750245
   2.9200000    0.0786512
   2.9400000    0.0825443
   2.9600000    0.0864696
   2.9800000    0.0901860
   3.0000000    0.0934555
   3.0200000    0.0960500
   3.0400000    0.0977564
   3.0600000    0.0983781
   3.0800000    0.0977366
   3.1000000    0.0956704
   3.1200000    0.0920367
   3.1400000    0.0867129
   3.1600000    0.0796016
   3.1800000    0.0706366
   3.2000000    0.0597922
   3.2200000    0.0470922
   3.2400000    0.0326194
   3.2600000    0.0165236
   3.2800000   -0.0009728
   3.3000000   -0.0195734
   3.3200000   -0.0389100
   3.3400000   -0.0585499
   3.3600000   -0.0780091
   3.3800000   -0.0967691
   3.4000000   -0.1142996
   3.4200000   -0.1300835
   3.4400000   -0.1436444
   3.4600000   -0.1545751
   3.4800000   -0.1625625
   3.5000000   -0.1674096
   3.5200000   -0.1690494
   3.5400000   -0.1675513
   3.5600000   -0.1631172
   3.5800000   -0.1560683
   3.6000000   -0.1468230
   3.6200000   -0.1358687
   3.6400000   -0.1237295
   3.6600000   -0.1109342
   3.6800000   -0.0979862
   3.7000000   -0.0853391
   3.7200000   -0.0733796
   3.7400000   -0.0624174
   3.7600000   -0.0526823
   3.7800000   -0.0443278
   3.8000000   -0.0374383
   3.8200000   -0.0320391
   3.8400000   -0.0281063
   3.8600000   -0.0255767
   3.8800000   -0.0243552
   3.9000000   -0.0243214
   3.9200000   -0.0253332
   3.9400000   -0.0272304
   3.9600000   -0.0298365
   3.9800000   -0.0329611
   4.0000000   -0.0364027
   4.0200000   -0.0399522
   4.0400000   -0.0433984
   4.0600000   -0.0465342
   4.0800000   -0.0491654
   4.1000000   -0.0511199
   4.1200000   -0.0522584
   4.1400000   -0.0524846
   4.1600000   -0.0517543
   4.1800000   -0.0500834
   4.2000000   -0.0475507
   4.2200000   -0.0442986
   4.2400000   -0.0405275
   4.2600000   -0.0364861
   4.2800000   -0.0324570
   4.3000000   -0.0287386
   4.3200000   -0.0256247
   4.3400000   -0.0233827
   4.3600000   -0.0222338
   4.3800000   -0.0223339
   4.4000000   -0.0237605
   4.4200000   -0.0265033
   4.4400000   -0.0304622
   4.4600000   -0.0354513
   4.4800000   -0.0412093
   4.5000000   -0.0474162
   4.5200000   -0.0537138
   4.5400000   -0.0597290
   4.5600000   -0.0650978
   4.5800000   -0.0694887
   4.6000000   -0.0726218
   4.6200000   -0.0742843
   4.6400000   -0.0743404
   4.6600000   -0.0727354
   4.6800000   -0.0694946
   4.7000000   -0.0647171
   4.7200000   -0.0585663
   4.7400000   -0.0512579
   4.7600000   -0.0430462
   4.7800000   -0.0342112
   4.8000000   -0.0250446
   4.8200000   -0.0158385
   4.8400000   -0.0068745
   4.8600000    0.0015855
   4.8800000    0.0093074
   4.9000000    0.0160911
   4.9200000    0.0217759
   4.9400000    0.0262449
   4.9600000    0.0294274
   4.9800000    0.0313003
   5.0000000    0.0318873
   5.0200000    0.0312568
   5.0400000    0.0295167
   5.0600000    0.0268080
   5.0800000    0.0232966
   5.1000000    0.0191629
   5.1200000    0.0145923
   5.1400000    0.0097650
   5.1600000    0.0048468
   5.1800000   -0.0000179
   5.2000000   -0.0047116
   5.2200000   -0.0091472
   5.2400000   -0.0132689
   5.2600000   -0.0170521
   5.2800000   -0.0205018
   5.3000000   -0.0236507
   5.3200000   -0.0265558
   5.3400000   -0.0292959
   5.3600000   -0.0319671
   5.3800000   -0.0346788
   5.4000000   -0.0375473
   5.4200000   -0.0406893
   5.4400000   -0.0442135
   5.4600000   -0.0482111
   5.4800000   -0.0527461
   5.5000000   -0.0578461
   5.5200000   -0.0634939
   5.5400000   -0.0696226
   5.5600000   -0.0761126
   5.5800000   -0.0827945
   5.6000000   -0.0894554
   5.6200000   -0.0958504
   5.6400000   -0.1017183
   5.6600000   -0.1068001
   5.6800000   -0.1108588
   5.7000000   -0.1136994
   5.7200000   -0.1151850
   5.7400000   -0.1152497
   5.7600000   -0.1139037
   5.7800000   -0.1112324
   5.8000000   -0.1073879
   5.8200000   -0.1025744
   5.8400000   -0.0970291
   5.8600000   -0.0910015
   5.8800000   -0.0847331
   5.9000000   -0.0784406
   5.9200000   -0.0723037
   5.9400000   -0.0664585
   5.9600000   -0.0609974
   5.9800000   -0.0559725
   6.0000000   -0.0514032
   6.0200000   -0.0472848
   6.0400000   -0.0435965
   6.0600000   -0.0403081
   6.0800000   -0.0373846
   6.1000000   -0.0347877
   6.1200000   -0.0324768
   6.1400000   -0.0304084
   6.1600000   -0.0285349
   6.1800000   -0.0268054
   6.2000000   -0.0251657
   6.2200000   -0.0235612
   6.2400000   -0.0219383
   6.2600000   -0.0202482
   6.2800000   -0.0184483
   6.3000000   -0.0165049
   6.3200000   -0.0143935
   6.3400000   -0.0120998
   6.3600000   -0.0096193
   6.3800000   -0.0069572
   6.4000000   -0.0041285
   6.4200000   -0.0011586
   6.4400000    0.0019165
   6.4600000    0.0050493
   6.4800000    0.0081809
   6.5000000    0.0112416
   6.5200000    0.0141537
   6.5400000    0.0168351
   6.5600000    0.0192049
   6.5800000    0.0211904
   6.6000000    0.0227343
   6.6200000    0.0238019
   6.6400000    0.0243864
   6.6600000    0.0245132
   6.6800000    0.0242399
   6.7000000    0.0236547
   6.7200000    0.0228711
   6.7400000    0.0220207
   6.7600000    0.0212440
   6.7800000    0.0206815
   6.8000000    0.0204639
   6.8200000    0.0207048
   6.8400000    0.0214934
   6.8600000    0.0228907
   6.8800000    0.0249257
   6.9000000    0.0275945
   6.9200000    0.0308600
   6.9400000    0.0346531
   6.9600000    0.0388745
   6.9800000    0.0433973
   7.0000000    0.0480712
   7.0200000    0.0527264
   7.0400000    0.0571796
   7.0600000    0.0612403
   7.0800000    0.0647174
   7.1000000    0.0674274
   7.1200000    0.0692017
   7.1400000    0.0698947
   7.1600000    0.0693912
   7.1800000    0.0676130
   7.2000000    0.0645249
   7.2200000    0.0601389
   7.2400000    0.0545177
   7.2600000    0.0477749
   7.2800000    0.0400745
   7.3000000    0.0316268
   7.3200000    0.0226827
   7.3400000    0.0135253
   7.3600000    0.0044594
   7.3800000   -0.0042005
   7.4000000   -0.0121425
   7.4200000   -0.0190708
   7.4400000   -0.0247173
   7.4600000   -0.0288536
   7.4800000   -0.0312995
   7.5000000   -0.0319311
   7.5200000   -0.0306864
   7.5400000   -0.0275685
   7.5600000   -0.0226477
   7.5800000   -0.0160617
   7.6000000   -0.0080135
   7.6200000    0.0012320
   7.6400000    0.0113544
   7.6600000    0.0219866
   7.6800000    0.0327267
   7.7000000    0.0431530
   7.7200000    0.0528415
   7.7400000    0.0613853
   7.7600000    0.0684158
   7.7800000    0.0736220
   7.8000000    0.0767689
   7.8200000    0.0777124
   7.8400000    0.0764092
   7.8600000    0.0729217
   7.8800000    0.0674168
   7.9000000    0.0601590
   7.9200000    0.0514984
   7.9400000    0.0418541
   7.9600000    0.0316941
   7.9800000    0.0215133
   8.0000000    0.0118098
   8.0200000    0.0030625
   8.0400000   -0.0042916
   8.0600000   -0.0098765
   8.0800000   -0.0133940
   8.1000000   -0.0146367
   8.1200000   -0.0134965
   8.1400000   -0.0099699
   8.1600000   -0.0041574
   8.1800000    0.0037397
   8.2000000    0.0134278
   8.2200000    0.0245321
   8.2400000    0.0366117
   8.2600000    0.0491780
   8.2800000    0.0617146
   8.3000000    0.0737013
   8.3200000    0.0846373
   8.3400000    0.0940663
   8.3600000    0.1015992
   8.3800000    0.1069341
   8.4000000    0.1098721
   8.4200000    0.1103259
   8.4400000    0.1083225
   8.4600000    0.1039971
   8.4800000    0.0975812
   8.5000000    0.0893845
   8.5200000    0.0797737
   8.5400000    0.0691495
   8.5600000    0.0579245
   8.5800000    0.0465045
   8.6000000    0.0352725
   8.6200000    0.0245775
   8.6400000    0.0147269
   8.6600000    0.0059813
   8.6800000   -0.0014489
   8.7000000   -0.0074062
   8.7200000   -0.0117891
   8.7400000   -0.0145549
   8.7600000   -0.0157226
   8.7800000   -0.0153737
   8.8000000   -0.0136506
   8.8200000   -0.0107516
   8.8400000   -0.0069205
   8.8600000   -0.0024333
   8.8800000    0.0024196
   8.9000000    0.0073527
   8.9200000    0.0121052
   8.9400000    0.0164579
   8.9600000    0.0202473
   8.9800000    0.0233735
   9.0000000    0.0258028
   9.0200000    0.0275639
   9.0400000    0.0287399
   9.0600000    0.0294559
   9.0800000    0.0298646
   9.1000000    0.0301318
   9.1200000    0.0304212
   9.1400000    0.0308818
   9.1600000    0.0316360
   9.1800000    0.0327702
   9.2000000    0.0343280
   9.2200000    0.0363047
   9.2400000    0.0386458
   9.2600000    0.0412478
   9.2800000    0.0439635
   9.3000000    0.0466114
   9.3200000    0.0489888
   9.3400000    0.0508883
   9.3600000    0.0521169
   9.3800000    0.0525147
   9.4000000    0.0519717
   9.4200000    0.0504405
   9.4400000    0.0479427
   9.4600000    0.0445692
   9.4800000    0.0404722
   9.5000000    0.0358519
   9.5200000    0.0309388
   9.5400000    0.0259730
   9.5600000    0.0211846
   9.5800000    0.0167760
   9.6000000    0.0129080
   9.6200000    0.0096911
   9.6400000    0.0071821
   9.6600000    0.0053849
   9.6800000    0.0042561
   9.7000000    0.0037123
   9.7200000    0.0036402
   9.7400000    0.0039069
   9.7600000    0.0043703
   9.7800000    0.0048883
   9.8000000    0.0053280
   9.8200000    0.0055722
   9.8400000    0.0055256
   9.8600000    0.0051182
   9.8800000    0.0043088
   9.9000000    0.0030852
   9.9200000    0.0014643
   9.9400000   -0.0005092
   9.9600000   -0.0027655
   9.9800000   -0.0052125
  10.0000000   -0.0077394
  10.0200000   -0.0102212
  10.0400000   -0.0125228
  10.0600000   -0.0145042
  10.0800000   -0.0160262
  10.1000000   -0.0169566
  10.1200000   -0.0171778
  10.1400000   -0.0165941
  10.1600000   -0.0151402
  10.1800000   -0.0127889
  10.2000000   -0.0095582
  10.2200000   -0.0055160
  10.2400000   -0.0007817
  10.2600000    0.0044756
  10.2800000    0.0100441
  10.3000000    0.0156801
  10.3200000    0.0211231
  10.3400000    0.0261134
  10.3600000    0.0304112
  10.3800000    0.0338137
  10.4000000    0.0361709
  10.4200000    0.0373951
  10.4400000    0.0374666
  10.4600000    0.0364320
  10.4800000    0.0343976
  10.5000000    0.0315188
  10.5200000    0.0279864
  10.5400000    0.0240111
  10.5600000    0.0198094
  10.5800000    0.0155907
  10.6000000    0.0115468
  10.6200000    0.0078436
  10.6400000    0.0046166
  10.6600000    0.0019668
  10.6800000   -0.0000402
  10.7000000   -0.0013741
  10.7200000   -0.0020392
  10.7400000   -0.0020719
  10.7600000   -0.0015378
  10.7800000   -0.0005270
  10.8000000    0.0008509
  10.8200000    0.0024729
  10.8400000    0.0042092
  10.8600000    0.0059306
  10.8800000    0.0075147
  10.9000000    0.0088526
  10.9200000    0.0098546
  10.9400000    0.0104543
  10.9600000    0.0106127
  10.9800000    0.0103203
  11.0000000    0.0095979
  11.0200000    0.0084960
  11.0400000    0.0070931
  11.0600000    0.0054916
  11.0800000    0.0038124
  11.1000000    0.0021886
  11.1200000    0.0007573
  11.1400000   -0.0003486
  11.1600000   -0.0010091
  11.1800000   -0.0011240
  11.2000000   -0.0006202
  11.2200000    0.0005445
  11.2400000    0.0023786
  11.2600000    0.0048575
  11.2800000    0.0079252
  11.3000000    0.0114988
  11.3200000    0.0154744
  11.3400000    0.0197329
  11.3600000    0.0241473
  11.3800000    0.0285888
  11.4000000    0.0329320
  11.4200000    0.0370598
  11.4400000    0.0408664
  11.4600000    0.0442598
  11.4800000    0.0471640
  11.5000000    0.0495200
  11.5200000    0.0512874
  11.5400000    0.0524466
  11.5600000    0.0529996
  11.5800000    0.0529721
  11.6000000    0.0524136
  11.6200000    0.0513969
  11.6400000    0.0500152
  11.6600000    0.0483777
  11.6800000    0.0466023
  11.7000000    0.0448076
  11.7200000    0.0431030
  11.7400000    0.0415802
  11.7600000    0.0403057
  11.7800000    0.0393155
  11.8000000    0.0386145
  11.8200000    0.0381781
  11.8400000    0.0379576
  11.8600000    0.0378884
  11.8800000    0.0378991
  11.9000000    0.0379197
  11.9200000    0.0378895
  11.9400000    0.0377617
  11.9600000    0.0375055
  11.9800000    0.0371050
  12.0000000    0.0365561
  12.0200000    0.0358617
  12.0400000    0.0350259
  12.0600000    0.0340485
  12.0800000    0.0329201
  12.1000000    0.0316184
  12.1200000    0.0301059
  12.1400000    0.0283283
  12.1600000    0.0262154
  12.1800000    0.0236830
  12.2000000    0.0206364
  12.2200000    0.0169766
  12.2400000    0.0126080
  12.2600000    0.0074480
  12.2800000    0.0014387
  12.3000000   -0.0054419
  12.3200000   -0.0131684
  12.3400000   -0.0216592
  12.3600000   -0.0307716
  12.3800000   -0.0403014
  12.4000000   -0.0499888
  12.4200000   -0.0595298
  12.4400000   -0.0685934
  12.4600000   -0.0768423
  12.4800000   -0.0839560
  12.5000000   -0.0896537
  12.5200000   -0.0937144
  12.5400000   -0.0959929
  12.5600000   -0.0964294
  12.5800000   -0.0950524
  12.6000000   -0.0919746
  12.6200000   -0.0873826
  12.6400000   -0.0815214
  12.6600000   -0.0746759
  12.6800000   -0.0671509
  12.7000000   -0.0592514
  12.7200000   -0.0512657
  12.7400000   -0.0434513
  12.7600000   -0.0360254
  12.7800000   -0.0291591
  12.8000000   -0.0229766
  12.8200000   -0.0175569
  12.8400000   -0.0129379
  12.8600000   -0.0091225
  12.8800000   -0.0060841
  12.9000000   -0.0037719
  12.9200000   -0.0021156
  12.9400000   -0.0010289
  12.9600000   -0.0004126
  12.9800000   -0.0001573
  13.0000000   -0.0001472
  13.0200000   -0.0002636
  13.0400000   -0.0003913
  13.0600000   -0.0004241
  13.0800000   -0.0002723
  13.1000000    0.0001313
  13.1200000    0.0008258
  13.1400000    0.0018192
  13.1600000    0.0030878
  13.1800000    0.0045783
  13.2000000    0.0062126
  13.2200000    0.0078948
  13.2400000    0.0095178
  13.2600000    0.0109714
  13.2800000    0.0121481
  13.3000000    0.0129480
  13.3200000    0.0132818
  13.3400000    0.0130725
  13.3600000    0.0122567
  13.3800000    0.0107863
  13.4000000    0.0086311
  13.4200000    0.0057830
  13.4400000    0.0022621
  13.4600000   -0.0018766
  13.4800000   -0.0065360
  13.5000000   -0.0115717
  13.5200000   -0.0167894
  13.5400000   -0.0219469
  13.5600000   -0.0267608
  13.5800000   -0.0309187
  13.6000000   -0.0340955
  13.6200000   -0.0359734
  13.6400000   -0.0362626
  13.6600000   -0.0347215
  13.6800000   -0.0311741
  13.7000000   -0.0255235
  13.7200000   -0.0177596
  13.7400000   -0.0079625
  13.7600000    0.0036996
  13.7800000    0.0169763
  13.8000000    0.0315443
  13.8200000    0.0470180
  13.8400000    0.0629630
  13.8600000    0.0789103
  13.8800000    0.0943726
  13.9000000    0.1088615
  13.9200000    0.1219073
  13.9400000    0.1330793
  13.9600000    0.1420060
  13.9800000    0.1483946
  14.0000000    0.1520463
  14.0200000    0.1528674
  14.0400000    0.1508727
  14.0600000    0.1461823
  14.0800000    0.1390114
  14.1000000    0.1296534
  14.1200000    0.1184593
  14.1400000    0.1058153
  14.1600000    0.0921219
  14.1800000    0.0777743
  14.2000000    0.0631490
  14.2200000    0.0485934
  14.2400000    0.0344211
  14.2600000    0.0209096
  14.2800000    0.0083002
  14.3000000   -0.0032021
  14.3200000   -0.0134292
  14.3400000   -0.0222524
  14.3600000   -0.0295865
  14.3800000   -0.0353943
  14.4000000   -0.0396914
  14.4200000   -0.0425486
  14.4400000   -0.0440915
  14.4600000   -0.0444965
  14.4800000   -0.0439811
  14.5000000   -0.0427908
  14.5200000   -0.0411828
  14.5400000   -0.0394068
  14.5600000   -0.0376873
  14.5800000   -0.0362075
  14.6000000   -0.0350970
  14.6200000   -0.0344258
  14.6400000   -0.0342040
  14.6600000   -0.0343877
  14.6800000   -0.0348905
  14.7000000   -0.0355980
  14.7200000   -0.0363850
  14.7400000   -0.0371308
  14.7600000   -0.0377337
  14.7800000   -0.0381198
  14.8000000   -0.0382479
  14.8200000   -0.0381092
  14.8400000   -0.0377215
  14.8600000   -0.0371217
  14.8800000   -0.0363547
  14.9000000   -0.0354634
  14.9200000   -0.0344801
  14.9400000   -0.0334205
  14.9600000   -0.0322814
  14.9800000   -0.0310426
  15.0000000   -0.0296723
  15.0200000   -0.0281352
  15.0400000   -0.0264017
  15.0600000   -0.0244571
  15.0800000   -0.0223097
  15.1000000   -0.0199948
  15.1200000   -0.0175759
  15.1400000   -0.0151405
  15.1600000   -0.0127925
  15.1800000   -0.0106415
  15.2000000   -0.0087896
  15.2200000   -0.0073190
  15.2400000   -0.0062806
  15.2600000   -0.0056866
  15.2800000   -0.0055067
  15.3000000   -0.0056701
  15.3200000   -0.0060710
  15.3400000   -0.0065796
  15.3600000   -0.0070541
  15.3800000   -0.0073543
  15.4000000   -0.0073550
  15.4200000   -0.0069565
  15.4400000   -0.0060928
  15.4600000   -0.0047355
  15.4800000   -0.0028949
  15.5000000   -0.0006169
  15.5200000    0.0020224
  15.5400000    0.0049233
  15.5600000    0.0079709
  15.5800000    0.0110424
  15.6000000    0.0140145
  15.6200000    0.0167694
  15.6400000    0.0191993
  15.6600000    0.0212102
  15.6800000    0.0227244
  15.7000000    0.0236824
  15.7200000    0.0240450
  15.7400000    0.0237948
  15.7600000    0.0229386
  15.7800000    0.0215083
  15.8000000    0.0195636
  15.8200000    0.0171916
  15.8400000    0.0145071
  15.8600000    0.0116497
  15.8800000    0.0087800
  15.9000000    0.0060729
  15.9200000    0.0037092
  15.9400000    0.0018656
  15.9600000    0.0007035
  15.9800000    0.0003576
  16.0000000    0.0009251
  16.0200000    0.0024560
  16.0400000    0.0049461
  16.0600000    0.0083326
  16.0800000    0.0124936
  16.1000000    0.0172512
  16.1200000    0.0223787
  16.1400000    0.0276121
  16.1600000    0.0326641
  16.1800000    0.0372412
  16.2000000    0.0410618
  16.2200000    0.0438745
  16.2400000    0.0454748
  16.2600000    0.0457186
  16.2800000    0.0445324
  16.3000000    0.0419173
  16.3200000    0.0379490
  16.3400000    0.0327714
  16.3600000    0.0265856
  16.3800000    0.0196362
  16.4000000    0.0121937
  16.4200000    0.0045373
  16.4400000   -0.0030617
  16.4600000   -0.0103545
  16.4800000   -0.0171260
  16.5000000   -0.0232013
  16.5200000   -0.0284490
  16.5400000   -0.0327794
  16.5600000   -0.0361405
  16.5800000   -0.0385112
  16.6000000   -0.0398944
  16.6200000   -0.0403105
  16.6400000   -0.0397931
  16.6600000   -0.0383866
  16.6800000   -0.0361469
  16.7000000   -0.0331432
  16.7200000   -0.0294628
  16.7400000   -0.0252137
  16.7600000   -0.0205272
  16.7800000   -0.0155583
  16.8000000   -0.0104815
  16.8200000   -0.0054858
  16.8400000   -0.0007652
  16.8600000    0.0034911
  16.8800000    0.0071093
  16.9000000    0.0099407
  16.9200000    0.0118692
  16.9400000    0.0128172
  16.9600000    0.0127478
  16.9800000    0.0116657
  17.0000000    0.0096154
  17.0200000    0.0066790
  17.0400000    0.0029719
  17.0600000   -0.0013614
  17.0800000   -0.0061531
  17.1000000   -0.0112183
  17.1200000   -0.0163626
  17.1400000   -0.0213912
  17.1600000   -0.0261180
  17.1800000   -0.0303757
  17.2000000   -0.0340247
  17.2200000   -0.0369608
  17.2400000   -0.0391205
  17.2600000   -0.0404832
  17.2800000   -0.0410698
  17.3000000   -0.0409394
  17.3200000   -0.0401824
  17.3400000   -0.0389127
  17.3600000   -0.0372592
  17.3800000   -0.0353571
  17.4000000   -0.0333407
  17.4200000   -0.0313360
  17.4400000   -0.0294561
  17.4600000   -0.0277969
  17.4800000   -0.0264335
  17.5000000   -0.0254191
  17.5200000   -0.0247833
  17.5400000   -0.0245328
  17.5600000   -0.0246525
  17.5800000   -0.0251080
  17.6000000   -0.0258497
  17.6200000   -0.0268163
  17.6400000   -0.0279401
  17.6600000   -0.0291504
  17.6800000   -0.0303771
  17.7000000   -0.0315529
  17.7200000   -0.0326142
  17.7400000   -0.0335016
  17.7600000   -0.0341596
  17.7800000   -0.0345365
  17.8000000   -0.0345859
  17.8200000   -0.0342678
  17.8400000   -0.0335524
  17.8600000   -0.0324232
  17.8800000   -0.0308815
  17.9000000   -0.0289495
  17.9200000   -0.0266727
  17.9400000   -0.0241207
  17.9600000   -0.0213846
  17.9800000   -0.0185739
  18.0000000   -0.0158099
  18.0200000   -0.0132185
  18.0400000   -0.0109215
  18.0600000   -0.0090281
  18.0800000   -0.0076264
  18.1000000   -0.0067761
  18.1200000   -0.0065030
  18.1400000   -0.0067949
  18.1600000   -0.0076007
  18.1800000   -0.0088315
  18.2000000   -0.0103644
  18.2200000   -0.0120490
  18.2400000   -0.0137162
  18.2600000   -0.0151889
  18.2800000   -0.0162932
  18.3000000   -0.0168706
  18.3200000   -0.0167890
  18.3400000   -0.0159522
  18.3600000   -0.0143070
  18.3800000   -0.0118474
  18.4000000   -0.0086148
  18.4200000   -0.0046962
  18.4400000   -0.0002184
  18.4600000    0.0046593
  18.4800000    0.0097544
  18.5000000    0.0148704
  18.5200000    0.0198064
  18.5400000    0.0243664
  18.5600000    0.0283669
  18.5800000    0.0316437
  18.6000000    0.0340588
  18.6200000    0.0355044
  18.6400000    0.0359080
  18.6600000    0.0352354
  18.6800000    0.0334932
  18.7000000    0.0307296
  18.7200000    0.0270345
  18.7400000    0.0225373
  18.7600000    0.0174025
  18.7800000    0.0118248
  18.8000000    0.0060209
  18.8200000    0.0002218
  18.8400000   -0.0053380
  18.8600000   -0.0104296
  18.8800000   -0.0148405
  18.9000000   -0.0183848
  18.9200000   -0.0209119
  18.9400000   -0.0223145
  18.9600000   -0.0225355
  18.9800000   -0.0215718
  19.0000000   -0.0194758
  19.0200000   -0.0163544
  19.0400000   -0.0123644
  19.0600000   -0.0077048
  19.0800000   -0.0026067
  19.1000000    0.0026795
  19.1200000    0.0078973
  19.1400000    0.0127985
  19.1600000    0.0171551
  19.1800000    0.0207706
  19.2000000    0.0234874
  19.2200000    0.0251921
  19.2400000    0.0258164
  19.2600000    0.0253364
  19.2800000    0.0237685
  19.3000000    0.0211651
  19.3200000    0.0176085
  19.3400000    0.0132052
  19.3600000    0.0080810
  19.3800000    0.0023755
  19.4000000   -0.0037614
  19.4200000   -0.0101732
  19.4400000   -0.0167002
  19.4600000   -0.0231829
  19.4800000   -0.0294654
  19.5000000   -0.0353993
  19.5200000   -0.0408477
  19.5400000   -0.0456899
  19.5600000   -0.0498257
  19.5800000   -0.0531797
  19.6000000   -0.0557046
  19.6200000   -0.0573837
  19.6400000   -0.0582324
  19.6600000   -0.0582972
  19.6800000   -0.0576539
  19.7000000   -0.0564036
  19.7200000   -0.0546671
  19.7400000   -0.0525780
  19.7600000   -0.0502751
  19.7800000   -0.0478942
  19.8000000   -0.0455600
  19.8200000   -0.0433787
  19.8400000   -0.0414324
  19.8600000   -0.0397747
  19.8800000   -0.0384296
  19.9000000   -0.0373919
  19.9200000   -0.0366307
  19.9400000   -0.0360951
  19.9600000   -0.0357207
  19.9800000   -0.0354375
  20.0000000   -0.0351768
  20.0200000   -0.0348772
  20.0400000   -0.0344884
  20.0600000   -0.0339730
  20.0800000   -0.0333060
  20.1000000   -0.0324722
  20.1200000   -0.0314637
  20.1400000   -0.0302756
  20.1600000   -0.0289038
  20.1800000   -0.0273435
  20.2000000   -0.0255878
  20.2200000   -0.0236295
  20.2400000   -0.0214612
  20.2600000   -0.0190767
  20.2800000   -0.0164711
  20.3000000   -0.0136397
  20.3200000   -0.0105765
  20.3400000   -0.0072720
  20.3600000   -0.0037111
  20.3800000    0.0001276
  20.4000000    0.0042703
  20.4200000    0.0087443
  20.4400000    0.0135720
  20.4600000    0.0187628
  20.4800000    0.0243050
  20.5000000    0.0301582
  20.5200000    0.0362474
  20.5400000    0.0424622
  20.5600000    0.0486586
  20.5800000    0.0546668
  20.6000000    0.0603023
  20.6200000    0.0653799
  20.6400000    0.0697291
  20.6600000    0.0732086
  20.6800000    0.0757188
  20.7000000    0.0772094
  20.7200000    0.0776829
  20.7400000    0.0771921
  20.7600000    0.0758321
  20.7800000    0.0737296
  20.8000000    0.0710284
  20.8200000    0.0678744
  20.8400000    0.0644030
  20.8600000    0.0607282
  20.8800000    0.0569368
  20.9000000    0.0530873
  20.9200000    0.0492134
  20.9400000    0.0453318
  20.9600000    0.0414520
  20.9800000    0.0375865
  21.0000000    0.0337594
  21.0200000    0.0300122
  21.0400000    0.0264037
  21.0600000    0.0230064
  21.0800000    0.0198969
  21.1000000    0.0171445
  21.1200000    0.0147982
  21.1400000    0.0128743
  21.1600000    0.0113492
  21.1800000    0.0101556
  21.2000000    0.0091865
  21.2200000    0.0083047
  21.2400000    0.0073576
  21.2600000    0.0061955
  21.2800000    0.0046901
  21.3000000    0.0027515
  21.3200000    0.0003412
  21.3400000   -0.0025218
  21.3600000   -0.0057609
  21.3800000   -0.0092489
  21.4000000   -0.0128211
  21.4200000   -0.0162914
  21.4400000   -0.0194715
  21.4600000   -0.0221880
  21.4800000   -0.0242983
  21.5000000   -0.0257016
  21.5200000   -0.0263446
  21.5400000   -0.0262224
  21.5600000   -0.0253750
  21.5800000   -0.0238793
  21.6000000   -0.0218395
  21.6200000   -0.0193769
  21.6400000   -0.0166197
  21.6600000   -0.0136948
  21.6800000   -0.0107222
  21.7000000   -0.0078112
  21.7200000   -0.0050588
  21.7400000   -0.0025501
  21.7600000   -0.0003590
  21.7800000    0.0014510
  21.8000000    0.0028270
  21.8200000    0.0037267
  21.8400000    0.0041213
  21.8600000    0.0039976
  21.8800000    0.0033615
  21.9000000    0.0022401
  21.9200000    0.0006836
  21.9400000   -0.0012350
  21.9600000   -0.0034231
  21.9800000   -0.0057733
  22.0000000   -0.0081706
  22.0200000   -0.0105022
  22.0400000   -0.0126665
  22.0600000   -0.0145832
  22.0800000   -0.0162011
  22.1000000   -0.0175029
  22.1200000   -0.0185075
  22.1400000   -0.0192672
  22.1600000   -0.0198620
  22.1800000   -0.0203898
  22.2000000   -0.0209554
  22.2200000   -0.0216575
  22.2400000   -0.0225778
  22.2600000   -0.0237710
  22.2800000   -0.0252594
  22.3000000   -0.0270306
  22.3200000   -0.0290399
  22.3400000   -0.0312162
  22.3600000   -0.0334711
  22.3800000   -0.0357089
  22.4000000   -0.0378374
  22.4200000   -0.0397766
  22.4400000   -0.0414656
  22.4600000   -0.0428664
  22.4800000   -0.0439643
  22.5000000   -0.0447654
  22.5200000   -0.0452921
  22.5400000   -0.0455771
  22.5600000   -0.0456572
  22.5800000   -0.0455674
  22.6000000   -0.0453363
  22.6200000   -0.0449827
  22.6400000   -0.0445138
  22.6600000   -0.0439247
  22.6800000   -0.0431989
  22.7000000   -0.0423093
  22.7200000   -0.0412194
  22.7400000   -0.0398856
  22.7600000   -0.0382583
  22.7800000   -0.0362841
  22.8000000   -0.0339082
  22.8200000   -0.0310767
  22.8400000   -0.0277403
  22.8600000   -0.0238579
  22.8800000   -0.0194006
  22.9000000   -0.0143564
  22.9200000   -0.0087341
  22.9400000   -0.0025668
  22.9600000    0.0040855
  22.9800000    0.0111353
  23.0000000    0.0184687
  23.0200000    0.0259486
  23.0400000    0.0334194
  23.0600000    0.0407147
  23.0800000    0.0476647
  23.1000000    0.0541053
  23.1200000    0.0598866
  23.1400000    0.0648807
  23.1600000    0.0689879
  23.1800000    0.0721412
  23.2000000    0.0743084
  23.2200000    0.0754925
  23.2400000    0.0757300
  23.2600000    0.0750876
  23.2800000    0.0736575
  23.3000000    0.0715520
  23.3200000    0.0688979
  23.3400000    0.0658295
  23.3600000    0.0624831
  23.3800000    0.0589902
  23.4000000    0.0554719
  23.4200000    0.0520338
  23.4400000    0.0487624
  23.4600000    0.0457216
  23.4800000    0.0429524
  23.5000000    0.0404734
  23.5200000    0.0382831
  23.5400000    0.0363637
  23.5600000    0.0346856
  23.5800000    0.0332126
  23.6000000    0.0319065
  23.6200000    0.0307301
  23.6400000    0.0296500
  23.6600000    0.0286373
  23.6800000    0.0276672
  23.7000000    0.0267174
  23.7200000    0.0257675
  23.7400000    0.0247973
  23.7600000    0.0237872
  23.7800000    0.0227193
  23.8000000    0.0215798
  23.8200000    0.0203625
  23.8400000    0.0190721
  23.8600000    0.0177270
  23.8800000    0.0163607
  23.9000000    0.0150210
  23.9200000    0.0137664
  23.9400000    0.0126603
  23.9600000    0.0117626
  23.9800000    0.0111205
  24.0000000    0.0107593
  24.0200000    0.0106749
  24.0400000    0.0108287
  24.0600000    0.0111472
  24.0800000    0.0115251
  24.1000000    0.0118342
  24.1200000    0.0119349
  24.1400000    0.0116909
  24.1600000    0.0109846
  24.1800000    0.0097308
  24.2000000    0.0078878
  24.2200000    0.0054636
  24.2400000    0.0025171
  24.2600000   -0.0008473
  24.2800000   -0.0044886
  24.3000000   -0.0082432
  24.3200000   -0.0119396
  24.3400000   -0.0154140
  24.3600000   -0.0185234
  24.3800000   -0.0211559
  24.4000000   -0.0232364
  24.4200000   -0.0247283
  24.4400000   -0.0256304
  24.4600000   -0.0259715
  24.4800000   -0.0258023
  24.5000000   -0.0251869
  24.5200000   -0.0241943
  24.5400000   -0.0228921
  24.5600000   -0.0213411
  24.5800000   -0.0195939
  24.6000000   -0.0176938
  24.6200000   -0.0156768
  24.6400000   -0.0135746
  24.6600000   -0.0114184
  24.6800000   -0.0092417
  24.7000000   -0.0070837
  24.7200000   -0.0049906
  24.7400000   -0.0030156
  24.7600000   -0.0012172
  24.7800000    0.0003435
  24.8000000    0.0016075
  24.8200000    0.0025229
  24.8400000    0.0030497
  24.8600000    0.0031646
  24.8800000    0.0028643
  24.9000000    0.0021673
  24.9200000    0.0011140
  24.9400000   -0.0002356
  24.9600000   -0.0018052
  24.9800000   -0.0035076
  25.0000000   -0.0052505
  25.0200000   -0.0069434
  25.0400000   -0.0085036
  25.0600000   -0.0098621
  25.0800000   -0.0109687
  25.1000000   -0.0117948
  25.1200000   -0.0123358
  25.1400000   -0.0126102
  25.1600000   -0.0126582
  25.1800000   -0.0125377
  25.2000000   -0.0123184
  25.2200000   -0.0120752
  25.2400000   -0.0118807
  25.2600000   -0.0117966
  25.2800000   -0.0118668
  25.3000000   -0.0121111
  25.3200000   -0.0125213
  25.3400000   -0.0130598
  25.3600000   -0.0136612
  25.3800000   -0.0142373
  25.4000000   -0.0146845
  25.4200000   -0.0148936
  25.4400000   -0.0147606
  25.4600000   -0.0141977
  25.4800000   -0.0131426
  25.5000000   -0.0115663
  25.5200000   -0.0094778
  25.5400000   -0.0069245
  25.5600000   -0.0039900
  25.5800000   -0.0007887
  25.6000000    0.0025428
  25.6200000    0.0058551
  25.6400000    0.0089959
  25.6600000    0.0118199
  25.6800000    0.0141964
  25.7000000    0.0160154
  25.7200000    0.0171908
  25.7400000    0.0176616
  25.7600000    0.0173903
  25.7800000    0.0163603
  25.8000000    0.0145722
  25.8200000    0.0120404
  25.8400000    0.0087904
  25.8600000    0.0048578
  25.8800000    0.0002887
  25.9000000   -0.0048580
  25.9200000   -0.0105066
  25.9400000   -0.0165612
  25.9600000   -0.0229015
  25.9800000   -0.0293815
  26.0000000   -0.0358300
  26.0200000   -0.0420546
  26.0400000   -0.0478489
  26.0600000   -0.0530032
  26.0800000   -0.0573170
  26.1000000   -0.0606133
  26.1200000   -0.0627522
  26.1400000   -0.0636427
  26.1600000   -0.0632518
  26.1800000   -0.0616091
  26.2000000   -0.0588065
  26.2200000   -0.0549942
  26.2400000   -0.0503706
  26.2600000   -0.0451712
  26.2800000   -0.0396527
  26.3000000   -0.0340786
  26.3200000   -0.0287036
  26.3400000   -0.0237604
  26.3600000   -0.0194484
  26.3800000   -0.0159262
  26.4000000   -0.0133058
  26.4200000   -0.0116513
  26.4400000   -0.0109789
  26.4600000   -0.0112603
  26.4800000   -0.0124270
  26.5000000   -0.0143762
  26.5200000   -0.0169776
  26.5400000   -0.0200804
  26.5600000   -0.0235206
  26.5800000   -0.0271276
  26.6000000   -0.0307308
  26.6200000   -0.0341649
  26.6400000   -0.0372747
  26.6600000   -0.0399191
  26.6800000   -0.0419741
  26.7000000   -0.0433357
  26.7200000   -0.0439223
  26.7400000   -0.0436776
  26.7600000   -0.0425736
  26.7800000   -0.0406129
  26.8000000   -0.0378325
  26.8200000   -0.0343055
  26.8400000   -0.0301421
  26.8600000   -0.0254891
  26.8800000   -0.0205266
  26.9000000   -0.0154621
  26.9200000   -0.0105221
  26.9400000   -0.0059409
  26.9600000   -0.0019482
  26.9800000    0.0012458
  27.0000000    0.0034634
  27.0200000    0.0045727
  27.0400000    0.0044979
  27.0600000    0.0032262
  27.0800000    0.0008115
  27.1000000   -0.0026278
  27.1200000   -0.0069143
  27.1400000   -0.0118219
  27.1600000   -0.0170898
  27.1800000   -0.0224379
  27.2000000   -0.0275849
  27.2200000   -0.0322647
  27.2400000   -0.0362427
  27.2600000   -0.0393289
  27.2800000   -0.0413879
  27.3000000   -0.0423450
  27.3200000   -0.0421881
  27.3400000   -0.0409655
  27.3600000   -0.0387795
  27.3800000   -0.0357768
  27.4000000   -0.0321364
  27.4200000   -0.0280550
  27.4400000   -0.0237326
  27.4600000   -0.0193574
  27.4800000   -0.0150937
  27.5000000   -0.0110716
  27.5200000   -0.0073804
  27.5400000   -0.0040669
  27.5600000   -0.0011373
  27.5800000    0.0014366
  27.6000000    0.0037086
  27.6200000    0.0057474
  27.6400000    0.0076253
  27.6600000    0.0094089
  27.6800000    0.0111513
  27.7000000    0.0128881
  27.7200000    0.0146367
  27.7400000    0.0163992
  27.7600000    0.0181672
  27.7800000    0.0199289
  27.8000000    0.0216756
  27.8200000    0.0234078
  27.8400000    0.0251388
  27.8600000    0.0268962
  27.8800000    0.0287193
  27.9000000    0.0306554
  27.9200000    0.0327527
  27.9400000    0.0350528
  27.9600000    0.0375829
  27.9800000    0.0403490
  28.0000000    0.0433311
  28.0200000    0.0464811
  28.0400000    0.0497226
  28.0600000    0.0529553
  28.0800000    0.0560594
  28.1000000    0.0589043
  28.1200000    0.0613559
  28.1400000    0.0632860
  28.1600000    0.0645797
  28.1800000    0.0651427
  28.2000000    0.0649061
  28.2200000    0.0638296
  28.2400000    0.0619031
  28.2600000    0.0591462
  28.2800000    0.0556065
  28.3000000    0.0513564
  28.3200000    0.0464896
  28.3400000    0.0411168
  28.3600000    0.0353612
  28.3800000    0.0293544
  28.4000000    0.0232318
  28.4200000    0.0171288
  28.4400000    0.0111765
  28.4600000    0.0054981
  28.4800000    0.0002056
  28.5000000   -0.0046042
  28.5200000   -0.0088524
  28.5400000   -0.0124805
  28.5600000   -0.0154532
  28.5800000   -0.0177593
  28.6000000   -0.0194117
  28.6200000   -0.0204475
  28.6400000   -0.0209247
  28.6600000   -0.0209196
  28.6800000   -0.0205216
  28.7000000   -0.0198280
  28.7200000   -0.0189375
  28.7400000   -0.0179443
  28.7600000   -0.0169324
  28.7800000   -0.0159709
  28.8000000   -0.0151105
  28.8200000   -0.0143822
  28.8400000   -0.0137972
  28.8600000   -0.0133489
  28.8800000   -0.0130156
  28.9000000   -0.0127646
  28.9200000   -0.0125560
  28.9400000   -0.0123471
  28.9600000   -0.0120952
  28.9800000   -0.0117603
  29.0000000   -0.0113064
  29.0200000   -0.0107025
  29.0400000   -0.0099225
  29.0600000   -0.0089454
  29.0800000   -0.0077558
  29.1000000   -0.0063437
  29.1200000   -0.0047064
  29.1400000   -0.0028488
  29.1600000   -0.0007857
  29.1800000    0.0014579
  29.2000000    0.0038456
  29.2200000    0.0063296
  29.2400000    0.0088518
  29.2600000    0.0113445
  29.2800000    0.0137333
  29.3000000    0.0159388
  29.3200000    0.0178794
  29.3400000    0.0194740
  29.3600000    0.0206441
  29.3800000    0.0213171
  29.4000000    0.0214284
  29.4200000    0.0209253
  29.4400000    0.0197700
  29.4600000    0.0179448
  29.4800000    0.0154556
  29.5000000    0.0123374
  29.5200000    0.0086567
  29.5400000    0.0045142
  29.5600000    0.0000448
  29.5800000   -0.0045859
  29.6000000   -0.0091872
  29.6200000   -0.0135518
  29.6400000   -0.0174668
  29.6600000   -0.0207263
  29.6800000   -0.0231439
  29.7000000   -0.0245653
  29.7200000   -0.0248784
  29.7400000   -0.0240220
  29.7600000   -0.0219902
  29.7800000   -0.0188352
  29.8000000   -0.0146653
  29.8200000   -0.0096405
  29.8400000   -0.0039654
  29.8600000    0.0021218
  29.8800000    0.0083609
  29.9000000    0.0144847
  29.9200000    0.0202342
  29.9400000    0.0253735
  29.9600000    0.0297043
  29.9800000    0.0330777
  30.0000000    0.0354026
