 -10.0000000   -0.0326587
  -9.9800000   -0.0318983
  -9.9600000   -0.0302881
  -9.9400000   -0.0278190
  -9.9200000   -0.0245136
  -9.9000000   -0.0204265
  -9.8800000   -0.0156439
  -9.8600000   -0.0102800
  -9.8400000   -0.0044727
  -9.8200000    0.0016232
  -9.8000000    0.0078430
  -9.7800000    0.0140201
  -9.7600000    0.0199938
  -9.7400000    0.0256167
  -9.7200000    0.0307603
  -9.7000000    0.0353195
  -9.6800000    0.0392163
  -9.6600000    0.0423998
  -9.6400000    0.0448469
  -9.6200000    0.0465602
  -9.6000000    0.0475650
  -9.5800000    0.0479063
  -9.5600000    0.0476452
  -9.5400000    0.0468546
  -9.5200000    0.0456165
  -9.5000000    0.0440180
  -9.4800000    0.0421490
  -9.4600000    0.0400985
  -9.4400000    0.0379521
  -9.4200000    0.0357878
  -9.4000000    0.0336730
  -9.3800000    0.0316600
  -9.3600000    0.0297823
  -9.3400000    0.0280517
  -9.3200000    0.0264565
  -9.3000000    0.0249610
  -9.2800000    0.0235081
  -9.2600000    0.0220237
  -9.2400000    0.0204230
  -9.2200000    0.0186191
  -9.2000000    0.0165318
  -9.1800000    0.0140971
  -9.1600000    0.0112751
  -9.1400000    0.0080563
  -9.1200000    0.0044653
  -9.1000000    0.0005615
  -9.0800000   -0.0035636
  -9.0600000   -0.0077918
  -9.0400000   -0.0119858
  -9.0200000   -0.0159987
  -9.0000000   -0.0196840
  -8.9800000   -0.0229049
  -8.9600000   -0.0255426
  -8.9400000   -0.0275022
  -8.9200000   -0.0287161
  -8.9000000   -0.0291444
  -8.8800000   -0.0287733
  -8.8600000   -0.0276110
  -8.8400000   -0.0256832
  -8.8200000   -0.0230285
  -8.8000000   -0.0196954
  -8.7800000   -0.0157402
  -8.7600000   -0.0112283
  -8.7400000   -0.0062366
  -8.7200000   -0.0008580
  -8.7000000    0.0047943
  -8.6800000    0.0105828
  -8.6600000    0.0163443
  -8.6400000    0.0218921
  -8.6200000    0.0270214
  -8.6000000    0.0315196
  -8.5800000    0.0351791
  -8.5600000    0.0378135
  -8.5400000    0.0392731
  -8.5200000    0.0394603
  -8.5000000    0.0383405
  -8.4800000    0.0359492
  -8.4600000    0.0323930
  -8.4400000    0.0278433
  -8.4200000    0.0225253
  -8.4000000    0.0167012
  -8.3800000    0.0106499
  -8.3600000    0.0046461
  -8.3400000   -0.0010607
  -8.3200000   -0.0062633
  -8.3000000   -0.0108097
  -8.2800000   -0.0146107
  -8.2600000   -0.0176407
  -8.2400000   -0.0199324
  -8.2200000   -0.0215677
  -8.2000000   -0.0226636
  -8.1800000   -0.0233574
  -8.1600000   -0.0237903
  -8.1400000   -0.0240939
  -8.1200000   -0.0243773
  -8.1000000   -0.0247195
  -8.0800000   -0.0251639
  -8.0600000   -0.0257175
  -8.0400000   -0.0263530
  -8.0200000   -0.0270143
  -8.0000000   -0.0276237
  -7.9800000   -0.0280908
  -7.9600000   -0.0283214
  -7.9400000   -0.0282267
  -7.9200000   -0.0277307
  -7.9000000   -0.0267760
  -7.8800000   -0.0253271
  -7.8600000   -0.0233713
  -7.8400000   -0.0209166
  -7.8200000   -0.0179882
  -7.8000000   -0.0146223
  -7.7800000   -0.0108601
  -7.7600000   -0.0067420
  -7.7400000   -0.0023031
  -7.7200000    0.0024293
  -7.7000000    0.0074346
  -7.6800000    0.0126963
  -7.6600000    0.0181949
  -7.6400000    0.0239012
  -7.6200000    0.0297675
  -7.6000000    0.0357210
  -7.5800000    0.0416584
  -7.5600000    0.0474449
  -7.5400000    0.0529168
  -7.5200000    0.0578878
  -7.5000000    0.0621594
  -7.4800000    0.0655334
  -7.4600000    0.0678245
  -7.4400000    0.0688735
  -7.4200000    0.0685578
  -7.4000000    0.0667987
  -7.3800000    0.0635668
  -7.3600000    0.0588829
  -7.3400000    0.0528175
  -7.3200000    0.0454873
  -7.3000000    0.0370517
  -7.2800000    0.0277079
  -7.2600000    0.0176854
  -7.2400000    0.0072400
  -7.2200000   -0.0033530
  -7.2000000   -0.0138076
  -7.1800000   -0.0238372
  -7.1600000   -0.0331656
  -7.1400000   -0.0415401
  -7.1200000   -0.0487436
  -7.1000000   -0.0546057
  -7.0800000   -0.0590119
  -7.0600000   -0.0619090
  -7.0400000   -0.0633069
  -7.0200000   -0.0632759
  -7.0000000   -0.0619409
  -6.9800000   -0.0594723
  -6.9600000   -0.0560752
  -6.9400000   -0.0519776
  -6.9200000   -0.0474192
  -6.9000000   -0.0426400
  -6.8800000   -0.0378708
  -6.8600000   -0.0333241
  -6.8400000   -0.0291860
  -6.8200000   -0.0256100
  -6.8000000   -0.0227100
  -6.7800000   -0.0205558
  -6.7600000   -0.0191704
  -6.7400000   -0.0185282
  -6.7200000   -0.0185569
  -6.7000000   -0.0191426
  -6.6800000   -0.0201368
  -6.6600000   -0.0213667
  -6.6400000   -0.0226474
  -6.6200000   -0.0237945
  -6.6000000   -0.0246366
  -6.5800000   -0.0250260
  -6.5600000   -0.0248479
  -6.5400000   -0.0240263
  -6.5200000   -0.0225265
  -6.5000000   -0.0203558
  -6.4800000   -0.0175603
  -6.4600000   -0.0142206
  -6.4400000   -0.0104447
  -6.4200000   -0.0063606
  -6.4000000   -0.0021071
  -6.3800000    0.0021745
  -6.3600000    0.0063500
  -6.3400000    0.0102998
  -6.3200000    0.0139255
  -6.3000000    0.0171546
  -6.2800000    0.0199426
  -6.2600000    0.0222725
  -6.2400000    0.0241519
  -6.2200000    0.0256074
  -6.2000000    0.0266790
  -6.1800000    0.0274121
  -6.1600000    0.0278516
  -6.1400000    0.0280367
  -6.1200000    0.0279976
  -6.1000000    0.0277556
  -6.0800000    0.0273246
  -6.0600000    0.0267152
  -6.0400000    0.0259401
  -6.0200000    0.0250198
  -6.0000000    0.0239874
  -5.9800000    0.0228915
  -5.9600000    0.0217972
  -5.9400000    0.0207835
  -5.9200000    0.0199384
  -5.9000000    0.0193515
  -5.8800000    0.0191054
  -5.8600000    0.0192664
  -5.8400000    0.0198770
  -5.8200000    0.0209495
  -5.8000000    0.0224630
  -5.7800000    0.0243631
  -5.7600000    0.0265649
  -5.7400000    0.0289584
  -5.7200000    0.0314151
  -5.7000000    0.0337958
  -5.6800000    0.0359583
  -5.6600000    0.0377640
  -5.6400000    0.0390839
  -5.6200000    0.0398026
  -5.6000000    0.0398224
  -5.5800000    0.0390654
  -5.5600000    0.0374753
  -5.5400000    0.0350192
  -5.5200000    0.0316884
  -5.5000000    0.0274989
  -5.4800000    0.0224915
  -5.4600000    0.0167313
  -5.4400000    0.0103063
  -5.4200000    0.0033258
  -5.4000000   -0.0040822
  -5.3800000   -0.0117733
  -5.3600000   -0.0195901
  -5.3400000   -0.0273653
  -5.3200000   -0.0349255
  -5.3000000   -0.0420958
  -5.2800000   -0.0487039
  -5.2600000   -0.0545863
  -5.2400000   -0.0595938
  -5.2200000   -0.0635982
  -5.2000000   -0.0664977
  -5.1800000   -0.0682228
  -5.1600000   -0.0687402
  -5.1400000   -0.0680551
  -5.1200000   -0.0662114
  -5.1000000   -0.0632901
  -5.0800000   -0.0594044
  -5.0600000   -0.0546943
  -5.0400000   -0.0493182
  -5.0200000   -0.0434444
  -5.0000000   -0.0372419
  -4.9800000   -0.0308712
  -4.9600000   -0.0244764
  -4.9400000   -0.0181792
  -4.9200000   -0.0120743
  -4.9000000   -0.0062283
  -4.8800000   -0.0006812
  -4.8600000    0.0045501
  -4.8400000    0.0094649
  -4.8200000    0.0140713
  -4.8000000    0.0183783
  -4.7800000    0.0223880
  -4.7600000    0.0260901
  -4.7400000    0.0294579
  -4.7200000    0.0324481
  -4.7000000    0.0350026
  -4.6800000    0.0370527
  -4.6600000    0.0385254
  -4.6400000    0.0393502
  -4.6200000    0.0394652
  -4.6000000    0.0388234
  -4.5800000    0.0373959
  -4.5600000    0.0351749
  -4.5400000    0.0321736
  -4.5200000    0.0284246
  -4.5000000    0.0239776
  -4.4800000    0.0188951
  -4.4600000    0.0132484
  -4.4400000    0.0071128
  -4.4200000    0.0005641
  -4.4000000   -0.0063250
  -4.3800000   -0.0134868
  -4.3600000   -0.0208588
  -4.3400000   -0.0283823
  -4.3200000   -0.0359994
  -4.3000000   -0.0436471
  -4.2800000   -0.0512519
  -4.2600000   -0.0587228
  -4.2400000   -0.0659463
  -4.2200000   -0.0727823
  -4.2000000   -0.0790643
  -4.1800000   -0.0846024
  -4.1600000   -0.0891916
  -4.1400000   -0.0926232
  -4.1200000   -0.0946991
  -4.1000000   -0.0952482
  -4.0800000   -0.0941418
  -4.0600000   -0.0913077
  -4.0400000   -0.0867399
  -4.0200000   -0.0805041
  -4.0000000   -0.0727375
  -3.9800000   -0.0636437
  -3.9600000   -0.0534819
  -3.9400000   -0.0425537
  -3.9200000   -0.0311867
  -3.9000000   -0.0197170
  -3.8800000   -0.0084732
  -3.8600000    0.0022390
  -3.8400000    0.0121485
  -3.8200000    0.0210279
  -3.8000000    0.0286978
  -3.7800000    0.0350289
  -3.7600000    0.0399401
  -3.7400000    0.0433943
  -3.7200000    0.0453939
  -3.7000000    0.0459745
  -3.6800000    0.0452010
  -3.6600000    0.0431630
  -3.6400000    0.0399731
  -3.6200000    0.0357655
  -3.6000000    0.0306951
  -3.5800000    0.0249358
  -3.5600000    0.0186783
  -3.5400000    0.0121250
  -3.5200000    0.0054831
  -3.5000000   -0.0010442
  -3.4800000   -0.0072678
  -3.4600000   -0.0130228
  -3.4400000   -0.0181773
  -3.4200000   -0.0226390
  -3.4000000   -0.0263586
  -3.3800000   -0.0293288
  -3.3600000   -0.0315802
  -3.3400000   -0.0331743
  -3.3200000   -0.0341934
  -3.3000000   -0.0347297
  -3.2800000   -0.0348744
  -3.2600000   -0.0347078
  -3.2400000   -0.0342907
  -3.2200000   -0.0336592
  -3.2000000   -0.0328223
  -3.1800000   -0.0317617
  -3.1600000   -0.0304361
  -3.1400000   -0.0287875
  -3.1200000   -0.0267489
  -3.1000000   -0.0242543
  -3.0800000   -0.0212482
  -3.0600000   -0.0176943
  -3.0400000   -0.0135827
  -3.0200000   -0.0089340
  -3.0000000   -0.0038007
  -2.9800000    0.0017344
  -2.9600000    0.0075627
  -2.9400000    0.0135568
  -2.9200000    0.0195777
  -2.9000000    0.0254833
  -2.8800000    0.0311353
  -2.8600000    0.0364049
  -2.8400000    0.0411765
  -2.8200000    0.0453492
  -2.8000000    0.0488365
  -2.7800000    0.0515646
  -2.7600000    0.0534700
  -2.7400000    0.0544975
  -2.7200000    0.0545990
  -2.7000000    0.0537335
  -2.6800000    0.0518688
  -2.6600000    0.0489847
  -2.6400000    0.0450784
  -2.6200000    0.0401689
  -2.6000000    0.0343036
  -2.5800000    0.0275625
  -2.5600000    0.0200623
  -2.5400000    0.0119575
  -2.5200000    0.0034395
  -2.5000000   -0.0052670
  -2.4800000   -0.0139104
  -2.4600000   -0.0222209
  -2.4400000   -0.0299212
  -2.4200000   -0.0367383
  -2.4000000   -0.0424162
  -2.3800000   -0.0467271
  -2.3600000   -0.0494833
  -2.3400000   -0.0505452
  -2.3200000   -0.0498290
  -2.3000000   -0.0473101
  -2.2800000   -0.0430251
  -2.2600000   -0.0370698
  -2.2400000   -0.0295952
  -2.2200000   -0.0208007
  -2.2000000   -0.0109261
  -2.1800000   -0.0002408
  -2.1600000    0.0109665
  -2.1400000    0.0223989
  -2.1200000    0.0337617
  -2.1000000    0.0447715
  -2.0800000    0.0551637
  -2.0600000    0.0646978
  -2.0400000    0.0731608
  -2.0200000    0.0803685
  -2.0000000    0.0861659
  -1.9800000    0.0904259
  -1.9600000    0.0930496
  -1.9400000    0.0939652
  -1.9200000    0.0931302
  -1.9000000    0.0905330
  -1.8800000    0.0861972
  -1.8600000    0.0801856
  -1.8400000    0.0726047
  -1.8200000    0.0636081
  -1.8000000    0.0533971
  -1.7800000    0.0422193
  -1.7600000    0.0303631
  -1.7400000    0.0181482
  -1.7200000    0.0059134
  -1.7000000   -0.0059998
  -1.6800000   -0.0172634
  -1.6600000   -0.0275806
  -1.6400000   -0.0367011
  -1.6200000   -0.0444330
  -1.6000000   -0.0506510
  -1.5800000   -0.0552981
  -1.5600000   -0.0583829
  -1.5400000   -0.0599707
  -1.5200000   -0.0601721
  -1.5000000   -0.0591282
  -1.4800000   -0.0569962
  -1.4600000   -0.0539372
  -1.4400000   -0.0501056
  -1.4200000   -0.0456445
  -1.4000000   -0.0406839
  -1.3800000   -0.0353432
  -1.3600000   -0.0297365
  -1.3400000   -0.0239781
  -1.3200000   -0.0181883
  -1.3000000   -0.0124961
  -1.2800000   -0.0070401
  -1.2600000   -0.0019649
  -1.2400000    0.0025837
  -1.2200000    0.0064676
  -1.2000000    0.0095644
  -1.1800000    0.0117763
  -1.1600000    0.0130374
  -1.1400000    0.0133188
  -1.1200000    0.0126323
  -1.1000000    0.0110305
  -1.0800000    0.0086065
  -1.0600000    0.0054909
  -1.0400000    0.0018479
  -1.0200000   -0.0021291
  -1.0000000   -0.0062239
  -0.9800000   -0.0102035
  -0.9600000   -0.0138258
  -0.9400000   -0.0168477
  -0.9200000   -0.0190337
  -0.9000000   -0.0201646
  -0.8800000   -0.0200453
  -0.8600000   -0.0185131
  -0.8400000   -0.0154432
  -0.8200000   -0.0107544
  -0.8000000   -0.0044137
  -0.7800000    0.0035598
  -0.7600000    0.0130907
  -0.7400000    0.0240434
  -0.7200000    0.0362187
  -0.7000000    0.0493509
  -0.6800000    0.0631089
  -0.6600000    0.0771002
  -0.6400000    0.0908817
  -0.6200000    0.1039767
  -0.6000000    0.1158975
  -0.5800000    0.1261742
  -0.5600000    0.1343835
  -0.5400000    0.1401777
  -0.5200000    0.1433063
  -0.5000000    0.1436290
  -0.4800000    0.1411168
  -0.4600000    0.1358398
  -0.4400000    0.1279445
  -0.4200000    0.1176238
  -0.4000000    0.1050832
  -0.3800000    0.0905110
  -0.3600000    0.0740573
  -0.3400000    0.0558250
  -0.3200000    0.0358776
  -0.3000000    0.0142619
  -0.2800000   -0.0089563
  -0.2600000   -0.0336471
  -0.2400000   -0.0595695
  -0.2200000   -0.0863292
  -0.2000000   -0.1133472
  -0.1800000   -0.1398465
  -0.1600000   -0.1648612
  -0.1400000   -0.1872685
  -0.1200000   -0.2058447
  -0.1000000   -0.2193409
  -0.0800000   -0.2265718
  -0.0600000   -0.2265099
  -0.0400000   -0.2183756
  -0.0200000   -0.2017129
   0.0000000   -0.1764425
   0.0200000   -0.1428859
   0.0400000   -0.1017568
   0.0600000   -0.0541221
   0.0800000   -0.0013339
   0.1000000    0.0550568
   0.1200000    0.1133972
   0.1400000    0.1720292
   0.1600000    0.2293766
   0.1800000    0.2840138
   0.2000000    0.3347135
   0.2200000    0.3804693
   0.2400000    0.4204973
   0.2600000    0.4542190
   0.2800000    0.4812330
   0.3000000    0.5012799
   0.3200000    0.5142097
   0.3400000    0.5199538
   0.3600000    0.5185075
   0.3800000    0.5099236
   0.4000000    0.4943176
   0.4200000    0.4718831
   0.4400000    0.4429134
   0.4600000    0.4078265
   0.4800000    0.3671876
   0.5000000    0.3217252
   0.5200000    0.2723367
   0.5400000    0.2200794
   0.5600000    0.1661459
   0.5800000    0.1118245
   0.6000000    0.0584463
   0.6200000    0.0073230
   0.6400000   -0.0403177
   0.6600000   -0.0833943
   0.6800000   -0.1210236
   0.7000000   -0.1525585
   0.7200000   -0.1776072
   0.7400000   -0.1960340
   0.7600000   -0.2079413
   0.7800000   -0.2136384
   0.8000000   -0.2135999
   0.8200000   -0.2084213
   0.8400000   -0.1987765
   0.8600000   -0.1853807
   0.8800000   -0.1689631
   0.9000000   -0.1502488
   0.9200000   -0.1299485
   0.9400000   -0.1087555
   0.9600000   -0.0873439
   0.9800000   -0.0663666
   1.0000000   -0.0464498
   1.0200000   -0.0281818
   1.0400000   -0.0120960
   1.0600000    0.0013503
   1.0800000    0.0118000
   1.1000000    0.0190190
   1.1200000    0.0229154
   1.1400000    0.0235511
   1.1600000    0.0211440
   1.1800000    0.0160591
   1.2000000    0.0087884
   1.2200000   -0.0000798
   1.2400000   -0.0098986
   1.2600000   -0.0200058
   1.2800000   -0.0297686
   1.3000000   -0.0386253
   1.3200000   -0.0461211
   1.3400000   -0.0519355
   1.3600000   -0.0558968
   1.3800000   -0.0579855
   1.4000000   -0.0583233
   1.4200000   -0.0571520
   1.4400000   -0.0548013
   1.4600000   -0.0516519
   1.4800000   -0.0480954
   1.5000000   -0.0444967
   1.5200000   -0.0411619
   1.5400000   -0.0383160
   1.5600000   -0.0360915
   1.5800000   -0.0345285
   1.6000000   -0.0335862
   1.6200000   -0.0331627
   1.6400000   -0.0331199
   1.6600000   -0.0333094
   1.6800000   -0.0335960
   1.7000000   -0.0338752
   1.7200000   -0.0340830
   1.7400000   -0.0341969
   1.7600000   -0.0342295
   1.7800000   -0.0342161
   1.8000000   -0.0341991
   1.8200000   -0.0342119
   1.8400000   -0.0342656
   1.8600000   -0.0343397
   1.8800000   -0.0343785
   1.9000000   -0.0342928
   1.9200000   -0.0339668
   1.9400000   -0.0332680
   1.9600000   -0.0320593
   1.9800000   -0.0302115
   2.0000000   -0.0276146
   2.0200000   -0.0241865
   2.0400000   -0.0198805
   2.0600000   -0.0146884
   2.0800000   -0.0086427
   2.1000000   -0.0018151
   2.1200000    0.0056863
   2.1400000    0.0137216
   2.1600000    0.0221254
   2.1800000    0.0307148
   2.2000000    0.0392979
   2.2200000    0.0476834
   2.2400000    0.0556908
   2.2600000    0.0631600
   2.2800000    0.0699604
   2.3000000    0.0759988
   2.3200000    0.0812247
   2.3400000    0.0856330
   2.3600000    0.0892636
   2.3800000    0.0921976
   2.4000000    0.0945487
   2.4200000    0.0964526
   2.4400000    0.0980530
   2.4600000    0.0994856
   2.4800000    0.1008627
   2.5000000    0.1022592
   2.5200000    0.1037022
   2.5400000    0.1051663
   2.5600000    0.1065743
   2.5800000    0.1078063
   2.6000000    0.1087133
   2.6200000    0.1091361
   2.6400000    0.1089261
   2.6600000    0.1079652
   2.6800000    0.1061816
   2.7000000    0.1035597
   2.7200000    0.1001424
   2.7400000    0.0960252
   2.7600000    0.0913434
   2.7800000    0.0862554
   2.8000000    0.0809223
   2.8200000    0.0754904
   2.8400000    0.0700756
   2.8600000    0.0647539
   2.8800000    0.0595588
   2.9000000    0.0544833
   2.9200000    0.0494880
   2.9400000    0.0445122
   2.9600000    0.0394856
   2.9800000    0.0343397
   3.0000000    0.0290165
   3.0200000    0.0234747
   3.0400000    0.0176913
   3.0600000    0.0116613
   3.0800000    0.0053942
   3.1000000   -0.0010903
   3.1200000   -0.0077668
   3.1400000   -0.0146081
   3.1600000   -0.0215875
   3.1800000   -0.0286794
   3.2000000   -0.0358585
   3.2200000   -0.0430978
   3.2400000   -0.0503655
   3.2600000   -0.0576220
   3.2800000   -0.0648178
   3.3000000   -0.0718919
   3.3200000   -0.0787715
   3.3400000   -0.0853728
   3.3600000   -0.0916037
   3.3800000   -0.0973658
   3.4000000   -0.1025580
   3.4200000   -0.1070792
   3.4400000   -0.1108309
   3.4600000   -0.1137192
   3.4800000   -0.1156556
   3.5000000   -0.1165578
   3.5200000   -0.1163496
   3.5400000   -0.1149611
   3.5600000   -0.1123295
   3.5800000   -0.1084003
   3.6000000   -0.1031303
   3.6200000   -0.0964921
   3.6400000   -0.0884797
   3.6600000   -0.0791160
   3.6800000   -0.0684608
   3.7000000   -0.0566183
   3.7200000   -0.0437449
   3.7400000   -0.0300528
   3.7600000   -0.0158123
   3.7800000   -0.0013482
   3.8000000    0.0129677
   3.8200000    0.0267289
   3.8400000    0.0395117
   3.8600000    0.0508955
   3.8800000    0.0604855
   3.9000000    0.0679346
   3.9200000    0.0729647
   3.9400000    0.0753826
   3.9600000    0.0750920
   3.9800000    0.0720977
   4.0000000    0.0665039
   4.0200000    0.0585059
   4.0400000    0.0483758
   4.0600000    0.0364456
   4.0800000    0.0230874
   4.1000000    0.0086943
   4.1200000   -0.0063374
   4.1400000   -0.0216224
   4.1600000   -0.0367971
   4.1800000   -0.0515262
   4.2000000   -0.0655055
   4.2200000   -0.0784622
   4.2400000   -0.0901532
   4.2600000   -0.1003631
   4.2800000   -0.1089023
   4.3000000   -0.1156071
   4.3200000   -0.1203406
   4.3400000   -0.1229957
   4.3600000   -0.1234994
   4.3800000   -0.1218177
   4.4000000   -0.1179604
   4.4200000   -0.1119848
   4.4400000   -0.1039985
   4.4600000   -0.0941592
   4.4800000   -0.0826738
   4.5000000   -0.0697936
   4.5200000   -0.0558088
   4.5400000   -0.0410406
   4.5600000   -0.0258328
   4.5800000   -0.0105417
   4.6000000    0.0044738
   4.6200000    0.0188625
   4.6400000    0.0322911
   4.6600000    0.0444532
   4.6800000    0.0550785
   4.7000000    0.0639398
   4.7200000    0.0708588
   4.7400000    0.0757100
   4.7600000    0.0784221
   4.7800000    0.0789781
   4.8000000    0.0774136
   4.8200000    0.0738131
   4.8400000    0.0683068
   4.8600000    0.0610663
   4.8800000    0.0523011
   4.9000000    0.0422553
   4.9200000    0.0312036
   4.9400000    0.0194473
   4.9600000    0.0073082
   4.9800000   -0.0048788
   5.0000000   -0.0167768
   5.0200000   -0.0280595
   5.0400000   -0.0384261
   5.0600000   -0.0476165
   5.0800000   -0.0554260
   5.1000000   -0.0617163
   5.1200000   -0.0664230
   5.1400000   -0.0695571
   5.1600000   -0.0712000
   5.1800000   -0.0714938
   5.2000000   -0.0706256
   5.2200000   -0.0688099
   5.2400000   -0.0662692
   5.2600000   -0.0632160
   5.2800000   -0.0598381
   5.3000000   -0.0562880
   5.3200000   -0.0526775
   5.3400000   -0.0490782
   5.3600000   -0.0455262
   5.3800000   -0.0420310
   5.4000000   -0.0385861
   5.4200000   -0.0351797
   5.4400000   -0.0318051
   5.4600000   -0.0284676
   5.4800000   -0.0251882
   5.5000000   -0.0220036
   5.5200000   -0.0189624
   5.5400000   -0.0161194
   5.5600000   -0.0135274
   5.5800000   -0.0112295
   5.6000000   -0.0092528
   5.6200000   -0.0076038
   5.6400000   -0.0062673
   5.6600000   -0.0052086
   5.6800000   -0.0043782
   5.7000000   -0.0037190
   5.7200000   -0.0031750
   5.7400000   -0.0026987
   5.7600000   -0.0022594
   5.7800000   -0.0018470
   5.8000000   -0.0014747
   5.8200000   -0.0011776
   5.8400000   -0.0010084
   5.8600000   -0.0010309
   5.8800000   -0.0013111
   5.9000000   -0.0019087
   5.9200000   -0.0028682
   5.9400000   -0.0042116
   5.9600000   -0.0059338
   5.9800000   -0.0079997
   6.0000000   -0.0103450
   6.0200000   -0.0128785
   6.0400000   -0.0154866
   6.0600000   -0.0180386
   6.0800000   -0.0203930
   6.1000000   -0.0224038
   6.1200000   -0.0239270
   6.1400000   -0.0248267
   6.1600000   -0.0249818
   6.1800000   -0.0242929
   6.2000000   -0.0226889
   6.2200000   -0.0201341
   6.2400000   -0.0166338
   6.2600000   -0.0122393
   6.2800000   -0.0070494
   6.3000000   -0.0012101
   6.3200000    0.0050905
   6.3400000    0.0116297
   6.3600000    0.0181617
   6.3800000    0.0244309
   6.4000000    0.0301867
   6.4200000    0.0351988
   6.4400000    0.0392712
   6.4600000    0.0422541
   6.4800000    0.0440532
   6.5000000    0.0446350
   6.5200000    0.0440288
   6.5400000    0.0423238
   6.5600000    0.0396634
   6.5800000    0.0362342
   6.6000000    0.0322541
   6.6200000    0.0279567
   6.6400000    0.0235759
   6.6600000    0.0193309
   6.6800000    0.0154129
   6.7000000    0.0119752
   6.7200000    0.0091269
   6.7400000    0.0069303
   6.7600000    0.0054028
   6.7800000    0.0045210
   6.8000000    0.0042271
   6.8200000    0.0044361
   6.8400000    0.0050423
   6.8600000    0.0059255
   6.8800000    0.0069555
   6.9000000    0.0079967
   6.9200000    0.0089114
   6.9400000    0.0095651
   6.9600000    0.0098324
   6.9800000    0.0096039
   7.0000000    0.0087958
   7.0200000    0.0073583
   7.0400000    0.0052844
   7.0600000    0.0026156
   7.0800000   -0.0005557
   7.1000000   -0.0040891
   7.1200000   -0.0078037
   7.1400000   -0.0114906
   7.1600000   -0.0149298
   7.1800000   -0.0179079
   7.2000000   -0.0202358
   7.2200000   -0.0217642
   7.2400000   -0.0223944
   7.2600000   -0.0220827
   7.2800000   -0.0208393
   7.3000000   -0.0187217
   7.3200000   -0.0158237
   7.3400000   -0.0122620
   7.3600000   -0.0081637
   7.3800000   -0.0036552
   7.4000000    0.0011444
   7.4200000    0.0061260
   7.4400000    0.0111885
   7.4600000    0.0162343
   7.4800000    0.0211626
   7.5000000    0.0258643
   7.5200000    0.0302182
   7.5400000    0.0340918
   7.5600000    0.0373458
   7.5800000    0.0398428
   7.6000000    0.0414588
   7.6200000    0.0420952
   7.6400000    0.0416905
   7.6600000    0.0402285
   7.6800000    0.0377429
   7.7000000    0.0343168
   7.7200000    0.0300775
   7.7400000    0.0251874
   7.7600000    0.0198335
   7.7800000    0.0142145
   7.8000000    0.0085308
   7.8200000    0.0029753
   7.8400000   -0.0022724
   7.8600000   -0.0070489
   7.8800000   -0.0112076
   7.9000000   -0.0146180
   7.9200000   -0.0171645
   7.9400000   -0.0187465
   7.9600000   -0.0192796
   7.9800000   -0.0186996
   8.0000000   -0.0169683
   8.0200000   -0.0140810
   8.0400000   -0.0100741
   8.0600000   -0.0050318
   8.0800000    0.0009088
   8.1000000    0.0075569
   8.1200000    0.0146718
   8.1400000    0.0219715
   8.1600000    0.0291467
   8.1800000    0.0358788
   8.2000000    0.0418615
   8.2200000    0.0468223
   8.2400000    0.0505437
   8.2600000    0.0528803
   8.2800000    0.0537703
   8.3000000    0.0532399
   8.3200000    0.0513990
   8.3400000    0.0484298
   8.3600000    0.0445686
   8.3800000    0.0400822
   8.4000000    0.0352430
   8.4200000    0.0303048
   8.4400000    0.0254815
   8.4600000    0.0209329
   8.4800000    0.0167571
   8.5000000    0.0129908
   8.5200000    0.0096174
   8.5400000    0.0065810
   8.5600000    0.0038033
   8.5800000    0.0012025
   8.6000000   -0.0012901
   8.6200000   -0.0037167
   8.6400000   -0.0060856
   8.6600000   -0.0083700
   8.6800000   -0.0105122
   8.7000000   -0.0124337
   8.7200000   -0.0140479
   8.7400000   -0.0152750
   8.7600000   -0.0160547
   8.7800000   -0.0163565
   8.8000000   -0.0161859
   8.8200000   -0.0155841
   8.8400000   -0.0146230
   8.8600000   -0.0133960
   8.8800000   -0.0120045
   8.9000000   -0.0105446
   8.9200000   -0.0090937
   8.9400000   -0.0077011
   8.9600000   -0.0063823
   8.9800000   -0.0051196
   9.0000000   -0.0038673
   9.0200000   -0.0025621
   9.0400000   -0.0011361
   9.0600000    0.0004686
   9.0800000    0.0022871
   9.1000000    0.0043223
   9.1200000    0.0065394
   9.1400000    0.0088660
   9.1600000    0.0111985
   9.1800000    0.0134105
   9.2000000    0.0153661
   9.2200000    0.0169314
   9.2400000    0.0179865
   9.2600000    0.0184328
   9.2800000    0.0181977
   9.3000000    0.0172339
   9.3200000    0.0155168
   9.3400000    0.0130390
   9.3600000    0.0098059
   9.3800000    0.0058317
   9.4000000    0.0011404
   9.4200000   -0.0042313
   9.4400000   -0.0102258
   9.4600000   -0.0167559
   9.4800000   -0.0236948
   9.5000000   -0.0308692
   9.5200000   -0.0380570
   9.5400000   -0.0449911
   9.5600000   -0.0513711
   9.5800000   -0.0568814
   9.6000000   -0.0612144
   9.6200000   -0.0640965
   9.6400000   -0.0653124
   9.6600000   -0.0647264
   9.6800000   -0.0622953
   9.7000000   -0.0580743
   9.7200000   -0.0522118
   9.7400000   -0.0449376
   9.7600000   -0.0365434
   9.7800000   -0.0273600
   9.8000000   -0.0177337
   9.8200000   -0.0080044
   9.8400000    0.0015125
   9.8600000    0.0105386
   9.8800000    0.0188397
   9.9000000    0.0262276
   9.9200000    0.0325580
   9.9400000    0.0377256
   9.9600000    0.0416579
   9.9800000    0.0443089
  10.0000000    0.0456548
  10.0200000    0.0456904
  10.0400000    0.0444285
  10.0600000    0.0419005
  10.0800000    0.0381587
  10.1000000    0.0332797
  10.1200000    0.0273670
  10.1400000    0.0205533
  10.1600000    0.0130007
  10.1800000    0.0048987
  10.2000000   -0.0035401
  10.2200000   -0.0120867
  10.2400000   -0.0205052
  10.2600000   -0.0285622
  10.2800000   -0.0360380
  10.3000000   -0.0427359
  10.3200000   -0.0484902
  10.3400000   -0.0531714
  10.3600000   -0.0566883
  10.3800000   -0.0589872
  10.4000000   -0.0600485
  10.4200000   -0.0598813
  10.4400000   -0.0585183
  10.4600000   -0.0560102
  10.4800000   -0.0524226
  10.5000000   -0.0478347
  10.5200000   -0.0423409
  10.5400000   -0.0360530
  10.5600000   -0.0291042
  10.5800000   -0.0216518
  10.6000000   -0.0138781
  10.6200000   -0.0059874
  10.6400000    0.0018001
  10.6600000    0.0092589
  10.6800000    0.0161721
  10.7000000    0.0223457
  10.7200000    0.0276237
  10.7400000    0.0318995
  10.7600000    0.0351231
  10.7800000    0.0373023
  10.8000000    0.0384984
  10.8200000    0.0388147
  10.8400000    0.0383824
  10.8600000    0.0373431
  10.8800000    0.0358322
  10.9000000    0.0339641
  10.9200000    0.0318220
  10.9400000    0.0294529
  10.9600000    0.0268681
  10.9800000    0.0240491
  11.0000000    0.0209573
  11.0200000    0.0175459
  11.0400000    0.0137729
  11.0600000    0.0096128
  11.0800000    0.0050663
  11.1000000    0.0001663
  11.1200000   -0.0050184
  11.1400000   -0.0103851
  11.1600000   -0.0158003
  11.1800000   -0.0211070
  11.2000000   -0.0261332
  11.2200000   -0.0307011
  11.2400000   -0.0346368
  11.2600000   -0.0377788
  11.2800000   -0.0399853
  11.3000000   -0.0411396
  11.3200000   -0.0411529
  11.3400000   -0.0399657
  11.3600000   -0.0375470
  11.3800000   -0.0338921
  11.4000000   -0.0290200
  11.4200000   -0.0229706
  11.4400000   -0.0158028
  11.4600000   -0.0075931
  11.4800000    0.0015642
  11.5000000    0.0115554
  11.5200000    0.0222458
  11.5400000    0.0334768
  11.5600000    0.0450644
  11.5800000    0.0567980
  11.6000000    0.0684417
  11.6200000    0.0797370
  11.6400000    0.0904093
  11.6600000    0.1001751
  11.6800000    0.1087536
  11.7000000    0.1158774
  11.7200000    0.1213066
  11.7400000    0.1248408
  11.7600000    0.1263311
  11.7800000    0.1256902
  11.8000000    0.1228990
  11.8200000    0.1180102
  11.8400000    0.1111476
  11.8600000    0.1025016
  11.8800000    0.0923196
  11.9000000    0.0808937
  11.9200000    0.0685452
  11.9400000    0.0556067
  11.9600000    0.0424043
  11.9800000    0.0292408
  12.0000000    0.0163807
  12.0200000    0.0040398
  12.0400000   -0.0076209
  12.0600000   -0.0184959
  12.0800000   -0.0285304
  12.1000000   -0.0377110
  12.1200000   -0.0460533
  12.1400000   -0.0535869
  12.1600000   -0.0603414
  12.1800000   -0.0663338
  12.2000000   -0.0715595
  12.2200000   -0.0759882
  12.2400000   -0.0795647
  12.2600000   -0.0822150
  12.2800000   -0.0838557
  12.3000000   -0.0844066
  12.3200000   -0.0838037
  12.3400000   -0.0820111
  12.3600000   -0.0790299
  12.3800000   -0.0749024
  12.4000000   -0.0697122
  12.4200000   -0.0635785
  12.4400000   -0.0566465
  12.4600000   -0.0490747
  12.4800000   -0.0410216
  12.5000000   -0.0326329
  12.5200000   -0.0240308
  12.5400000   -0.0153094
  12.5600000   -0.0065330
  12.5800000    0.0022585
  12.6000000    0.0110405
  12.6200000    0.0197911
  12.6400000    0.0284767
  12.6600000    0.0370394
  12.6800000    0.0453869
  12.7000000    0.0533876
  12.7200000    0.0608714
  12.7400000    0.0676382
  12.7600000    0.0734706
  12.7800000    0.0781518
  12.8000000    0.0814849
  12.8200000    0.0833120
  12.8400000    0.0835301
  12.8600000    0.0821010
  12.8800000    0.0790565
  12.9000000    0.0744955
  12.9200000    0.0685764
  12.9400000    0.0615038
  12.9600000    0.0535143
  12.9800000    0.0448607
  13.0000000    0.0357991
  13.0200000    0.0265780
  13.0400000    0.0174322
  13.0600000    0.0085797
  13.0800000    0.0002216
  13.1000000   -0.0074558
  13.1200000   -0.0142796
  13.1400000   -0.0200892
  13.1600000   -0.0247387
  13.1800000   -0.0281002
  13.2000000   -0.0300719
  13.2200000   -0.0305861
  13.2400000   -0.0296192
  13.2600000   -0.0271994
  13.2800000   -0.0234131
  13.3000000   -0.0184067
  13.3200000   -0.0123837
  13.3400000   -0.0055975
  13.3600000    0.0016611
  13.3800000    0.0090791
  13.4000000    0.0163388
  13.4200000    0.0231358
  13.4400000    0.0291941
  13.4600000    0.0342801
  13.4800000    0.0382102
  13.5000000    0.0408562
  13.5200000    0.0421447
  13.5400000    0.0420537
  13.5600000    0.0406076
  13.5800000    0.0378704
  13.6000000    0.0339393
  13.6200000    0.0289404
  13.6400000    0.0230252
  13.6600000    0.0163685
  13.6800000    0.0091676
  13.7000000    0.0016409
  13.7200000   -0.0059746
  13.7400000   -0.0134278
  13.7600000   -0.0204608
  13.7800000   -0.0268191
  13.8000000   -0.0322631
  13.8200000   -0.0365820
  13.8400000   -0.0396068
  13.8600000   -0.0412218
  13.8800000   -0.0413730
  13.9000000   -0.0400732
  13.9200000   -0.0374007
  13.9400000   -0.0334939
  13.9600000   -0.0285404
  13.9800000   -0.0227624
  14.0000000   -0.0163992
  14.0200000   -0.0096890
  14.0400000   -0.0028515
  14.0600000    0.0039263
  14.0800000    0.0104993
  14.1000000    0.0167684
  14.1200000    0.0226784
  14.1400000    0.0282102
  14.1600000    0.0333690
  14.1800000    0.0381709
  14.2000000    0.0426292
  14.2200000    0.0467434
  14.2400000    0.0504931
  14.2600000    0.0538359
  14.2800000    0.0567117
  14.3000000    0.0590507
  14.3200000    0.0607838
  14.3400000    0.0618541
  14.3600000    0.0622255
  14.3800000    0.0618894
  14.4000000    0.0608657
  14.4200000    0.0592006
  14.4400000    0.0569593
  14.4600000    0.0542174
  14.4800000    0.0510505
  14.5000000    0.0475252
  14.5200000    0.0436922
  14.5400000    0.0395826
  14.5600000    0.0352089
  14.5800000    0.0305680
  14.6000000    0.0256493
  14.6200000    0.0204432
  14.6400000    0.0149504
  14.6600000    0.0091911
  14.6800000    0.0032111
  14.7000000   -0.0029152
  14.7200000   -0.0090850
  14.7400000   -0.0151716
  14.7600000   -0.0210318
  14.7800000   -0.0265153
  14.8000000   -0.0314745
  14.8200000   -0.0357739
  14.8400000   -0.0392966
  14.8600000   -0.0419492
  14.8800000   -0.0436617
  14.9000000   -0.0443867
  14.9200000   -0.0440948
  14.9400000   -0.0427707
  14.9600000   -0.0404098
  14.9800000   -0.0370165
  15.0000000   -0.0326049
  15.0200000   -0.0272025
  15.0400000   -0.0208555
  15.0600000   -0.0136352
  15.0800000   -0.0056442
  15.1000000    0.0029798
  15.1200000    0.0120625
  15.1400000    0.0213957
  15.1600000    0.0307438
  15.1800000    0.0398539
  15.2000000    0.0484678
  15.2200000    0.0563359
  15.2400000    0.0632308
  15.2600000    0.0689581
  15.2800000    0.0733661
  15.3000000    0.0763507
  15.3200000    0.0778573
  15.3400000    0.0778791
  15.3600000    0.0764531
  15.3800000    0.0736538
  15.4000000    0.0695867
  15.4200000    0.0643819
  15.4400000    0.0581880
  15.4600000    0.0511680
  15.4800000    0.0434956
  15.5000000    0.0353524
  15.5200000    0.0269262
  15.5400000    0.0184083
  15.5600000    0.0099906
  15.5800000    0.0018625
  15.6000000   -0.0057934
  15.6200000   -0.0128067
  15.6400000   -0.0190234
  15.6600000   -0.0243110
  15.6800000   -0.0285627
  15.7000000   -0.0317003
  15.7200000   -0.0336763
  15.7400000   -0.0344747
  15.7600000   -0.0341102
  15.7800000   -0.0326262
  15.8000000   -0.0300926
  15.8200000   -0.0266015
  15.8400000   -0.0222630
  15.8600000   -0.0172010
  15.8800000   -0.0115478
  15.9000000   -0.0054400
  15.9200000    0.0009862
  15.9400000    0.0075980
  15.9600000    0.0142691
  15.9800000    0.0208813
  16.0000000    0.0273253
  16.0200000    0.0335005
  16.0400000    0.0393146
  16.0600000    0.0446822
  16.0800000    0.0495236
  16.1000000    0.0537641
  16.1200000    0.0573336
  16.1400000    0.0601678
  16.1600000    0.0622096
  16.1800000    0.0634129
  16.2000000    0.0637456
  16.2200000    0.0631942
  16.2400000    0.0617677
  16.2600000    0.0594997
  16.2800000    0.0564495
  16.3000000    0.0527009
  16.3200000    0.0483580
  16.3400000    0.0435399
  16.3600000    0.0383730
  16.3800000    0.0329833
  16.4000000    0.0274886
  16.4200000    0.0219928
  16.4400000    0.0165816
  16.4600000    0.0113204
  16.4800000    0.0062553
  16.5000000    0.0014151
  16.5200000   -0.0031847
  16.5400000   -0.0075380
  16.5600000   -0.0116429
  16.5800000   -0.0154987
  16.6000000   -0.0191018
  16.6200000   -0.0224436
  16.6400000   -0.0255079
  16.6600000   -0.0282705
  16.6800000   -0.0306984
  16.7000000   -0.0327500
  16.7200000   -0.0343774
  16.7400000   -0.0355286
  16.7600000   -0.0361525
  16.7800000   -0.0362039
  16.8000000   -0.0356497
  16.8200000   -0.0344749
  16.8400000   -0.0326876
  16.8600000   -0.0303221
  16.8800000   -0.0274387
  16.9000000   -0.0241213
  16.9200000   -0.0204716
  16.9400000   -0.0166009
  16.9600000   -0.0126205
  16.9800000   -0.0086336
  17.0000000   -0.0047270
  17.0200000   -0.0009673
  17.0400000    0.0026003
  17.0600000    0.0059493
  17.0800000    0.0090660
  17.1000000    0.0119417
  17.1200000    0.0145648
  17.1400000    0.0169133
  17.1600000    0.0189500
  17.1800000    0.0206207
  17.2000000    0.0218558
  17.2200000    0.0225757
  17.2400000    0.0226986
  17.2600000    0.0221498
  17.2800000    0.0208720
  17.3000000    0.0188349
  17.3200000    0.0160434
  17.3400000    0.0125439
  17.3600000    0.0084270
  17.3800000    0.0038274
  17.4000000   -0.0010798
  17.4200000   -0.0060865
  17.4400000   -0.0109622
  17.4600000   -0.0154675
  17.4800000   -0.0193693
  17.5000000   -0.0224561
  17.5200000   -0.0245527
  17.5400000   -0.0255324
  17.5600000   -0.0253251
  17.5800000   -0.0239203
  17.6000000   -0.0213660
  17.6200000   -0.0177619
  17.6400000   -0.0132494
  17.6600000   -0.0079991
  17.6800000   -0.0021976
  17.7000000    0.0039643
  17.7200000    0.0103016
  17.7400000    0.0166416
  17.7600000    0.0228276
  17.7800000    0.0287187
  17.8000000    0.0341886
  17.8200000    0.0391224
  17.8400000    0.0434136
  17.8600000    0.0469618
  17.8800000    0.0496720
  17.9000000    0.0514558
  17.9200000    0.0522343
  17.9400000    0.0519426
  17.9600000    0.0505353
  17.9800000    0.0479923
  18.0000000    0.0443242
  18.0200000    0.0395765
  18.0400000    0.0338317
  18.0600000    0.0272094
  18.0800000    0.0198639
  18.1000000    0.0119797
  18.1200000    0.0037640
  18.1400000   -0.0045612
  18.1600000   -0.0127688
  18.1800000   -0.0206356
  18.2000000   -0.0279519
  18.2200000   -0.0345298
  18.2400000   -0.0402096
  18.2600000   -0.0448653
  18.2800000   -0.0484085
  18.3000000   -0.0507903
  18.3200000   -0.0520010
  18.3400000   -0.0520694
  18.3600000   -0.0510593
  18.3800000   -0.0490654
  18.4000000   -0.0462074
  18.4200000   -0.0426232
  18.4400000   -0.0384619
  18.4600000   -0.0338764
  18.4800000   -0.0290157
  18.5000000   -0.0240189
  18.5200000   -0.0190092
  18.5400000   -0.0140902
  18.5600000   -0.0093422
  18.5800000   -0.0048215
  18.6000000   -0.0005599
  18.6200000    0.0034341
  18.6400000    0.0071726
  18.6600000    0.0106851
  18.6800000    0.0140128
  18.7000000    0.0172038
  18.7200000    0.0203058
  18.7400000    0.0233595
  18.7600000    0.0263921
  18.7800000    0.0294116
  18.8000000    0.0324030
  18.8200000    0.0353269
  18.8400000    0.0381208
  18.8600000    0.0407028
  18.8800000    0.0429780
  18.9000000    0.0448457
  18.9200000    0.0462069
  18.9400000    0.0469711
  18.9600000    0.0470606
  18.9800000    0.0464129
  19.0000000    0.0449799
  19.0200000    0.0427266
  19.0400000    0.0396273
  19.0600000    0.0356644
  19.0800000    0.0308269
  19.1000000    0.0251133
  19.1200000    0.0185365
  19.1400000    0.0111315
  19.1600000    0.0029644
  19.1800000   -0.0058586
  19.2000000   -0.0151844
  19.2200000   -0.0248096
  19.2400000   -0.0344825
  19.2600000   -0.0439098
  19.2800000   -0.0527701
  19.3000000   -0.0607303
  19.3200000   -0.0674664
  19.3400000   -0.0726847
  19.3600000   -0.0761420
  19.3800000   -0.0776629
  19.4000000   -0.0771526
  19.4200000   -0.0746034
  19.4400000   -0.0700965
  19.4600000   -0.0637963
  19.4800000   -0.0559411
  19.5000000   -0.0468290
  19.5200000   -0.0368014
  19.5400000   -0.0262260
  19.5600000   -0.0154787
  19.5800000   -0.0049280
  19.6000000    0.0050793
  19.6200000    0.0142300
  19.6400000    0.0222532
  19.6600000    0.0289271
  19.6800000    0.0340827
  19.7000000    0.0376052
  19.7200000    0.0394344
  19.7400000    0.0395631
  19.7600000    0.0380342
  19.7800000    0.0349381
  19.8000000    0.0304090
  19.8200000    0.0246216
  19.8400000    0.0177880
  19.8600000    0.0101534
  19.8800000    0.0019920
  19.9000000   -0.0063979
  19.9200000   -0.0147016
  19.9400000   -0.0225967
  19.9600000   -0.0297654
  19.9800000   -0.0359074
  20.0000000   -0.0407563
  20.0200000   -0.0440954
  20.0400000   -0.0457729
  20.0600000   -0.0457145
  20.0800000   -0.0439321
  20.1000000   -0.0405265
  20.1200000   -0.0356840
  20.1400000   -0.0296664
  20.1600000   -0.0227952
  20.1800000   -0.0154313
  20.2000000   -0.0079526
  20.2200000   -0.0007306
  20.2400000    0.0058916
  20.2600000    0.0116169
  20.2800000    0.0162088
  20.3000000    0.0194997
  20.3200000    0.0213949
  20.3400000    0.0218723
  20.3600000    0.0209773
  20.3800000    0.0188164
  20.4000000    0.0155481
  20.4200000    0.0113722
  20.4400000    0.0065196
  20.4600000    0.0012405
  20.4800000   -0.0042067
  20.5000000   -0.0095671
  20.5200000   -0.0146003
  20.5400000   -0.0190915
  20.5600000   -0.0228600
  20.5800000   -0.0257679
  20.6000000   -0.0277247
  20.6200000   -0.0286900
  20.6400000   -0.0286721
  20.6600000   -0.0277236
  20.6800000   -0.0259339
  20.7000000   -0.0234187
  20.7200000   -0.0203084
  20.7400000   -0.0167356
  20.7600000   -0.0128251
  20.7800000   -0.0086848
  20.8000000   -0.0044014
  20.8200000   -0.0000399
  20.8400000    0.0043530
  20.8600000    0.0087416
  20.8800000    0.0130922
  20.9000000    0.0173643
  20.9200000    0.0215021
  20.9400000    0.0254310
  20.9600000    0.0290569
  20.9800000    0.0322708
  21.0000000    0.0349573
  21.0200000    0.0370054
  21.0400000    0.0383208
  21.0600000    0.0388356
  21.0800000    0.0385166
  21.1000000    0.0373679
  21.1200000    0.0354299
  21.1400000    0.0327738
  21.1600000    0.0294933
  21.1800000    0.0256947
  21.2000000    0.0214874
  21.2200000    0.0169762
  21.2400000    0.0122563
  21.2600000    0.0074108
  21.2800000    0.0025115
  21.3000000   -0.0023792
  21.3200000   -0.0072055
  21.3400000   -0.0119151
  21.3600000   -0.0164583
  21.3800000   -0.0207876
  21.4000000   -0.0248593
  21.4200000   -0.0286357
  21.4400000   -0.0320871
  21.4600000   -0.0351937
  21.4800000   -0.0379454
  21.5000000   -0.0403401
  21.5200000   -0.0423806
  21.5400000   -0.0440695
  21.5600000   -0.0454041
  21.5800000   -0.0463717
  21.6000000   -0.0469458
  21.6200000   -0.0470854
  21.6400000   -0.0467358
  21.6600000   -0.0458333
  21.6800000   -0.0443110
  21.7000000   -0.0421080
  21.7200000   -0.0391776
  21.7400000   -0.0354967
  21.7600000   -0.0310726
  21.7800000   -0.0259480
  21.8000000   -0.0202021
  21.8200000   -0.0139488
  21.8400000   -0.0073308
  21.8600000   -0.0005111
  21.8800000    0.0063374
  21.9000000    0.0130430
  21.9200000    0.0194454
  21.9400000    0.0254042
  21.9600000    0.0308047
  21.9800000    0.0355601
  22.0000000    0.0396106
  22.0200000    0.0429203
  22.0400000    0.0454718
  22.0600000    0.0472603
  22.0800000    0.0482879
  22.1000000    0.0485584
  22.1200000    0.0480743
  22.1400000    0.0468352
  22.1600000    0.0448372
  22.1800000    0.0420754
  22.2000000    0.0385454
  22.2200000    0.0342479
  22.2400000    0.0291920
  22.2600000    0.0233999
  22.2800000    0.0169103
  22.3000000    0.0097819
  22.3200000    0.0020953
  22.3400000   -0.0060461
  22.3600000   -0.0145169
  22.3800000   -0.0231718
  22.4000000   -0.0318491
  22.4200000   -0.0403749
  22.4400000   -0.0485683
  22.4600000   -0.0562466
  22.4800000   -0.0632306
  22.5000000   -0.0693496
  22.5200000   -0.0744475
  22.5400000   -0.0783876
  22.5600000   -0.0810583
  22.5800000   -0.0823783
  22.6000000   -0.0823017
  22.6200000   -0.0808211
  22.6400000   -0.0779696
  22.6600000   -0.0738207
  22.6800000   -0.0684850
  22.7000000   -0.0621053
  22.7200000   -0.0548496
  22.7400000   -0.0469029
  22.7600000   -0.0384591
  22.7800000   -0.0297135
  22.8000000   -0.0208573
  22.8200000   -0.0120736
  22.8400000   -0.0035350
  22.8600000    0.0045969
  22.8800000    0.0121720
  22.9000000    0.0190518
  22.9200000    0.0251105
  22.9400000    0.0302372
  22.9600000    0.0343382
  22.9800000    0.0373412
  23.0000000    0.0391985
  23.0200000    0.0398900
  23.0400000    0.0394250
  23.0600000    0.0378427
  23.0800000    0.0352114
  23.1000000    0.0316260
  23.1200000    0.0272049
  23.1400000    0.0220869
  23.1600000    0.0164272
  23.1800000    0.0103940
  23.2000000    0.0041644
  23.2200000   -0.0020796
  23.2400000   -0.0081562
  23.2600000   -0.0138897
  23.2800000   -0.0191178
  23.3000000   -0.0236991
  23.3200000   -0.0275206
  23.3400000   -0.0305053
  23.3600000   -0.0326165
  23.3800000   -0.0338602
  23.4000000   -0.0342836
  23.4200000   -0.0339696
  23.4400000   -0.0330289
  23.4600000   -0.0315882
  23.4800000   -0.0297788
  23.5000000   -0.0277246
  23.5200000   -0.0255325
  23.5400000   -0.0232856
  23.5600000   -0.0210401
  23.5800000   -0.0188266
  23.6000000   -0.0166533
  23.6200000   -0.0145129
  23.6400000   -0.0123898
  23.6600000   -0.0102665
  23.6800000   -0.0081295
  23.7000000   -0.0059729
  23.7200000   -0.0037987
  23.7400000   -0.0016159
  23.7600000    0.0005624
  23.7800000    0.0027229
  23.8000000    0.0048559
  23.8200000    0.0069577
  23.8400000    0.0090315
  23.8600000    0.0110869
  23.8800000    0.0131366
  23.9000000    0.0151923
  23.9200000    0.0172593
  23.9400000    0.0193314
  23.9600000    0.0213863
  23.9800000    0.0233832
  24.0000000    0.0252621
  24.0200000    0.0269450
  24.0400000    0.0283406
  24.0600000    0.0293496
  24.0800000    0.0298716
  24.1000000    0.0298128
  24.1200000    0.0290927
  24.1400000    0.0276511
  24.1600000    0.0254532
  24.1800000    0.0224937
  24.2000000    0.0187995
  24.2200000    0.0144320
  24.2400000    0.0094868
  24.2600000    0.0040933
  24.2800000   -0.0015877
  24.3000000   -0.0073679
  24.3200000   -0.0130383
  24.3400000   -0.0183771
  24.3600000   -0.0231614
  24.3800000   -0.0271793
  24.4000000   -0.0302439
  24.4200000   -0.0322072
  24.4400000   -0.0329716
  24.4600000   -0.0324996
  24.4800000   -0.0308181
  24.5000000   -0.0280181
  24.5200000   -0.0242486
  24.5400000   -0.0197063
  24.5600000   -0.0146201
  24.5800000   -0.0092344
  24.6000000   -0.0037911
  24.6200000    0.0014862
  24.6400000    0.0064054
  24.6600000    0.0108148
  24.6800000    0.0146071
  24.7000000    0.0177188
  24.7200000    0.0201256
  24.7400000    0.0218354
  24.7600000    0.0228793
  24.7800000    0.0233037
  24.8000000    0.0231621
  24.8200000    0.0225103
  24.8400000    0.0214027
  24.8600000    0.0198910
  24.8800000    0.0180249
  24.9000000    0.0158535
  24.9200000    0.0134273
  24.9400000    0.0108001
  24.9600000    0.0080298
  24.9800000    0.0051790
  25.0000000    0.0023142
  25.0200000   -0.0004961
  25.0400000   -0.0031836
  25.0600000   -0.0056833
  25.0800000   -0.0079366
  25.1000000   -0.0098939
  25.1200000   -0.0115174
  25.1400000   -0.0127826
  25.1600000   -0.0136792
  25.1800000   -0.0142099
  25.2000000   -0.0143897
  25.2200000   -0.0142427
  25.2400000   -0.0137992
  25.2600000   -0.0130930
  25.2800000   -0.0121576
  25.3000000   -0.0110253
  25.3200000   -0.0097255
  25.3400000   -0.0082858
  25.3600000   -0.0067326
  25.3800000   -0.0050933
  25.4000000   -0.0033981
  25.4200000   -0.0016808
  25.4400000    0.0000214
  25.4600000    0.0016695
  25.4800000    0.0032259
  25.5000000    0.0046585
  25.5200000    0.0059454
  25.5400000    0.0070789
  25.5600000    0.0080680
  25.5800000    0.0089390
  25.6000000    0.0097339
  25.6200000    0.0105061
  25.6400000    0.0113139
  25.6600000    0.0122133
  25.6800000    0.0132504
  25.7000000    0.0144542
  25.7200000    0.0158318
  25.7400000    0.0173650
  25.7600000    0.0190111
  25.7800000    0.0207052
  25.8000000    0.0223653
  25.8200000    0.0238997
  25.8400000    0.0252144
  25.8600000    0.0262215
  25.8800000    0.0268464
  25.9000000    0.0270333
  25.9200000    0.0267491
  25.9400000    0.0259844
  25.9600000    0.0247530
  25.9800000    0.0230884
  26.0000000    0.0210399
  26.0200000    0.0186667
  26.0400000    0.0160334
  26.0600000    0.0132049
  26.0800000    0.0102439
  26.1000000    0.0072091
  26.1200000    0.0041560
  26.1400000    0.0011381
  26.1600000   -0.0017899
  26.1800000   -0.0045700
  26.2000000   -0.0071391
  26.2200000   -0.0094281
  26.2400000   -0.0113644
  26.2600000   -0.0128750
  26.2800000   -0.0138922
  26.3000000   -0.0143603
  26.3200000   -0.0142433
  26.3400000   -0.0135308
  26.3600000   -0.0122434
  26.3800000   -0.0104356
  26.4000000   -0.0081946
  26.4200000   -0.0056377
  26.4400000   -0.0029048
  26.4600000   -0.0001503
  26.4800000    0.0024682
  26.5000000    0.0048001
  26.5200000    0.0067125
  26.5400000    0.0080983
  26.5600000    0.0088826
  26.5800000    0.0090256
  26.6000000    0.0085226
  26.6200000    0.0074023
  26.6400000    0.0057216
  26.6600000    0.0035602
  26.6800000    0.0010142
  26.7000000   -0.0018105
  26.7200000   -0.0048040
  26.7400000   -0.0078576
  26.7600000   -0.0108680
  26.7800000   -0.0137404
  26.8000000   -0.0163914
  26.8200000   -0.0187506
  26.8400000   -0.0207618
  26.8600000   -0.0223838
  26.8800000   -0.0235913
  26.9000000   -0.0243743
  26.9200000   -0.0247392
  26.9400000   -0.0247077
  26.9600000   -0.0243174
  26.9800000   -0.0236204
  27.0000000   -0.0226831
  27.0200000   -0.0215839
  27.0400000   -0.0204106
  27.0600000   -0.0192568
  27.0800000   -0.0182166
  27.1000000   -0.0173787
  27.1200000   -0.0168191
  27.1400000   -0.0165944
  27.1600000   -0.0167353
  27.1800000   -0.0172417
  27.2000000   -0.0180804
  27.2200000   -0.0191857
  27.2400000   -0.0204626
  27.2600000   -0.0217940
  27.2800000   -0.0230496
  27.3000000   -0.0240968
  27.3200000   -0.0248115
  27.3400000   -0.0250878
  27.3600000   -0.0248462
  27.3800000   -0.0240386
  27.4000000   -0.0226491
  27.4200000   -0.0206935
  27.4400000   -0.0182140
  27.4600000   -0.0152734
  27.4800000   -0.0119482
  27.5000000   -0.0083215
  27.5200000   -0.0044776
  27.5400000   -0.0004980
  27.5600000    0.0035405
  27.5800000    0.0075658
  27.6000000    0.0115089
  27.6200000    0.0153018
  27.6400000    0.0188751
  27.6600000    0.0221563
  27.6800000    0.0250702
  27.7000000    0.0275397
  27.7200000    0.0294902
  27.7400000    0.0308541
  27.7600000    0.0315765
  27.7800000    0.0316221
  27.8000000    0.0309796
  27.8200000    0.0296657
  27.8400000    0.0277259
  27.8600000    0.0252335
  27.8800000    0.0222846
  27.9000000    0.0189925
  27.9200000    0.0154799
  27.9400000    0.0118710
  27.9600000    0.0082845
  27.9800000    0.0048276
  28.0000000    0.0015931
  28.0200000   -0.0013422
  28.0400000   -0.0039170
  28.0600000   -0.0060835
  28.0800000   -0.0078041
  28.1000000   -0.0090495
  28.1200000   -0.0097961
  28.1400000   -0.0100253
  28.1600000   -0.0097239
  28.1800000   -0.0088857
  28.2000000   -0.0075136
  28.2200000   -0.0056224
  28.2400000   -0.0032421
  28.2600000   -0.0004190
  28.2800000    0.0027818
  28.3000000    0.0062775
  28.3200000    0.0099683
  28.3400000    0.0137406
  28.3600000    0.0174709
  28.3800000    0.0210317
  28.4000000    0.0242973
  28.4200000    0.0271500
  28.4400000    0.0294869
  28.4600000    0.0312247
  28.4800000    0.0323044
  28.5000000    0.0326934
  28.5200000    0.0323866
  28.5400000    0.0314051
  28.5600000    0.0297934
  28.5800000    0.0276159
  28.6000000    0.0249520
  28.6200000    0.0218913
  28.6400000    0.0185296
  28.6600000    0.0149638
  28.6800000    0.0112895
  28.7000000    0.0075979
  28.7200000    0.0039737
  28.7400000    0.0004939
  28.7600000   -0.0027744
  28.7800000   -0.0057745
  28.8000000   -0.0084624
  28.8200000   -0.0108072
  28.8400000   -0.0127930
  28.8600000   -0.0144191
  28.8800000   -0.0156995
  28.9000000   -0.0166617
  28.9200000   -0.0173440
  28.9400000   -0.0177917
  28.9600000   -0.0180518
  28.9800000   -0.0181677
  29.0000000   -0.0181737
  29.0200000   -0.0180903
  29.0400000   -0.0179208
  29.0600000   -0.0176494
  29.0800000   -0.0172427
  29.1000000   -0.0166519
  29.1200000   -0.0158188
  29.1400000   -0.0146815
  29.1600000   -0.0131826
  29.1800000   -0.0112769
  29.2000000   -0.0089375
  29.2200000   -0.0061623
  29.2400000   -0.0029769
  29.2600000    0.0005634
  29.2800000    0.0043753
  29.3000000    0.0083501
  29.3200000    0.0123596
  29.3400000    0.0162631
  29.3600000    0.0199160
  29.3800000    0.0231788
  29.4000000    0.0259267
  29.4200000    0.0280582
  29.4400000    0.0295023
  29.4600000    0.0302238
  29.4800000    0.0302250
  29.5000000    0.0295456
  29.5200000    0.0282579
  29.5400000    0.0264596
  29.5600000    0.0242641
  29.5800000    0.0217898
  29.6000000    0.0191485
  29.6200000    0.0164355
  29.6400000    0.0137223
  29.6600000    0.0110520
  29.6800000    0.0084386
  29.7000000    0.0058703
  29.7200000    0.0033161
  29.7400000    0.0007337
  29.7600000   -0.0019204
  29.7800000   -0.0046822
  29.8000000   -0.0075717
  29.8200000   -0.0105876
  29.8400000   -0.0137043
  29.8600000   -0.0168713
  29.8800000   -0.0200154
  29.9000000   -0.0230443
  29.9200000   -0.0258523
  29.9400000   -0.0283254
  29.9600000   -0.0303481
  29.9800000   -0.0318092
  30.0000000   -0.0326077
